20
0.24032127158519395,2.145182940045799e-6,0.003977288912005518,0.0013029037737548267,0.0017989589722275329,0.0067579137723023,4.889339227025697e-6,0.00014222359296355513,0.6489008889028491,3.781758609446191e-5,0.001013053442979585,0.0026636408423833862,2.7361193442050604e-5,0.0867311036374461,4.567988762841981e-6,0.0006543390094959748,6.0640374165968495e-5,0.00019194145437257198,0.005407045283256547,5.154136472631369e-9
8.496437130517668e-9,0.32292848383994144,3.5463416299360235e-5,1.5770695447390688e-7,3.40025960400227e-5,3.83871684235842e-9,7.302448738513511e-8,3.101988396318108e-5,9.992633109757275e-14,0.04993613536289684,8.105597800825398e-9,0.00012138876873357647,9.013950355528727e-8,0.000460892951875209,0.00043965049075783274,7.358907660583713e-7,0.00020545464030615197,0.005533889750747638,0.0035025666039030126,0.6167699744919725
0.001433384606563872,0.004933108069500793,0.5235810540243375,0.005391168648077086,1.1723641528030298e-6,0.0045093805303462,0.00513810009243267,0.0027891456210059574,0.00019778747355240947,0.3705062956529808,0.027820443445811138,0.0016174141019108653,1.8915367413016712e-5,0.007328918269214108,0.0236999327463463,0.0043066274925501104,0.00022299567659521215,1.055392101432758e-8,0.016489630451535914,1.4514811751925884e-5
5.249037895237131e-5,0.033836623294819575,0.0002917305020470758,0.43856176194098945,9.011900018709318e-5,0.004857439244970108,9.024208605253755e-5,0.0016289889112346126,0.004993137991173423,0.0005338600855424985,1.6571543126455676e-5,0.011017853543996725,0.06165408656384896,1.949296276498985e-19,0.020213625696302032,0.038605810762098104,0.004630006175955685,0.3730882870946329,0.0056170625547124564,0.00022030262935790294
0.001765884698609566,0.0001286194124418405,0.006059854197326011,0.000901642480789278,0.513787455545141,0.00046687688593495796,0.010953653228976165,0.05643788877467186,7.069658652792489e-7,0.0010510775710380075,0.010501703227657555,0.00012755402236948205,4.576924977858393e-9,2.598640115260323e-41,0.3103246148960518,1.7865185884558033e-8,0.013775497213215965,0.07371694760290992,8.34665347619963e-10,2.2509515823247778e-13
5.025793094816001e-6,0.6694086526922212,0.021737408047467856,0.024476160334108734,0.003049362923580309,0.03137720604391803,6.348771049252528e-6,1.1307291171183078e-5,0.00013032236456257687,0.005200222437803697,0.14039800154046356,0.01213719773829875,4.3725633308744345e-10,4.7568004576526e-7,5.974636561776338e-5,0.001149312345144965,2.4041164437745286e-6,0.06529984324248662,0.025550863289768883,1.3854549612813396e-7
0.7239479516709646,1.1331952962320756e-10,5.515923020180076e-6,0.00011295608319689835,0.0006768548869095584,1.4263441479185843e-8,0.06782540629464366,0.00056280344378866,1.1202724150153255e-6,0.00012186467210759766,1.298835768635576e-10,0.0026185404151488293,0.17528377971403508,0.022853675227345712,0.00017144870340128027,0.0005853234496768761,0.0024587267833830273,4.936241722300324e-22,0.0027740172701202735,6.831980437079715e-10
1.5927972744592912e-7,2.8025606666014968e-9,2.9808146103360682e-5,0.006353506492447243,0.07350048171319508,3.0352095666627244e-8,0.017479884600029454,0.6489840109204132,0.005818531481479324,0.007729592542041502,1.5440383438260504e-7,0.006823894307667897,0.024192801129531122,1.9332729820385816e-38,0.008040860507651532,1.833271604535656e-5,0.04813139896507273,0.11034199831635244,0.04255395967548637,5.916482652889903e-7
8.34435003945743e-6,9.597589257122184e-5,0.06766986079349974,0.003959322253942579,1.5188501076160807e-6,0.12982764912012057,1.1035716006356233e-6,0.0011767185328615012,0.08740699726984444,0.00027224365743530864,0.6926897927928463,0.000983896732680614,1.167577041042488e-7,0.002647677520186711,0.0033031807999519508,0.001915169955894894,4.8448432537188335e-6,0.0004498134734628912,0.00758577037419764,2.4577979280737425e-9
0.006239948972019625,1.2334431713844019e-8,1.957642198260868e-6,1.8765796486600432e-7,0.0016126705706594733,2.373052368098729e-9,0.8336153009327675,0.0007460978628527554,7.902330237906895e-9,0.05468497789681295,1.2428181141139955e-10,0.004148701903437989,0.013431148427215173,0.065419686700439,0.0025033889961849297,7.157003094423893e-6,0.013423787474053709,5.591940985850501e-26,0.004164963077839197,2.148363973609867e-9
2.8321245432737576e-7,0.9489136578154623,6.415679064668338e-5,0.012971670245547904,0.0012468375610624736,0.0003641119047839477,8.132190522572552e-7,2.0730521755558334e-5,3.9161405743647496e-7,0.013644730572960888,0.00755142196103839,0.0006635890881810333,2.7572673355949306e-10,4.694980152108221e-5,0.001117593988976735,0.0005751536302895662,1.9438069303450256e-5,0.011730333900850121,0.0010679826384209711,1.5318790821994062e-7
0.01803784912236003,0.0007711645011068042,0.0002935920632468946,0.2447992095234679,0.024724934048213007,0.000703627419801529,0.0007941978601883022,9.078181299644e-5,0.00045654236350276624,0.000891400069960168,2.58758360367356e-7,0.4166818614764038,0.09541173599239576,2.2396987807093605e-23,0.00602632922137256,0.10973093281521412,0.0025604679987605555,0.06731587269056409,0.009957201517076075,0.0007520407450088217
0.0472237951642398,1.803197131472349e-7,6.242149736881268e-5,0.007250613636836407,0.029013441756404204,0.00019704056891120382,0.0001873484646227606,3.3444979474000645e-5,0.18921475428089407,1.4202034826831263e-7,7.095036362697243e-7,0.02900076430658117,0.31120781007718185,1.9898101566866946e-8,0.09959653789985555,0.2845865692824575,0.001808144797754191,8.960045567043341e-13,0.0006162614946401818,5.0083119958120784e-11
0.18066898021044148,5.508152551453036e-10,0.096489092049426,0.00036061957364634284,1.2978111338508215e-27,0.0004057365843256118,0.004036896035937846,1.276724388349015e-32,0.13289762325758905,0.0024859883031877446,0.06525311925707417,1.068991275350273e-11,1.7186041902321485e-6,0.5137126793495066,2.763217078851221e-19,2.919438527543851e-5,2.0516148691838968e-12,6.2817349207465595e-12,0.003624917916311371,3.343390324975363e-5
7.14413913102388e-6,0.00021641332193864717,0.0005921680183363229,0.07158887484149831,0.08308841113528945,0.00045906938048236154,6.072324378574624e-5,0.06641002842616234,0.001988510931111072,0.0005390624170028138,1.4868652611241176e-5,0.006271166423433232,0.1117688321426712,0.0008185007898594324,0.26153267996762714,0.017626711917917034,0.06941028243440699,0.27594887172900395,0.031656775553291334,9.045344404781529e-7
0.00013777101902291128,0.061309448401383554,0.00013563108817181286,0.14842906991578403,0.002071060644465432,0.16831202229759118,4.2816743614342853e-7,0.0004138191073418148,0.24136879931801494,1.7253340358430656e-6,0.0024218281486225427,0.0378991211727785,0.0034860156299335327,3.4982037710621244e-18,0.023933705946194473,0.050324002256630467,0.002504265001287584,0.11147195762060447,0.14577861407311732,7.148575833919383e-7
6.147109189933227e-5,1.9995865770690156e-6,8.756255499682567e-6,0.12077487764359315,0.002801745471955978,6.669798246794627e-9,0.03432877741246928,0.0012702571894845783,2.4897390784825282e-8,0.07440493432009386,1.3843815311356848e-12,0.5258401261642518,0.13624061026498743,2.223899996994678e-6,0.015754438384561517,0.003582657094535999,0.041439982626135956,0.0046053222861330125,0.038819300435062064,6.248830418884753e-5
0.0007804238981870075,1.5122657117877275e-5,9.590691772967739e-6,0.004105101944008623,0.0013487975682637044,4.452784242073163e-8,0.004452749219474495,0.022904385395721847,0.0005661293329533378,0.003768447987653784,1.316506853294019e-6,0.017820841135660067,0.006404466834605346,0.0020647793280631358,0.0013314875299828158,0.00025779068486724466,0.3560063239067741,0.5493242133100833,0.027047074782128533,0.0017909127579862074
1.0167750559253919e-8,0.011496687506331406,3.3463764581541937e-8,0.028512844767315814,0.4077396780805712,1.0102938450617052e-7,1.0550733130885563e-8,0.0002881123131965928,4.205069549963074e-7,3.637574061100084e-8,5.852862248323045e-9,0.051246261885567,0.0011779836902118467,7.074190579661487e-11,0.38402287046242906,0.000943221425971342,0.07172411886090072,0.005140823388578842,0.03686204325399643,0.0008447363469971221
1.2015879588065015e-5,5.782421345858e-9,9.512878671053476e-5,2.614521614491413e-10,0.004687781097139025,2.5488943974354974e-10,0.00839264847836156,0.0006824541815187271,9.78843128042274e-11,0.7166761309294915,1.8368964450786865e-10,0.0003329316803556421,0.0032138278755398813,2.501171041321396e-7,0.016213389628681723,9.667012245145821e-8,0.0030008154584645914,6.094453244964195e-8,5.048088231591868e-5,0.24664198080973718
20,31
8.460799961454706e-13,0.9156721244436152,0.08366380448495596,1.4463982468007287e-22,8.859317488225361e-33,2.62675998670392e-10,0.0006640708078882639,7.2810557315202735e-37,1.3830970165353627e-14,1.2358328355365579e-20,1.0555033775227293e-41,3.2563484053976402e-142,2.367655907536389e-140,1.6739421204242644e-176,1.3953155175081883e-180,7.031399786611687e-240,7.79343007895559e-220,3.076693236121826e-196,5.149321096116673e-202,1.2877342040741996e-186,8.440771462863163e-192,2.4877766843425406e-231,1.2672209303782677e-106,3.525777461028891e-207,1.7373261364992345e-224,4.499877585512233e-15,1.2172987957892158e-299,0.0,0.0,0.0,0.0
3.0087243856974545e-58,0.0005326268078652362,0.9409070113647058,0.05311514848307524,7.412235027168722e-16,0.0008836554429176936,0.0011394501095303383,0.0018474200058839546,5.892063066895744e-11,0.0009372786813518807,5.8544076349321035e-43,0.000381106396401664,3.3256611998084053e-72,3.0304405301084904e-14,1.2419181604514674e-147,4.3597675910636654e-293,1.1620876514295362e-172,3.954881455352702e-256,1.3191010553203597e-233,0.000256302649316205,7.653922098876309e-164,5.709435696917128e-189,4.632146424229001e-106,2.4399367044115254e-105,9.836120790547146e-216,7.537264494079436e-196,0.0,0.0,0.0,0.0,0.0
3.794117322517885e-22,0.9689696536127905,0.028410708088591745,2.44440301885182e-18,2.652031506720488e-27,0.00016470363961426494,5.809487637062494e-9,5.5404589103706435e-40,0.0018664673130289044,0.000588461536486658,5.27436542105111e-19,2.2698318162921998e-55,5.084327428740649e-101,8.80032183045272e-113,7.9324313454650945e-112,2.1799359528767278e-207,5.3486446512552635e-171,1.4972092928695522e-139,3.110892285298536e-138,1.3694096313045582e-103,3.702239133561733e-111,1.646725900903406e-155,2.422018042087142e-41,2.428300782305763e-115,5.413444016344533e-154,8.316569843466508e-58,1.5345741296475553e-299,0.0,0.0,0.0,0.0
1.0723024063292029e-25,1.1749468142900561e-5,0.898185486493602,0.07774876181107418,0.007209389849776554,0.006323302216948627,0.0021324324307221442,7.133962253261866e-9,0.005707708071145132,8.876246236510668e-13,2.4665353190444325e-21,0.0002634585267946345,3.4273515388208675e-21,0.00043465183250719435,0.00011539464551896944,5.740896187629332e-91,1.1887031456696746e-75,1.6018438225890578e-36,2.4099418299468323e-62,8.990982415261018e-33,0.0008149442484175338,9.147805718955755e-17,0.001052713270500033,1.4558205056701932e-41,1.344298002725993e-76,6.744446049274045e-119,3.7208349069367933e-156,1.2030378127813325e-261,2.9344772730082745e-175,0.0,0.0
1.2924189779266862e-54,9.666682615815076e-12,8.679065058930219e-16,0.00045112148279807416,1.480979721730481e-10,9.99732569497987e-5,0.0003818588210250706,9.650022545930918e-7,0.003779014809833507,0.008419419284249599,0.02107631983811481,0.013886548182873963,0.0373224097455068,0.038919843096181066,0.07292285250216167,0.09158155439122208,0.10549267443865942,0.08114821275148752,0.06738074428841694,0.05965103177965937,0.05434054993075265,0.05796142754065719,0.05105722973495874,0.04960443240709127,0.04879029803378448,0.056901826136214376,0.045211147104527685,0.024344463825514907,0.004637040728669506,0.004637040728669506,0.0
5.66970943466382e-35,0.25917501815745814,0.7338812870662039,4.107407329257741e-11,0.004813251664695919,1.0737210459734906e-10,0.0021304429628610094,1.5414423401638978e-35,3.041452983377447e-35,3.3369242418627233e-13,1.2995614275793595e-15,2.4576434525467728e-55,9.489324709071512e-90,1.3746672363681229e-86,1.0105174052571617e-134,2.1476777808268038e-191,9.184272898130184e-185,2.808517673074947e-117,3.472370475894541e-145,2.6998154060023205e-82,6.495830898437627e-128,1.1787269990976465e-161,1.0554627495968393e-109,6.268749326985325e-113,7.714545535679058e-190,2.9399735402183572e-46,9.385869784062304e-269,0.0,0.0,0.0,0.0
1.6774735940051006e-15,0.8894131656375381,0.10885164512049204,1.833216267808071e-35,1.494136491032614e-34,1.562421283726243e-9,0.0004837378836971839,1.4391994525766886e-18,8.250526541528935e-31,2.5944123317691264e-23,0.0012514497958495468,1.099359511851532e-85,8.240345176186758e-91,1.6621354806095297e-108,3.8187980509564204e-149,9.358886103815873e-167,1.5868816515498496e-155,1.1905676007920503e-168,1.7006136542477542e-144,3.719716039682265e-140,2.2271833174021398e-145,1.1602758044017317e-202,2.782570899888211e-64,1.0023865528923215e-131,6.2576391837080965e-202,1.806826581275607e-103,1.379779378189835e-288,0.0,0.0,0.0,0.0
6.500932220861969e-56,7.150072732560428e-8,0.0014575553845827473,0.22253669482569868,0.45702746096927327,0.11032831220175378,0.029109691747074694,0.04839610051753631,0.04492378335274175,0.021466914573659707,0.00942610130070783,9.427567421193328e-12,0.01653802707787201,0.0014712020008048104,1.4138763820777566e-13,1.62172046038763e-34,2.9115719533324694e-19,3.517304981420723e-13,0.007021921874508021,0.00836265347600287,3.318406256425569e-11,3.796328978826056e-8,0.004760713943672814,0.006461547346598224,0.010711209899618058,7.726379429402443e-13,3.335490261705821e-38,4.294901087169078e-77,5.310030883076742e-19,9.67511940972643e-103,0.0
7.259240622969664e-20,0.9487938836642102,0.048854712820706865,0.0005322901941314419,2.712869364968841e-8,3.2444417828479037e-16,0.0015019786970141007,6.569748331485746e-42,3.147873947225571e-29,5.2166025615005015e-30,1.909663083615915e-22,4.0485389125468534e-81,2.163458740895137e-120,2.864212529537483e-105,5.4724402719867336e-135,7.470567330985985e-186,2.9072657371381028e-185,2.563873793539157e-113,4.300709488077505e-120,7.773979394552449e-138,1.354188379742425e-116,1.7127156393559068e-173,5.473312182087874e-118,5.649911628683864e-106,1.2065118851900786e-144,0.00031710749524332667,3.79112820881122e-259,0.0,0.0,0.0,0.0
7.856508131570462e-24,0.7335287881495536,0.2649606981028632,2.121685204617665e-18,2.6179822539543378e-65,1.7406627817144904e-14,1.697281605959314e-27,0.000401353402045294,8.315427737732847e-12,0.0002700328464591526,0.0008391274907460656,1.4898063565888153e-59,1.0296619523955397e-51,6.141576170205523e-127,2.3613784638714818e-125,2.877859295325284e-219,6.179658004230264e-100,3.144000539364682e-184,3.510673681075089e-176,2.6867826584225073e-123,3.276295405147654e-142,3.779267746179258e-192,9.216214557915084e-38,2.2210430556678722e-116,9.07192845114022e-164,8.727175710157524e-137,5.971895e-318,0.0,0.0,0.0,0.0
8.107768505447133e-42,0.5470495432488449,0.45167690314349046,1.1934767044652909e-11,5.308368207437112e-5,0.0012146166363106372,5.8532772619107585e-6,1.255344330480515e-49,3.0514783478936116e-59,8.310959054858548e-14,1.349645067382875e-23,9.497092460002654e-88,1.972140781819942e-96,7.219602872690008e-104,2.577523567055469e-202,7.248814455773217e-255,1.4209267057819157e-233,4.5327662595754155e-155,1.3077488059482437e-216,6.390490122993647e-81,5.400639602801019e-203,7.201470118097556e-248,2.4830747584005164e-183,2.036806720426073e-174,8.14742160363971e-223,5.7467897044838966e-111,0.0,0.0,0.0,0.0,0.0
7.693257171535644e-29,0.0008544075043536827,0.9879349190445627,0.002465027737683684,0.003246545319156062,2.1466859264162025e-5,9.223037085983854e-8,0.004755508821418613,2.3353512463911463e-5,3.031299842889436e-11,9.573355615280943e-19,2.3342258556084943e-9,4.973117543541595e-32,4.706641435716767e-7,3.821447053160691e-12,2.1080255064693872e-120,4.862962423756087e-94,4.399425455277827e-84,9.282262714974705e-91,0.0006982053353752591,6.028471683092906e-10,5.175618097061236e-56,2.760187754139598e-25,3.0751190090086093e-65,7.140363801996568e-88,8.308534094241645e-128,9.609147526019612e-186,7.325456703245871e-278,0.0,0.0,0.0
1.0320806090164972e-15,0.5118491973270788,0.47757416880804104,2.7114754847392016e-8,7.642397587633022e-6,0.00643007641509048,1.2091313241806013e-10,0.00224710476693783,0.0018917830494125877,4.2076449991093834e-14,1.4066841439102075e-13,9.300812915898514e-33,1.276201381282839e-46,1.3154309220212505e-38,7.273100195538412e-41,9.588419275836809e-86,1.5124735751089406e-83,3.6129604158583707e-79,8.832395957310585e-60,1.3993556174458374e-38,6.127760409099069e-45,1.1818570367874103e-84,1.1766183906861024e-19,1.4540351728247133e-43,1.9094588044721766e-72,9.184509021649943e-38,6.199275257359811e-122,5.858811130442001e-225,0.0,1.1966616396632336e-307,0.0
0.6686788699022254,0.3313211300967953,1.1086583995109087e-15,3.459590471198717e-44,4.06197420725297e-82,1.4550515076796586e-36,8.359883696020969e-19,3.982865120808692e-90,2.2060141295795565e-33,9.783594900932993e-13,8.010388438788326e-64,9.915843674625532e-190,2.1767439706996145e-133,1.8486416937830712e-216,1.8563206952297634e-220,0.0,5.137041460441618e-260,3.264242821736872e-257,4.5037987457835674e-237,1.5737597101196113e-280,6.899275935928074e-240,9.861329323276252e-284,2.072878823749339e-160,7.136908739370658e-192,7.119318937139524e-248,1.316447018954098e-71,0.0,0.0,0.0,0.0,0.0
0.0012924428057775235,0.024189056298601477,0.04997712206521883,0.050444238171258066,0.09511901626280721,0.10026909950804991,0.14950667147747146,0.10304728672087765,0.07948624830080904,0.12329890849716596,0.08295531905873701,0.04071179137837441,0.04947038840521333,0.01542927116944933,0.023387315276977776,5.787187503619799e-16,1.8025912005078585e-9,3.1844619793233992e-15,1.5503054356255632e-9,0.0008840607266374886,0.006828685385106624,1.3126188201618936e-6,0.0036977994121881698,3.963107555063264e-6,3.1948555334152293e-15,4.087897303517638e-29,2.598882422049463e-42,5.7160596913539825e-64,6.787498556611057e-64,1.6346173792434548e-102,0.0
2.7391429319262812e-30,0.004690188639509459,0.9702888136722139,0.007500947068053439,0.012982227086874654,0.0003972663001854104,0.004139062830320114,9.469670924963223e-9,1.484929904733682e-6,3.623929583030935e-13,2.516475442698509e-12,3.8863135319426704e-13,3.695984782094263e-31,1.6402954244000158e-26,9.194921305219227e-38,4.207322497196021e-87,2.0285505914429643e-92,6.83652686290305e-47,4.265135212228073e-72,4.985846663691193e-37,4.40212724876069e-30,2.720725277052694e-46,3.7572964778955064e-22,2.461491788715634e-59,6.564597522520682e-84,2.316996156249755e-67,3.771309826705335e-161,1.1373245249783839e-240,1.7887679940898933e-303,0.0,0.0
1.5632484522016775e-27,0.0016205005699753555,0.9428912233686065,0.03652691015717719,1.6119029394929483e-10,0.003964298550872695,0.007438760934088719,2.742993488135762e-9,0.00024153431968020658,2.274576982586152e-10,0.006000934462622374,7.856430128557462e-12,2.540668091249247e-5,6.009938032457887e-25,2.819899441510945e-41,3.141768139706607e-85,7.309798256366177e-44,3.7778948499928535e-97,5.739682947518048e-53,1.319889704728931e-5,1.3021725117210888e-30,5.2562688659012464e-61,2.1933457258651383e-6,0.0012750355737932747,2.4414489221561445e-52,4.633316054223325e-117,6.250216786831305e-181,5.5586878172278e-237,9.394028187940587e-295,0.0,0.0
1.1238828200279782e-62,1.3818809033265133e-20,0.11071136276934411,0.8589254734629134,0.024528062035272434,0.0008290863750367578,0.003130891843340279,2.3845093090751593e-6,2.7515656108150077e-11,0.001626799401700256,0.00021098686829044153,4.96702325498679e-12,6.482208518458466e-6,3.0333776099034162e-15,5.868435546521018e-35,4.931297056244211e-62,2.630434034262138e-40,5.6253083280435354e-42,1.005126689987406e-21,4.367992198835091e-15,2.9509816572942267e-27,1.281480581702672e-31,2.8470493784302723e-5,3.06954619169017e-16,8.25521684265643e-51,1.603023510315239e-89,8.31406243168727e-148,2.209980676456492e-211,3.986298949230604e-97,3.97738081e-315,0.0
2.428275467742685e-45,0.013938108859105718,0.21720936665394,0.29723402352901035,0.0760329714029802,0.09393668074130006,0.0031705391992203546,0.07844583730826693,0.10794446830146148,0.048639523623666026,1.089459001346546e-5,0.04139098547004279,2.65824597925512e-7,0.02174100178161018,1.7846774636469914e-17,1.9248775315633072e-50,4.96507812323022e-40,8.038260521199554e-31,4.261175539028808e-36,6.757872081226004e-5,2.3507113303670664e-6,9.226012134727788e-29,3.068112646144081e-13,0.00023540328233498633,4.214761819682953e-30,4.726106921726909e-43,9.029551780968378e-82,2.7555168078022342e-151,6.792284863286851e-241,8.93834497835723e-223,0.0
3.405672005353046e-43,0.005901009518077356,0.9590737748735974,0.032684950803914106,4.9504264793352485e-60,0.0010634473727718396,0.00024074396334605567,9.823916497321966e-11,0.0007368325011496756,3.02873250606883e-51,0.00029924045182336175,4.170813280765099e-10,4.3687796355203145e-60,3.54491412943121e-38,1.3013113999697035e-112,3.3459436610471675e-223,6.516504717759977e-100,1.6935714474700233e-180,3.141901689886765e-157,4.035767260450275e-62,7.524160218567224e-148,1.2358946581990537e-161,1.841635557927424e-24,1.1559591101376267e-103,3.173738441730746e-119,1.5665294906162715e-181,0.0,0.0,0.0,0.0,0.0
1.0,0.0,0.0,0.0,0.0,0.0,0.0,0.0,0.0,0.0,0.0,0.0,0.0,0.0,0.0,0.0,0.0,0.0,0.0,0.0
3000,700,2300,2000,2500,2100,200,800,1100,600,4000,1800,1700,1300,1500,5000,4500,1000,400,1400,1600,300,100,900,3500,500,2400,1900,2200,1200,0
200:3,3000:27,1900:20,700:8,1000:11,1100:12,2200:23,0:1,5000:31,300:4,1200:13,2000:21,2500:26,3500:28,800:9,500:6,1800:19,900:10,2300:24,1300:14,2400:25,600:7,400:5,1400:15,1700:18,4000:29,2100:22,4500:30,1600:17,100:2,1500:16
