10
0.6039044780507563,0.002893835258130408,0.2770168456653601,8.881087651615176e-5,0.020508085359874993,2.575745850284558e-18,0.0008725193337855594,0.008103766815691232,0.06773393377846161,0.018877724861423802
0.011660899282860487,0.33702395902146526,4.243869179773578e-5,0.5810602827048337,0.0001084528086368236,0.05476143197364637,0.0005911809800008766,0.0051634320419212424,0.0016168919609944735,0.007971030533843123
0.04505347897997423,0.038641447420564974,0.8383585025039245,0.00569093942530667,0.0008170265788905493,0.0009537056340833879,0.0044407784274087024,7.968607304038908e-6,0.022651324104381993,0.043384828318161206
0.021203928225304876,2.524573262805784e-5,0.026493978631451694,0.05310940417804593,3.8597090287337065e-6,3.258437742663899e-9,0.8410525219413263,0.00036780258147284885,0.010465301069448305,0.04727795467285523
0.014091952440093451,0.6485291152109282,0.005525482185682847,0.0012299480929530227,0.3171952445492496,0.00032995824214339706,5.374760796725342e-5,0.0006339248648243539,0.012347674236935925,6.295256922206426e-5
6.480575775603604e-9,0.23314585580255257,0.004356424572115292,0.02048612769647293,0.010490028517379967,0.5495064564698373,0.000784798012832892,0.1810010828241473,1.203329171388667e-19,0.00022921962408603506
0.02320242646444111,3.2494891797208037e-6,0.007502846585003535,0.0007892982839176246,8.997645656543142e-7,0.004132727060431851,0.4199885373984405,0.003308649344371932,0.005006928092586228,0.5360644375170618
0.005834935074371474,0.00906696817732479,0.02460784477602475,0.010185921882689176,0.5356168581455493,0.07373561784940788,0.0004308500126859729,0.33510355822442495,0.005331969058496438,8.547679902554631e-5
0.3088839500246973,0.009978872172569321,0.058438543041803764,0.0032929170241341615,0.0013189596754390885,8.038937555585669e-41,4.470620814728297e-9,0.012272190500158589,0.6058070076791673,7.555411409653851e-6
0.008581159839482206,0.0006892356491112922,7.672647734956178e-5,0.00014483769505310468,0.016769341835434434,0.0002325054289850931,0.010848503336275628,0.8116551203414334,0.010080335349629602,0.1409222340472458
10,31
0.0007074097288444091,0.02924195921049744,0.06406336046816405,0.4050158278605535,0.18191972253066443,0.05810761705899923,0.060424694989023704,0.05009927142406017,0.043261053327170305,0.04147858336732656,0.024691668504579645,0.004362323247045392,0.012796900520184173,0.004831482321017812,5.8198681138236995e-6,3.789125438512806e-21,1.6966828532713005e-17,3.758896148910215e-13,0.0015347285096305977,0.002840104695449228,5.446897179204131e-5,7.238034571257466e-11,0.004931521223915204,0.006027627076147029,0.003603855024065084,3.45993734015491e-23,5.24631220394662e-25,1.9837398110248642e-74,1.6093500124740246e-40,1.7971289752265897e-118,0.0
4.3673901114940195e-18,0.9351955710897443,0.061303093175251726,2.18705003698862e-17,5.755096334939008e-22,0.0007236227683552615,0.002585660907620966,4.423457660489834e-30,3.945652390079785e-11,5.651657434405815e-16,5.1347732939446994e-14,1.6167437198983995e-83,8.065916914544773e-89,1.2387362761004772e-125,4.766313642117128e-157,9.747349614216304e-204,4.0405632402258486e-144,2.6907703473991475e-153,5.243364534843681e-126,7.365104305217758e-138,4.9953818172560846e-120,4.556552708840533e-207,4.720874032507518e-114,4.5920137863308536e-132,1.8443204707026964e-173,0.00019205201951939983,1.5239642212671931e-266,0.0,0.0,0.0,0.0
1.245443170342498e-24,0.008652217098608125,0.7016260806419796,0.27508926036027226,0.0032725638856447173,0.003469322306484652,0.0029635275276551887,0.0016489902807434057,0.0023858593269870535,0.0001764572241840567,4.1080435125815756e-5,0.0004520387462389064,3.028062140283408e-9,1.5279123578957393e-9,2.544820499063304e-9,2.0541391296014537e-77,2.768522730350936e-45,4.804537790273069e-22,1.9379865497748244e-32,2.976231391718781e-18,0.0002225949856877031,7.956942118248804e-11,2.4242746406890943e-14,1.0968551661998668e-20,1.9923392805168506e-70,5.587338148833547e-87,1.8203112356418456e-122,2.2200845485567527e-207,1.4787684906133726e-130,5.348559060173042e-261,0.0
1.716835700182638e-37,0.28573810729703136,0.7094516348286303,0.0023903823568489873,0.0007033702519090714,0.0007905560061429777,1.7731449872619217e-11,8.219133714855096e-31,6.5316623901112875e-22,0.0009259419540416593,7.287663879612815e-9,6.362175661785101e-37,2.5341462840954283e-34,2.144923820177405e-93,4.398686791078967e-130,2.648586709075185e-168,2.0131076797250487e-161,6.188766285866289e-136,5.753803360499037e-148,6.2803388091581424e-52,7.344632048183248e-147,1.64259513342927e-150,1.8736687375619892e-114,3.717116474552417e-115,1.1971723931223398e-155,3.1250529554901695e-100,1.7565824445542644e-235,0.0,0.0,0.0,0.0
2.2750145882900474e-20,0.8144161231426482,0.18376135539548225,2.3936869344693288e-26,8.391730827751002e-48,0.0009577918677881459,6.77033415910604e-7,1.0584083209928675e-19,0.0008640525606632397,6.2255707982676424e-27,5.011999093663332e-20,1.4029201990104036e-100,1.0632511352009699e-99,1.3895454563439306e-105,3.6588135507636666e-131,1.0591598330685172e-168,9.354893737255346e-134,7.316274159739247e-148,2.569008277796357e-108,2.039089516380278e-156,1.6168236553694383e-106,1.1253766107534025e-186,6.431818011524559e-72,2.0930338891495884e-117,1.3387398121417125e-151,2.3419445984180254e-15,8.29038433263804e-235,0.0,0.0,0.0,0.0
0.5482226281653485,0.45177737183465155,4.243056089405139e-19,1.290590333009212e-33,5.6395111781305675e-96,4.562795822998766e-33,1.3587268756475873e-19,1.4400108590810653e-81,3.152940270411119e-26,3.0712908936655694e-20,7.850012578216238e-57,5.619900188446905e-171,3.128810515246092e-147,3.9733080835282414e-217,1.9298168555179154e-244,5.74845586e-316,1.8792170614969887e-183,1.551122786928509e-277,2.363659679297077e-255,8.574605061013012e-252,1.126758691120671e-226,7.55905772295732e-290,1.7635254235199523e-125,6.76488143399246e-186,1.5268410753300978e-212,4.0615577823141945e-51,0.0,0.0,0.0,0.0,0.0
2.498602735446264e-32,4.719559372094175e-8,0.9305162486393286,0.06331661354279025,5.830873855880627e-9,0.0011268556181777774,0.0005616183200590945,0.002137870454962751,0.00036831424062077023,0.0009648698390972493,5.506086031359467e-27,0.0007742339678555854,4.767051263587088e-23,4.828044194026334e-26,1.5013241659786214e-98,7.151404992166715e-172,8.46671494222853e-111,7.724782983346587e-143,4.7641079315102106e-153,0.0002333223506404774,4.0386548989811714e-105,1.51280303124442e-97,2.3766491779969525e-72,1.9004553369027102e-90,6.41441916521138e-136,5.439607295773949e-144,7.937452923752052e-266,0.0,0.0,0.0,0.0
1.7679415297581067e-19,0.8993160019068838,0.09825312543276522,7.966864851093309e-22,6.357110998578582e-59,8.040514826404787e-11,0.0004375811922256992,2.6183166431832164e-8,1.8828698636282753e-6,0.0005740975886664043,0.001417284746023787,1.8602921232783053e-71,3.480892618283589e-75,1.2601808920999869e-109,1.4386102245088963e-128,5.150816356936625e-171,6.717314907660985e-138,2.1676557950919412e-162,2.2129300737409503e-149,7.608161756928219e-124,9.008562877274371e-124,4.905778245377643e-155,9.20440908333221e-28,1.4950268559453977e-123,5.902516096529855e-146,1.4157335188631344e-90,7.868652540769058e-231,0.0,0.0,0.0,0.0
4.0849195843393787e-57,6.939060069489209e-8,2.8616364056642123e-13,2.996164787959798e-8,2.9753218366540726e-9,0.04764298123588686,0.019138328377595926,0.03191990163074668,0.03408278459225822,0.05086533669991196,0.04243708652412795,0.04639996306929274,0.049987836797143824,0.03983802132257677,0.0721803000207684,0.06555392613912243,0.07551148454000174,0.05808575733768882,0.0482868261433342,0.0422502203859708,0.04437375099002901,0.04148982610915921,0.032952359867958296,0.02741717784161731,0.03240859772485601,0.04075126605044673,0.03236206480285791,0.01742572720153887,0.0033191861336264515,0.003319186133626452,0.0
2.2150573269665595e-37,0.10682382149267709,0.8796403301468768,0.01100201154989995,1.8271432379645913e-50,0.0004185539499923079,1.045406306245877e-7,0.0004246101438096207,0.0005276784868879714,1.1313531441559924e-23,0.0011480215659119377,2.258714914690863e-22,1.0869351791358265e-35,7.486212007545992e-73,5.574359986759904e-83,2.1603214276060695e-174,1.061398703780872e-61,2.7766673548958596e-154,2.118441784378762e-123,1.6694966567749737e-62,1.434378222521031e-115,7.104935281638981e-131,1.4868123313631049e-5,2.233897724744157e-75,1.1347882170511355e-36,2.7561447488498304e-134,4.413629981463904e-267,0.0,0.0,0.0,0.0
1.0,0.0,0.0,0.0,0.0,0.0,0.0,0.0,0.0,0.0
3000,700,2300,2000,2500,2100,200,800,1100,600,4000,1800,1700,1300,1500,5000,4500,1000,400,1400,1600,300,100,900,3500,500,2400,1900,2200,1200,0
200:3,3000:27,1900:20,700:8,1000:11,1100:12,2200:23,0:1,5000:31,300:4,1200:13,2000:21,2500:26,3500:28,800:9,500:6,1800:19,900:10,2300:24,1300:14,2400:25,600:7,400:5,1400:15,1700:18,4000:29,2100:22,4500:30,1600:17,100:2,1500:16
