10
0.7610669578865037,0.0015695859819034974,2.7386120384349514e-93,0.005394126854102399,5.551029422715147e-15,0.13725688051621882,0.001102868150227393,0.05496267976147078,0.022541417284631517,0.016105483564936476
2.5484107696921665e-17,0.776167212134173,9.316589221070258e-51,0.05960592176307189,0.040262971012030496,2.5073408270612263e-8,0.006993371672876613,0.05913725525631586,0.04570577390219655,0.012127469185927208
0.0005648150452633057,4.8864729839481384e-51,0.9935925984762646,9.248673836769086e-59,4.7927787127248066e-55,1.729977951626287e-45,1.2357985028728129e-57,0.005842586478472003,6.005635329183441e-67,1.4480910196066623e-49
2.3123477024066094e-22,5.337374576409294e-7,7.100154459327757e-22,0.18034164226874308,0.0028758773728529427,0.00022036793090107862,0.6431803458390529,4.1640328099794154e-5,0.0004550882192213909,0.1728845043036711
1.172928977578852e-22,0.8971224716534666,7.585430828142778e-45,1.7907985294424037e-11,0.04362762803790886,1.8134771319449815e-11,6.570656698407933e-11,0.03891220262634141,0.020337697547636167,3.289789485544375e-11
0.0686984083579134,9.296981583467957e-12,2.405563171146232e-62,0.007677804886684148,6.980569546899613e-17,0.7639399207659757,0.016690929405110307,0.11521443464719004,0.01737413060436203,0.010404371323467351
8.294881249130937e-23,4.914926169904789e-7,6.433483900093762e-23,0.44276752560079236,0.012427295396258553,0.0006642443349713722,0.2993421011240382,0.004448469040634209,0.0024785065764468582,0.23787136643424145
0.005424529058843634,2.0785744613604795e-15,0.007643158729302914,0.03769807080405024,6.111008076483084e-15,0.04574905738166014,0.0070510700080838136,0.8791226778513554,0.010465362325914475,0.006846073840781106
0.04430806657561895,0.016022450512194045,0.004526434480609417,0.0034729503226694266,0.0010361170200540318,0.06268506976739567,0.004074729860690606,0.09752406006416647,0.7653199069293821,0.0010302144672194016
1.5768486962885296e-22,4.6051251515546803e-7,1.3127510376873633e-22,0.09101604995426281,0.023658645005088057,0.0009210970480226275,0.7072201571484366,0.043312150098603244,0.00019762905894276254,0.1336738111741286
10,29
5.828468050008995e-188,0.005510786476625848,6.655386853864253e-14,1.9545215070471808e-7,0.082146686843016,0.412393392004539,0.3400607553044197,0.08559035892498515,0.0008486419230065409,1.3908419237047461e-37,0.005067177509374986,0.008937251332447634,7.916500662648183e-27,1.4905784290007336e-91,2.961623819445096e-87,2.246237565614748e-47,3.2278527972154796e-100,0.010119193762971242,0.014794500004522973,6.725023075382357e-92,1.6079201359222137e-52,5.482294407150549e-136,5.2248601931877424e-20,0.024668060458858516,0.0,4.8149128582567915e-17,3.248152915899886e-212,0.004931500001507658,0.004931500001507658
2.9675765328028353e-25,0.7460162224950037,0.04712973934147938,0.11381547832637125,0.07030560530635306,1.5992545417741518e-5,0.0002643389826785521,0.00047949482530667485,9.239848515871442e-11,1.4688263052061123e-28,6.287624743025795e-83,0.002973277501256807,3.231394603645439e-11,0.006401985501386736,0.003045985083787653,1.3135151075111134e-74,5.505870711269065e-41,0.0029406086399420615,4.242633515963161e-31,0.0033497926261496958,2.605044375708242e-111,0.003261478700154108,4.078448470497795e-95,6.951204664495252e-21,0.0,1.3699905772068108e-287,4.6928984090597315e-124,0.0,1.1067937927485457e-229
0.3431280860934594,0.6487903830217341,0.008081530884806553,7.47176774791445e-114,9.594666163011608e-205,2.4455495441694077e-227,2.375630952824422e-139,1.4794099048423084e-225,8.78360084478521e-229,2.445277332575826e-249,2.8721096790003584e-216,3.085445559392875e-100,8.045695743506158e-226,0.0,2.5014395056397956e-260,3.339230348462332e-278,1.908732026355881e-264,4.4621663329738276e-269,9.544832238016199e-306,8.042259092336337e-253,1.0789059996681284e-248,0.0,0.0,2.547644740538915e-265,0.0,0.0,0.0,0.0,0.0
1.1255063892617228e-78,0.9891216026343792,0.010232196722892785,1.030709390027864e-38,0.00030077808482887117,9.340928333108996e-42,1.3834775250333977e-42,8.694707023347306e-44,5.676257403699429e-53,0.00034542255789921913,3.374779993375358e-123,1.524497379179626e-139,2.4685866606394216e-87,3.3617296040151695e-138,2.5459955519660447e-54,3.250942513785487e-134,4.869767464014751e-78,1.2558529419583644e-223,2.8131608727573527e-99,4.3431347184431654e-103,1.2391020023815463e-223,8.97297091073708e-114,1.7582347641715081e-270,7.730786655199478e-73,0.0,0.0,1.3532972693332833e-279,0.0,0.0
0.014614436779510076,0.11678361716827189,0.06488767452574919,1.6599559227309068e-11,5.479562455162262e-12,0.14605115964307824,0.32890463785253377,0.21589000880425613,0.07818135935931123,0.004937170801301804,2.643961379101289e-79,1.360013066130817e-31,0.015174505192399093,9.837395594265976e-34,1.5077390664554536e-25,2.791246098281012e-99,4.628405670983734e-48,3.0421479314015926e-37,4.584305108764386e-94,7.174189220514232e-26,1.8038184345143899e-124,7.754944574715871e-32,3.031459563532001e-198,0.014575429851509662,0.0,3.866680239246599e-260,9.736641535035488e-179,0.0,0.0
8.706880127439741e-153,5.91463294973574e-37,0.027398591523360494,0.5625222821020168,0.38610469258488767,0.017581510840108717,1.4238709049853777e-19,5.451342013338941e-10,0.0020503873358432645,0.00023427341892523352,2.2273061797813083e-25,7.755337427688917e-10,0.004106369381256074,3.9540291461725755e-30,3.0816477328730413e-22,5.585085568283448e-22,7.325499018893595e-41,1.4741620654680093e-36,4.361106069343982e-37,2.2293635649927138e-37,1.8914929337412401e-6,7.781068771399556e-76,6.954820586053088e-25,4.018763380722691e-21,0.0,2.038584573061228e-40,1.7515610294982854e-122,4.148107073948342e-35,2.1590946446237962e-113
2.896537756952508e-75,0.9968428386516225,0.0030021289775348744,3.6294480356693025e-38,0.00013304653873844584,1.213679142315852e-38,3.108516281554875e-46,2.99164293863765e-42,3.0384615751258546e-51,2.1985832104174647e-5,1.1127244024807788e-99,2.991607360637957e-135,1.550111819343191e-66,3.9557680273840294e-113,5.889601334072405e-101,1.3291815752017567e-150,2.0531655832032088e-82,9.80745484964939e-186,2.976629245438282e-140,3.0965198672275704e-83,1.391676572409674e-225,1.7944241854061936e-87,4.142977564764931e-263,9.588038890320908e-52,0.0,1.9663887668872735e-300,5.143337145466794e-279,0.0,0.0
1.3301762975541304e-65,0.1841287335591746,0.743279363224992,0.058922042783039676,0.004560878958331628,1.3933662349161729e-21,2.116423349167125e-37,0.0026182406542559628,1.1523264051676327e-16,1.5109553304839237e-31,0.0014115052203960185,0.0022315785919287253,1.1737679580312634e-36,4.923703799014442e-92,2.4690580265977826e-13,1.847694468271267e-57,2.562106184256549e-61,1.2697891059415938e-20,8.347329271116682e-102,5.56504632227347e-37,0.002847657007634287,2.9470753716559143e-122,4.274177521239927e-125,7.906719681676409e-80,0.0,1.5913473627726287e-154,1.373604286173786e-196,3.818690639361413e-160,4.4226894382022803e-237
1.7189972073480148e-124,5.670277371080481e-10,0.09160500068292361,0.03036228402655902,0.008617928519016679,0.01795855953177646,0.03204198050189186,0.1452280314380714,0.23138585999489097,0.1585266664792036,0.06999772993616474,0.036498526101946475,0.020615427338165654,0.025547800785878153,0.02045013454833469,0.034779341620468765,0.014905432123058041,0.00047006112023532053,2.0586759791807607e-35,0.010075095126978777,0.0009838784408491904,0.02013939687044298,0.009936954748705361,3.8171791463717916e-30,0.0,0.009936954748705313,0.009936954748705361,6.751346295942551e-43,1.1600907142165072e-247
2.3411814523033403e-58,0.9822610592471747,0.0175737391825493,2.346788053470336e-31,3.536921444856814e-5,1.7264965312244447e-34,2.0142772173705264e-39,4.293386670458669e-34,4.008349098111466e-47,0.00012983235582741977,4.3916079082865254e-113,1.928497840878435e-104,5.4504858404816124e-52,1.7113400154534634e-122,1.2502049821302907e-75,6.383078449750283e-105,1.2105859336265626e-78,3.6111316770911384e-153,1.6576004080807108e-78,3.892234208158757e-60,1.4748147512686408e-162,1.2921110996055008e-90,1.0747808711680126e-238,3.2905757023335215e-29,0.0,0.0,3.84101115362182e-310,0.0,0.0
1.0,0.0,0.0,0.0,0.0,0.0,0.0,0.0,0.0,0.0
3000,700,2300,2000,2500,2100,200,800,1100,600,4000,1800,1700,1300,1500,1000,400,1400,1600,300,100,900,3500,500,2400,1900,2200,1200,0
200:3,3000:27,1900:20,700:8,1000:11,1100:12,2200:23,0:1,300:4,1200:13,2000:21,2500:26,3500:28,800:9,500:6,1800:19,900:10,2300:24,1300:14,2400:25,600:7,400:5,1400:15,1700:18,4000:29,2100:22,1600:17,100:2,1500:16
