20
0.938295642127412,4.8646621687251865e-183,4.734190659840728e-197,1.571136125361582e-64,0.001163069957352619,4.558260034189183e-51,2.393296133457089e-23,0.014339093487891821,1.606571597339336e-37,0.03461819456999364,0.00036253722153361184,0.011221462598514973,2.723907074281627e-26,3.7216708286767474e-11,1.6364280562402602e-65,3.6215958809189854e-16,3.449665246669561e-52,8.4278417319584e-14,5.211872913445809e-171,1.1530234099903102e-75
1.6239398374631094e-178,0.8971413139355896,0.013887489285275716,0.03176502989333943,4.735469068409821e-14,9.148865819969975e-34,0.006097081004175464,3.100356167655762e-22,8.370392861545375e-24,1.0344821080092999e-86,8.201072133837271e-53,2.3903622217371126e-62,0.006077754807238691,6.857329527497844e-56,5.092424930940425e-23,4.080606609460431e-22,1.4281410767882548e-11,3.4634045174866407e-32,0.04503133106005242,6.2994887752864475e-53
1.2383511889908954e-210,0.02189061397633074,0.7877714209697916,0.02325046132363712,0.02593016210907544,0.028505123331339564,2.362232947664933e-22,1.0747727172371147e-15,1.5653120304993443e-33,5.640899494369297e-100,1.8515552613540577e-86,7.201116357361996e-100,0.0025303600965615055,1.0176419323414842e-31,8.701711409197512e-18,6.000910020808996e-31,2.334127502379045e-16,4.973859350818827e-12,0.11012185818828861,3.0428763107581798e-59
1.036098149221562e-119,5.0160083761355163e-11,0.02230813397343913,0.7915712095453592,0.06104593563627677,0.014299345766490395,4.405220920534862e-48,5.823132297167682e-8,4.324273899401191e-23,9.039121496982579e-60,2.525244756808043e-10,8.793658204633976e-24,0.02673082392603083,1.552393353622698e-17,6.826111728798597e-60,5.170878781875901e-26,2.1016630034585154e-41,0.015641721754983164,0.06840277086341284,4.260184298100793e-19
1.5856269280387432e-134,3.813540762613888e-17,0.0015149109284407843,0.07151158137897455,0.7807492674996561,0.015304008013181953,1.1826402229457144e-36,3.5812216309065887e-11,1.5206640004033174e-10,3.407486582482117e-39,4.05144124620809e-5,3.5073848733947695e-15,0.04483949560191073,4.018876819846964e-6,1.8585405005337137e-7,4.689324089694195e-11,1.8872107840276462e-6,0.07956309159111169,0.003941401711493772,0.0025296366863390802
0.004150875299440772,9.868580577305131e-14,0.0630795066689191,0.0018905187528341838,9.034066037238664e-5,0.5170845304817888,2.7258555745753415e-5,0.3424583920429509,0.0060558903793072015,0.0009567441127056662,0.003396319173528033,0.005643349582267207,2.313374772516169e-22,3.4702396223398383e-6,2.2237546673876736e-8,2.5888119477872713e-6,1.4101468821327708e-6,0.03175313294946491,0.01490100582764815,0.008504644076929201
1.3040293896066713e-23,1.1075667273732926e-34,2.1858486679750427e-59,2.317493149080291e-23,1.1572200903053671e-13,4.0049784056947684e-10,0.6112306875621288,4.034637636592429e-6,0.0032724310407964137,0.012322497002807511,1.7009089993908066e-21,9.003774614093278e-22,0.345144986659046,1.613852539094961e-7,0.023993501841952692,0.0015758654731846972,0.002455361990811591,4.954662083027078e-19,3.785776060052868e-52,4.7200576823106043e-7
1.529995221437815e-39,0.015238585497160341,2.899280945802548e-25,0.10723475756352056,0.05414870912887067,0.1612079036669032,0.014165199758610181,0.3465705178163966,0.000921826012188478,0.013854427181445486,5.5763036650251304e-8,9.41762086423304e-14,0.045445388904790475,0.18486100706256242,0.00569693472410011,0.00027350366140198085,0.000841572556179596,0.04941461793927867,1.858129264117927e-14,0.00012499276344177986
0.023187349996662197,4.2869274689895416e-51,6.885394742430298e-60,7.233180952496387e-23,1.3079001857858754e-7,0.004414507292701163,6.570331934755475e-5,0.0003166320111882124,0.1572926632010148,9.378418600131396e-7,2.409369697228211e-5,0.0024054806751456744,3.0575349005007204e-5,0.07667919679949341,0.008492882855860875,0.7261740548692259,0.0003586505210546244,1.3607921197288652e-5,1.3491351174536038e-44,0.0005435328592526627
0.06449282251514489,2.147071556210411e-55,3.6936919288542536e-112,1.0007888947595767e-56,2.3633978718577195e-28,0.018371355779113547,4.290485688182751e-6,1.3455068797992202e-18,0.032427505720132706,0.8715146750168792,2.8207012445006373e-10,1.1760621084301164e-5,0.008881807675202712,0.004246253740323229,4.551193270202055e-7,4.9072000685492875e-5,3.839089569356469e-14,1.1000985837852207e-13,1.7265625101513313e-61,1.0442000510885325e-9
1.4989835994787471e-16,1.1695346866681458e-36,4.2683204013773406e-104,3.195078044550549e-10,7.535531641517655e-21,5.18775937172596e-7,0.00010612190478680388,4.722344904824226e-8,9.819562115879257e-7,1.8369232303792387e-11,0.19020862510592426,0.8008549638091099,2.1831541081130477e-10,0.0003708517756535704,0.005129100880522376,3.891980695606711e-8,0.0024131004370134966,6.680470784584261e-7,6.151788546802331e-74,0.0009149806083135999
1.8893194880938398e-27,9.379444301261148e-21,3.1489848690911124e-115,0.0012354241851111494,2.86515065317372e-25,0.0008904473409816011,0.021540336423981857,2.4927910058159508e-5,3.8506407123800554e-7,1.6762750844857654e-12,0.11698255526487614,0.8425264864313772,0.004840261885586095,5.208708740737874e-7,0.004741535380592457,5.441490750083316e-6,1.366880143154455e-5,0.0025897804964608736,5.729120637702549e-83,0.0046082284521712985
1.7073254873722846e-5,2.58467695465134e-44,7.593588604975017e-30,2.0459180419820167e-11,1.2793731655853876e-6,0.05269205661672559,4.239441903806032e-9,6.235819567109838e-7,0.21930267210609905,0.02250544033515855,0.17072214779855957,0.0024162135262667753,0.19143415493127955,0.0004832446717275666,0.18638189855929535,0.01736274200983821,0.051412145223983546,4.508841150847179e-9,6.475286195760096e-19,0.08526829924232804
0.0004595853954013819,0.0031735301236817644,8.310824753162194e-9,0.013766758409082962,0.0043099529215006585,0.026278636428644815,6.509518197619152e-7,0.06605970143174165,0.00018577167044653455,1.5269534121388125e-12,7.575840950508163e-9,0.00559747493631737,0.004578832881130001,0.7197092871520029,5.192174306985883e-5,0.043613200823977266,6.203320383155085e-5,0.06161609958055549,1.9857462971597188e-30,0.050536546458603414
2.188177412733131e-12,1.4450493415543897e-62,6.444203863064657e-75,2.5595179371906896e-19,1.048018240286168e-21,3.2771161143006944e-17,0.015525976001023402,0.0004204773315316246,0.015303030226871182,0.0008511362570330242,5.2339892817113364e-8,9.70871574641546e-7,1.3402128791730734e-9,0.0006083186031024633,0.3096673455841178,0.004265685389153396,0.6522282260367935,0.0011287708921519923,4.363658437934422e-60,9.124353009478267e-9
2.58158916958523e-9,1.68668601616882e-41,8.581210072055462e-49,1.3188744950095054e-24,1.1542271568643834e-11,2.5622410682323264e-6,0.0010534673970395284,0.06586905635704654,0.6493938633484393,0.010427968606320418,3.50918519961214e-7,2.0786283965125157e-5,1.2693214701327828e-5,0.019633346113364984,0.057144041675167866,0.18615411467216797,0.0075065130691637305,0.0022010634860153673,1.250165343863489e-47,0.0005801700238880207
1.963961896292113e-13,8.381344829892853e-47,1.7117146561380282e-67,1.2022789468327267e-15,3.726627472248715e-15,1.7831460652485008e-14,0.03162191925588333,0.031105346588799338,0.0026533596495148686,0.00018955754731013854,1.9966893860718752e-7,6.53608480075718e-6,7.579074980911696e-9,0.045650391945007515,0.8360210683727212,0.009206964470375379,0.043543120071927115,1.4684869858280722e-6,1.0631305264935423e-50,6.027844193897909e-8
5.487600300241829e-48,1.3573213277055317e-7,0.01202934724041397,4.383207998442644e-11,0.11150926647662782,0.019112669988735977,4.961260693751636e-18,0.017728766240092047,0.013382123334416745,1.3084189407842567e-10,0.012212599469474944,0.0016340374995743397,0.0084022278253778,0.10299463828172091,0.0003667341744274918,2.5143557997770624e-6,0.00013459209518940362,0.6966653323296462,0.0035541404838946786,0.0002708742978011405
3.972320118661363e-176,0.0156613637272492,0.053355744439038656,0.043912224295596804,0.01691299724279245,0.010224671591520346,9.079729138619451e-15,3.011014635739482e-9,4.4265352830940546e-36,4.158687753455639e-87,2.038769323390124e-166,6.531079104304693e-197,0.03157009553124854,3.5714019265420343e-9,1.4221494726999326e-104,2.599877919932646e-38,2.465806266519076e-72,0.00803398121727128,0.8201349116399892,0.00019400373286788088
1.2027343351402933e-11,1.0722860334998625e-9,3.136991680636903e-5,0.00014703297283562804,4.831918792807861e-15,9.298286194258143e-7,0.004352936087595897,0.0016542308564586677,0.0021086417002728858,0.0015811043575566892,4.113151476067127e-6,0.003828475510673877,2.9412734355339207e-8,0.06703033488454356,9.021394344438327e-8,0.01903653825899675,5.296769261349058e-8,0.012531972866873985,4.10005808935215e-23,0.8876921459286018
20,29
0.0,0.9678228654037105,0.005472457746842258,0.01296504114336307,2.2740317478131703e-57,0.002555177444025453,0.011184458262058728,5.883345405485849e-94,2.2515358609069456e-65,4.753494066388318e-49,8.50489347725567e-209,2.756861504054945e-83,2.0847163597343717e-201,1.5568750920010321e-202,1.409706460634986e-187,6.466342730011715e-91,5.245672982376537e-264,1.5462103707311092e-218,1.4105916445881466e-170,8.196993968114046e-227,2.7162338575831663e-193,3.999125531131882e-97,4.226004999709085e-262,3.7933035109065134e-226,1.2869318469626124e-261,1.1800633363240595e-266,1.6305409658340517e-284,0.0,0.0
0.0,9.437933839591051e-244,1.9262359970717246e-148,2.0381417714168932e-97,1.312145256682227e-94,2.0596378012944003e-88,2.350672846663291e-75,2.1282122855622895e-77,1.2704575871855596e-54,1.49590936653092e-39,4.886141236606613e-27,0.23697804291679248,0.2600282037881032,0.25215947839015057,0.11778823335362645,0.06643590745049475,1.0838071164451614e-6,0.010444496941727307,5.259230909989619e-134,0.005667722108037099,0.004144135463366316,2.0756213750916423e-96,0.013249929231358292,0.005533085516998945,4.972554075319501e-62,0.017312620285416424,0.005255058971689606,8.09643265113099e-73,0.005002001775122119
0.0,6.818194683191643e-226,4.748279528770727e-153,5.849042526342621e-111,4.6513677295555284e-101,6.113640877788425e-96,6.13167226346905e-46,8.952423261060187e-43,8.192200195271727e-19,0.08651087606291002,0.6938773622612832,0.17588900997055193,0.028726670791636755,1.4253579617156494e-26,5.74511687357077e-28,1.0297521924435874e-25,3.4657681180729023e-28,6.89348925120542e-36,7.265632616562662e-96,1.6570512244160599e-52,0.0013033974710232312,1.665621817475078e-42,0.007330299078788901,1.1558410937704886e-32,4.355531418114332e-15,2.4818196361246435e-25,0.0029532331318202153,0.0034091507011697157,5.308115137490759e-10
0.0,1.0793539114319543e-135,5.565011711175731e-137,1.1498899486502608e-99,1.7132624040274266e-71,5.7106903830991445e-49,7.495019149296705e-6,0.567736362789076,0.4165575734577729,0.00631643525755597,0.00185302574787313,0.002122899618425011,0.003926415158608984,0.0014797929515386052,6.409035709822381e-76,2.676773168652479e-25,1.4268023775864746e-28,1.9894931119818716e-40,1.4803430220475595e-67,5.496323303499113e-124,2.367758689848573e-24,7.233757575861398e-86,9.518748213062668e-93,3.9470222132587704e-128,2.085275657255266e-28,2.0817166250221544e-27,5.39133014947842e-133,7.244783154544554e-165,1.069391865420055e-251
0.0,5.471643652782591e-168,4.27106316531299e-156,6.936183317727023e-65,9.073375539595815e-30,0.020462138702047165,0.8132727380341486,0.15737926760775484,3.2902728967173517e-29,0.0018999466957271107,2.4273461263517736e-24,2.819617087205768e-57,0.004760632352801824,0.002225222164625592,9.96222126992923e-65,1.2562639745205144e-54,2.5294687836307137e-69,5.444289503845788e-8,1.35216160302031e-72,9.960707984547561e-115,1.1445948855889228e-20,2.0034292013056426e-124,4.528973618081279e-40,1.8052285845525955e-159,1.9944528666933007e-105,4.1572626897601156e-88,1.976047686458646e-122,9.90201008253e-312,2.3698781041964412e-293
0.0,6.647518654755859e-5,0.003832753696097899,3.8443813586404835e-6,2.1111867425678072e-9,8.180874212960782e-9,9.771259174867585e-10,0.0005815153699045382,0.08545004431543494,0.00023420581018767508,0.00017143253867928302,0.004103531709793909,0.07106209317400128,0.0649381122312902,0.09847662634505072,0.07108199812142871,0.1382871178826541,0.09237034780198257,0.04000003089992289,0.05206877166230588,0.0643344597512025,0.0018682640024378077,0.008447886039121359,0.036173805674372346,0.037831028118605566,0.09573912646443804,0.03287651755399474,7.64575637138791e-170,1.5334122624750195e-173
0.0,2.4750673371314605e-96,0.057753802831135195,0.40011397517369174,0.06606234190006427,0.0019249942795794175,0.002029344052529595,0.0439247789193683,0.13193186369316515,0.06920532157346261,0.05088938219322352,0.02346472094685838,3.601037853863904e-26,0.09841864452536718,0.01578470770421327,9.457070378863777e-62,7.874555604124054e-114,1.0028322799563985e-156,1.7510909532460096e-81,0.018939950061413382,0.019556172145928016,9.038554302751997e-32,1.9158347609567327e-87,5.884327383203425e-173,2.256612635482104e-141,1.8703870861892636e-180,7.335069881507869e-242,0.0,0.0
0.0,2.136896910755308e-48,2.683263155782771e-28,0.012086450414767509,0.07121156735328335,0.1188292993846647,0.20310615508592778,0.14715931677444655,0.07349895497658289,0.11114894869964334,0.09996495304894737,0.0605193864472585,0.026125520746916965,0.0006454413870600123,7.859769151428458e-6,0.028544481598706643,8.869016476746113e-20,6.435800826908843e-14,1.6574763565061856e-11,1.4230390938998676e-16,3.6874389398056575e-10,0.029405171005160793,0.017746196094678018,4.954101333550669e-15,2.3408628073286176e-13,2.9682718194935705e-7,1.6705396211398767e-33,5.0276e-320,3.1234366644819965e-85
0.0,3.211723805901695e-46,8.707787198181853e-11,0.6499697375113509,0.32885208693455664,0.014678278772651727,8.739336213238016e-12,9.702098059134472e-9,4.908822887472219e-13,1.2120540184681077e-6,1.1573774183015226e-25,1.5370210317984651e-18,0.005912390609400587,0.0005862843196155939,3.498411948695918e-72,1.189917114128735e-70,9.976505735230201e-82,2.400364661191674e-80,1.615209417326858e-133,1.4363637069011875e-41,1.2806376703547009e-43,5.726827009785664e-25,7.168762595910121e-151,8.425761970029941e-99,3.71355266143776e-125,1.2803988714470923e-118,8.62729953269707e-169,0.0,0.0
0.0,0.1168127496814483,0.7060543852055162,0.04714490817774128,0.029466992856394085,0.014013598818925258,0.013521511415562454,0.022083925316575936,0.02169349209519082,0.020266436003741815,8.239475178013345e-66,2.4396630928329796e-5,1.928912973826478e-38,3.966432815611257e-83,8.320482444605171e-53,1.0469293557122476e-59,2.92072597754887e-141,2.6869889761709664e-121,0.004800276999813155,1.816809298432901e-98,1.8925399317323948e-94,0.004117326798162319,8.580131915121253e-160,1.0437527745117192e-44,5.1392940987617856e-160,3.348314888940335e-153,2.445526999390495e-183,0.0,0.0
0.0,1.380310006754551e-7,0.15376360334760378,0.8147998336371902,0.031424420145255046,4.257294540077161e-41,9.23996065212053e-59,2.72564259148123e-65,6.175178358461892e-42,1.458508522920576e-43,1.2004838950241543e-5,5.992057975056758e-176,1.9036283668765682e-133,4.617272804084319e-34,8.324544086686245e-19,3.756664017722952e-76,5.055596053376543e-191,1.7217038397515445e-89,2.1143090998405872e-209,5.348931390635227e-149,4.46249211965304e-171,9.623937719176918e-188,6.799434154614088e-264,2.3350489536311298e-244,9.562472388230194e-258,1.0429210115067636e-242,5.35152664e-316,0.0,0.0
0.0,0.0008402070160780336,0.6073708742391655,0.39075833534101084,1.7499046344589257e-8,3.7329579905484717e-57,1.7915767701249936e-75,5.939920897484363e-82,6.615821321746593e-36,3.01199967598135e-38,0.0010305659046994545,3.159746122484153e-138,3.430738643191061e-161,3.2692843865450675e-30,8.1387422571588e-64,2.9425583287936987e-96,1.4236180895809923e-235,3.1091460894585907e-153,1.5054585330569492e-211,7.079104904869605e-139,2.6755626604571124e-147,1.2227678040666409e-189,3.930440340183112e-290,3.5878231422596764e-211,1.2731112200828391e-285,4.7986947574178225e-276,1.722345183e-315,0.0,0.0
0.0,2.7141882141984895e-31,9.73636421082269e-17,1.9893842229632257e-7,0.3079685851013681,0.3702757449531649,0.2453683870357409,0.05386118068696537,7.708356134854209e-14,1.1131617396026294e-32,8.898408737374493e-28,3.905332650055631e-37,9.852594594372943e-45,8.5896358291683e-9,0.009255583047265224,5.924600578896883e-69,7.428069345261227e-54,8.627529470127414e-66,1.2480676771546226e-88,0.00705439368885566,4.7763674961871905e-20,0.006215917958504684,3.4209108218456674e-60,7.670788901570862e-98,2.1125607318328567e-88,3.233633763799654e-92,2.4630002410767254e-127,0.0,1.2154745119897832e-274
0.0,2.66725612083858e-124,5.161841973385462e-37,3.785773150911595e-5,0.7974925907917031,0.1869497619730678,0.003984684929852758,9.934014567484882e-7,0.001028853738132879,1.1968331360013518e-7,0.0008240892981108488,4.056659686639963e-8,0.0035311483299060482,0.0026085554402799863,0.0018293718469663595,6.239107678295699e-44,3.420400469108107e-53,0.001711932269103854,1.746144185647077e-76,7.348486103242955e-61,1.1467730159483468e-82,5.7106474067714125e-47,1.1783381831354053e-98,1.7309364626545305e-60,5.972231767435709e-80,1.8018631262890923e-71,6.400586666723301e-92,0.0,8.062911369357082e-183
0.0,3.841732836871614e-160,0.07262307608479761,0.927309693546624,5.416528398948248e-5,1.3019812552106824e-5,1.3551013455828745e-29,7.937109985075961e-16,6.14564717216088e-16,4.527203545261162e-8,1.4508050137204355e-53,1.5139529717253323e-93,5.839394720727078e-58,3.408759589191407e-41,2.7312337696060798e-98,1.1526995880669361e-147,7.808179401172305e-170,9.344545154338418e-181,7.961118356116193e-205,3.188604547809116e-76,7.195453840984744e-60,2.524875289978404e-68,6.540011534523705e-227,3.6195093119311852e-239,4.1894516887420882e-221,4.5822048422445906e-256,0.0,0.0,0.0
0.0,7.935752337011128e-77,2.9199964773916564e-11,0.8241731316956483,0.12867324215805395,0.000777792398838604,0.0183905428271557,0.0017295216106075631,0.011664163307265694,0.011262153139740825,1.7446591707498365e-30,4.410514708916255e-27,1.5837600399197047e-7,0.0033292944574850516,3.789977693451508e-73,3.0765179816908706e-53,1.0933140517373482e-90,9.236453105839215e-52,7.456810830514601e-137,2.729079124804376e-63,3.4461794441617346e-32,9.943328286170443e-36,4.912558190445819e-174,5.156764563532626e-106,5.703826957831134e-114,5.571281587205325e-121,2.0852835639733923e-182,0.0,0.0
0.0,1.7433115880944595e-189,0.13302070027651505,0.8221994296546328,0.028825834535774374,0.010712964395282952,9.971789025347639e-36,3.446124521544979e-51,2.2238312595928844e-19,0.0052410711377950244,2.094983130037442e-47,2.6893869416673847e-87,5.223129293959604e-35,2.025689517853815e-30,8.548118715926087e-114,1.3279733800584133e-102,1.054712242555112e-183,7.604517110373862e-178,2.5512238331958695e-200,4.7884279004735445e-60,1.6740968523742723e-46,3.3486544157977284e-50,4.3122095224222077e-212,7.206817529087752e-209,4.1517697593463254e-204,2.6351555911347426e-217,3.8840560425592146e-259,0.0,0.0
0.0,2.5356735161342516e-154,3.6352003606068325e-100,4.266452626096205e-20,0.017772913412718975,0.8536569616188895,0.09379038885790793,0.0204444664164753,7.247721807581485e-23,0.009684159512721687,0.0027215321344236693,0.0019249298909388862,1.1947858990130971e-9,1.2485866925648165e-25,4.564949725744886e-9,4.853698643379979e-33,3.798324412204764e-47,4.642396188365509e-6,2.1856285280115226e-51,1.727629954891548e-39,4.32548052210571e-55,5.450560282775144e-67,1.3218254304251867e-41,2.0686335675484103e-83,6.460823476692421e-61,1.4367082094914105e-49,1.529106923530848e-73,4.763823883639821e-282,1.7543056606869392e-224
0.0,1.3586070943334492e-223,6.414656098438653e-165,3.4357087642697928e-161,3.1233472985314822e-93,3.993279720538048e-85,5.019330584333767e-48,2.7602190761723688e-36,0.19863596966868916,0.6666369494620576,0.131178629864417,7.507825150823831e-12,4.350428253509564e-11,9.129239533270562e-23,2.850127715652788e-85,1.9350588989323068e-57,7.752253218524902e-45,6.113571544119747e-63,8.093443844819561e-67,9.1276365735366e-110,5.618276685046221e-35,0.0020930951702853398,1.1519978248194692e-30,9.910512970474318e-122,0.0014553557835386012,9.479265459160868e-20,6.490691625451471e-41,5.276332201088455e-75,2.2293714099872332e-70
0.0,1.380099825201697e-149,0.003603948213685292,0.1622492921127475,0.8072730735669044,1.0009225279911847e-5,0.004476672090976736,0.008407022591693012,0.006758785920595036,2.632677519904116e-9,0.0016167138055352458,0.005604479839905389,2.9611315678177708e-18,2.4541307418743887e-28,3.085158510933401e-18,2.4102561994970657e-81,5.430047206616616e-76,3.7630615471382855e-29,1.5033973085757767e-157,2.112079002192552e-96,2.92210412054984e-124,5.590575386993063e-78,3.9737314471373617e-153,5.197872816740328e-93,9.448182355436473e-171,1.8149053284685783e-134,6.240376398992604e-168,0.0,0.0
1.0,0.0,0.0,0.0,0.0,0.0,0.0,0.0,0.0,0.0,0.0,0.0,0.0,0.0,0.0,0.0,0.0,0.0,0.0,0.0
3000,700,2300,2000,2500,2100,200,800,1100,600,4000,1800,1700,1300,1500,1000,400,1400,1600,300,100,900,3500,500,2400,1900,2200,1200,0
200:3,3000:27,1900:20,700:8,1000:11,1100:12,2200:23,0:1,300:4,1200:13,2000:21,2500:26,3500:28,800:9,500:6,1800:19,900:10,2300:24,1300:14,2400:25,600:7,400:5,1400:15,1700:18,4000:29,2100:22,1600:17,100:2,1500:16
