20
0.5676657545668486,0.0010441743438639125,0.0021924396762978944,3.7195590725366726e-35,0.00017577315226992735,8.07184774552494e-15,2.099563668382012e-9,1.0895521272959192e-6,0.00011058568235370495,0.38348638874601726,0.003974178999493794,0.008577989175019443,0.00043225193554573103,0.019145734685578106,5.125049464406298e-7,2.1744543162114682e-31,0.012358998565214925,7.56029446368589e-8,0.000338328298035319,0.0004957224138713524
2.9969951170008837e-30,0.9625868178223068,1.1828288993865283e-15,3.691732388475171e-116,1.8209587736252092e-28,2.6171628593460524e-19,6.061989579538333e-7,0.000984071242820066,4.586450441731409e-112,3.3512402252867585e-29,1.0778844471171913e-11,8.854375333416658e-20,1.3031251951475773e-80,0.021085097416063757,3.71305225745191e-88,4.213004458423956e-99,3.5625698200187843e-28,0.01158665443552203,3.57963309929747e-18,0.0037567528735497012
0.0008296566630629304,4.791259880579037e-25,0.002749400897254532,0.019431887598121502,2.0232028102754512e-10,0.10353485910273402,0.35655809923685683,0.015829749578082166,2.2910745626338527e-7,0.0006469757478348929,0.0017928717288374489,0.01684666790202856,0.10237064612459082,7.173205362709008e-11,0.12548228785632815,0.022217613695531827,5.4542025459329605e-5,5.5458657518562286e-8,1.1216286987557303e-6,0.23165333537441213
3.139899585207257e-123,0.0034198204240348195,0.002199886048956857,0.8721382798851931,1.0788607992042296e-44,1.081123567661389e-8,0.00483954386677325,0.0007979015214015358,0.04493774014309848,6.4790583542686935e-136,1.74780880569773e-96,1.2360490031691123e-67,0.0007568543094869707,5.931176355779854e-32,0.04407955568305753,0.017892509433869237,1.1448173785287439e-77,5.476266964220209e-8,0.008937843110222915,1.482872058389997e-48
0.0009715432004754812,2.325778609573345e-44,1.059898443117738e-7,4.5114139243828336e-30,0.8586475245322152,1.227455612700165e-16,2.1348069846118265e-7,0.015960353997176026,4.618112228634194e-25,0.023045112627129653,0.00012874144151937318,2.914010651942907e-8,1.126175534861082e-23,0.03107520039253462,3.1150936848561393e-22,3.271159921547498e-42,0.021097994174227003,0.04199714656996082,0.007064257842166213,1.1776611946258151e-5
1.3377308601464137e-22,1.4558983903645847e-66,3.6657212933631827e-6,5.591695107233194e-5,4.885860793790401e-9,0.031059470600121677,0.1593912409980917,6.376587781120745e-6,1.6612988258354814e-11,6.211389375278466e-23,8.432746591552559e-13,0.029745575444824073,0.1590490065514091,5.379666616444581e-15,0.019951573954162936,0.046558230238103376,2.3545551603018222e-22,0.36112458293011246,0.19304902981908778,5.325300617526474e-6
0.004892211614165408,6.1720774275197975e-49,0.017219274303458897,5.180474528291978e-13,1.6017193583482768e-9,5.0514588264858805e-9,0.4250013537806258,0.4281753478155095,0.001174763546605506,0.0042652136391579006,0.0005311357502028145,0.01880369689984882,0.019931410056488387,1.0654448721335321e-12,0.002371564636197379,0.02466676489253294,0.0001858496321425433,7.274245548071649e-7,2.953657726040042e-11,0.05278067932421118
1.0557573262765697e-6,2.7470259369415004e-74,0.04349693207379703,4.925048725133761e-9,0.00014525898895836683,0.008291636514854718,0.6194563040523307,0.26880380355857764,0.010912318363520463,0.0005823164305776872,5.973958245469409e-5,0.0025150268515118715,0.04401013186724624,2.172960530680923e-11,0.00017293723142260568,0.0003969521426641695,2.3948020742649892e-5,1.8248919284467784e-6,6.154668194846053e-10,0.0011298081098412831
0.0006302563440373259,0.008078435269918539,1.2073200101568618e-12,0.09957587662112238,1.805765459293552e-27,1.7230564717246348e-8,0.027001170857612156,5.848250526878681e-8,0.5794671825820726,0.005326901164367617,1.4612930441774602e-20,1.5255919659716172e-8,2.3685841705123845e-7,2.307589781841888e-26,0.0645227625615428,0.19590042872585817,1.4600873453175641e-7,6.326933493038637e-26,0.007143911559542883,0.012352600476577083
0.5976334773801066,0.0003311583314266463,0.00011057015947430761,3.903413227308761e-39,7.560732449817248e-5,9.322296591935675e-15,1.0699833454355005e-7,5.283786474914697e-6,0.0004933485530980534,0.23525396894846523,0.00611242856993818,0.0034585570505125786,0.002323978946286001,0.01209758963265976,1.0388177607775556e-7,9.98203283158934e-31,0.1417517369018095,5.765763027790464e-8,0.0002553036176136178,9.672225988625072e-5
0.007701170011370964,4.308730218246683e-12,0.06529183382808239,1.6006131770549175e-22,1.4727389658338688e-8,1.574391966114251e-9,1.938702338244087e-5,0.03316788460113486,1.2179400295850813e-20,0.015491322747421462,0.04876487708325539,0.5332202734091788,0.03136129640791249,0.11032630100682275,3.125165265552283e-7,2.8934014725324075e-37,0.011072142507180954,3.502487888946678e-11,8.597446154860805e-5,0.1434972080550672
0.4671155461208843,1.2837277310793193e-14,0.005667530440768445,8.044843793201638e-15,5.56523126061771e-11,3.465448176204835e-6,4.510072180334156e-5,0.00014041908658430364,6.97876854258494e-16,0.08284242296978732,0.0017316570320228327,0.0936985290212556,2.6401302802569352e-6,1.002674191285946e-5,2.5990807242636097e-7,3.9102002153533276e-14,0.00017043927172275038,8.49370698616966e-12,7.862635675468199e-8,0.3485718844161659
7.64974649196872e-16,2.6231773677696407e-29,0.0008772212538018256,0.022370084110692266,1.3264201366814745e-17,1.6708950657574712e-10,0.0566865115421514,0.0005956049853311551,0.03228541765508419,2.5556903959640802e-17,5.983481950434502e-19,8.197442716604724e-6,0.7654091687326543,0.0020721888715462804,0.02560889336074191,0.0801992855165311,4.523258461097248e-18,0.013887419466195686,3.989107228790972e-11,6.8555720955460125e-9
2.309950915088168e-19,2.267320730067039e-35,1.1830363994322443e-22,1.847225015224532e-30,0.5848372813642453,1.821927812637838e-24,8.073087453419395e-27,7.58612924565647e-27,1.0531075753848131e-19,2.3503726777899263e-20,1.5154197618839564e-16,0.06612844655968934,3.4499523185549397e-25,0.021676945309442752,2.9490941808947137e-19,8.929216305348283e-39,1.484997874319035e-18,1.5867639237221479e-21,0.32735732676662244,1.1586956352547063e-17
0.07485149321939548,5.241378524867949e-18,0.003475267302625651,5.745338302201197e-16,4.2258872262293932e-22,1.0260366400644181e-24,0.14217507592629794,0.0029763950668128675,5.521292543915218e-13,0.0036041156546302937,2.2928840968137693e-11,0.04497178616103458,0.012147812411885657,4.576770938968417e-28,0.5625114653354406,0.14587191919715792,0.0006073887773143717,0.0068064685355160946,2.8674293315804402e-21,8.123884068706561e-7
0.005843989195318608,3.2316061620380944e-40,8.87957866553382e-6,0.01582556802276522,1.5842565734680344e-23,1.0772677593466778e-7,0.022755968612226726,0.0013199709188696134,0.21448011360153982,0.005033216127943004,6.028779036414916e-9,0.045423649688983665,6.0385279975943e-13,5.7161437399614735e-49,0.20843590220616082,0.47163707167779967,1.9326220924911954e-5,1.6650557105274723e-14,0.006540647560915192,0.0026755828317119
0.07334662959258449,1.1147165136445255e-6,0.05484291274093331,1.1371059425441084e-34,0.03135747641920476,1.172469121447409e-13,6.68771474322712e-6,0.0009660804622640328,0.0022701631734009333,0.7136415741609538,0.006228232851836962,0.05598190698421091,0.0035161679488844317,0.017410596156751404,3.2346224596049794e-7,4.651922899436743e-29,0.03860317828902036,2.3977758138408227e-5,0.000675375316251848,0.0011276022519442859
6.46295791632707e-13,7.903735394675278e-58,5.753120561606457e-5,0.005002067227659344,3.5930980338907817e-17,0.0028244149096828737,0.01450725833133829,0.01765652027894653,6.1419733226078274e-21,1.940189691315385e-13,9.230485847336143e-11,2.874556510489349e-10,1.9083860407309795e-5,2.8232982179804395e-13,0.0002702260368287512,1.2365555058756119e-9,3.767810801481456e-13,0.8703536675976126,0.08930914055063983,8.838345280937968e-8
0.02449068613996078,0.022439524019299075,0.05228690647991248,0.03038363500185141,1.046026059047565e-11,0.25981280256188144,5.708368681301637e-7,4.239788384564329e-10,0.007305548511903559,0.02321381030222787,4.660622477154485e-16,1.3724887702092738e-5,0.02330267791234245,0.005744604381346948,0.018080746790819908,3.774491796733465e-9,4.500187238322782e-6,0.03335990376017338,0.4994854726087206,7.488140882014453e-5
0.0016696629308091471,0.002775822605316745,0.0686358182029249,1.7106748015786907e-9,1.1022205166309421e-13,0.0063921916163704314,0.0002363943705156604,0.00023627559974792261,2.1453788930274095e-26,0.0012972774214020893,0.0641536880484236,0.06902378121386944,7.334253325620565e-5,1.0862336365184258e-6,1.8863085549164668e-8,3.122461524321922e-20,0.0004057499807433118,1.4862732812701937e-13,5.992867474185065e-7,0.7850982893822176
20,29
1.417847963286272e-235,0.9634286032193747,0.03657128241400804,7.081420755898022e-21,3.257626694281931e-51,1.1436661730680127e-7,2.2737257179867496e-24,2.8345653974879025e-32,4.324687205710601e-50,2.755448179770215e-135,2.708475718703743e-190,9.892092420451228e-226,5.195983336791507e-204,6.47640619073376e-208,2.680121538921698e-127,0.0,2.39677241767124e-268,0.0,3.887039299444324e-158,7.761577623553748e-270,7.613006010272973e-281,0.0,4.159944437089344e-244,0.0,0.0,0.0,0.0,0.0,0.0
0.39566738281933295,0.5608565979419144,0.0096143265232843,0.008860353995259876,0.005142423988127015,0.0065826047100726185,1.4436529592760336e-23,0.00646211679445102,4.464238019079831e-183,2.1681275037808713e-99,4.669138275918603e-19,1.1460834046609693e-250,3.969043362456803e-224,3.189108608359888e-277,0.0035945797458285028,0.0,8.147587536379246e-237,5.203869864948708e-61,1.5210729553496921e-189,5.346497490300217e-262,2.361006598958575e-283,0.0032196134817291705,6.894494745011557e-283,0.0,0.0,0.0,0.0,0.0,0.0
5.571824708050803e-249,5.05809937920476e-11,0.980393829517173,0.005472537769910422,2.3339961753934194e-5,1.596753821615256e-5,4.509164627738717e-25,2.2550555104361098e-10,3.928268977905697e-9,0.014094321008492837,1.1792689931988998e-19,2.443496604312697e-18,3.058523662580642e-41,1.0588631836793715e-60,1.0730234627944953e-104,1.414550484717143e-131,4.0259084037421906e-79,1.963945069093651e-117,1.6854358607910018e-113,9.81594192080274e-14,5.033593660605557e-144,2.5474181434922583e-48,2.4453783907189393e-55,1.1882312565253418e-76,3.2484680846302854e-105,1.0355589465975613e-155,0.0,0.0,0.0
5.0384589105310055e-287,2.1666875821594143e-158,9.955555101042375e-39,2.2822446217733106e-60,3.501755228818934e-38,6.644815135361014e-17,0.24857523659153843,0.413061764655741,0.22037555029116093,0.10230018920086363,0.015687259260695995,1.3012155142479392e-95,8.45604866765772e-68,9.27877811295149e-81,1.4647878603840802e-138,1.3555072969436862e-239,3.32303773931111e-109,2.6737309898403226e-71,1.334855231339319e-37,6.641182354715627e-206,1.2152967078991598e-70,1.1326004128894794e-102,2.2034178941049874e-98,6.659218565997999e-34,4.360111631522406e-114,2.551966959657154e-226,0.0,0.0,0.0
5.8861026867433065e-183,0.7839124095577297,0.057239394861788646,0.05834724797306735,0.0824225043131713,0.011645880387608583,1.9290978234916774e-24,1.0652984117782665e-16,1.5487888396311104e-37,0.002381364654709276,3.405560628368513e-65,1.0489588383851967e-124,6.321055998757932e-26,4.081236543885922e-237,0.002318413767125505,5.5810054407056106e-223,5.5299385006137636e-24,0.0,9.562672811132837e-179,6.17964145467431e-165,2.0989723297836805e-63,6.434825156416131e-113,0.001732784484799507,0.0,2.0667954109646533e-222,4.427120715663753e-289,0.0,0.0,0.0
4.6943409817022604e-248,1.971648761823095e-18,0.013459746221132713,0.0005166565261113734,0.3028152120260665,0.135541382037565,3.6881145248625554e-19,0.2401402535717395,0.2423798479789162,0.00016894301325657396,0.03297897332043392,3.016974325150089e-9,4.6396910703504854e-23,0.01188889162475539,1.0820910101879727e-16,3.133561460716971e-45,8.814842938207551e-18,3.150704907231267e-63,9.227045199090579e-64,0.020110090663048245,9.091153177965925e-73,2.3477215556139032e-17,8.941387781259121e-46,2.832869778359696e-65,6.023254222353443e-64,2.9766666572252073e-53,0.0,0.0,0.0
1.106818e-317,0.0032148425416431608,0.6511111120968615,0.34231527500468784,4.549011285506788e-11,4.672353547325634e-6,1.8060063590225504e-17,9.754378278634446e-26,0.003354097950675683,1.421148184697503e-63,7.0944676838549665e-12,8.419166240401204e-87,5.990141392117192e-51,2.820999141963823e-97,2.048960690290711e-179,2.7693011760112857e-276,8.332218377878487e-183,8.408726193035444e-217,2.66152648410353e-127,3.3626074228644205e-42,8.16401254111822e-233,4.499909702926738e-121,3.0832608733015425e-80,7.1078897941049e-136,1.2871036490290553e-194,0.0,0.0,0.0,0.0
2.69370974034517e-258,0.007327607072652049,0.9800005255909625,0.0025937911732109103,1.7447998235925457e-10,0.004777181493746859,1.2846094347041075e-21,2.0206106764502948e-19,2.4021549382443233e-7,3.896354690932351e-59,0.005300654279453707,1.0910395501475998e-91,2.8324446303100298e-34,6.969587865880967e-90,1.0246228548870738e-174,1.1153190773259047e-253,7.107039953887471e-160,1.846065405380788e-175,5.84432977604391e-110,3.6171486079587915e-64,5.90322589898925e-230,1.0639182248998674e-140,3.0739568993137013e-62,5.0353898003508646e-79,8.534028069002343e-220,2.948637478881177e-199,0.0,0.0,0.0
0.0,2.6596597927899765e-123,2.6269885733673583e-53,2.3445839894963858e-25,0.008045257905805557,0.8219582207496318,0.16999006538006484,6.455964497889066e-6,1.0352610650542368e-38,1.741101209720504e-51,4.2936208409909466e-119,1.2586471860951606e-121,4.816142357444356e-54,1.6321882935219207e-37,1.443276942763525e-91,8.635322863235072e-220,1.1301109488535582e-47,1.0979760765709955e-155,2.0723152763435287e-102,1.1758674626056154e-105,1.7573240406379333e-172,1.483729468026929e-60,1.8987823830223883e-74,2.0772662461705783e-69,2.4256463819672867e-74,2.471230076106838e-209,0.0,0.0,0.0
6.53736003734269e-249,0.9991202171552007,0.0008752562921473778,8.260011273138141e-18,2.811673356019765e-45,4.526552652041313e-6,2.19389351658627e-24,1.7435142185423093e-32,9.001914248545135e-51,2.2325285230816035e-108,1.9566472853746417e-172,7.795118724624977e-246,8.899081835745663e-201,1.2616492342825431e-191,6.221724377616508e-93,0.0,3.682229670824869e-239,0.0,6.800778012915822e-144,1.7844766754356075e-238,6.096992865358163e-254,1.4743188764124628e-305,3.7619669226133502e-230,0.0,0.0,0.0,0.0,0.0,0.0
2.1081819641396103e-258,0.8389712259230727,0.05924946130085687,0.10177930509684868,7.666528638992257e-9,1.1928480331587359e-37,1.4945024127868086e-42,1.0794107040150313e-19,1.269294227826027e-11,3.93682460097377e-23,2.5300618826359877e-144,1.2476240136395834e-95,1.281211991380034e-115,1.9094810702433694e-169,1.9309988961769415e-89,1.219184269734e-312,9.143564335589862e-202,0.0,5.263625323583862e-158,2.969703148117577e-117,2.793625316686709e-233,2.286276056473051e-251,2.148586371503427e-149,1.1771871183200797e-225,1.1999102426434826e-307,0.0,0.0,0.0,0.0
3.878065352521435e-263,0.16416664660072897,0.8358203509067739,1.3002492497335216e-5,8.678230888946367e-24,8.34947195757951e-47,2.251020480854946e-55,9.244042149693106e-36,2.9579860811565775e-30,1.7509359147157943e-29,9.432741272677255e-159,1.5362471947159197e-180,2.0727264581903462e-132,8.873516124754803e-183,8.868133326787793e-161,0.0,5.520118523925295e-141,0.0,1.3754608615441403e-205,1.2897271030111757e-192,2.5062424266440186e-132,3.9627258362515716e-277,1.6269474235929343e-203,1.429701320595982e-282,0.0,0.0,0.0,0.0,0.0
0.0,3.7088674992439876e-57,0.08935253255727209,0.8686241139335981,0.0024406708619809986,0.0072651851023996855,0.000303753536541168,0.002656096982013262,1.0653647809672504e-18,1.0519852956478615e-36,7.416966124535853e-34,1.7768607572578507e-28,0.017553216761075973,0.0029842311360920946,2.001112072923349e-117,2.890908528551711e-157,1.3038483002103454e-33,0.006228738319956483,7.913305453068669e-197,1.0961324060494794e-30,1.8374779950637107e-170,1.1051979008375296e-39,2.389083429396132e-32,7.664946555945895e-27,0.0025914608090701137,6.073491348410943e-209,0.0,0.0,0.0
1.8120580495429867e-144,0.163776426004079,0.0280046925783257,1.0111817666685804e-5,0.02240459864138747,0.10668570235973883,0.18220228684769885,0.2809133218881242,0.18056995152717287,3.2026478672732065e-39,0.015648464036671906,4.749755772111988e-18,0.0002001048128402197,2.4027373009129465e-102,0.0058461968097465985,0.002471050844812343,1.0079673396752401e-16,3.5491012952031524e-153,4.440147372631929e-19,0.01041914799291042,0.0008479438388249339,1.4264146810250293e-17,1.1763811803480498e-44,9.131369715563732e-150,5.099648343984581e-134,2.6109208520862303e-91,0.0,0.0,0.0
0.0,9.303739688604192e-56,9.22943574418491e-6,0.7889692808261182,0.1843174724292791,3.0775122129283823e-19,1.200345073688966e-32,0.007935834363609005,1.6198185950511944e-41,0.003751659638574763,1.9526629163347454e-51,2.8562429533960374e-52,1.8899516588423192e-48,1.3992666418359566e-47,0.004304385168048835,5.5081750584268374e-188,0.004245365559618942,3.7137112393913443e-93,2.7403782388167935e-192,0.006466772579006736,7.26079941925644e-169,2.6181703512899596e-50,6.396527470234317e-108,4.2214675049138865e-116,2.983373508931493e-44,7.017878710859771e-273,0.0,0.0,0.0
0.0,9.751865673815224e-76,4.615510270874539e-14,9.937578457333758e-5,0.9998292906899486,7.131568554163251e-5,1.980771336955057e-23,1.6527282452122594e-11,2.0941792713959217e-27,4.20628408226931e-19,2.377572779337978e-74,7.649258694172192e-63,3.529811448405594e-47,1.4337717913336388e-28,2.1787066009939697e-42,5.2861252271425235e-189,1.337973970954475e-36,1.546887517445501e-116,3.989272608607735e-127,1.7823363284425862e-8,7.811247168388998e-161,4.393337345484263e-21,5.88285462954333e-70,3.437120190581877e-89,4.02170083645936e-24,9.892693459317703e-173,0.0,0.0,0.0
8.067656018746939e-250,0.985805766222983,0.0047861373834546216,3.208304752817987e-11,9.917244181612337e-22,0.009408096361478943,2.3098421247163743e-16,9.032860624782464e-21,2.434864659566466e-35,4.2855061106773544e-38,9.574380055487017e-215,4.0744086373416205e-149,7.683317126028128e-132,7.937349323995415e-282,1.9989278091639523e-77,2.1257056144135962e-277,2.418326924120471e-177,0.0,2.5533351066698154e-166,2.093644808683375e-181,2.5755344390120906e-216,1.2658902286748552e-195,6.057594593041502e-125,0.0,6.5e-322,0.0,0.0,0.0,0.0
7.940619970496202e-236,0.04142018827690866,0.8129689826090957,0.07311584496012878,0.01946422497324856,0.014134850304233547,0.028369093548174663,2.7578064443208567e-13,2.725403712503588e-19,0.002334926841860384,0.004136567845202686,2.1211210984491373e-28,9.160508743199665e-48,0.004055320640871135,2.873361576962788e-60,1.6008511128784408e-81,2.642446766777961e-83,6.7956149892112354e-49,5.6455787985694525e-62,6.70018898489341e-43,4.5100390228205327e-91,3.175518665376114e-72,2.3903362381989974e-89,1.0440580309371006e-30,2.99988802733819e-200,1.384185897598879e-59,0.0,0.0,0.0
1.2059942708081471e-185,0.055222765902750576,1.191252335511083e-6,0.08063017332607315,0.04320384618055873,0.025722789058452444,0.024547975011920645,0.0006436032964946424,2.0394804967655748e-8,0.09314253799826612,0.08167571731300403,0.12238409190229962,0.02976676938477783,0.04758355874910142,0.057364152906643436,0.03448608768491912,0.03058931743773482,0.021289043538889815,0.02549668604803511,3.601060536922858e-33,0.05567774600883205,0.09178362246169014,0.021468417919157757,0.02039734883842809,0.006326514127187915,0.030596023257642133,0.0,0.0,0.0
4.838406308563261e-210,0.4839476770896181,0.5086215900225362,0.0037909528612986424,0.002785950024712545,5.870971434145034e-71,6.12875233542651e-75,3.794945437315102e-48,0.0008538300018347877,9.521377385703992e-20,5.077761639051711e-133,2.3599898225198748e-152,1.4546059141350693e-110,1.8713866284253742e-156,1.5701109777034615e-193,7.037653393423279e-278,6.009824825033216e-167,1.436148087876e-312,2.3784535768563557e-213,5.024832685732708e-146,1.3456998084188159e-272,8.135216281674934e-262,4.411576592064589e-155,1.8278772228299522e-204,5.4006886946e-314,0.0,0.0,0.0,0.0
1.0,0.0,0.0,0.0,0.0,0.0,0.0,0.0,0.0,0.0,0.0,0.0,0.0,0.0,0.0,0.0,0.0,0.0,0.0,0.0
3000,700,2300,2000,2500,2100,200,800,1100,600,4000,1800,1700,1300,1500,1000,400,1400,1600,300,100,900,3500,500,2400,1900,2200,1200,0
200:3,3000:27,1900:20,700:8,1000:11,1100:12,2200:23,0:1,300:4,1200:13,2000:21,2500:26,3500:28,800:9,500:6,1800:19,900:10,2300:24,1300:14,2400:25,600:7,400:5,1400:15,1700:18,4000:29,2100:22,1600:17,100:2,1500:16
