30
0.6588879818470307,0.0012267777259617407,0.012698916990597931,0.005862907364602566,0.0025020679016228855,1.0912606993496634e-5,5.685893903251356e-7,1.665869297127196e-6,4.3852922148398005e-31,0.0006110769152681438,0.040558225346619375,0.0006909946810486529,0.00019444474262870405,0.01910745630557208,8.62431107566904e-5,1.304677831382015e-8,1.6402974023103165e-10,0.1542080182569973,0.00031200080310225456,0.021586763424859164,1.7259106880683077e-7,4.4765960094596824e-5,0.07471855614168411,0.0004764355630140493,0.0007042906826079588,0.00036261033700407046,4.922619176018914e-13,0.002368465907621241,7.090609447189685e-24,0.0027776671232558254
0.006891937506047189,0.25354561408049214,0.18458861213658864,7.048624556547621e-9,0.003253488714643654,0.049735874755336376,0.026469606110985,0.0003885169672843191,1.4115833616493351e-8,0.010721381767410807,0.08224342346501502,0.03164345345363298,2.0087189831968257e-7,0.010340164225776712,0.007112990054313601,0.006756870820264093,0.0011635644525016167,0.11167614315818208,0.019958058404194717,0.09204846055316086,0.005526994213300389,2.553501841163433e-7,0.08200477389419512,4.2841861644713326e-7,0.002841801164710714,0.01099363716800418,5.116197816833651e-9,1.4804776725601549e-8,4.5444088795710213e-10,9.370675338724866e-5
0.014222364728135676,0.0017545157300829903,0.5185307223943377,0.025815881247753535,0.011554697222898704,0.020132638459905147,0.04215083844267281,0.0031742057122393975,1.5072941389272109e-5,0.024116265570323727,0.011416212523107363,0.005423799266117006,0.004197598903372777,0.0871035492664166,0.03973335144607385,0.002710875348565146,0.005115835784847955,0.11402642079475328,0.035557662249664015,0.0034990833427397923,0.0004945968130515571,7.856744151467569e-5,0.00822415684421337,0.007516382216800107,0.0017763110711904269,0.0005390911785516855,0.0007462123342802826,0.00046878436438079743,1.8059551029788505e-11,0.009904306342560842
4.833438531681025e-5,7.990982676227593e-9,0.019319073476467812,0.05832258279490618,5.746318791196204e-6,0.000255484137341942,0.0012543411116362198,0.0020399231731076765,6.607599572737652e-52,0.0005988931174272665,0.0037638680064203418,2.9110734947169152e-8,0.0025548822288551003,5.576304845683339e-6,0.014533235480835507,0.002638829163324388,2.1573837839044142e-16,0.00801807485780913,0.001708708606095275,1.0187588380546915e-6,0.020781582834747684,0.01810908556781487,0.002838780635956965,0.00044070624865632726,1.3453065550412083e-10,5.263735181387755e-12,0.06366294438097285,0.5847461383949786,1.503810856190055e-5,0.19433711466478004
0.0013532484120378507,0.031687927724081646,0.006153887755160751,5.6116401820308346e-5,0.5418346524170714,0.000425096893209381,0.014490950856478507,0.04461206818303117,5.998599685079989e-7,0.0135195285937504,5.086210722459269e-5,3.847887781344122e-5,0.013974326117821888,0.0016697767268652568,0.04144025251220553,0.03872502880251126,0.1032426705685333,0.0005020316525047432,0.01759497415994951,0.0017640288138206894,5.8985455770363114e-6,0.001553056160444728,0.01503821421598142,1.5405379365188415e-5,0.0662099536724249,0.03042146344460266,0.00016151065310478164,0.0008297047334319875,0.012585613898555465,4.267186065174212e-5
0.0002364748651283491,0.01736356646500161,0.006408418258171755,2.579853997873594e-7,0.00019543666169264372,0.21683913595457444,0.0001899616016306324,0.45676693141438673,0.014368226371740194,0.00016302095431592147,5.611416070564347e-5,0.0017275251810362064,0.07721243114969162,5.7148656986664125e-6,0.005038616348223622,0.0004231198700862783,0.0024174283968132057,4.64659557454075e-5,0.00259290901375264,0.000173697571921116,0.061688455323996666,5.17273926798072e-5,0.011383894428414337,1.382205145649318e-9,0.06674013748244224,0.05784253942481836,3.495137095396375e-5,7.321705577548477e-7,2.543194193882823e-6,2.9564784021348278e-5
0.004427372417505165,0.03435247547911987,0.02430797647251437,8.632759096087407e-8,0.027856187358534273,0.03805969927667403,0.5835050667088449,0.008283104636889884,0.0007626496143902712,0.002957232978723963,0.013220681459190788,1.5304920890907674e-9,0.00526883193279885,0.0006849095769695503,0.15155764349032944,0.045350079859140836,0.004937689593600389,0.0012521232707572618,0.0362701724846241,2.36204111285515e-5,0.00016261827365714304,0.0003259527684187525,0.013695834704436395,2.8840124454407354e-6,0.0013474078323741769,0.0003270801412503945,1.057917356793937e-9,0.0010177277427272766,1.1050087252006001e-8,4.287753686628778e-5
0.00012311468551412833,0.0491164493211319,9.202867772137626e-5,3.019075142021105e-5,0.0002476293755130106,0.22286453870520342,0.004410134588637615,0.2179364616511861,3.551949574153678e-5,1.3843323645287127e-5,0.005562142857865207,0.00011388175007174377,0.07003867299760623,1.3422210245632664e-5,6.634391698248777e-5,2.132105752283713e-5,0.005201173661654196,0.005263744765586325,0.010486638082688236,2.0688743920394506e-5,0.27188358514711175,3.1095881166489625e-7,0.004490466004400416,6.440782218159549e-8,0.012655068166818322,0.11253429937940113,0.0028114565675910596,8.618374831474644e-6,0.003954817710595594,3.3726627585143105e-6
3.0586038210133833e-29,5.104938922066085e-16,3.8632962687809614e-21,9.067632473489445e-23,5.380865395264018e-14,4.418505860350588e-19,1.2469642967258385e-8,1.1468667761968508e-20,0.8699420814678285,2.484119866212646e-22,5.580305634816992e-19,5.795164262966179e-22,0.0132887813484936,3.5031385244390767e-15,2.494594848909062e-9,0.09006315450163739,0.020953446423788623,6.728714390454662e-17,0.002182700909360825,8.296028904685897e-10,1.738437899517876e-29,0.0016660343878135496,0.0019037847894154364,2.4279804680091122e-27,7.469001997273303e-14,2.0797477702730404e-17,3.070848408782316e-17,8.91839142967764e-15,3.7767958268577244e-10,1.6762416538451252e-19
0.01423332391004891,0.00020586837934672068,0.000640839740228238,1.3265879203698764e-9,0.027641304346124856,0.04251700853774784,0.025709632784083447,0.007458312465435754,3.5658250495385784e-8,0.7194240970977139,0.030293650550994852,6.161231152785108e-13,0.007550215778426223,0.0002108866842811832,0.05730552322598326,0.008187128220742572,0.0083872701604185,0.004229514222394646,0.010014569098795964,0.000523520343428132,0.007767170007660504,0.005845148476654651,0.013528275506645242,1.5231740117777048e-7,1.876771277088949e-6,1.2435035527125707e-5,0.000678936680684391,1.061549366017534e-11,0.001622886105196615,0.006010416556688011
0.02698934349289562,0.002965086068540943,0.07339858058746108,0.00012842872861679465,0.002328005978157215,0.01679108202174145,0.003312639662687899,0.00029110579702968715,1.4031227797958517e-30,0.022930869210443273,0.5801200960987418,0.0031763396737130834,0.0026796974989232833,0.016780310509568692,0.036595282742763864,0.0035970467578890805,0.00477973399705255,0.09535580329818129,0.0006710466753189189,0.06825303849700338,4.2799668708159126e-5,0.0015875877210499109,0.010769445368824761,0.0036478946591665703,0.015111427093074729,0.002279935381219999,0.00026986613653673044,0.0018263227328569828,0.002662737524347757,0.0006584464174845632
0.00859960711904794,0.019720187596632497,0.0020081522734861487,0.00017820324185261583,0.005460375268275371,2.57089185536888e-5,0.0001435581956258267,8.676036822828835e-7,1.3902074430212576e-9,1.7806632342536517e-9,0.001811296789198346,0.5941475508821307,3.4432142131714934e-6,0.0005602603854458016,1.0271890927094025e-5,1.6153877773295554e-6,7.555894669835965e-5,0.011765365609887423,0.006748095222438771,0.0002002803161462192,8.165470664951723e-10,2.3219682736933415e-16,4.041964208415995e-7,0.28454707750166836,8.582848886481386e-7,8.69566831876838e-8,7.401111399554193e-12,0.01752499933298421,1.442415532516599e-21,0.04646617087051612
0.0003180645154935208,0.0014256865583541735,1.8487117484291764e-6,0.0012207579859354553,0.017606366828157843,0.01085701539205323,0.003574658959363618,0.019607714014971883,0.07925879702752726,0.00024885019123565373,0.00046677604983721803,0.006676590142637143,0.642951469369527,0.0002528986184469029,0.0014128489327373804,0.029823656081779223,0.0003470392574802849,0.007320127677822466,0.006709923096312382,0.003036329364687016,0.08923013214397488,5.342102060056589e-21,0.007173447466242421,0.0007500797966002918,0.01139551272079753,0.026429078026735713,4.172787139916803e-9,0.0004171122539352217,0.0314347392977208,5.247534509788312e-5
0.03009366203694177,0.05451092585312285,0.011297277334347605,0.03969457610437676,0.0420645527865977,0.03680142276875881,0.05448676429147139,0.011564780664486756,1.6356114805906372e-19,0.06154443636958536,0.050496107586267616,0.0194894228251747,9.398384140330367e-7,0.1525586697427576,0.2107136397493084,0.0029714463624696107,1.299476581462367e-5,0.0038690433160678194,0.041107392568309885,0.03525543482243671,0.00012845459175724768,0.018773025221885665,0.0069457304216881555,0.011358929213213392,0.00030216584746010986,5.130566871949796e-5,0.0004254477797383737,0.025370324061887873,1.6614083159440245e-5,0.07809451332378026
0.007271106170930729,0.01311611472437898,0.03718446086843345,0.0004902937411799587,0.006245181859182629,0.0023391415942504556,0.15170890624970074,5.3358431510990906e-5,1.7728731767912076e-8,0.022510290026752967,0.21400183531544956,1.949096081899002e-5,1.2338198949343123e-8,0.046449217404897034,0.17202109020535583,0.0010193611657756626,0.0020024612503148236,0.05128779097930598,0.19152964998554392,0.06146360664788517,8.634853793354222e-7,2.3541421212882282e-5,0.009376799600063745,0.00030561493853142836,0.008810122939917484,6.700300229542315e-6,5.653745527988555e-6,0.00037774810446272874,3.3902350225266467e-5,0.0003456654658510677
6.871464190579978e-6,0.031265316992325806,2.2713104994011802e-9,1.2559924319588787e-9,0.07848216136319079,0.0012086951507076001,0.09161993508630051,0.0012108855118153701,0.02120083411689992,0.002567182249352861,0.009347647553979408,0.0008595680003818983,0.0067290345770196795,1.042389092389354e-5,0.011763814641970969,0.5941170960075562,0.08773900131634715,8.10891450180103e-7,0.029382677375589538,0.0038653253630022274,0.0006611918418867922,8.107964875387562e-12,0.02689724450652318,1.9668843724194243e-9,0.000331033960344409,0.0007332279382247583,1.4444591511055149e-13,9.720966244056544e-12,3.6478218171795633e-9,1.1040033862508415e-8
0.0026034160569655875,0.03348713459204014,7.487741811751764e-7,3.7717947372281636e-14,9.288115032280674e-5,0.10577010959371658,0.005500528458108296,0.0019140102823933698,8.46855391273606e-15,0.00592289890361167,3.19456031833197e-5,0.001636438482996625,0.03763779204131625,8.71428830263963e-7,0.0057980048650569695,0.004716503753680556,0.7808353127611812,0.001446777547887997,0.003310228437414567,0.00016009900708202103,0.004801153886048828,6.943911064860388e-9,0.003657665855904757,7.521098691587272e-15,0.0002666003757402802,0.0004088699929906303,1.1163800442344958e-16,1.2789264340708003e-15,4.030659166369207e-15,1.2053756047661426e-9
0.096064211156638,0.0040744468756369326,0.043645316809865616,0.0038356646243572707,0.00045075368731310067,0.000668207143367696,0.0022982011056182383,0.005209452757037771,2.59668448085047e-32,0.007932287657828318,0.08425587734594896,0.007358315849562082,0.004174888054670879,0.03927893272505596,0.00037465187762680016,9.591339872933198e-5,0.0014183360074037216,0.6015162003599124,0.005461428119166054,0.03147234817989967,0.002795789381690139,0.003992513408115805,0.03484155504199527,0.005451219178611485,0.002045166553235538,0.00033406031843946627,3.433604097866446e-8,0.0028484533294675482,1.4864216158363986e-5,0.008090910500606757
0.20130972882284734,0.0013283237560274643,0.03658941833072407,0.004737490871512363,0.0007479248584859329,1.2652495536923276e-5,0.010567634666087152,2.0278528604414992e-5,9.072384148546695e-8,0.0003851370007523999,0.0019087996667674586,6.506832062184212e-8,2.6765884464708975e-7,0.0015691815137667162,0.0014322846288562746,1.6574543342625213e-5,0.005572179277632684,0.22297965774998307,0.004585729887544657,0.02808494691473096,1.919604980556738e-5,2.1442986676221494e-6,0.47459341105016617,0.0011331814287728827,0.0023205916688312455,8.42725601164931e-6,1.7106168692630395e-9,1.6742078792334202e-5,1.2790533551419463e-10,5.7937366220825236e-5
0.0008066936690319738,0.1809898691725614,0.0008448385585720314,4.5312711747028376e-5,0.1301348433835175,0.0005227885599187721,0.232363779779116,0.00347944912259679,0.0032086628593623566,0.0002550557837617604,0.006799808226724618,2.6418857957966125e-7,0.057857470158738565,0.0021921118835516464,0.10884861178012832,0.07505438104142577,0.04293880739126777,0.0013171443399963088,0.05447725139796066,0.06367692679030262,0.0004102547150466377,7.843839540938755e-6,0.010612826955176949,7.042176738557187e-6,3.7734962841969297e-6,0.015581688796920986,5.6459154177842395e-8,0.00016861302297728887,0.0010725339189159397,0.006321295820383057
0.00012266657356064015,0.00029072103545338336,9.492779277633557e-7,0.00011419789120702654,3.326207562348185e-5,0.013725648186846047,1.788643074412578e-5,0.08867805550702557,1.3371060962893648e-5,2.5980421181924096e-7,0.00021446310164512512,0.0006330458137816396,0.026186770719507018,4.455397363254832e-5,8.972885303482975e-8,5.171690115690274e-7,0.0012074936011633032,0.000539877650236132,0.0028823948007966546,2.598044934116749e-7,0.7732290674540363,7.972860890727763e-18,1.1068960248350616e-7,1.947077116323724e-6,0.0530157052044832,0.008332345304818453,4.048775412264198e-9,6.353071527130976e-5,0.030650646063463984,1.5923574929994694e-7
7.7510026665835e-9,1.970184414579081e-7,0.012955050895209841,1.4224573286559147e-6,4.6016480984093275e-9,0.0001478602453268909,5.559056444850441e-7,0.0016512460030514238,8.005231333048177e-28,0.03155687848076609,0.018099425679473275,4.364917390836522e-16,4.523541393476084e-5,7.55764640863742e-6,0.00047870189614108755,1.3548932823552414e-11,0.0026289487737292164,0.05096973572344305,3.171095192360177e-5,8.609834714382578e-6,6.490274020205516e-5,0.004644987514309421,6.668280677039008e-12,3.1490231008847514e-11,1.448127349292604e-8,4.184708494148223e-14,0.866389196123041,9.155900571405219e-8,0.009968900904283871,0.00034875734794722983
0.12286269201041836,0.018584184720915494,0.007008264537294401,8.843464670267038e-14,0.006158595749818788,4.5742591997857294e-5,0.005991988798666383,0.0036403815801865106,5.804091013836605e-17,0.0039648817380901966,0.024335416671930635,4.608148543663471e-8,0.00023340253036202588,0.017486864219810248,0.00013768731009071583,0.006895973922232714,0.0034958808613773994,0.051304259211247996,3.6604107062285345e-5,0.039764440425460165,0.0013491847088253285,0.0007326977631038265,0.6847639793966155,6.317694238708173e-9,4.1798035224953707e-7,0.0009298061316261423,7.362429887530497e-7,2.747580906689944e-15,1.208277720400065e-12,0.0002758643890469176
0.012950432948208974,0.006433795334035916,0.02456334315522693,0.03368342604180774,0.05118191691146311,0.00023778927979180875,0.0008270411931668124,0.00037979435606867333,2.08860546353319e-10,6.788862956234383e-6,0.006480911514013817,0.04083800838811046,5.3759302636767485e-5,0.07180553183980351,0.0028313842747110995,1.3127846572826089e-5,0.0024665779168402376,0.0024182479951795435,0.037930370726843896,0.00020487844726985708,3.868363809293836e-5,1.2883311077142767e-15,8.133189657554455e-8,0.2550363116814654,1.8935005441567892e-5,8.549183142932365e-7,8.640777327972621e-12,0.43377975053824963,4.462866803332357e-21,0.015818256334328935
0.005744729706405066,0.1510714431626347,0.02140948021799011,4.4849196642585025e-5,5.752089298875331e-5,0.00526051177349051,0.01373589023855235,0.017116194745032415,1.0872977040940483e-6,0.0010322007003095135,0.0003267834162113072,0.35325004821217626,0.019371819790294467,0.018797127733080583,0.013761485970777311,0.0003864775330477611,0.004965890377182991,0.007377039185412718,0.03954128222747757,0.0005811182961142241,0.0009636601889811473,0.003436091352476916,0.011112502824221366,0.26379381524717904,0.046664694088043294,3.5270181640455396e-5,1.1964346396322244e-6,0.0001558877378551324,1.7159524116049126e-9,3.899555485359169e-6
0.0016465686868160116,0.010175086151088517,0.013627577760039958,0.18932829222975742,0.02422093223160474,0.018023467302983934,0.02893618745877035,0.001198017622880598,0.0016339610849068396,0.00960437490674952,0.026372298767194047,0.09035139623100495,1.1020591239360304e-5,0.00020218472157666544,0.007332026130996512,3.9556832080576056e-7,1.6849845687144927e-5,0.010373012067121226,0.07520236659459546,0.00015757371524199103,0.00014493752232572053,0.01472907868704131,0.023966371200057054,0.0743950556719508,0.0034878090921708375,0.011102288615899087,0.002499281199541498,0.1564755581838711,2.947807578054737e-6,0.20478308235098852
6.77674100734456e-14,6.983014514133467e-7,0.015456685520444569,1.4216398229032911e-9,1.2603529496162296e-8,8.277992199067466e-7,7.430170542166641e-10,2.651501307636148e-8,0.002389177691935757,0.017510753406620186,3.305221191654476e-5,2.2806776535532746e-17,0.016450506984138667,1.4651383971141257e-8,3.0225000888482757e-6,7.9247099180784e-12,0.00018245810529223238,3.2348512814523555e-5,0.03647631906496123,5.400215975735776e-8,0.00015256562336358635,0.2843212345910797,7.090009538868128e-20,1.9053940020438934e-13,1.872470424193414e-12,3.510372918691319e-13,0.27074343937603934,2.112011924870757e-9,0.056358215308804666,0.299888582942667
6.337000402948627e-6,1.656770019148096e-8,0.006153663750113069,0.7191914809485648,0.000301021227574783,0.000246001851714662,0.002949135740341776,0.0008155605883453846,1.10477695108916e-32,0.0016064218586957643,0.0003497185197628295,9.465108642138779e-8,2.3414790882630826e-5,0.0002184003287956099,0.008063469849354894,3.789813185485797e-9,7.455453557495563e-12,1.8007148637918257e-5,0.01499763396798032,2.0561403172679224e-7,0.000860096725827475,0.0027839030617821097,0.00022357456067394565,0.000668081035527,7.549065154509587e-9,9.26308189324798e-11,0.006877730027935303,0.1361383018390803,0.0033814873311027553,0.09412622957512078
8.551474694225504e-5,2.714941137689185e-5,0.0008953943068920008,4.0903339358003845e-7,0.0006425301957303889,3.5480655869390134e-6,0.0070063281432672635,0.0013373347372111523,5.513863677062939e-16,1.1783479955981118e-5,3.797133421355131e-6,9.970283125151317e-5,0.014945731347336176,3.1507830901952655e-6,0.0004067149714297845,2.68109888433956e-8,8.47775696487114e-15,2.8704196587758366e-9,0.01779318129915304,2.8728762915894e-7,0.01912125799549598,1.626560440121448e-22,0.002136016662892836,1.2604008212638937e-6,0.0008001619680709101,0.10741865951401784,4.7259606092943805e-18,0.007499245988022989,0.8197524951283744,8.314887218419375e-6
2.9764353558082396e-9,2.3657952550661772e-5,3.442243768721467e-9,5.440335062421449e-14,0.025566850510117853,0.05171363261656915,0.0011631834612714964,0.1210597089577769,2.5338258626237353e-14,3.8713633532838054e-5,8.045774593377454e-10,3.6559743852679604e-20,0.07120850079575042,5.197835718887574e-7,1.780445778827727e-5,5.1807289736393135e-6,0.005667565131687031,1.3639484981625217e-7,0.000798624441754668,2.7301253441810346e-6,0.20416795102424956,1.2586511543638912e-6,1.441598254696016e-6,7.320557487427466e-16,1.8959246430155662e-5,0.16746743968280037,3.937119400584631e-12,5.422486748235274e-12,0.34777348065332325,0.003302652919552238
30,92
1.933084201063148e-307,1.1753934971090163e-271,4.461045840923889e-102,1.5643550672705649e-27,3.796973682472977e-70,9.853270552587427e-47,1.0242798377768496e-13,1.6225653566946698e-44,1.1649135185483028e-29,6.11490074394332e-21,9.924509802655106e-18,0.0006607185059592179,0.0005506650425429117,1.3844335626336716e-19,6.975468437587345e-8,5.864473273051713e-10,0.0003999972061110356,0.001140404051046463,0.0012647288155953863,0.0002063218745982186,1.3938720410161905e-5,0.003248260242236567,0.0030351590886795263,2.681793903570036e-6,2.8734358150666262e-5,1.819094379396978e-7,0.00019787328542461802,0.0008423694486308735,0.0122497530161814,0.003098527823866569,0.019525028396033338,0.03591102782365293,0.07562355894702791,0.05328975534584288,0.08357451491944567,0.0697183289338238,0.09463308938286584,0.0573162448442433,0.07019064404319536,0.05101666645330429,0.044651688685953296,0.046504889962558034,0.04710498389435634,0.0313719711255701,0.037249727097802734,0.02415791856194014,0.03314107764023773,0.021147391586588973,0.01954566916264757,0.009630680411067929,0.008925884824784923,0.0033898427328047796,0.0036071717904612977,0.005757853080308451,0.004453573542242375,8.789757446880222e-5,0.00672176123928442,0.0013537561748919705,0.0009887412651550256,0.009083421666275817,0.0013194508259997235,0.000945492164980156,3.737969527984197e-5,0.0010309517124850386,7.383553039855779e-6,2.9997741131893497e-16,1.6351081734208626e-16,9.284948677230679e-8,5.1143138623740416e-15,6.204223416489843e-15,1.3192971456920057e-27,4.3646012288620004e-14,3.767988954206526e-23,3.849152343047664e-20,6.4586892755119554e-18,1.3083685584339928e-20,5.793546180179547e-25,1.5262742190625927e-13,7.800935668711808e-18,4.41025656753269e-5,1.624532532104681e-30,1.50627343917169e-46,2.0833335714375974e-18,1.9420617576133685e-44,3.413064647150984e-39,6.28112224674004e-69,8.628769551357346e-54,3.676948014993765e-62,0.0,0.0,0.0,0.0
2.651805868315913e-174,1.4054086144629203e-258,2.2301741547027375e-36,4.483145429453809e-12,1.7414692534386177e-21,6.578165531714579e-16,1.2112527328569444e-10,0.006486643653010647,7.011893416632479e-7,0.00787932981277281,0.015260996194592872,0.02605298766911003,0.042616516358005695,0.039753360836610414,0.05610979586188561,0.09730374971489145,0.17587940068587532,0.009356081989156382,0.009497004717794707,0.04414666961341662,0.13720085711421412,0.000445249907776993,0.004014837350175752,0.004103497979892112,0.06717818885984829,0.007216629476522025,0.000785755721431195,0.019829159731812377,0.0027877530866979123,0.027692881096468995,0.022624081570720815,9.324138074229134e-5,0.01739343875168008,0.0066008070722755885,4.015285670367909e-5,0.027492585933134146,0.026820261512093553,7.37649103705528e-6,6.078549235497223e-7,0.0179490684691636,0.02420760227265208,4.536116936637038e-8,0.011587823391968776,0.009988698883328932,1.4885116910174343e-8,1.4611683173785598e-9,2.0140531686588124e-11,6.627321663949958e-8,5.384098501468588e-11,0.01595843342109005,0.001887543211264248,4.51376105853194e-29,1.509010437132131e-8,3.292186091794135e-12,2.4464886565389086e-15,5.0910447311378055e-11,7.019224472273478e-8,2.5109428766061934e-15,0.008512079997274888,4.2929017127862345e-8,5.8995163139779035e-9,6.516213423099727e-7,0.005485133579089532,0.0012721703076482398,4.574927537341666e-15,6.632081561183495e-11,4.3642337748046927e-16,5.483303570863387e-9,3.892627657162678e-11,0.0004731233530805607,7.812121750713541e-13,3.564585228315353e-30,1.4978929256527446e-15,6.431072870968006e-9,6.7950795559958905e-6,3.0292059542951255e-22,2.1625604270128276e-12,2.8320056938692487e-23,2.337638555578699e-16,7.254186208488174e-32,2.0556863828612722e-39,2.0130961901000577e-40,4.3085129790716656e-36,4.427528420110775e-50,2.1319924696168837e-42,6.336941868884892e-68,2.1145690344859414e-72,1.066397907716424e-74,0.0,0.0,0.0,0.0
6.982066046105968e-277,4.033231516266217e-173,2.1464609591441065e-73,2.270493549720444e-33,5.424084463750534e-56,9.784776993834988e-24,2.3461292220679112e-24,1.7662475386943817e-8,8.543498147911788e-6,1.4022531217602772e-9,3.0155884549257295e-11,6.477580643893768e-10,1.2024621539884633e-6,1.1875417783864001e-5,0.005409248258661909,0.0027419852138086376,0.00224803251580562,0.004298955340493993,0.024044840006043736,0.03856697012192626,0.1779216661236295,0.348812729442675,0.22870447249148987,0.01287591789625039,0.021493391999341617,0.011911441130859643,0.03713447969058697,0.019063302692669346,0.0028662936403357564,0.0006726654971046949,0.0003781367602193316,0.001787280056018411,0.004459144983520214,0.0030709521325723564,4.312935770544139e-6,0.007123960439211268,0.004591630378882126,0.009322755113641085,0.0013367226497965478,0.001815321581564522,0.0028848204524370624,2.5907556983950154e-9,2.182394379526331e-5,0.0007321288038372323,0.0012508002030147617,1.0111245894475417e-12,0.0037370572711605114,1.6539658222482923e-6,1.919989410073215e-8,4.31796204268981e-11,4.548160975551374e-6,1.6254047642046274e-27,0.0016853710356241106,0.0014874114315613631,7.4428326635169e-6,0.0022864659872813883,3.0686412792600964e-6,0.0010040166710999156,1.245668097005257e-5,0.0021346231088533838,0.0028462830395828156,0.004114930969681574,3.0347913638670103e-16,0.0016494083065897122,0.0008312897024643715,5.783695408567201e-29,3.41531274978933e-29,9.48550591424478e-24,1.3918048397666477e-16,3.9465787047380684e-11,2.503700207742486e-46,6.873751493163224e-40,2.90527117476805e-19,8.150080460200889e-9,3.4877645613217005e-25,4.428708744566425e-47,5.940215471924881e-20,1.4255919479584419e-40,0.0006261185533112763,4.410748796642811e-28,4.2880621679709155e-62,2.8969456122608373e-43,3.351224132840489e-28,2.7006863281546703e-75,3.788976289834977e-83,2.677702071117318e-119,1.0805960373993647e-117,1.7931694026517457e-124,0.0,0.0,0.0,0.0
1.8925465355164356e-250,6.384111954005932e-214,1.1356862094416725e-92,3.427788269743672e-70,1.3761382509564822e-79,8.126319279651365e-51,5.2779326642397165e-31,1.8585968890315223e-53,3.094017660825021e-44,1.0770297993309924e-36,8.317700912844011e-22,1.4390165772323682e-16,9.399227493397552e-5,3.13083719783295e-21,1.1970604139611247e-15,2.823432678851606e-13,2.4757917625059763e-14,0.011026206365630219,0.8859074831437118,0.03824418763736622,0.035116914254922596,8.683409886835664e-7,0.0006154950910503887,0.02260516920787642,0.0035104584273670603,2.9200374555046785e-12,9.661838941745197e-5,0.002179646992158878,1.5596581717305688e-29,1.7263936714431843e-8,1.9958160273941434e-18,1.6237750906648e-14,2.4889798807586246e-21,7.412528522016653e-48,3.724199125635384e-12,2.1315489718317542e-15,5.0297545916593185e-33,7.523880349412227e-27,2.672096260739191e-38,1.8762586435801674e-38,1.1253508494651922e-39,7.078876915608732e-10,1.1229249013656707e-32,8.81899478246171e-49,2.2050814031922016e-49,2.3569222672489867e-28,1.2734157538870044e-18,3.5464773734653117e-20,2.0884447032324988e-36,3.446768459973853e-56,1.4498141794140496e-38,4.663630990700572e-102,3.9122014827296534e-30,3.893780842469751e-50,3.612012640002791e-23,1.4467330615740037e-58,2.7956113714009524e-65,1.1172763317371116e-54,7.507266635872609e-39,1.6961586466181534e-27,9.461266924594926e-18,0.0006029418957805864,8.12387500724334e-40,5.98347218183205e-35,8.657435723547248e-74,1.1123904961251406e-58,1.1665951167029756e-81,2.5396726801320168e-43,7.172446920754109e-84,1.0350072006463528e-76,1.5745357113535536e-79,3.8182272335975175e-106,1.9013265849331157e-71,2.0131775746190256e-55,5.170833117721352e-76,4.142167858752512e-97,5.214577151467513e-83,5.234232932013191e-92,1.03289572164858e-64,7.712248622635614e-115,1.1441862802745946e-125,1.6445982739208866e-162,2.515358854047654e-113,8.521921159381758e-187,3.452995490550623e-135,4.979625437223903e-263,7.07756322957685e-233,4.6099317733766373e-259,0.0,0.0,0.0,0.0
5.4193456272312874e-135,1.2202876949023793e-197,9.708433070811366e-9,1.2877123282125208e-17,4.418592231971223e-17,2.566065898419295e-8,1.5350995661310217e-11,0.0007995801578482771,2.1229183267328247e-11,0.00021681270138730212,0.030090585491522687,0.09697977684050361,0.6492046440816287,0.10373808002021269,0.014837523739882183,0.006450128004027599,0.029765570795323843,0.02520922647149782,0.02667440678796357,1.936458452441469e-5,1.2309256095019133e-5,1.3720207532361573e-5,1.203037432576634e-7,6.299684178626332e-7,0.00013835140834997093,2.412944515077506e-13,0.00041254823400105697,2.996529251410899e-7,1.14998483111923e-9,5.863320002275402e-13,1.0841671621929766e-10,9.301659749054007e-5,3.9483116928088194e-9,6.752900459755622e-11,0.0026925922596637624,6.579630257907304e-16,0.0023013931751951714,0.00015626718541886882,0.002996220215430172,0.00014757093743187296,6.546104563329971e-7,0.0014712296512557625,8.717614853502458e-17,4.1126717751419096e-38,1.0203442717060135e-5,2.6010137335080697e-20,7.121287735228647e-24,0.0015491255880982762,0.0011797907103163906,7.209292538080575e-7,9.271186964590691e-22,1.7959478008404546e-56,3.2629673859174915e-24,1.0053384375369519e-48,3.3407852070764e-55,6.72332588460902e-34,2.5523818384984625e-32,5.3257103026444624e-43,1.0954137653194162e-14,0.002836578145804617,1.5794270007880141e-27,5.784659333327707e-38,9.171633187065318e-7,3.439036430777658e-19,4.024429651839753e-39,4.394661219233277e-31,7.356254986113183e-42,7.390926142680967e-15,2.020440202293732e-28,3.5236575445890694e-33,6.791612144262803e-27,3.870241320630527e-52,2.6930074948341774e-43,2.7905260363763827e-34,8.641768042870514e-19,4.1024917272218586e-58,1.1308715219466244e-44,1.8626452999327163e-53,1.3735452066045984e-21,1.390537803613484e-80,1.4293526512176184e-88,1.3654359690461753e-94,2.1052698005286864e-94,6.568845970476016e-125,1.5431776680935641e-111,5.288570552345487e-151,1.7912267883558984e-146,8.43203159627646e-149,0.0,0.0,0.0,0.0
8.805513504666522e-118,1.2757656546913159e-118,1.1165087907642488e-44,4.397976654582641e-18,1.529410870549366e-11,6.026620457174092e-8,1.1526694375099928e-8,0.00029000375184114224,1.461978894779214e-8,0.008307762805731632,0.589775659789055,0.31014318415369624,0.01870351163237669,0.00975710173957342,0.0069017985507250105,0.04304106969921593,0.001056994153990903,0.0051150395419098695,0.003110950094843717,0.00035445088341349413,6.16650741505951e-5,6.412390752257657e-12,3.9055826851942846e-11,1.4823300924290596e-20,9.54949470356868e-5,3.0808473248618103e-35,2.1278757457069574e-6,7.752259155805138e-9,0.0007259578791822956,8.870295075253564e-18,4.52394257787749e-17,2.2848027391163667e-6,1.863724904422409e-16,3.3571581000540175e-26,8.066224825888584e-45,1.3388209108262706e-5,4.621921121732994e-19,1.3136720627516987e-33,5.904092968349124e-26,6.571400179931945e-37,0.0005657062538195002,0.0018801716985254885,2.11425127823928e-17,3.537435235746464e-51,1.3265230058046887e-26,1.6159609159752213e-28,2.3893945952596506e-59,1.1411429577917575e-19,2.448775722271665e-38,2.0088888428786185e-25,3.3314154349362194e-46,4.9581008814659076e-23,2.1591093238303686e-35,1.6637221008750038e-7,9.1759957777694e-74,3.1478344000388023e-63,9.472620065944145e-54,2.460606612203071e-44,1.030315145298714e-16,1.0090402378667027e-53,9.277879149967298e-64,6.567868350879519e-63,9.517966528016568e-5,1.0732414152665251e-32,2.2338433640870088e-59,1.795697055580316e-23,2.8687584951739064e-49,5.421953200123128e-12,2.1157283886382874e-60,9.512879918534593e-45,2.3619469845420466e-7,3.670572320117094e-67,6.973470431882584e-77,1.3359958041369724e-41,2.2596540304722285e-68,2.20001300108453e-98,3.34867035912655e-70,4.5355091934240685e-96,1.849241955822042e-47,8.698642529571476e-113,3.116879316987072e-116,4.898118386239232e-148,2.008747025632616e-132,2.8117242246492965e-161,4.7822479377348665e-146,2.9780421066896407e-166,3.3195543034716494e-201,7.782124775206877e-207,0.0,0.0,0.0,0.0
5.0856300266556546e-161,9.570132447451705e-194,3.020607715813134e-22,8.160110727166978e-13,1.6757569953746263e-17,1.4770539801231052e-15,0.0005193312335586662,0.007348285667784913,0.006973606377169257,0.001308255089299344,0.02553848543528548,0.028690744646363196,0.03159272632507623,0.2336260940747981,0.4114035329766475,0.1446229483879224,0.029972067205110173,0.014289105025376904,0.007619271026223255,0.006150786104087633,0.0002412361094105594,2.6670625340926223e-6,0.01069293128634847,1.3957977162066172e-6,2.37713485100014e-6,2.4980328351898306e-11,0.0014421487498980747,7.140661525984497e-6,0.011877475615347098,1.2603581573800651e-7,0.00039333174850762374,0.003359896697852468,0.0038490500413440993,0.006142521371948138,1.0550311384653262e-7,0.002606497468659807,9.996173914000459e-18,7.501437032766868e-11,1.0791598445779729e-13,4.946516177073571e-21,8.947368494377006e-6,0.004723482029773516,0.0005743824609265841,7.424334182173067e-23,1.7628839820929624e-15,3.26909628083901e-17,3.738328138103575e-14,1.8968440656503762e-23,1.7573576729716667e-18,1.237102550557325e-13,3.869761775621514e-22,4.555365029162291e-43,0.00011948605848707921,1.6604990623851383e-31,2.2670430157301728e-42,6.249084746560011e-17,8.318971512044705e-27,1.8377643299403247e-17,1.2119721185512234e-12,1.926535786973562e-18,3.2876305277490086e-25,2.4649888655336173e-18,3.98856234002697e-7,9.732042081109747e-23,0.001212778207445488,2.8527806702888373e-26,1.3403038021881593e-33,0.0030863483038829375,3.681017833808629e-26,3.575288448968896e-8,1.65746986014187e-18,1.935405995990404e-52,4.910624521927081e-54,1.8224762527719047e-16,1.702795474131361e-25,1.370761453109514e-52,1.2101635379518613e-43,7.909228543311096e-62,4.4490081647359315e-18,1.6906197587738078e-38,1.860969755927665e-73,1.1248708434901446e-98,1.474302606006952e-84,6.944987520844441e-117,6.344244502333003e-101,4.6533401991831586e-133,5.687603517646976e-146,1.5354350988392106e-152,0.0,0.0,0.0,0.0
5.815692373667867e-136,1.4721015853566122e-142,2.0749771397190704e-42,1.4895314974220482e-15,3.190620729948686e-15,8.795795364665173e-15,7.420301668350989e-12,0.0030285696743384215,1.5406111842978457e-17,0.0008456966832595374,0.8695872718691369,0.024353109929481028,0.0028205776624321503,0.0035822133775702553,0.06409349347163396,0.015538157437150972,0.0024092159586642206,0.0004670242311771008,2.2021472696853148e-5,0.005095905343297991,1.3969578519764291e-5,4.3094782503544714e-19,1.1140744000243192e-5,1.8452919282294246e-27,0.001865741660617378,7.634982782026328e-38,1.6235915620484872e-10,1.2680015935911848e-5,0.00030753074450019904,3.025187650058593e-18,6.805526190071648e-24,0.004055746209893441,1.0852290618736056e-25,8.469975252219439e-37,7.652814616051457e-48,1.996386789460385e-16,2.4529500972973487e-25,3.400337646984817e-40,3.742591169243425e-41,1.3102535693217939e-42,1.394023022727217e-12,3.6269572578395286e-10,1.453106861064602e-18,8.288429601679781e-66,5.728393672274089e-17,1.2950729842967577e-21,1.141367962089922e-71,7.431500223046958e-11,9.828316403919305e-41,4.5680355035846e-34,4.099470066884105e-43,1.9623429817931436e-9,3.663383710950845e-60,0.0008759814170849434,3.525047039872887e-76,4.367322024588116e-59,3.2717869720203645e-60,7.9543715496742e-65,1.1914870759573642e-20,6.028716531583162e-66,2.534125249798074e-69,2.1741180962933412e-79,0.001013949948067762,1.2074498719964873e-32,3.3304848846501666e-66,1.706537714837588e-18,2.856696649414861e-63,3.852956035168202e-37,2.828389432156287e-82,6.290540090121599e-35,2.3640942189547705e-20,3.3440233920719035e-82,1.719469529829207e-69,5.952123952025445e-31,1.4965570555378358e-63,1.71354468287516e-94,2.3559005318252426e-76,8.627268500217434e-93,2.459121658927935e-55,7.36172653738084e-117,1.0598044638398684e-129,4.755052233717686e-144,1.552559378383124e-141,3.3983423274196906e-167,4.8862440716950955e-152,7.182620553307535e-174,1.0732268131022812e-185,8.043345258209394e-188,0.0,0.0,0.0,0.0
0.0009127562828386466,1.099390412683626e-94,0.9453762098784307,0.03999908449094325,0.0026340591044503544,0.0025046161747136046,2.040701703582561e-9,0.0018367561347186654,1.386936832309645e-12,3.2729111979995673e-19,2.495123609009802e-20,1.4873485577972364e-16,0.002877165647361081,0.0012080562494633342,2.019361338080456e-24,0.0007596771733024404,1.0139271939570892e-5,2.7495580002589285e-54,1.6369772148323398e-14,5.4707271136675804e-42,2.523361393236848e-12,9.162855577393795e-36,8.942870903703865e-59,5.060320264900278e-87,4.817296997737459e-5,5.910827082765357e-65,1.1266353776570963e-39,3.260738808263589e-28,6.786198567826561e-22,2.4279645588888406e-67,2.5024901947749926e-16,1.702171669897882e-67,2.5213452011360107e-43,1.1246261891108853e-70,5.637495862927373e-89,2.841897867299583e-67,2.8916860050219106e-100,8.283520218407095e-81,1.7066077836409546e-89,2.5556121881902677e-94,4.055886322940618e-93,4.840311730509701e-52,1.2659202749221736e-72,3.383367767132601e-137,2.2531529726915016e-18,3.2005521860799987e-74,3.1623431089774264e-102,7.032810431636157e-115,2.878869385467971e-76,4.63655406099567e-76,6.104216916869243e-92,7.47012218926289e-112,3.9321522182802045e-140,4.094212446204544e-117,4.213500389464218e-133,4.9020793719462925e-99,3.2248647441993096e-129,3.669892531264563e-61,2.48352181009219e-75,5.767051083987338e-96,8.359178403755684e-53,0.0009165159107829471,1.16393494850288e-90,9.345408896241809e-39,0.0009167886664493464,5.0560077071374936e-98,1.505539246649196e-64,4.039139261992895e-81,9.363471986593561e-99,5.213146933369969e-137,3.195506553413196e-78,8.836273480270614e-66,5.969765211901545e-127,4.4142614705587e-81,5.660196762531961e-138,1.397948941603416e-97,5.730054182369217e-111,2.8792964082144006e-63,1.8578057991200367e-84,3.808960755984793e-193,3.5023907072481134e-184,4.350834202377498e-223,6.295537776465688e-198,5.675958809176497e-216,6.375193515572182e-191,2.441012225776315e-217,2.8296327546865256e-260,7.455540073746051e-261,0.0,0.0,0.0,0.0
9.150437773447391e-240,9.067961363058606e-131,7.44050031554538e-66,1.648295138292784e-45,1.0008668857386954e-62,3.2344858529865445e-33,1.7933485573374648e-19,6.57698836007389e-17,4.801014436657536e-13,7.051338061037854e-13,5.207829141623309e-14,3.6013670510701484e-8,1.0541636223707265e-7,4.898066138771398e-15,1.3360164445562399e-7,0.12459716564699867,0.5016725695756794,0.1562042872332253,0.03753465360441278,0.034867962829978366,0.03821462245140264,0.03599496659394236,0.0061943802210418075,0.01863290116750292,0.0003683788482760409,1.7351622870587952e-9,0.016965548189815795,0.0004803556133565123,0.0014858454795433369,0.0067908286098621274,0.0027082982877092007,1.1418487973418903e-6,9.358976406388275e-7,1.233720267364672e-5,0.0014407981789104072,2.0557363496896466e-8,0.002445308296220611,0.0061322864176256734,3.81387931754657e-18,2.4710250934545125e-5,5.791422150935656e-18,5.403483596661502e-5,4.767720854032864e-10,1.1961790623225163e-26,1.2881441634036175e-10,3.7099705518328737e-25,2.0075685037996125e-14,7.58875281242757e-35,3.103566849463515e-16,2.0983643749120985e-25,8.740074295859672e-21,2.610109270414624e-58,3.5389066609166955e-16,6.815684574601181e-28,1.1448234620304395e-36,1.1791678819587934e-10,1.7746632841774102e-17,3.580215988136595e-30,8.811927116096419e-23,1.4207879340937394e-15,1.8266614167954828e-10,0.0027620260861526847,1.4014830156010173e-13,0.0015380849128968789,3.918647908407941e-20,0.0014717541440143142,1.0923038029430245e-45,6.528619023020792e-39,1.8473772871608096e-30,2.9302779073362184e-34,6.206097644616485e-56,0.0014035193436423914,1.9769159483564853e-33,2.3200698099681823e-32,7.602887864781308e-19,1.6689330725324845e-39,1.4046654522006826e-27,3.573160268062155e-49,2.4445264725139437e-25,1.0016303563129086e-51,2.0084400446001325e-47,3.845328151020663e-57,2.014817021130114e-57,3.693401655980891e-89,9.133236124696843e-76,7.85477314533385e-127,2.7865770411108468e-123,1.9744123214063217e-128,0.0,0.0,0.0,0.0
4.543910484973756e-227,6.615819892027736e-147,1.3142020856439974e-73,2.2317949448522823e-43,1.4521207297687642e-56,3.8055005814800304e-30,7.021464184654242e-15,4.4939417374585034e-15,2.214121037733884e-16,1.625953235049404e-20,2.0946749354384497e-16,0.00041678639304133704,0.00018730686062350094,0.0009339467797251393,3.442284546893529e-5,0.0005468917654503071,0.0010856580173516925,0.0022523084961243965,0.00030706717177634565,0.0010912305859328347,0.003927688753154715,0.01105201953137191,0.23341984447436015,0.23055864430331074,0.20768293366998303,0.11804779288101552,0.049389454557673115,0.05025996015447948,0.01870880858304289,0.009409258253905642,0.007878618208193286,0.0027599400193873114,0.006577826357457294,0.006758970759891791,0.005546843305049942,1.8473688647676622e-6,0.0022847475631630728,0.0005100333040418848,0.010770857758437532,0.000689175018442287,0.000547623150876313,0.00088216772556291,8.359528281661043e-10,0.0035496776892183154,0.0009742785356351286,0.001430407698112432,3.455101430439482e-11,0.0011044705353755438,1.2311805158878162e-21,0.0006539405714754298,4.4253253269959575e-11,1.2807273705823614e-12,1.4235258156224977e-15,3.2478328418744424e-15,0.00062637195261292,0.000566132215205689,0.0021542840359982636,3.9205174066312013e-25,1.2034049647230515e-16,4.5466097232028163e-7,0.0021550640835145867,1.24518554822737e-7,2.0181681380389833e-8,1.3797201294651313e-18,1.1084697646706623e-9,9.79739305945108e-30,2.982624057573983e-32,4.6926398675116395e-31,0.0015708260730400857,8.95304026974353e-5,4.891450091003105e-42,2.858050327107629e-38,0.0006037402042207058,3.4133741984723344e-29,6.4940882594232e-16,8.765711137131479e-25,1.8712333262034335e-22,7.605658262133127e-45,1.8167257021410948e-28,2.7843821419119857e-32,6.267040526705071e-57,3.725290002445484e-54,7.011307425816928e-39,1.6371743957449606e-81,3.5605421492564606e-81,5.770115221685604e-114,9.247651336695594e-108,5.523611345214855e-114,0.0,0.0,0.0,0.0
5.663901964467234e-220,0.0,4.2474135466090084e-70,2.3972896722433725e-26,3.675111790651039e-53,2.4907402733515082e-45,4.579340174334479e-45,1.6109070367606003e-23,0.00046096306180034067,5.754711086177989e-28,3.847882582971078e-17,1.0997012584353071e-17,3.377124876866719e-15,3.953025525391007e-9,3.5876226400556146e-11,3.668716190724796e-5,7.431766634899333e-13,0.0027099813893197698,2.6729596116405086e-5,0.7564125402160364,0.16878198998327695,0.0006320122870747739,9.64522868199687e-6,0.03245533896937574,0.014727686331855743,0.0037424998543262424,0.0024922885173080498,1.621061444659012e-7,0.0001226727702385652,0.0020086823088755704,0.006180670314833945,5.682649819853018e-15,1.9737886205612836e-7,3.098468004448346e-24,7.486746702635681e-22,0.0031537128950034315,6.204423151812983e-23,2.850802345742554e-18,0.001626617941950149,1.6004118118545512e-14,0.0012480134212180599,0.00011415802910072908,4.003162668241505e-22,0.0006605156546181614,1.4249692702703133e-30,4.932421871707706e-18,1.279448977624825e-20,6.618942975244524e-32,0.001323730336892196,5.158781554201108e-29,0.00010892281466750853,1.6853380158830293e-82,7.242899253574945e-37,1.4347808163635764e-30,0.0009635774408453664,1.3547737235400574e-37,6.062497062254415e-25,7.38912702454332e-43,1.0738611403650999e-22,5.618673826969204e-19,4.6350383153667136e-20,7.333798572315277e-31,7.722196631931634e-19,7.940337830525267e-31,2.1408075446168423e-42,5.977940086184166e-18,2.1539817696200698e-69,3.212163029583249e-35,8.020056509206168e-38,6.671501349831552e-32,7.869084149051662e-61,3.1660501060232507e-78,1.55227684628159e-42,3.5681325527784774e-55,3.969430624306958e-37,3.6662519637505426e-73,1.8766302748047987e-41,2.9726309827767854e-87,1.95636617424849e-35,5.0426799898301805e-96,5.07164522112259e-92,4.7752732126262035e-124,8.976455047723203e-100,4.899532007409158e-137,1.347915420938575e-131,1.2640236604581588e-197,2.625459002285626e-215,7.37171600707725e-227,0.0,0.0,0.0,0.0
9.120795904316074e-56,2.5446714710679768e-90,0.0916255077979679,0.3841318130601308,0.1213298477505999,0.05953866429936053,0.08569515718272024,0.0825385247439219,0.09910769527837454,0.05359408436468501,2.372863039943632e-6,0.009421340876449271,8.755814473421453e-11,0.0012076905151900445,8.001594462478243e-11,7.2555040582944e-6,1.489327584567699e-9,3.1196179150293075e-5,7.949477977860147e-6,7.317245539692598e-8,0.0013127715804756017,1.514663599076371e-17,3.095467138684352e-23,4.1403292564742956e-41,0.0013105078069733994,4.557806249879195e-37,0.001671190857484017,0.0005541028934324194,9.585465195035547e-8,2.4270410203505178e-26,5.73624882263834e-26,5.988278272445651e-10,3.311551748253071e-36,7.918625218710075e-24,4.689107093810121e-36,2.2123292807700612e-28,1.2318890762977398e-33,1.8152454718882043e-6,1.386057121402802e-31,2.6375782117768762e-27,3.77425885642326e-45,3.2022670979772847e-22,0.002566558552160476,4.602078336677224e-67,0.0008153415126119073,1.7191950500417569e-18,5.342145460527998e-32,3.9045826845958794e-47,9.781211870468317e-66,8.09362441386316e-55,2.7349796885071905e-26,1.4741898754487118e-60,7.446147352599291e-57,6.944784160683726e-56,6.694413336810299e-73,5.07027752411586e-37,5.925231572487542e-56,1.086704612228765e-22,2.6157239191121384e-39,2.969854641908958e-45,0.000672860517079728,2.1492478764374098e-55,0.0013691998034181094,0.0008011746107722256,6.238540416033804e-38,8.510411864996943e-36,2.0562291466512346e-48,2.2205523250459372e-52,2.746858856057924e-53,6.055423446241119e-71,1.0176854562891349e-25,0.0006852054436568126,2.248309182036248e-79,5.614687804764684e-38,8.375524951568897e-67,4.464588336734834e-44,3.6589890768713926e-67,2.8859992957972684e-98,5.2006186740441436e-24,9.462723189785882e-111,4.693325755425865e-120,7.694977849027915e-148,5.256400892446223e-118,1.2687214665653819e-157,6.81010220047512e-122,1.5495814090805628e-151,7.759966143593265e-194,4.5014043302532326e-198,0.0,0.0,0.0,0.0
1.1321871755307541e-204,9.237206357457134e-234,1.5067940403094037e-57,5.389623203892848e-17,9.101493070315601e-36,2.278144750966067e-19,1.6670244707586342e-10,1.4002463622519727e-10,3.520709850811891e-13,2.2540173102442204e-14,1.3257295376636177e-8,2.4864851518168217e-7,1.3984925117253512e-6,1.5873390626109162e-5,0.0001935199575783576,0.00017518285076760469,5.634570307273333e-6,0.0035899789357403543,0.21807881299455015,0.35774683962475123,0.1749085835891094,0.040020836720763606,0.0317663953622118,0.00786192538851026,0.05490270738600389,0.026396052465968198,3.4835479291803336e-5,0.00012580076578819747,0.019317254072816814,0.0025557460504895615,0.0032112084117870456,0.004500355445537462,0.01112466435512711,5.753493033199007e-9,6.640308921851048e-5,0.002676280260387174,3.478998626394028e-9,4.4724257304073606e-11,0.003584156420763559,1.5987992521130524e-5,0.0148236455196282,0.001205221401653524,2.8282511761208746e-8,8.046989616884874e-8,6.721396465226762e-10,0.005596564416584291,3.3360956159921894e-8,2.834508384509878e-17,0.00831203617338329,1.551029054930357e-17,0.001925957046987921,1.2293270154689747e-34,6.419330679112432e-13,1.59744183476793e-13,3.793455432302966e-5,4.420746142184624e-11,1.9306079101709087e-7,2.4414467161571464e-12,0.005035535078626007,7.912175362316468e-6,0.0001780907685046475,6.140786671408246e-8,5.191350195489083e-17,2.8477213208173e-14,3.6388124291631735e-14,1.3271751839952042e-14,1.2382579495420908e-23,5.326272669209222e-24,6.424181006417314e-20,3.0060516802478897e-22,2.0084649257130014e-34,3.110859926039563e-33,7.833849266956812e-34,3.216726878508556e-22,1.5235923729909148e-24,1.0762768222716677e-41,5.870958234124265e-19,9.603106707342105e-29,1.8831533132315654e-30,7.572274964919345e-22,8.970466275929139e-52,2.1632025886376506e-51,3.860106303743189e-49,4.330667369701738e-72,3.4896962572983405e-69,5.917008258960888e-105,6.420365953478105e-92,2.2403461497744313e-93,0.0,0.0,0.0,0.0
3.4827789651808124e-200,1.2367691959523402e-196,6.443112862027173e-38,2.0345461715615203e-24,1.264373449817267e-35,1.4091020199364802e-19,6.700338066010237e-11,0.006752640184364609,0.009292720878875414,0.0019481708962350724,2.427350256870967e-8,0.0003412669158801099,3.3030871986901136e-5,1.7827514001207313e-5,0.007640202170151913,0.022612063457450142,0.029069498086689013,0.13653415869598662,0.3032606285355944,0.09398254642736459,0.14945286207540912,0.048387269400326505,0.03599839825300986,0.054818702356042893,0.010377965441814374,0.002250731185518958,0.00015120541955596634,0.00744814944360933,0.0008359876965739605,0.01016049701653188,2.4430050242549113e-6,0.007055684686922455,0.007483344996944812,0.0001410944667908928,0.018193781331792582,0.0001648542017231935,6.089105067271329e-11,8.006988153984157e-5,7.838830635299541e-8,5.533286791806728e-7,0.00036112942745893773,3.225337256040885e-8,0.011696500186258977,3.0672504835480196e-7,0.008222277392337468,1.350053796411889e-19,0.004919478446378038,0.0012594236753382733,1.283665677069092e-16,9.782925044494359e-8,7.964164499165874e-7,2.779872424726017e-30,0.003230059424840356,5.87456184416067e-16,2.3582865533372813e-15,1.0171097159379613e-10,8.693394833452627e-11,0.001316052805292292,1.222267804179402e-10,4.2998810960263077e-7,8.205965362178216e-8,0.00360828547516027,1.1600947272598514e-7,0.0008964391152050633,3.955196642618525e-12,1.0454003024775613e-17,4.2390709617920316e-27,4.081536705274546e-8,3.803681988983255e-18,6.463685911098495e-12,2.7352041051812016e-23,5.527753764468816e-39,2.6265116124294734e-23,2.034689986591169e-11,1.272064291653685e-12,8.653675825669355e-21,2.6868906442720965e-17,7.586278030734854e-39,2.0624728647265815e-23,9.296819176803184e-30,1.170771437672527e-45,6.32726768712539e-74,2.6534391698442757e-44,1.917232171893889e-76,8.561286135031915e-56,2.1892970897453948e-114,1.796178345040231e-119,2.2061570293641794e-122,0.0,0.0,0.0,0.0
7.213217217301487e-43,8.949744343858154e-192,5.53396304715599e-5,0.04599181779438887,0.07312586945437934,0.10192133067444183,0.2080988347563282,0.1372642071710893,0.10031264306151484,0.10721409913129087,0.07888464763331304,0.017966549795224482,0.029604127126475935,0.0009180987734259032,0.004350523773406647,0.007935987249290358,0.013368446405690695,0.005781345712373559,0.009633640388765801,0.003353308913491451,0.007606525368171376,0.007557663259821287,0.004101540269753005,1.1588833401376206e-20,0.0018056222647909537,0.0022399660534055616,0.0027373948976466937,0.004997361496231933,0.008834245609639645,0.001531856450846159,0.00714600015836583,7.385610256328614e-9,7.539202798848892e-17,7.293192130587576e-7,1.601801779876872e-24,2.191954825050356e-11,1.551533024277814e-23,6.642438547460823e-17,5.861506136415857e-24,2.780179585909182e-32,1.4475890449233172e-23,0.0011064189290133863,2.7552450172674327e-16,7.209031496163306e-39,7.203036845953989e-9,0.00013500485810539887,4.3386140830295164e-18,6.298633067896486e-35,0.00015137478698699873,1.262247378259111e-10,3.873518576765739e-21,9.136788700093016e-38,4.237115560455833e-31,3.2434279883627295e-48,2.1610366150766712e-41,0.0014080992714122459,4.815712507965031e-39,0.0013944726704052796,0.0014646127993447385,9.171714514016485e-15,1.0691889218442774e-15,2.2621553786599433e-23,2.6502734888750445e-7,2.9151750701519937e-16,1.0192919243759519e-13,1.3805000447789678e-13,3.407046524360495e-12,2.7619768769931436e-9,1.2399565136973099e-18,1.120494353907861e-29,9.882900478203766e-9,4.086243217440975e-32,4.701073646136164e-42,2.94431013059851e-18,2.717117256764012e-38,1.678808304534251e-9,2.4478129933873407e-35,5.412571504020398e-23,6.174304614851944e-32,9.736211781933563e-74,4.852886170486789e-78,9.499501208550059e-96,2.8157708735942925e-84,5.837147800918991e-93,1.0957096277336858e-87,1.3436738291090147e-108,1.4150164438219596e-126,1.30420727880226e-129,0.0,0.0,0.0,0.0
3.5921283655258983e-112,3.2425248238636944e-149,1.0452350386994935e-41,0.0010328022410463615,1.4815361599721405e-20,9.809690803572038e-23,4.851773356749247e-16,4.2466417243937497e-19,7.346672593115542e-23,3.0108455029625726e-14,0.01702761891820808,0.8578052223427957,0.05321111891426608,0.003544937201211212,0.009931859448904828,0.014394052277468218,0.0158703832713693,0.00538529151859601,0.0013240116033293077,9.760341847019372e-15,0.004197227883765537,5.077434219018141e-17,4.0846386947989964e-19,1.34602577377951e-11,2.983198005691015e-10,0.0026301231587703986,0.0011179678061022903,1.7194707304452242e-25,0.0029885370701463357,1.3048450007747921e-11,0.000959994854297978,0.0024866170255197985,5.535340209380184e-6,0.0016475892612257455,1.1982664522250487e-35,1.299630392472372e-19,7.029858871142926e-27,0.0008369926014098344,6.616717979074173e-22,3.04334158921442e-42,0.00011172674531712255,1.7198384849525518e-15,2.5198302484120913e-30,3.3166379652773466e-29,0.0008871283271104626,1.2844304619119918e-33,6.865626720724895e-36,1.0131010485273388e-38,0.00010156109580284736,6.541728596526516e-32,3.887131400739443e-48,4.8834685852246876e-43,6.024623496649804e-53,2.1468191819960186e-54,5.209128733482425e-83,2.1408526118819663e-46,2.3585553792251457e-60,4.967562233375599e-49,1.350823744791389e-11,2.6933438100224586e-8,6.35913507182265e-20,1.3119882731531585e-51,0.0008593813038268235,1.8765629825335073e-31,1.4127106083651887e-36,9.037391332815521e-42,2.046777811827505e-52,0.0008229091862172938,0.0008193833206321611,2.762830326305355e-31,2.8814099795921363e-36,1.3354031571852413e-53,9.033603363114276e-62,7.362242826401468e-40,1.1146584865563094e-53,2.9766055443049724e-69,3.5515922183258865e-44,2.777599097649611e-49,1.0633874756764535e-11,2.081195618897017e-77,2.369680696177864e-93,4.738837800180121e-103,8.27872015973667e-112,1.2664554504550545e-123,1.3932499257166957e-111,3.780993960819837e-138,1.1371487391800097e-145,4.9451085492324285e-149,0.0,0.0,0.0,0.0
1.8439532853156636e-222,6.071495635697209e-137,4.377391866653788e-78,7.102583366778225e-26,6.736305295606743e-55,5.1916649942676175e-31,8.701145701075933e-7,3.519668985097541e-27,3.576683065720872e-14,1.5571162501580758e-9,6.754424737614786e-6,0.00033219667803708236,1.162613307983985e-6,2.0931710361896672e-11,0.0035325050269668307,0.001959559813758115,3.4012003229367147e-7,1.3980632467199967e-5,1.1506640378030042e-5,0.0030384560849462845,0.010314725701213024,0.0017386841277605301,0.0027898546115255485,0.009802143331144687,0.05126372470109394,0.05919350141895341,0.12296583174908012,0.1077442926773329,0.12949761283081587,0.1256129597407608,0.12458727576700379,0.07262557989147946,0.052440445423965955,0.04276637872299111,0.025022015168951205,0.011635322778123462,0.005410544317064729,0.006862700854782471,0.0063782604399420725,0.0005580241943555312,0.003239966013542069,0.0015746594167074298,0.0037612185602677174,0.0010013237458881168,0.003454732534721836,4.303260850644582e-5,2.0831705134482763e-5,0.0003590108007338277,5.37278969942881e-10,2.442396153730423e-8,4.416628451901035e-5,0.0001714733948738994,7.849417648885508e-6,0.00036622002499203335,0.0026455715150953455,0.0013243986096650629,3.0331415113415073e-6,2.180454183514736e-9,0.00022492305270926694,1.458626601899236e-9,0.002459742781955611,0.0011080714229175495,4.860814924519999e-5,1.0993235744464145e-11,3.392466640098262e-5,2.349754207644249e-12,3.2004167752918707e-23,1.5842975600793528e-24,4.1640995478747223e-11,1.0373562969357866e-17,8.31798067195124e-28,3.532983109938887e-22,9.266464413334225e-17,1.0188119449972434e-9,7.299116265581685e-18,6.179080428654572e-24,3.9157160897142914e-14,7.4816741038717675e-25,6.939854207907491e-16,3.031809237114272e-10,1.889907885253925e-39,9.757726562865817e-36,4.38508178427558e-26,1.857197421589227e-55,3.374122863609454e-50,1.9701015673962319e-75,1.9327405791522144e-68,1.908209693281182e-75,0.0,0.0,0.0,0.0
1.3751043972450206e-212,4.354689249796602e-206,5.923453772787529e-57,9.432595363195581e-28,2.1360993945719183e-26,6.964826911674506e-36,0.0002597576369693737,2.08264465792421e-11,0.0015392041634400035,2.3895901043584443e-9,0.004500385954236054,0.011680969273180698,0.003433908988559576,0.0056622059580373986,0.02309483612790543,0.013754465103012972,0.004178736747169324,0.05101970720894664,0.07102491196623849,0.07506187283801433,0.042831608268137845,0.03310998130736249,0.08183221342162297,0.0705111807560341,0.023437676211967663,0.06924544835736515,0.04724567278554576,0.043099758332628774,0.05896838602813364,8.458253370174325e-5,0.022377762498591365,0.04390034030657479,0.023715755256663792,0.012007367252041514,0.02882821806183223,0.01370441501693065,9.354593514353962e-9,9.911297931978056e-7,3.7088513478504164e-11,0.0038965657210076605,5.907517437077335e-5,1.3895996565594937e-5,0.014194947024346474,1.962981076336202e-9,0.01823194329182459,9.40973188152494e-19,2.9973688181658288e-6,1.5840601069807244e-10,9.787283562889884e-12,0.00012328964097019958,0.004448670914372023,3.407229358056296e-13,0.012177949141264223,0.008200648303558116,1.5193738831454823e-8,3.271532050999442e-14,4.714143656676717e-14,0.0016899848027156176,1.596795891664416e-13,0.011237174545042925,0.0023072204840125132,4.701973278606588e-9,0.00010907399211584226,0.020040478229640123,1.2167199410348125e-11,0.0013589107986317313,5.402549682835422e-5,1.0196813662788083e-5,0.005695817055690901,1.729500700294967e-10,0.0001565897991672718,1.0094981845714784e-9,3.1025505537503173e-8,0.0001927218280909519,0.004472269374754243,6.341413597149829e-20,0.0015738434366690379,2.6224664420786452e-12,0.009639325222932659,6.845842237413696e-31,8.80118844005501e-24,1.0775214043204325e-66,2.778501762432962e-16,5.784583784239226e-27,3.7944348260857355e-21,6.916329618494251e-82,9.163137463607116e-92,1.09151200003786e-106,0.0,0.0,0.0,0.0
4.966739464268434e-134,1.7294613940084664e-109,4.813040845545448e-26,1.4875378005149228e-20,0.00038163152127301803,1.9198607669634499e-7,0.003564236622165482,0.00012579215402922395,2.1586749110188065e-5,0.0004040834046142574,0.0008212599461189237,0.0018627376886392465,0.04451586553116092,0.005080097757866248,0.019802495253354566,0.08771488144629692,0.11960841412055889,0.07370097425786715,0.12428091975269526,0.05863433005779978,0.06641008363501107,0.048079941870856895,0.0003327698379267734,0.040939569889060695,0.017293930228458876,0.037069350298384936,0.05831625724872225,0.026584956117496103,0.032123442297534624,0.00025193139729472945,0.007219821796014067,0.0004291687523928536,0.005326295649200807,0.007759226691723827,0.02373581392940943,0.009802566247686518,1.0488010226447852e-5,0.0036652735201881427,0.025795636571319832,0.016351460934334483,0.005766212193350337,2.1058391284556948e-10,1.5780023229598763e-13,1.4383694367258216e-6,0.0016378340415853416,0.0033784923663948375,1.110205445396338e-13,8.55455816253392e-15,0.00025103635912740305,1.871530800565477e-11,6.247255565418731e-8,2.059897845650898e-17,1.5650683275387504e-16,1.8584689676442638e-19,2.1160413469880706e-20,6.342666487441157e-10,0.006045736232168439,3.603403965315765e-5,2.1888097425130787e-13,1.6374722248161993e-10,6.658880868805525e-6,5.1979464339466896e-11,6.188666856825979e-9,1.9530216082556494e-10,0.003117328844585904,0.0029290507052821264,5.487293735685802e-9,5.5039276568635876e-15,0.00010804735171459833,4.077267900195111e-8,1.1132501286828455e-13,1.439816666292691e-12,1.0479630080195674e-21,0.007046868114168259,7.17471754401773e-11,9.081731397041961e-18,4.90200830439518e-6,6.348817790767433e-10,1.1373710773958204e-16,0.0016527604160175915,6.418257151838656e-38,3.2291105390358503e-37,2.2922415916390464e-41,4.396384516544897e-58,4.314803818700633e-59,3.5477153619234766e-77,5.691451135647028e-77,3.076720738379574e-79,0.0,0.0,0.0,0.0
6.375272780517975e-142,1.6329973990652571e-187,8.816110645342503e-64,2.401837617762019e-24,9.981352365388992e-29,2.583426104521599e-17,2.872229711951809e-21,1.439920758928666e-17,1.6799615141465098e-28,0.002135662231196006,0.98910194734837,0.0006264428199336915,0.0022911359357650203,4.2486836440336266e-7,0.002830916031454613,0.0003455954574588686,0.0016211666182428949,1.3086378080915845e-7,7.599587772324995e-5,2.0338356879775504e-6,0.0001450816886149446,3.162108704636254e-26,0.0002757592437239331,5.144870476369543e-46,8.826645026272344e-5,2.3212461033768895e-63,1.7801275059046593e-30,0.0002863444398363249,0.00017307494876705665,1.537963942690371e-39,1.5412170140358045e-48,4.012860134414245e-11,3.3502063828566983e-44,1.3283140063668356e-61,3.5257322190674143e-68,8.222388251961609e-43,8.847515206556845e-34,3.2737519137438636e-73,1.8285819072818087e-72,1.7967004922436067e-64,1.5618703171173661e-26,3.3145079015022247e-19,3.1488679565376435e-35,5.276215696868816e-100,2.1240946790315187e-30,1.0145855073055245e-34,2.6772400253969092e-84,1.1977445718666353e-52,1.0285187357726137e-78,1.4413232142447489e-55,4.5283421501792265e-69,1.0026667201620191e-8,1.9738368541742727e-99,4.788075216569507e-14,1.9636081435379262e-121,1.1059002605956333e-79,4.127745961158102e-92,2.047635209536873e-96,4.4980801127580337e-26,3.929416375236836e-101,1.930568927294685e-93,5.302880459413489e-118,9.53779487493902e-29,1.4009122515412152e-61,9.791498094629279e-108,1.127397371405265e-8,1.4548123782304029e-109,6.041403951567944e-69,1.0482205858934146e-120,9.143616572897212e-77,3.419424340955344e-36,1.0063749464947682e-104,2.9357608279964717e-134,1.7012474030746937e-66,2.1823919069396698e-119,2.0644011497349906e-101,1.7042821268828033e-127,5.66349850728188e-144,1.254387221816604e-83,1.2922104002884057e-173,3.494562792507286e-187,4.898965532535159e-189,1.345036373234299e-191,6.883950975213402e-228,9.934945114765383e-240,3.068224438874598e-272,4.43357888007382e-285,3.365474941815807e-277,0.0,0.0,0.0,0.0
3.8473548330847187e-177,0.006004748191390369,4.4553913282372587e-69,1.659524280052363e-56,4.178413747182287e-76,2.990301321551625e-55,1.1087916082951175e-38,2.6420516791375418e-39,2.8506363933414452e-36,1.1769862784221647e-26,0.011692016394610249,1.610362248964274e-32,2.5577369203791584e-14,3.257555786265821e-15,1.6595646529826682e-23,4.367716893824866e-8,3.214321175372413e-17,0.688778585346246,0.20348561012962701,0.013796704410907596,0.0005847616438600233,4.862727756006416e-7,0.017022546773818613,2.4400428526350858e-6,0.036556102036434154,0.013204918836878741,1.3809383354776165e-18,3.832833698187318e-15,1.3882810271911597e-32,2.326384765957927e-8,2.0362891162133422e-14,2.718606274914727e-29,8.312982955320479e-22,3.457682624534979e-22,6.053742624553755e-29,6.089393111809248e-14,2.942998703921335e-38,2.7851147310899573e-27,8.048498237919217e-44,6.136669613936532e-38,1.6494742077641698e-15,0.008263428462511966,1.7963108758904523e-40,1.144941846730638e-37,1.622945715134731e-38,8.921567632828435e-43,2.5630977520274205e-46,9.595433492986856e-17,4.197482494803122e-47,8.123823347946627e-53,9.989154466132483e-10,3.681315502342076e-63,1.8239465633585318e-7,1.5596341472901297e-45,2.567074294259618e-51,2.6773820293347968e-50,2.728718476061889e-27,6.371609070047818e-53,2.588842503666587e-29,0.0006074008862205922,9.137200020220988e-14,1.659667112603326e-19,7.335816216817148e-29,2.3707111651659253e-10,5.033300603771321e-40,4.015083244708986e-47,1.3983672793560171e-68,2.084940892083234e-55,2.6518225297623314e-57,3.0343855303889813e-51,1.2143935505805627e-68,5.758880712475867e-74,4.790412522244937e-67,7.70530538957013e-49,1.174601465307464e-55,6.948166256204301e-73,1.0147464325063741e-57,4.3328713524856735e-42,8.530155788630558e-29,8.991260674180796e-79,3.417350729365268e-94,2.534528297270775e-98,4.09980966522612e-80,4.2530561484727305e-136,1.845089336151419e-130,7.404187555351434e-177,1.0911483078083296e-172,1.6010034802153614e-192,0.0,0.0,0.0,0.0
1.3166977610791354e-220,2.3150773893038378e-215,7.913045900016106e-82,0.0003803570936029558,4.930400464757955e-33,1.1632414081957817e-19,8.858178880102824e-24,0.00047163093328545067,8.924760978371333e-39,2.2129673759372056e-5,0.0018320849412328288,1.3288218430868526e-14,3.9925963536935755e-10,0.0015549030590778362,0.0013744702860174047,1.5148114673749113e-7,0.00095432217850743,0.0007590086507734264,1.218564216935527e-6,8.501318704272603e-9,0.0005472509362743735,0.0019834728440848983,0.0004160849142805341,0.002579181554307724,0.0049063385952408944,0.0006327372694795207,0.0017627473125680043,0.0002553807109843515,0.0023770729626673326,7.949411084178907e-5,0.0021373870719537634,0.0019695386964182723,0.0037570456957163887,0.003939680468632334,0.004060395011491084,0.00633951489698518,0.003847246420380243,0.004140833378281889,0.003481970051574959,0.0020011704981838106,0.008273936642950022,0.0073898208023735375,0.00017846835944388746,0.01229651781269154,0.011265729282726488,0.012493345028583708,0.010456173386357308,0.005026453691948445,0.018353972480212796,0.018872781562466138,0.023281780280215665,0.020625057508430238,0.02263608503006388,0.013762374044050086,0.01724277220513615,0.015208296233989185,0.010985371170926482,0.01544284151929453,0.05334071712974167,0.053558348346265265,0.050862723015801505,0.033164054364653715,0.03611857421941058,0.026268820083679065,0.024365880651873804,0.028032091080792933,0.024114874848799397,0.018408253769378338,0.026552830440685925,0.029250418004023834,0.03390525676107587,0.03600509023614859,0.03555370834556279,0.026539375965240766,0.025526561901848432,0.019629228796710457,0.021302341403690066,0.02208288285899366,0.012950403945569655,0.015945191622263318,0.016766633390168623,0.004498365055898897,0.0102235569452247,0.005316249611516879,0.0036804805002809164,0.0016357691112359625,0.0008178845556179814,0.0012268268334269718,0.0,0.0,0.0,0.0
1.2607834050396336e-263,3.34049659e-315,5.054750949624154e-76,5.878825779174847e-34,6.309923306443057e-67,6.230058975806565e-35,4.045137316255344e-36,5.9980221630345915e-21,2.007444890911069e-14,9.715649007023973e-30,1.2783954628936899e-11,2.5207718299959616e-17,1.205330372091723e-15,2.3096671950293827e-7,1.323809382302781e-8,9.305186110715008e-8,3.520425085780773e-11,3.121244163320217e-5,0.13037209616096468,0.7542132612360369,0.0007041442397580881,0.021406143180938628,0.011839562074087458,0.054574705678309236,0.024130489769193457,4.688492043016368e-5,3.879885040147412e-5,6.334287984152393e-13,4.508512981703682e-7,1.7732344265668187e-12,0.00032657550110740157,9.143046797803332e-15,1.0754739162926107e-10,1.1770154297324848e-30,5.1484141940018755e-6,0.0019039829776998558,1.9290715940391808e-22,3.517697582586152e-17,9.820493074168919e-12,1.0005966517696182e-28,1.744246185737216e-10,6.759688649860134e-5,7.629691836212863e-20,8.842423104997348e-20,2.2073537950616797e-26,3.5537334184244996e-16,1.1005207289565396e-15,7.88653065020085e-27,6.3381885406094064e-9,6.871463928917039e-25,5.010234953931176e-16,6.397800647226826e-82,6.658403988474354e-36,5.0761575582710756e-23,8.26386514834586e-11,7.776249551048943e-38,3.2732947973349924e-29,1.471522302195084e-38,0.0003385086992990348,2.5869817378687404e-14,1.8796411663204646e-11,1.8651168419134418e-21,1.5429436348453608e-24,2.4085164032911637e-11,5.340750419074718e-42,9.405552090926166e-8,2.249663442419666e-66,1.1504564860134568e-37,7.017581049006138e-44,1.0380332908987488e-33,2.031304158400611e-57,7.269856200510445e-82,1.211638518120732e-34,1.7836047126771445e-48,4.686031193243333e-44,1.9874475402879932e-91,3.5291218968820104e-49,1.8407600040245984e-86,4.934284357527741e-52,2.68151396492723e-81,2.9982523028063664e-99,3.337515542741658e-130,7.018889074644099e-100,7.247809753536405e-163,1.9338308852209183e-151,7.105077577735889e-262,1.0511022466166786e-222,8.269936166972796e-244,0.0,0.0,0.0,0.0
2.5321823751704867e-132,3.962253853138938e-195,6.385928961114129e-38,4.4871673189873855e-7,2.33604822031412e-22,2.6451936335630686e-29,6.6099816355412775e-22,1.3001753608276206e-7,0.0004280297483238264,1.5283542055791816e-12,0.00037774665100092443,0.0006769549175966758,0.12002403241277024,0.0443628304168089,0.1081157803204435,0.07730876101056716,0.13567842713519043,0.10452970808587904,0.17212801321978563,0.09056369312994499,0.03270305662451527,0.016466052039028536,0.019315489139490757,0.03005354760201809,0.00018492790943807534,0.0026916710903764486,2.135113686762514e-5,0.004363508913216551,4.261620218200222e-6,0.00869582463265429,2.4348155743080665e-5,0.00021698013380407367,8.53428734644018e-5,6.958173338412274e-12,1.0341694882686949e-11,0.00016496836001957205,0.011904864616307924,1.1124862505356243e-16,2.8801148180325935e-8,2.162444286260976e-14,2.300955669262323e-6,0.0014039164813855758,2.2067421798099046e-12,5.930235336056266e-14,0.005080408778998092,0.006170259796488172,9.434476365354108e-11,0.005597101630557789,6.369752079859078e-24,1.0464144555365335e-15,4.982113629490831e-10,2.5211790909817416e-50,2.966094336644797e-14,2.204135384972064e-19,3.0722320654474793e-9,6.082417514080657e-20,1.4542775515954697e-15,3.49727389547785e-17,1.6028929597508434e-12,0.0002967455715206635,1.2973869092294415e-19,1.3826300566884205e-22,2.8807048119174985e-17,7.852712199864998e-15,6.041463695629907e-23,3.5325342458387165e-25,1.4855594636941429e-34,8.663414578742065e-31,1.4968052165089874e-30,1.2655918336237312e-15,1.8460260819464672e-25,1.3973459189293414e-57,1.7834334548866004e-33,0.0003584836669416802,4.3917991905361046e-29,1.3591570743070982e-43,9.6922103347281e-35,1.1853509183146058e-56,9.884425066122538e-43,7.09867320658849e-44,6.624111266309962e-74,1.8627444375465216e-90,4.2343872583553514e-79,1.0230321728562715e-106,1.0144668483888998e-100,2.699423793724491e-140,1.0547334358428439e-136,2.693607714383945e-154,0.0,0.0,0.0,0.0
7.741987630262821e-204,1.8194172947292068e-215,2.3872467651861682e-31,4.426586730466261e-18,3.877818087036685e-22,4.585387521299692e-21,2.61376635355718e-13,2.987529576129909e-8,0.00022564749348547773,7.68618187778606e-7,0.05549892135273792,0.14416831529225196,0.1416448484602662,0.18062721741314158,0.13956172840874143,0.10270340781636302,0.13470161569885625,0.07311525965102893,0.0004347927732393276,1.4513620467749363e-8,1.0776485081231925e-7,0.0033313232545190046,0.014555511324957065,1.8490789200658503e-5,0.003313747232225235,2.4851836204370146e-6,2.3904050301876267e-17,4.707977755372781e-10,9.58784468347484e-8,1.0421267737819837e-12,7.618534270958878e-11,1.3188094140953857e-6,7.77050554620217e-15,5.716800039774431e-16,0.002577088907281393,8.25030865891112e-5,7.893303532789467e-11,3.263690941086348e-22,0.0032530755164624555,1.8644345762386502e-15,9.646010432592955e-11,2.0777795828813367e-12,3.1905429766468664e-19,1.9417516850298294e-28,7.039868658017979e-8,1.1782243168331378e-18,4.2054729424637977e-26,2.1704111771143417e-14,9.420757466012942e-24,1.7517658329358066e-21,0.00018161376072527407,6.146743934866303e-47,1.5778095955900761e-24,1.2790563449732559e-30,1.4135470655027748e-36,2.3880261854736114e-39,1.5458503544380323e-32,1.8563861585328255e-32,4.338095756204861e-20,3.0750421713724085e-20,1.7562441189548262e-36,5.093636427169066e-41,1.5351297373317202e-14,9.967916097209833e-17,1.2824229297384357e-44,1.2852717833880755e-23,1.2261751103383639e-43,4.9618574200512695e-26,1.725730592754842e-44,1.1857736035091132e-30,1.609308997773739e-17,1.6189015369512085e-49,1.8309679074472416e-42,1.69661120067766e-24,1.9023130274080276e-31,3.8836503800456e-42,1.2495719105412264e-45,3.365598261810605e-55,2.5009999766833655e-38,3.990888129809195e-86,3.203877979541675e-89,6.539725247128214e-97,8.843732389736988e-89,1.3166277294090349e-101,3.259255405730229e-101,5.465689954314405e-125,1.6961687879489615e-132,5.288457088087351e-134,0.0,0.0,0.0,0.0
5.49862429992209e-263,0.00301745498755016,5.206487063638465e-48,2.0000207306145612e-83,2.8552302366126684e-57,3.2183740072217805e-40,1.1097252831104067e-38,1.1701036177761463e-29,1.0240833769375525e-29,2.687301117039508e-26,2.0969941627673974e-9,8.467340872065358e-16,4.546104441438474e-8,2.763171901542743e-18,0.002860920875363516,5.921086982899875e-6,2.450186266478798e-5,0.8514802759624344,0.09038019340589501,4.613804019255136e-9,0.015286903098601529,0.010621786180230484,1.8726422832308159e-6,0.017311245034454335,1.4172750309611126e-5,1.1980019590313835e-13,4.013815361404814e-8,0.004461030159634981,1.5145788303577033e-19,4.1158709653877833e-7,1.3787622164743376e-27,7.392433182210836e-30,5.85404071231446e-17,4.945400931354694e-29,1.1514137842230721e-24,2.2542964991624303e-26,1.2548747423455087e-52,9.158852635013292e-17,3.281520963340207e-54,1.638437046755213e-30,3.0307330096417144e-30,1.6786329834526561e-15,4.287590284205022e-42,1.2041124002034242e-67,1.6420854112078933e-39,7.186247586534012e-42,4.969521190533482e-46,2.565967246459584e-32,7.585596749974949e-40,1.9911847090258945e-76,0.0019266176721732652,1.2382590977932e-97,3.717443381810515e-43,7.865021556492339e-57,5.612446279917834e-74,1.0510664947124065e-68,7.767682051205824e-6,3.7459695673057545e-30,2.3483560223161045e-38,0.00256591970244968,8.315258144197627e-40,1.266659634958276e-39,3.947223180879061e-19,1.8189621515813905e-16,1.0532361626148674e-32,6.125199426209016e-70,3.059492685479519e-98,1.5312739545823356e-52,4.861460809850484e-69,4.2811642504445404e-73,1.0923746697697662e-83,3.0949379010002317e-86,8.211447791452597e-77,1.115634583616645e-65,3.849113534595608e-69,1.9333056453014032e-98,1.117760366642717e-87,1.3568800652032131e-65,3.291299970546062e-5,3.230305599571218e-126,1.6174175472644075e-122,7.664997489135422e-106,1.870480074508443e-79,1.5145844051212128e-187,3.553411431040993e-181,2.233361907583661e-259,2.9148457554254585e-303,3.1817998310420943e-279,0.0,0.0,0.0,0.0
0.0,8.45602656068108e-273,1.7667070526069413e-96,2.4576046640721242e-76,5.53143645540237e-96,2.056221351037003e-56,1.5227219762551653e-25,7.405272251346835e-57,3.6220209202900273e-54,1.0885598417560221e-42,7.945547626007475e-26,1.154891813495388e-21,3.801216376716434e-19,9.534296104682939e-26,5.847162056348685e-22,4.841776288537145e-21,7.145377155136255e-23,0.0012969691523811242,0.917651046638185,0.02013717109478875,7.272273966592427e-7,0.006543057019761537,0.03890981325679147,0.006757797287901513,0.003483555279047858,1.8696763508334004e-6,0.0017124221283358583,1.5179899614690394e-5,5.0499580216111466e-33,2.286801906207562e-16,0.0007140180696192705,5.937954860577734e-28,1.679824038273779e-16,2.441141112805878e-61,7.490336577193979e-5,1.4195881475888515e-20,1.8872502277175717e-43,6.895072489493794e-39,5.396877759040682e-32,1.9465963393178643e-42,3.977163327093949e-34,0.0011291350295421698,0.0005582844776271917,4.559908513746734e-56,1.5057221248647471e-58,2.719543582599875e-29,3.538790461490817e-12,5.980102566049424e-20,6.880147140647565e-21,4.95990019214608e-69,2.026584535893032e-37,9.371638036564166e-100,0.001009706083063662,5.773545872555258e-46,4.955374171400453e-16,2.6732725577977877e-79,1.599385948320755e-70,2.3023619860760118e-80,4.524429902574071e-16,3.8279522356588244e-30,1.636953680695401e-36,4.344310280514489e-6,3.591966926397981e-57,2.6187644938993137e-43,9.76084912577006e-78,2.5329361062127167e-36,4.7501360005538985e-92,1.1808669898539823e-62,1.6624516822139324e-84,2.2192544487825476e-77,3.753315968776219e-96,1.854338934826636e-98,5.597196165411626e-82,4.5294086587194274e-65,9.017709826902371e-74,9.580941280300667e-101,5.374068947729621e-75,1.0529848092622048e-105,7.980391423002579e-72,1.6381669058787502e-113,1.581423366271564e-122,2.9175525051556025e-174,1.5501794184451254e-100,6.238964764805214e-169,4.1592882858184906e-117,1.768453249173627e-231,1.744107083848144e-218,2.4242678927149814e-237,0.0,0.0,0.0,0.0
3.0479457472467204e-176,2.3900358460099118e-163,1.1520802476276706e-22,4.200409580502097e-24,0.00030820996717813136,6.671447695531473e-43,2.4812630379534843e-16,7.441168107853193e-25,0.0005320248786146157,0.8744481703590687,0.06730036646037675,0.0022855906407096846,0.0014487652229827164,0.008054391833284647,0.025745345971651446,0.013248205306665206,0.0007012432789695396,0.0004762982557897657,0.0012172262316293304,0.000856339482191111,4.227262507376314e-11,0.0006084388933896297,6.547786510927625e-33,8.09053553796384e-43,0.0013203021209115442,1.1891328819860664e-71,1.3285427504146473e-63,0.0006841395895596247,5.4559856578329865e-39,1.872834525273761e-69,0.00035131842935388604,2.34926786736457e-15,1.6843406745246975e-62,9.098792669505389e-39,3.330599892780649e-22,7.966243273784745e-65,1.4312721948807378e-64,1.4487462652970361e-37,1.723291351942553e-22,7.49891181148509e-13,1.0396550323106615e-76,0.0004136230346486357,1.0168168031261714e-57,1.0530532768236518e-113,6.865189481433498e-60,2.0378810202939703e-80,2.4238046836190997e-99,1.2582783767330204e-70,3.654672058717719e-98,2.1915854102024116e-85,3.738305427593998e-84,1.4230037327241053e-124,3.559946490926824e-83,2.318983629657921e-76,5.526596445640328e-128,3.586142720970858e-77,2.152635613991949e-88,8.528365788729741e-75,5.677217880003919e-89,5.217187799210455e-53,1.6905308226237285e-40,1.999913732834204e-112,3.005770997638385e-54,8.998003157860184e-81,2.277789075061476e-102,1.2162781894344386e-56,1.885130963234873e-125,1.192726669058759e-90,1.5822807978933462e-122,3.283024323014582e-113,6.495700445510932e-57,1.193383269529941e-81,1.2887804402839086e-118,2.6478996437916103e-74,3.862345718910122e-92,6.949155210556013e-94,2.222633524756643e-115,1.7948161102018187e-136,4.191651826681352e-67,1.4332619503538514e-173,1.3375758721785204e-169,5.340269592944089e-234,4.954427134899758e-149,5.546456544042589e-230,1.303693665624094e-210,4.799906774423747e-230,1.0975234913e-314,0.0,0.0,0.0,0.0,0.0
7.22315356187946e-167,7.488524889395521e-107,1.3804440322445314e-24,8.963625712349066e-37,2.1104973466971917e-24,1.9920813865626658e-14,2.653640628121451e-7,2.175887647186575e-14,5.876684363688289e-10,1.861009357588755e-5,0.10531806238544214,0.13252423219230858,0.13948773562476013,0.16227052794668778,0.11287564814007872,0.09973921035438821,0.13598179078329528,0.08457934754870165,5.465726093878838e-5,0.004790348687678904,0.0008743254931294428,1.607586495055398e-5,0.0025733205148334,0.00020066566832092894,0.002139551341781275,3.344497368928952e-24,0.0018024898365062226,4.394186963378929e-6,0.007869559622714776,2.651102986889856e-7,0.0024562102338955586,8.879623876123234e-27,6.269163438469017e-7,8.10107752282619e-26,9.198223526470275e-30,1.4723488054471104e-19,3.0587509278884186e-20,2.1225737786674143e-10,1.094556112577444e-24,0.0027662055341249503,1.0358268173008701e-38,9.941252851286702e-35,1.8120929574186684e-44,1.0842144894372431e-47,2.0329126624712704e-30,3.8868785701989716e-28,1.4529645189886356e-38,1.4189698182747632e-27,3.615101815263566e-39,3.7978031095229546e-25,7.916933330066693e-39,2.0158362982150945e-69,1.1812533990834843e-63,8.107993171006144e-63,6.376488880918304e-85,1.854404623438154e-71,2.933281701926669e-43,0.0009240628570052788,6.554355920162356e-54,1.267826707699017e-32,1.0767543831683633e-49,9.408818443741328e-43,0.0007318093076945672,1.5344905085654725e-33,1.9971992788102908e-60,2.2786821056193125e-55,2.871501411637174e-47,1.2888545932391803e-47,2.3942738185936406e-69,6.646213467496799e-68,4.459690067076063e-62,1.623968068909131e-75,5.068730031110004e-81,8.96831668804343e-47,9.645862869786138e-58,1.0289216894289585e-91,1.5721774407239225e-66,1.4796694994935048e-87,3.2955084957036914e-10,2.339001812488224e-94,1.1269274970150396e-99,3.783767328930118e-128,3.9139304046544e-103,4.676321865234744e-146,3.6780034557398587e-128,2.7763637291578752e-202,2.71883123389126e-202,1.6087629146968266e-198,0.0,0.0,0.0,0.0
1.0,0.0,0.0,0.0,0.0,0.0,0.0,0.0,0.0,0.0,0.0,0.0,0.0,0.0,0.0,0.0,0.0,0.0,0.0,0.0,0.0,0.0,0.0,0.0,0.0,0.0,0.0,0.0,0.0,0.0
170,210,2700,240,160,630,340,480,3000,5400,290,180,320,360,280,620,5700,700,2300,550,2000,650,640,3900,230,2500,560,3300,680,1050,2100,670,220,200,800,260,330,190,950,1100,600,5100,390,1800,1700,610,540,1300,80,490,1500,460,430,580,310,350,1150,4500,1000,140,440,510,400,470,1400,1600,690,300,850,900,4200,370,520,450,270,750,500,660,590,570,420,2400,380,150,1900,2200,1200,250,410,130,3600,530
950:64,550:44,220:11,1900:76,700:59,1100:67,660:55,650:54,510:40,320:21,470:36,420:31,210:10,530:42,2300:80,1300:70,460:35,2700:83,1700:74,5700:92,640:53,150:4,1500:72,630:52,430:32,410:30,590:48,850:62,300:19,1050:66,1200:69,2500:82,130:2,750:60,310:20,1150:68,280:17,680:57,240:13,140:3,200:9,230:12,290:18,370:26,5100:90,180:7,2200:79,160:5,340:23,450:34,4200:88,2000:77,690:58,390:28,380:27,670:56,900:63,2400:81,3900:87,600:49,580:47,350:24,170:6,5400:91,440:33,1600:73,250:14,3300:85,540:43,360:25,260:15,570:46,560:45,610:50,3000:84,3600:86,1000:65,190:8,520:41,80:1,270:16,800:61,500:39,620:51,1800:75,490:38,400:29,480:37,1400:71,4500:89,330:22,2100:78
