25
0.7298784322000661,5.688756437802951e-8,0.00577568172162804,2.52097345814618e-32,0.06730988136947501,3.9552197994275495e-33,5.5381594449432174e-21,1.5562932409375518e-18,0.0028071901553360116,0.07841323537748869,8.688098378364176e-56,5.420254191056302e-19,9.670828021937807e-14,3.907294276503625e-6,6.622823606446324e-35,9.837221310588045e-25,0.1111299327912164,0.004681657027530905,8.295649673754142e-38,1.7342026587496423e-17,6.375884889671405e-12,1.2159824663277203e-20,2.8502232319195814e-28,2.5168945580252325e-8,2.7884002628191796e-45
0.002617109930450079,0.017587443363222665,0.01623095928888327,0.0019678318184707935,0.0038553571072904498,0.0023836011668937093,0.011450766384980684,0.00453975946830236,0.05559916198726669,1.2126013225217739e-11,0.00046691268219217,0.09285935616553316,8.545975902777767e-9,1.5591780068374526e-5,0.022726296762373303,1.4573687041409934e-9,0.699372059161449,1.1945452934858844e-8,0.0004098367082689724,0.0018047174505336787,0.028786876686319927,0.01883466933600457,0.016876088079176833,1.0961342840936253e-6,0.0016144865771117675
1.8578131638003582e-37,0.05851633020131557,0.008552094808384866,9.794497412573465e-5,1.614486068150938e-26,1.6726555041735435e-6,8.767925626721999e-7,0.01180141763175982,0.001825863603698003,0.005512287037674239,0.000329434180893359,0.00035916802574260454,0.0009539889103669283,0.006348422034982599,0.6186351666159823,0.00031534631860422285,0.0001462620031301122,1.6192740294306727e-19,4.482375137016532e-6,0.009943614473452472,0.0005260082215652952,0.0013067633210861625,0.2581939720698421,0.010631835948116905,0.005997047796072787
6.545979322371321e-25,4.703434400238972e-7,0.0895878844314523,0.5931225166939822,2.0745449002188914e-30,0.0002777106527839063,9.324202551739464e-16,1.0698473228165979e-5,7.937426856474824e-6,0.0046889050265403005,0.013847334523426203,8.170234574435024e-6,0.004745447777775745,6.665794448993115e-5,0.22461373131236925,4.474826181714364e-13,2.660316809511074e-9,9.784139950479016e-31,0.00013292422419890345,5.76714600148665e-5,0.0001036931377933069,3.368063376243753e-5,0.06077111206790601,4.044823283883311e-5,0.00788300274180143
7.352281964456644e-7,0.010351311793824066,1.7375876995005285e-39,1.5465616262803116e-19,0.560015328177517,0.012216132055869768,0.007229402806979675,6.465187879656629e-28,0.07394741015432958,1.4154810305603921e-36,0.018732162846067227,0.014365368980260237,2.1982283061790266e-29,5.483887218482632e-17,2.191918544269826e-6,1.829839146776192e-5,4.188811486582754e-7,0.3031198306943855,9.119383349272106e-17,2.3687460202480143e-33,1.775708101270869e-19,7.663436320220238e-24,3.0163398392377427e-15,7.113222995996046e-13,1.4080706953540104e-6
1.4550639108365477e-15,3.731850795354235e-5,0.7400362939944902,0.11528605386240655,0.0004432383658118896,0.07027210513205363,5.1568676511089985e-25,0.007877150401685502,5.506172041030507e-9,8.740862442424164e-5,7.542913084534231e-11,3.6411933934176053e-7,0.0006843044241587591,0.0007330935970700587,2.9999388124908256e-7,3.04138689418623e-17,4.546666942009138e-8,1.2159607384350799e-11,0.001501807731097669,0.0376210731993581,0.020551281818272298,0.0046662000641573675,0.00020187878367903744,9.828629890541727e-12,7.630990001132652e-8
1.368397639566443e-5,9.435178524130811e-5,0.0008728637382789612,2.2598929204333592e-12,1.6126127116901712e-7,8.581638604903537e-10,0.18449361988701193,0.6501360539190563,1.7586750798867943e-6,1.0154173279802067e-12,0.00013039889348976047,0.005601963818296964,5.056209336219466e-5,0.09351317067931321,0.0006186077785883806,4.3230903676212107e-13,1.1561224535820993e-6,3.6221718268668587e-5,1.2543480573925328e-14,4.892235880080672e-11,0.060674358335512615,1.5030671579960635e-16,3.3934150890637447e-13,0.000617794907114563,0.0031432715001189324
2.3314726093122547e-13,2.614001252827563e-6,5.85208561296508e-6,8.490246192839173e-6,1.0990489467193373e-9,0.0023413013261802647,5.71417300322027e-8,0.018477414198022134,7.867090701283659e-5,0.20075294681469855,4.456412248037558e-10,0.0001032941544053756,2.6122238041411935e-10,0.0003847995674092756,5.030266132233768e-7,0.2554371523791722,4.833904956156383e-5,6.153657625056123e-11,0.00010028264240288985,3.443069901321e-12,0.002247143176599509,0.3768954677256814,0.0009304261288667453,0.1421851956881322,4.786932770874733e-8
3.4834661222703334e-6,0.8524191928607339,2.2368193465847763e-8,9.903496751675813e-5,9.092945481185216e-6,5.639802180278138e-5,2.8002549988676316e-7,0.0005643778738318876,0.10791417211689736,1.3326713026891879e-11,1.575457359547891e-6,0.0166411613850124,1.547572283975768e-6,5.727572880008195e-6,0.0016054415608980064,8.486459545788831e-9,0.008481825644390628,2.253031960275711e-9,5.422720733400868e-7,0.00024369365803675745,0.0012660247969259867,3.8958613698811597e-7,0.010677167339847086,2.0603076356038518e-10,8.83754922674044e-6
0.11770253217443155,0.013538267982375668,0.013212811496152105,1.9433927816832105e-11,0.04522009027907515,0.001051993614064121,0.4656824988649593,1.5124881567523796e-19,0.0012810139179221343,2.5821317759647964e-9,3.9155318124160046e-7,0.06905767864701394,2.5481454326950683e-7,1.4116022083350506e-10,0.00016992123713461505,0.05342830073005778,0.016370384777864767,1.2077326389230935e-6,2.5309031095405145e-26,3.0616780607698056e-10,0.00023245279239562225,0.11082454453453514,5.802120758077862e-6,0.09221963642308195,2.1325892099257138e-7
3.657680403678892e-20,9.324825132668211e-5,8.977584153661512e-9,0.047533040390576334,1.0569145709393649e-43,0.6470635418490419,3.2480620477300643e-12,0.0033025255079675666,1.7909962937091563e-5,8.508963864514385e-5,0.02281247682722273,0.002036021844443277,6.0052131813524826e-6,3.350455136986841e-12,0.01542144836261035,1.1692128608545831e-12,3.0034050843707746e-8,1.9061162983661294e-44,0.25342110965356257,0.0001531528391685811,0.007607984682134982,0.00010999388838414837,9.467781471120178e-6,5.944959736494385e-11,0.0003269442284738346
5.0546698675739584e-8,0.12219677465405529,0.05657893895507588,0.010975518709564359,1.1038881933749313e-7,0.333668443751604,1.4590789607094187e-6,9.171974836816939e-6,0.008695833652052475,2.452218746312721e-7,0.0019433111464162345,0.2265925951308284,4.1237018796627366e-5,0.01370114433018671,0.030857950303014574,5.479645010260197e-21,0.030912655920959375,3.4684321848440083e-12,0.0018597067225225327,1.2437545621604621e-6,0.0719440486042561,0.04867999813546187,0.031372187273448586,5.634489568432233e-10,0.009967374159087284
1.6721194888625488e-18,4.1675777920959625e-6,0.00105507524892317,1.115568561285746e-6,8.359490835936599e-23,1.2555165546403313e-7,3.671782463596724e-10,5.502537567901538e-9,0.17374516873937254,0.00306168112520302,0.0007198529662768724,0.3327285113380758,0.005170161326704973,0.4488501688647478,0.0015695208302616737,9.866319070892289e-22,0.0008996355230140468,5.5509568116089346e-21,7.574935738759747e-7,1.5005586430224488e-6,6.223642832234929e-5,0.0009912176711759995,0.0031490830451493994,3.839808475602688e-13,0.027990014272446778
1.626957939615109e-25,0.0012100679727336356,0.05158498062825318,0.044449895476400915,6.089763938730104e-11,0.20014957667510883,1.680772589308489e-10,1.506272364036951e-14,0.554075453714945,1.8342854462400887e-9,7.312627598813882e-6,0.00041382171113105284,5.134504867770795e-16,0.019909762479880157,3.814207795704981e-6,1.2088844757350098e-11,0.03634219568260121,5.578359708160801e-12,6.433279627339278e-5,4.656700638945771e-15,0.06184958556226168,6.881494048857682e-17,7.255263043823357e-7,0.029935030617601235,3.442240162948556e-6
0.004278162264715107,1.230343896870763e-7,3.998145907800927e-7,0.1057855511439835,4.111008549580088e-5,0.002937509880921557,7.217267482884219e-10,0.00017758037717858217,2.5090767572017633e-5,0.00020408558138854246,0.21241873098427103,3.4749023690025746e-5,0.010047242911826527,4.994468663153399e-7,0.11306127129246665,0.0021272024715519246,5.664152770854752e-6,2.287777202534824e-12,0.34374361732039066,0.017321533837207106,0.0005826710452630597,2.0655677289791482e-10,0.018793285590474076,4.4934624635305394e-5,0.16836898341777962
0.003974574140043722,1.074213038420696e-40,9.614183378392819e-21,2.872261535972955e-58,1.7539232641262044e-56,2.002013036227022e-17,0.019213692237087084,3.679506902934949e-30,3.5622634380964866e-39,0.13894145795274038,5.123904583444697e-71,8.756373008728272e-57,0.009475744638892187,7.263023198435949e-27,9.841513786419829e-58,0.6119673930173292,2.599704520644264e-38,7.771438822338713e-30,3.306798264395986e-42,6.925219335680811e-14,3.0365853722385516e-40,0.19695459770834642,1.1110628105849004e-49,0.019472540305491677,6.723500139796461e-67
0.01732834163598794,0.3918374482502267,2.5975113295190197e-9,2.3996910723508945e-5,0.02322237416564062,6.952778827728488e-5,4.902510225029292e-5,0.012132052621188105,0.24373009696577144,5.463158159194396e-12,0.005507362852418773,0.05627008639584614,0.07124491198916924,0.004565988156516495,5.617939363975943e-5,2.377971562713883e-26,0.0822365079010278,3.416644715475847e-8,0.0014440335659612587,0.043720107594861904,0.005423961914211931,5.594795974186508e-9,3.5877460494382367e-7,0.017110655710114282,0.02402693994734383
0.03707316172020148,9.53655989550838e-5,6.530828584600433e-43,2.4441145858407478e-24,0.7046674097294389,7.121072489024045e-9,0.00391747503741234,1.3416340528719805e-16,0.041404997556753455,2.0272768574988042e-26,5.810019381152963e-12,9.316394697758533e-7,7.454467644408026e-17,1.039482679141525e-11,1.6547649047119905e-7,4.0496401403963175e-15,0.0012660288453178847,0.2115744565048444,9.797153174861447e-20,2.7720162615389003e-27,6.449795835220286e-23,7.754476763132955e-31,7.226272910536392e-14,1.0106923576047122e-18,7.537623238910381e-10
1.8164117335292356e-21,0.02488535605126802,0.10652438670974157,0.398604939098123,4.261587613181293e-21,0.44498828327978196,3.0196120298452137e-22,5.751170753845999e-9,2.817743854809646e-6,0.004319015039372204,8.817751523365924e-5,0.0029077588352029327,5.9065281553346335e-8,2.6676692207671205e-6,2.497213240411667e-6,0.0036201843511956423,6.599393865231631e-8,2.9132958336830477e-22,5.1871697662829165e-5,0.0087657455282082,0.005229199025667373,4.011316652560189e-9,1.2701725617606545e-6,3.2554272489418434e-28,5.6952479572409685e-6
7.895225650559907e-19,2.7241150258830984e-6,3.4392975394392626e-13,5.356663195497729e-16,1.8497571504381743e-36,1.336559486962892e-7,1.6028759814574487e-7,1.6185727659655212e-14,0.0009215516381720865,1.627481965884556e-8,1.7139773948034678e-18,4.785869427204805e-8,0.5761406581767281,0.06221176927050544,2.6172858819119546e-5,0.00022164093382122063,2.370302164405221e-8,2.9638069508778515e-39,3.3998083860629637e-16,0.0014167942061822706,0.028513072172206947,0.33054522060642433,1.386545895519183e-8,3.761739861012578e-10,3.839710259514968e-14
9.67627845951629e-28,0.10259715813004538,0.005543963894819953,0.01869998861275579,7.019103532441763e-7,0.0014645027676968392,2.393862964849549e-10,0.04215323091314916,2.807785040454861e-5,0.0004343501042107648,0.0010519347144973634,0.11241123360564916,2.4424338999874852e-5,0.00037091805923803036,0.07082885874412763,0.06645805088040445,7.745719702800878e-6,4.2212756570708715e-10,0.002346805642924378,0.00027944004248985684,0.23621356969051047,3.1192768169318256e-7,0.33746175994304056,0.001081738982575057,0.0005412328632090834
0.061886678790643655,1.2950967852219994e-8,1.6589684783415112e-37,2.8397408871958067e-50,0.0004345891511409395,1.9853711890665097e-28,0.3215986930489124,4.5308609554605254e-11,0.009751447523114035,0.3416808279112695,1.1124739240721299e-13,4.170329884572387e-6,0.025927882037118093,1.0458859131901405e-14,4.484007459007334e-15,0.11869231022752733,0.022531215063211357,0.09722213974436272,6.380270070461906e-38,7.4440837104332e-6,8.691534515334295e-42,4.421428426590914e-5,3.67823864332035e-12,0.00021837480472971369,2.8402992031946656e-14
6.435436689232782e-8,2.8139787088754306e-7,4.38669693296328e-6,0.05778988219663304,5.457651956317043e-9,0.0029354122496090197,6.160899546032917e-9,0.0009386931834947655,3.0117271285015377e-7,0.002542403229946516,0.6147698230417421,0.00010988549542110114,0.11209160951917534,1.2804977323733644e-6,0.10357775456858044,0.012824769577229847,3.866258564972185e-7,2.719998250876184e-16,0.0014071527344771601,0.0034745123419041755,0.00011110778271912681,0.010407244009917027,0.00788095280504355,0.0035958787697959794,0.06553620613028653
1.2345119089731041e-15,7.071349704392304e-5,7.825024354676316e-10,2.142405687797534e-32,0.0009011230836644935,3.814279106768374e-18,1.3348869403150867e-15,1.1066405310371187e-9,0.2586896468066717,0.5023091905879171,7.587043173634061e-24,2.9317851142343258e-9,0.16093519182424101,3.04272051950686e-6,4.564955350232679e-16,1.026367660688558e-12,0.0005796017350343319,5.7847280754717725e-9,5.606035197197481e-29,4.1885950829725445e-11,1.4220443840575468e-17,0.0765114222962131,3.345231092528024e-15,5.6800119916523286e-8,2.5382379207571957e-22
1.0499444761265447e-17,0.007492514650860287,8.234304309111838e-7,0.02937706159197146,2.0155957369476933e-36,0.4316537491337508,8.652990410156796e-13,0.023487499803926903,0.00030095526736068654,0.051922840004939304,0.1692975733003762,0.01122491677974535,0.00013275841464853262,2.8076642037519902e-9,0.002968541457335514,3.326319483180547e-9,4.372547499513263e-7,2.9803211449470883e-32,0.15746977130555626,0.001571267896176735,0.10664835619478007,6.350900776268463e-6,4.509305473070062e-5,1.8505167181905957e-10,0.006399483237983433
25,35
2.117628662008457e-309,1.0108343719762687e-65,0.00743490360745874,0.11685546668868776,0.48252557057620604,0.28498900673927996,0.00017584327132389674,0.014305490504203882,1.321813232001595e-54,7.931005801837407e-17,4.9337725867409755e-25,0.016676132516118727,2.76705580809917e-62,7.289417562455024e-51,0.007975588158469335,2.3161768626932794e-26,1.0394798451246876e-19,9.015738951145934e-11,0.006077964885914552,6.741175362673923e-6,4.394999482782872e-36,0.03142047229554104,0.009340995788566484,2.1622285294955355e-52,0.004658427657208668,1.6841756998319346e-57,0.012616362841517435,0.004941033203983365,4.679741520133779e-189,4.609507254105044e-245,3.69771883477995e-230,3.800931481580805e-72,0.0,0.0,0.0
1.370915498900342e-161,2.0264951586592052e-8,0.9264525356461958,0.06237797660776821,0.007738045466600049,1.9766073249198105e-8,5.978003532356299e-19,0.0030400677575811337,4.29084752798962e-20,0.00039128130036119126,7.114463138883072e-23,1.528211240662883e-29,1.9374623588483787e-32,5.3190468754540945e-8,1.164785500411678e-76,1.5062718541591585e-46,7.107082339456433e-44,3.324441702447725e-27,2.945352745098056e-42,2.1019598941162903e-90,9.049182286822751e-49,2.487805183707148e-33,1.4964359750447798e-71,5.298167711389736e-57,8.112587558314113e-113,5.894408851052978e-130,6.76356304122084e-80,6.917777937361497e-142,0.0,0.0,0.0,0.0,0.0,0.0,0.0
3.5366887039905314e-67,0.9498655834686244,0.029547379775905606,0.014593719379964964,3.25137720196421e-17,0.0007579367927480149,0.00154776232290911,1.4409207394718058e-39,6.919591326189382e-23,3.3959103435828396e-26,0.0036861608584126413,5.343411446961807e-81,5.8616650871853805e-90,1.9319752272320364e-109,4.480253977812667e-130,1.1974925435815022e-122,2.1160077446729963e-137,7.170640614832417e-143,1.5277814644925948e-154,5.875576945482835e-128,2.2721863274575642e-52,1.4574014350596964e-6,6.076513708720066e-164,5.172734825136006e-119,4.10056468520924e-147,1.2594273155375762e-64,3.891490296238959e-52,8.378208043531115e-139,0.0,0.0,0.0,0.0,0.0,0.0,0.0
0.001202745456968196,0.9865580821297331,0.012032363316086262,3.4519776535987724e-17,2.431037723458557e-9,2.2930283545257275e-61,3.882701225771357e-12,0.0002068048956730403,4.3380628535303636e-10,9.15514964002503e-16,6.525708995658989e-12,1.3262860466197247e-9,2.1852503285872298e-133,3.3634182527859545e-172,2.0542146634272942e-187,7.282950785662266e-177,1.2946660190401064e-115,1.015162011190789e-218,4.210032389269897e-232,1.1469985447057293e-127,1.1598011173559623e-102,7.002695940298639e-42,9.051329819509573e-120,6.995138638540939e-34,1.1760902485897763e-218,1.2878849182946922e-145,1.013538260062337e-131,6.411394373282599e-222,0.0,0.0,0.0,0.0,0.0,0.0,0.0
0.0,2.166741619162085e-51,0.03129205457587775,0.9621898047919604,0.0002566336893079943,3.6905953203363424e-21,7.317141744410664e-39,0.006261506942853873,5.3113859406754585e-67,2.3920457355390488e-40,8.345523534969782e-68,3.6686069743020597e-69,3.2115665204715875e-73,2.5390600954692725e-73,1.5643654774611254e-22,4.283712022627322e-22,8.535530671471598e-25,1.6338455956785095e-48,2.259853872248926e-50,1.0402998203553567e-113,2.7016658636534543e-129,3.858376942011767e-30,2.556196774954519e-165,1.3195104890136369e-199,3.13699396755888e-166,4.3318998988879334e-161,6.624434341592631e-131,1.7057407818046577e-140,0.0,0.0,0.0,0.0,0.0,0.0,0.0
0.010861051485013816,0.9445956290976814,0.03394956446262504,7.408712889358336e-6,1.9667776635814793e-24,2.2002164626636433e-75,1.608712696478813e-48,0.0017392912340993406,0.0028701994642289907,0.005976855543462187,3.0317988287530363e-44,2.416794860887077e-50,1.8438420300334433e-68,1.0212140590800527e-87,1.029470283683169e-130,8.884942100206809e-155,3.333408260930305e-48,2.410713773861054e-146,3.2995964819799003e-168,7.833080546186948e-141,4.1794264550183445e-146,3.4221524743368596e-137,5.9658575501537716e-170,5.535686042659544e-58,2.3641786916388676e-152,1.063099693402457e-88,5.780677336174593e-113,7.482563938111153e-226,0.0,0.0,0.0,0.0,0.0,0.0,0.0
1.5656818536143117e-252,2.297871204242687e-30,0.18950229757073087,0.4830234965087382,0.08463271461615939,0.035122869661049334,0.010630425569530505,0.025507149576468706,0.027448627988463606,0.006880220798285111,6.583978914888238e-29,0.06782005773772347,0.011047760405837624,1.6095533086422392e-19,7.182785561481854e-20,9.2143497455929e-16,5.474110628802059e-16,0.04245288820629014,4.934683422686431e-100,1.5156793922511423e-25,1.1366770945348994e-36,1.465551771709758e-5,6.127500677295346e-36,0.004789886503735002,6.003301874275298e-89,7.291191186412632e-79,2.932952751512433e-24,0.011126949339269375,6.737753664834215e-141,1.5476734462876774e-239,1.0028278497613986e-125,7.309293710537606e-169,0.0,0.0,0.0
7.101552611772181e-137,1.181738060365862e-5,0.21761290474494266,0.3342007263793117,0.12067433204821552,5.701006333877828e-21,0.06991514761165607,0.01211733034787232,3.5599407835618747e-16,0.08271795811941211,0.033901010574498715,4.1994407334041816e-13,0.022889416663778566,0.021546712564395137,9.576153011307517e-22,1.358380852720556e-21,4.6236494304876926e-8,0.05384094162949136,2.789283901618498e-38,8.65456370928981e-30,0.016858370731960382,6.233589850250959e-9,0.013713278732967056,2.1005124164589576e-57,1.807043223534653e-16,3.900987024070795e-13,9.871207034799618e-25,1.919019942243209e-47,1.3599441940787519e-76,6.827238798005373e-123,1.0918434890223533e-124,4.0129399297090324e-100,0.0,0.0,0.0
5.824110354664809e-186,0.0010733543586634094,0.9424338342908761,0.003189462203647577,8.661240459048255e-5,2.1193295797849784e-15,0.03925118427271126,9.090426061846267e-18,1.6181780557810584e-32,0.0005479630484541022,0.010696125993870154,2.863341942222524e-27,1.096761826464823e-42,0.0027214634270222343,1.9531360406067178e-41,1.2224777880313332e-45,2.1050559353856104e-27,1.290656375791266e-25,1.625339536365613e-13,3.7300378673879156e-72,6.424682579597427e-50,4.2762583518623586e-30,7.339025439186463e-39,5.307503898203489e-74,1.0966436684369784e-110,5.814019618755473e-119,5.409174611607108e-83,8.71537115052852e-78,0.0,0.0,0.0,0.0,0.0,0.0,0.0
1.1214866184827606e-179,4.647909628718961e-45,5.142142112547948e-13,1.7489113980664908e-6,7.373002923640965e-13,7.408150671165417e-13,0.15948795691740994,0.1684682803301888,0.0020093650760005547,0.06779829842913865,0.13122421984116026,4.48172280902439e-7,0.022914716857328106,0.10820671522430086,0.10580721497410031,0.05098278654746199,2.0088592652540644e-10,0.09187250754857383,1.4278052620816856e-14,0.09122323334060456,2.5075780800162936e-6,1.133894984188846e-11,3.528601177981515e-11,7.796220215499234e-15,1.4040476276031219e-14,9.004834763629816e-29,2.4339740472104868e-12,1.8707573694791798e-21,4.1732845414729194e-69,6.822246874536363e-117,3.0617568338497866e-76,6.785997397548328e-112,0.0,0.0,0.0
1.116378352068474e-63,0.11555285163254711,0.8775511132732385,2.9571149203142013e-6,1.4540860592943594e-27,7.24138110336516e-79,0.006893077873824838,2.22298890386882e-14,2.7999924942383096e-42,5.710084837609393e-35,1.4850609606454059e-77,1.054470911002714e-10,3.3298243558542743e-152,3.6192565827378526e-230,4.600453042583341e-195,8.533552238233974e-171,1.9595876161129042e-82,4.95122995541185e-250,1.0872862706716382e-278,4.153436172871842e-202,6.130525932923273e-186,2.052698357078265e-152,6.304299089759443e-104,1.1592493918504918e-83,1.0256352566169823e-219,2.7137616023182517e-185,1.3074025301195901e-126,1.1690230242650373e-303,0.0,0.0,0.0,0.0,0.0,0.0,0.0
1.616753956831149e-122,5.135428411465085e-5,0.9064860185625717,0.05881004496635813,7.483289840701687e-7,5.153956740575791e-19,7.600346458429514e-24,3.940045943789344e-18,0.00037961228270107336,0.03427222151989988,1.0618862484185024e-26,5.5370609854181954e-11,1.0118034251648877e-54,1.203914255166516e-42,4.481497307032055e-77,1.5995879760981437e-36,1.9186277648940102e-43,1.9735148149586094e-44,4.878448684765858e-65,4.84585133049969e-62,3.332771077689922e-64,3.071507284930598e-36,5.276841284002663e-52,2.644553360231591e-72,9.454666154745461e-117,7.917323720805046e-106,1.7554841586835908e-23,9.762472279295705e-81,3.7264510740106523e-256,0.0,9.944240451327024e-307,0.0,0.0,0.0,0.0
3.951307997008188e-134,2.4529125884775138e-11,0.0005606919364591305,0.311408389312487,0.23823650081089287,0.1261981666403878,1.7861592989538787e-5,0.08134799884085046,0.07675777492550917,0.053988018740533425,9.468335771247953e-9,0.03333539563448991,0.03612292247924405,1.042108677685084e-21,1.1568623455060436e-42,3.723134270931042e-23,0.020682092705115257,6.895258018781445e-48,7.23194032029493e-45,1.1793879251659267e-29,2.8801319743867003e-47,5.164647954297847e-45,4.922045938344834e-5,6.56152525665858e-27,0.00036619244987259723,1.2362546715403703e-32,0.009501408500052497,0.011427355478868018,2.062311780541975e-167,1.3113900153479008e-284,5.1425013558069425e-238,0.0,0.0,0.0,0.0
6.676622180204521e-129,0.15393648805261065,0.013508806885495654,0.5539917605494956,0.19779143800647617,3.0914681836696007e-5,5.959815971389197e-7,0.016769003707138123,0.0169215120592892,0.0055049156478547715,1.436094207740152e-11,0.0012344029595218859,3.5864659587258836e-54,5.205174831567484e-31,1.4241511334884096e-47,2.1744811141833327e-19,1.0351951559900016e-17,1.995231987063485e-20,4.0762015897294363e-19,7.253169661256936e-15,9.711831953904928e-42,3.0505670676597172e-33,1.0234261101208701e-88,7.549891572549503e-92,1.4732219001243936e-70,4.816696171437066e-76,0.04031016145431565,1.1257862761756812e-35,6.599653237117706e-151,2.0781810480520246e-235,8.365325015668031e-260,3.597410481869833e-279,0.0,0.0,0.0
5.518113920207421e-37,0.0034160688654557964,0.9881106925472516,1.7200951021364224e-7,0.0072568094764020215,2.5846963913449572e-54,2.020067081394249e-20,1.1255408409011914e-34,3.3438788303422387e-23,8.667051876423207e-21,1.3619609709913423e-11,0.0012162570877607135,6.751737930626177e-109,1.922645502274068e-150,1.8019718306864514e-142,6.831445112130435e-91,5.19555005368028e-53,1.3954334750821666e-159,1.1121039869708736e-182,1.8576792173796472e-146,3.4122352258583924e-74,5.744153875253835e-41,1.2492487738591566e-115,2.655228282363392e-49,7.399842219067278e-132,8.814706868547299e-135,7.16853777660856e-72,3.089726155342631e-94,1.380818974676e-312,0.0,0.0,0.0,0.0,0.0,0.0
1.1102694760152726e-132,1.0378896925979494e-58,3.079625922290414e-11,5.3554733387187176e-33,5.792023934008604e-24,6.672154112178006e-37,4.028445507300421e-9,8.454468635592352e-7,0.006516092328079697,1.708415336994118e-26,0.004868017089487384,0.051011216371364604,0.010687947519871083,1.5540680990019826e-25,0.0019570273347297887,1.654252537677516e-11,1.001321732266127e-24,0.0011315478188069481,0.01450415075909701,0.038869328736582665,0.040505857456362745,0.08470749375716453,0.06670864165717691,0.06511914197665006,0.04325238623164663,0.1706360816625469,0.19113363026769997,0.08801472662357808,0.05048020056530942,0.04271401586295412,0.019415461755888232,0.007766184702355295,0.0,0.0,0.0
3.908074708559709e-167,0.06839916090052771,0.5847302833442845,0.33502335499185243,0.0002882790541676501,1.2198087717506677e-12,5.37073790460281e-11,1.1709501917194321e-17,3.1901371719247396e-33,6.888199237753182e-6,4.230843466550766e-9,0.005814687060635114,1.406836579689979e-33,3.319042990711444e-23,1.0540846979843709e-74,3.509568862454898e-42,1.0173116927487507e-34,0.004011849583718366,4.808739267282112e-41,7.179792183555565e-81,7.572195714040307e-59,1.0699179570997163e-80,0.0017254925798058846,4.753822477954732e-66,1.6915443424983533e-108,3.523394812494672e-102,2.816336818080228e-85,2.761579479203643e-107,0.0,0.0,0.0,0.0,0.0,0.0,0.0
0.0,1.3180595751114385e-65,0.2814939120738181,0.5025481418016606,0.21594097778718988,4.953340141227598e-13,3.9916106834616634e-25,1.6968262316493608e-5,2.2112548244321763e-48,6.698923674027477e-45,1.6892781779345314e-51,1.1935936641862028e-53,3.3248275583435e-25,1.3394310335535997e-43,2.9841221665229903e-15,1.997584453448091e-15,7.451456770872186e-11,2.1531458021291002e-49,4.3941129971818e-53,9.013413599003208e-94,4.603589571590001e-95,3.553365017714561e-36,5.059556555654519e-90,1.0399962460027406e-175,1.0860430359854404e-96,2.4578892717424697e-128,3.215020604716135e-45,9.32656016849603e-177,2.9416262803470337e-307,0.0,1.2464520971911304e-281,0.0,0.0,0.0,0.0
1.1899268921010626e-44,0.9653608912839458,0.0008087674130188052,0.03382986433809268,2.845623113846221e-10,4.999690807378537e-82,4.7668030244885815e-7,7.780891863673161e-14,1.179257680401162e-33,7.545710954016318e-33,2.821864214606928e-107,9.296319432933178e-17,5.154442360144088e-96,1.9700905702370668e-144,9.568096039674526e-154,2.2277264970416228e-128,3.291728861029769e-87,6.293284631853469e-118,5.147288310783055e-145,4.7210340950716086e-126,7.7210262101588e-156,2.2900884955508504e-161,7.333643132744031e-50,3.2128097691933e-77,1.69256643994746e-163,1.6790895564233222e-79,5.200878024407726e-97,1.9038774644508342e-256,1.859196438553196e-261,8.378679787559994e-300,0.0,0.0,0.0,0.0,0.0
0.01328009087654,0.0008633392617621475,0.08589152197321087,0.05341577323127771,0.13433058084302332,0.15129802428265557,0.11755985220938132,0.10921548300643752,0.11804274164846806,1.2666574443577145e-10,0.09514027373598091,4.344671782920972e-8,0.056868303157051416,1.3420524661158469e-5,2.2136167023099986e-15,3.79917433167911e-46,2.576326515852197e-29,9.976073310086943e-32,1.7974325757753924e-71,4.630582505706817e-49,5.06568101775195e-5,1.7360838338283782e-6,1.9385667626364052e-80,6.159184498507095e-99,0.02438881908372698,0.039639339698426056,4.285203535921168e-17,1.1950129312395156e-30,4.965084649376672e-241,0.0,0.0,0.0,0.0,0.0,0.0
3.732354714448544e-47,0.7077380386799266,0.2552937151161914,4.0576833957588286e-8,4.088536898518452e-7,5.913209024349515e-19,1.2194524262926287e-22,9.618348237265637e-23,0.029526074676809823,4.575090138191445e-11,1.5198900416842725e-8,6.33891672938934e-9,1.5542920581844505e-48,2.173388331702667e-76,1.495028436782582e-77,1.3782318807939534e-48,6.141786109847009e-82,3.486052832676622e-79,2.686680901184971e-55,3.4908573013310897e-74,1.0710427910783569e-55,1.8103524675726175e-26,3.251876289407795e-62,0.007441700512980213,3.250388365177292e-91,8.761127210977992e-95,6.648999372003393e-58,2.984577442166213e-65,4.5747840087003674e-200,1.0765247793086145e-218,4.22704872135359e-279,2.9666960751231956e-289,0.0,0.0,0.0
1.6959570412868378e-228,1.0191759495877301e-42,2.4757650534457752e-17,9.302058524719172e-18,0.07205507509514378,1.7327505954035338e-9,4.2915260401577125e-7,2.8540279347627914e-10,0.13632731477626636,2.7162381707238297e-16,0.05520939956229652,0.048797996670533805,0.07116244941268961,0.06107899494962763,0.021913388357595782,0.13013795859337185,0.16428181856814253,0.0008738354873270508,0.0407347548740664,3.7149751204707305e-6,0.08950093389240539,0.046287398841521485,0.025798195320604445,0.020176244015499608,1.5951446696756283e-13,1.670800064170758e-5,0.0010922823570365492,0.01455110507919185,1.889593291980692e-60,1.284326420029922e-93,1.226676889767797e-80,1.7296659759378874e-46,0.0,0.0,0.0
8.11889596058293e-23,0.2653192051888292,0.7098200728060924,0.001226799024729618,0.023633891022118027,5.902345086843287e-32,2.288520402534387e-26,6.638278606840903e-40,3.4558794517731615e-16,5.943801265238629e-34,8.426465543147047e-11,3.1873965774563975e-8,1.5056466693768117e-72,3.571940150380116e-98,3.874103465678142e-100,1.4996974041910325e-53,1.3344064564739665e-50,1.064820652421974e-115,2.075961802782295e-135,1.1118895929233409e-106,1.9469248278414542e-64,2.619366418797035e-52,2.6560177563759473e-135,5.07764481233191e-72,3.7422209375786783e-66,4.7013576540469245e-82,1.3968614237057345e-104,1.0914318705801772e-147,1.53252411550533e-306,0.0,0.0,0.0,0.0,0.0,0.0
7.738465579982163e-57,3.06646447332862e-20,1.6010579136999544e-5,3.6164354507561254e-6,0.04916475472041795,0.22293180417541666,0.1014893394825564,0.12396299865341852,5.463794076242602e-6,0.0666645849485707,0.011571862460527172,4.1555774389418784e-8,1.7135265470639177e-16,0.011125102762628639,0.2902074024109735,1.8510456583194606e-20,2.608841045427882e-5,0.012157814000596154,0.02083910350931844,1.0655746663627931e-39,1.2570527413653268e-22,0.049968432415379675,5.00076876754268e-16,4.479306361793141e-12,0.03986557968026102,5.594150874944374e-13,4.175124604508017e-17,3.071432598138088e-15,1.410703574035477e-209,9.256368375779838e-285,5.628280084795704e-197,9.659533421173862e-229,0.0,0.0,0.0
9.46175207003673e-78,0.2150202135059047,0.7632569354566375,0.007675386830947729,5.198240372211005e-17,9.293745377647278e-46,3.5995080583754866e-11,3.6973309694368955e-16,4.504226913175737e-25,3.7186410671532735e-13,1.7364393347483767e-54,0.01404746417014279,1.7015055351307162e-84,7.666816459386397e-110,3.296090252883264e-134,1.9122808379078e-103,4.029402234607808e-28,2.189168181146664e-132,2.4306628209625914e-112,1.4406483247785694e-93,5.45858874721241e-126,6.6854003277031995e-112,7.254082662655593e-69,5.025210581681812e-44,3.537983026605115e-120,3.176030344706182e-67,7.073902606634704e-82,1.213080307090299e-181,0.0,0.0,0.0,0.0,0.0,0.0,0.0
1.0,0.0,0.0,0.0,0.0,0.0,0.0,0.0,0.0,0.0,0.0,0.0,0.0,0.0,0.0,0.0,0.0,0.0,0.0,0.0,0.0,0.0,0.0,0.0,0.0
3000,700,2300,6000,2000,2500,2100,200,800,1100,600,4000,1800,1700,1300,1500,5000,4500,7500,1000,400,1400,1600,300,100,900,3500,5500,500,6500,2400,1900,2200,1200,0
200:3,3000:27,1900:20,700:8,1000:11,1100:12,2200:23,0:1,5000:31,300:4,6000:33,1200:13,2000:21,2500:26,3500:28,800:9,6500:34,500:6,1800:19,900:10,2300:24,1300:14,2400:25,5500:32,600:7,400:5,1400:15,7500:35,1700:18,4000:29,2100:22,4500:30,1600:17,100:2,1500:16
