5
0.8275867273616306,0.14297817137325003,0.012893508259813427,0.006553938266835954,0.009987654738469944
0.1027713447670752,0.10077421729747799,0.044411874425879294,0.09129643132195017,0.6607461321876175
0.0448050726001213,0.04234540015108699,0.027066441083784074,0.8739453977308616,0.011837688434146107
0.012038796086042192,0.005950206945520762,0.422629527107957,0.5515508414995239,0.007830628360956094
0.006649869092034865,0.8972976211344648,0.06304442414213268,0.0018936848558268945,0.031114400775540695
5,35
2.631840008198728e-40,0.009892474132917599,0.03208384400637817,0.13389469062083512,0.1383135467559315,0.08507930660396133,0.04372223313394704,0.03689477948009305,0.03290116485338583,0.04007090952236063,0.03294697813633428,0.024204472095391925,0.025947542086711205,0.012321234349885137,0.024207788096083194,0.02901014162085987,0.01940871634447068,0.02511932119983783,0.02974071231298997,0.022718889634185606,0.01659948487247692,0.017982775278656167,0.016599484872605694,0.022132646496807507,0.013141258857479505,0.02974074370242499,0.036218051518329374,0.029049098526927823,0.008299742436302847,0.006916452030252373,0.002766580812100949,0.0020749356090757117,0.0,0.0,0.0
1.5021465039301535e-18,0.039398188303154655,0.5612370793649093,0.29893519817114744,0.04112841579837957,0.004930740729898575,0.01982144023297786,0.010106942973381598,0.003571045666413927,0.0038438151151712397,0.0016530263437419977,0.007262049322299159,0.002827021685162546,0.003396033344474176,2.71461660032162e-6,4.569879546274076e-5,0.00035238366721016836,0.0005531696176933993,3.22965292052032e-8,0.0009350039374789586,1.5106088279459495e-13,3.580997206505393e-29,9.030112848583646e-22,9.937521821927732e-17,9.893262399974628e-19,1.7608702289204015e-11,5.014090667764604e-14,1.0315511096211104e-13,1.4731795092484891e-26,9.643440353070282e-26,1.4051896250487122e-27,2.0006505508920903e-40,0.0,0.0,0.0
0.022450007326614316,0.6602175330110734,0.3072381838670171,1.695638889086067e-9,0.002206492056449657,0.0007898484595603888,0.0009142321051440652,0.001527497338439947,0.000957196353679666,0.002711217445308422,0.0007920915549555853,1.1628180729177644e-19,3.4007959450096445e-38,1.1388434637953522e-45,0.00011917085810756771,7.676691077498921e-19,7.036219915360322e-22,1.7671352550402624e-31,6.141764593082488e-28,6.356361191172782e-46,1.6848340086386805e-44,1.1310390586540786e-62,8.90929687846717e-53,6.252935270556236e-41,3.1960279081444324e-41,5.888746380268982e-12,7.652792212231627e-5,1.3700569222638834e-20,6.377466517834574e-92,1.3715294156922372e-94,5.888389223528677e-72,5.700426383417634e-102,0.0,0.0,0.0
0.03940312493623211,0.6756091237078232,0.28078300192748773,4.123066139639325e-9,0.0006518898740169933,0.00048728048263088923,9.419077645163261e-5,0.00043569319906491913,0.002125367371297875,3.6499911189751795e-5,1.9106485904393826e-7,1.6892651974286337e-23,1.5426117045449681e-53,4.312469646707313e-61,0.0002283444491766543,1.3065330048836855e-20,1.3959944701610368e-24,4.5890301067544164e-39,6.523375998539577e-43,4.1898304518464835e-56,4.3391951012510625e-56,1.1538866332116054e-77,2.5523266801866645e-62,1.3907180922987178e-51,1.8896509626407917e-58,2.443529834617085e-12,0.00014528817425943138,1.7346308021347472e-22,2.4807908404172618e-110,2.3523739817749194e-119,4.955940353945308e-89,1.89454616279503e-124,0.0,0.0,0.0
1.0790321822605892e-25,0.046779671839919504,0.5778814387452028,0.3263636638232193,0.03474301391850726,0.0021038706491663473,0.0027811144804728693,0.0001647412571246265,1.0591226060384508e-5,0.008536117273479249,1.801572778405644e-5,5.976172278946267e-5,1.1263198160419742e-8,1.0949517131204142e-11,3.2264643821601467e-7,1.3012757135080345e-9,0.00055765789695577,1.0921910926647338e-12,6.216087927930701e-9,1.2099362233463201e-15,7.692696320131841e-22,5.780791518793475e-47,1.731131486953777e-30,6.801010841668647e-26,1.0706908832810551e-42,2.2760726820827918e-17,2.047051016014212e-13,7.071362668817083e-14,1.6227119454207525e-30,6.896607373331876e-57,1.8287031294784545e-55,1.3388116271866396e-84,0.0,0.0,0.0
1.0,0.0,0.0,0.0,0.0
3000,700,2300,6000,2000,2500,2100,200,800,1100,600,4000,1800,1700,1300,1500,5000,4500,7500,1000,400,1400,1600,300,100,900,3500,5500,500,6500,2400,1900,2200,1200,0
200:3,3000:27,1900:20,700:8,1000:11,1100:12,2200:23,0:1,5000:31,300:4,6000:33,1200:13,2000:21,2500:26,3500:28,800:9,6500:34,500:6,1800:19,900:10,2300:24,1300:14,2400:25,5500:32,600:7,400:5,1400:15,7500:35,1700:18,4000:29,2100:22,4500:30,1600:17,100:2,1500:16
