10
0.6097064526495425,1.4704609898645511e-8,8.298496694990891e-25,0.04590241485194009,0.005865170737427245,0.1800006640560711,0.0018341073879653872,0.04434126259515699,1.1755720320841553e-7,0.11234979546008357
0.05848762607325584,0.6909151640585536,3.740309116734439e-13,0.037189286874090816,0.13913444964458252,3.4162298023106634e-12,0.000945768727562991,0.03912764940586736,0.0001833807824811295,0.034016674429815694
0.04820917264615535,0.03246082961737396,0.8454095432264588,0.020495059999133217,2.9778067053965416e-6,0.0342521592609442,0.0038470682775889136,3.5109696553563917e-14,0.003760904530873862,0.01156228463473105
0.09459867051872416,0.018809418276957257,0.035845762221083426,0.7703162365391965,3.117989259883297e-5,0.012516342519065152,0.04241151353056367,0.017882845579577204,0.0017548811857065311,0.005833149736527338
0.021413499260797945,0.12301824135516305,0.002290943765470756,0.052319422186829,0.6428294646055867,0.008731218010034795,0.015590564327572375,0.052467115849764136,0.029857752943968894,0.05148177769481245
4.883087296814318e-12,0.005508125191363431,0.026757094858128546,0.09351366823270556,0.034647469588374155,0.723218504947559,0.004890668929301716,0.006072176400670408,0.10538363360418398,8.658242829947958e-6
0.017704833080020112,2.863072525612108e-5,0.033675262645295134,0.20458410707939553,0.014366054630666751,1.4177087730736738e-12,0.6970697071012738,0.014693231699122903,0.005742239815218995,0.01213593322233288
0.01775730517844794,0.014341687225165772,1.889836294396852e-59,0.01912945487357475,0.07628365493210458,2.8506404880039386e-9,0.004330698123110303,0.7489150419305465,2.1321831928611163e-20,0.11924215488640966
7.262297926095761e-9,0.009468440299282099,0.14350040844129658,0.05412098864049556,0.03965530615959225,5.074637209849436e-13,0.017094603607727982,1.869001239525113e-10,0.6923698961311449,0.04379034927075522
7.222970782768475e-5,0.011084327810334658,0.002921919536228903,0.00857471230802524,0.1807237860879074,0.016985372685340422,0.0033024703752391454,0.06445175610390959,0.002541262522274575,0.7093421628629122
10,92
0.0,0.0,1.601180767481579e-149,3.4646563264804023e-56,4.435843359782185e-99,2.7380864639670537e-80,4.4636384037089025e-90,3.688053945163588e-36,1.014172809592993e-42,1.3344602069519408e-28,0.0036769739562867985,0.014753458455331766,6.687655292199286e-18,6.442813948186483e-7,1.5846944465859437e-19,0.0002476689599048933,0.05784997416539645,0.058093610528692545,0.1238536759071045,0.31053284152093324,0.10562266490279111,0.053561414549495145,0.06183360921574493,0.10729374501774545,0.04107270531347811,0.008683347553883591,2.3780582345673436e-13,0.008994596600353507,1.4149119416520157e-13,3.557812292327049e-8,0.009185963110016281,3.437040721270223e-17,0.005567501616828462,1.4807220908751736e-26,2.973629591383551e-12,0.0050751165268542306,0.0038792447817339944,4.9641271265982696e-20,1.809285854772629e-18,3.631789147731796e-59,1.0684092157902749e-9,7.613910393946022e-44,1.4766468755856484e-21,0.003199985098651677,0.0014659410338457978,0.00016572208368576205,1.5486160821825778e-33,1.6025230065377694e-47,5.205460866665129e-22,0.0039616699266915145,3.5988965023725094e-44,4.2776386642044824e-94,5.514046412312391e-25,0.0015229378544401602,0.0027376521055376864,9.614466313427034e-125,3.2887797420363814e-11,2.0672002226306615e-15,0.0021614984667751402,7.020117414538049e-21,0.002316813077543734,7.518137713314184e-30,1.1212883121254136e-49,0.0015318139044441824,5.590696033787942e-57,3.241917642479574e-17,2.1435521856065708e-35,1.7208471626059397e-85,2.005881374629128e-82,0.0011571728016393557,4.0036723457105606e-60,7.506159247081513e-170,1.6974707210453107e-91,2.6340578086615063e-45,5.122779591782214e-105,4.336510853599425e-115,6.539600203694345e-39,6.103965786083333e-94,6.313954219326897e-55,4.528117879249295e-134,5.179904584341703e-218,6.162168622557048e-119,3.3174321633340826e-120,8.542500358564567e-165,4.188761315390095e-218,2.651446423024281e-254,0.0,0.0,0.0,0.0,0.0,0.0
0.0,0.0,5.841622772076991e-114,3.591133535603956e-34,7.175294237651765e-74,0.007359374148350279,0.015822581435114398,0.01413580783849065,0.020399801447717213,0.010823860560343943,3.9549342012414314e-10,0.00893695585745767,0.14800260652210392,0.11651115827135221,0.1929344192641143,0.09203178299778547,0.08320071396927069,0.05891794801867583,0.08231988488707936,0.03395861339646137,0.03388629930020218,0.00743124891232498,0.009485901468786837,7.529553821424856e-18,0.0034212473157153923,0.0024110067457856657,0.001127654325595532,0.0034929609159315075,0.0009259825911506952,0.001276238755500103,6.352656183642111e-46,0.002462849164576914,5.710542303475653e-6,4.567897737132327e-5,0.005349130574195715,1.2422637628195405e-22,0.0019692111505302473,5.787361026011935e-27,1.4830903851252603e-41,0.005054042252814253,6.742285976560832e-42,0.005601821906152844,0.004876369359486531,2.8481146528087195e-40,0.0013595788674049146,9.153447182068635e-25,6.1231526063721755e-56,1.6636690019355013e-83,5.558554580154949e-28,9.358150618579228e-5,3.568992711128783e-24,2.4368295398359204e-81,0.0014778879951090496,1.6338068679984493e-23,3.4212467732198155e-29,0.0013139509229557987,0.0036679752554439706,1.411283632039089e-47,3.5580291079412796e-33,1.2395202808160847e-26,0.005562131315089186,8.366183830997799e-50,0.006037375689688185,0.004603117038713577,4.260551096815965e-41,0.0015919954761347617,1.3309687222601335e-53,1.239395477017779e-60,4.367802030093352e-24,1.3630361911535638e-14,6.40200734151628e-82,5.13564948110179e-133,1.1907255968435317e-109,9.661158660655459e-33,1.062421696154522e-116,6.762339675368544e-146,2.1410538362191043e-17,4.696278450211395e-95,0.00011354266502632584,1.416779599852577e-152,1.3140321268816047e-192,1.828044094311807e-130,4.749313277408044e-98,2.1307319479301856e-201,1.7909147900580944e-186,8.05463799632511e-272,0.0,0.0,0.0,0.0,0.0,0.0
0.0,0.0,3.5158861252877984e-45,1.9570766699401532e-36,3.8826226330850327e-97,1.1076230870564738e-84,6.805801266469754e-70,1.3058889193765716e-51,3.688084369474409e-33,0.6532633284489627,0.09399631804494989,0.03652438735884486,0.04650077695387562,0.053826178985080755,0.06720906148360907,0.03806544298670442,0.0032226467403294267,0.0026259237121975375,2.6459885345815687e-16,0.002456475385322568,1.2904129253431e-55,0.0014117058700420615,5.6816781292758554e-70,9.92909935781499e-40,0.0008977540300804237,5.415845896174738e-91,1.413899481341947e-75,5.150518602904413e-24,9.723040484997693e-17,1.4229219483231881e-114,8.862985772168635e-95,3.0826430027221546e-38,6.27828508876118e-125,6.174853735822009e-103,1.424190080104205e-150,2.8661320210137027e-91,1.6320942366920629e-168,2.6835323513567245e-166,7.099638555626403e-218,5.553953197732282e-192,9.700935656238892e-135,6.348106427410279e-108,2.0390292270824533e-164,2.69425501337332e-229,8.586180745783843e-145,3.0073131988791603e-127,1.3404581358973999e-236,9.900034672493622e-197,3.0638196424718134e-125,2.0832011749318557e-192,6.265673099326359e-299,6.510021740418021e-298,1.4910195522402066e-161,3.3171622262184464e-139,1.296079301880344e-254,1.0056548861397828e-157,6.955761344243459e-117,8.091227064378322e-144,4.158972133881462e-113,1.466364294946335e-173,1.7062122595118995e-168,9.82977645564132e-101,5.971340258531385e-139,1.4540869094752817e-108,3.075070675506646e-123,3.1492921432039227e-177,5.332387230428818e-241,1.991754129610674e-193,1.1626744978065558e-280,2.936927446414889e-139,1.7404638358402325e-212,0.0,1.22303143e-315,4.815074654039265e-254,0.0,0.0,1.412384672238309e-179,1.0062926938445135e-297,4.9456e-319,0.0,0.0,0.0,0.0,0.0,0.0,0.0,0.0,0.0,0.0,0.0,0.0,0.0
0.0,0.0,4.76587796148727e-44,8.15434367494964e-28,0.0014080342298366637,1.1068159200440735e-8,1.2969371430107018e-8,4.637669093487414e-19,7.417666724418413e-10,0.003068673652312774,0.5521749990860593,0.10973897913411218,0.06366989754418304,0.05767809993380254,0.10618041699491747,0.05208295089394527,0.03001263803654745,0.003427799812453345,0.006231916582010708,7.030646579160105e-7,0.0006055956881845677,1.7759807685130699e-34,1.9713323590103096e-34,1.1489250319469188e-14,0.002639288621527981,6.649367186877862e-44,0.0019704490942445614,1.3525234554550402e-7,0.0017286111506887708,9.16960930520124e-43,0.0013473951153430426,0.0005024110913501101,2.7757474574497112e-37,0.0006482103587346386,1.8824884008551023e-78,9.156684257189375e-6,5.133600473773166e-49,2.492434881953814e-99,2.2163999051397814e-94,2.633646946327058e-65,0.0006950392796723826,0.0006843652830114247,6.340728134980586e-11,2.7789223431161495e-85,1.3818586262456406e-13,0.0011847740262537823,1.4853263661827032e-97,4.325776390977595e-104,0.0006866588705996288,1.0013519938779995e-20,6.582885103814654e-135,1.5974794529596468e-88,6.754739320582942e-73,6.416576355879782e-77,1.646724633225958e-119,1.5060974512704778e-122,9.515624523699451e-51,2.0555375449227257e-8,5.710501619309917e-29,0.00037252423600713885,5.126861374538287e-91,2.8704135594416606e-17,8.194207617131449e-10,3.355217922584656e-11,0.0012502300317378929,3.6918254331835476e-50,3.6164748680252514e-97,1.0602454003111402e-122,7.135708324194706e-149,1.5736620295776873e-74,3.746935009604733e-99,1.0367137416533328e-163,2.786847448328591e-137,2.5555222121756343e-75,2.5227275321037737e-139,8.875378636769953e-226,3.316648724568525e-45,1.427674118058102e-98,1.3326487853106577e-123,2.568006469720359e-203,7.919638002906075e-269,8.477048321725888e-224,3.9779251893757105e-204,1.4769786229667837e-231,5.587429491201369e-278,5.1943149e-316,0.0,0.0,0.0,0.0,0.0,0.0
0.0,0.0,4.5864269597511e-160,9.556506747764609e-97,1.6927968392766716e-72,5.312977621034811e-65,2.60028203450994e-47,5.067575574650902e-37,6.302712215626027e-37,4.0477822173701345e-24,7.298608735118888e-43,2.2051205390700214e-13,3.762087707442965e-18,4.963716160203982e-10,2.1009075332063874e-6,0.02054528136128504,0.0202179676105695,0.011510049158280904,0.0485252082986618,0.06895868718529448,0.0929381023144199,0.13791958256096287,0.16505193941776078,0.0852671881030797,0.05979460469502408,0.0555054881603907,0.06217188541403236,0.0387358996124624,0.03567045734742492,0.01371640502198864,0.0004203549289817429,0.008428756638650791,0.005392178710461613,0.010649824674089014,0.002270779763491745,0.007054956121705441,0.005907578702307186,0.0054240044836548285,0.01371574054330152,0.0013296696963422858,0.00772207259826357,3.4475837780125423e-18,0.00047038357958295937,0.00011031985488285228,0.0024807185021536076,0.0017279926432994777,0.002731588582339865,9.185891187745972e-58,6.559256168634914e-10,4.2852225091164006e-5,4.9366386664660204e-17,6.590244581286821e-15,6.29381677933935e-52,1.7144647325289544e-54,1.1659801415554225e-24,7.343264261498471e-66,0.0014719456891356792,0.0021087990100523376,1.9513322757582013e-24,0.0014161650949121303,4.612666443123896e-16,0.0025924696059971735,2.6938936633932535e-11,2.6679716678286896e-12,5.1942259892111475e-24,1.6513111904510214e-41,1.4612422532175435e-23,1.1018266709524888e-39,3.2830161199058977e-43,5.115932291970484e-22,2.1645632402133855e-77,7.498704354397306e-80,1.8852351719018344e-26,9.187223679667371e-20,1.3021241320976653e-85,5.962413274953995e-83,5.2292414888965615e-27,6.058126120914432e-48,9.245168211994068e-20,4.520464754493148e-63,1.1622675996997824e-108,4.379075666504768e-95,1.0006306884049633e-117,6.579501815799464e-80,2.9009467894995396e-117,5.360138527072308e-171,0.0,0.0,0.0,0.0,0.0,0.0
0.0,0.0,3.4481699866550997e-121,5.833437353966281e-176,5.535651395181408e-109,2.1460601042186826e-142,4.78729353511047e-106,1.0988485188162392e-92,1.2874964194722935e-88,6.357647832998242e-72,1.4381526773752903e-38,4.991975374962386e-14,0.004137972717410651,2.408773623704792e-26,1.0396574942288458e-21,0.0008787293372813504,3.6062495551339e-7,0.00043542882660495914,0.7777889273560203,0.0619035037625829,0.025832746628084793,0.019456064393977946,0.05348854863840367,0.03759528975820191,0.011482914468138422,0.001681198575538347,0.001575087879905905,4.3741044069554645e-15,1.1184247254904595e-26,9.32860601320888e-93,5.2603482301198965e-37,5.41962751903279e-40,1.2297897262588812e-50,2.267056845517306e-60,7.5961461622455e-10,0.000301969062698581,4.9159728008573366e-102,2.182924460190656e-47,1.9754924846301716e-91,2.8018113018529446e-95,4.1158028319293195e-56,0.0012871652558865618,3.0379527728132312e-87,2.9542610054860386e-158,4.1462463253979864e-61,1.482395556867048e-59,7.491379503131443e-77,7.124721853374131e-147,0.0010976518752546414,1.2591665230461891e-64,3.2069851277717553e-161,4.1758313215002174e-135,0.0010564400793843793,1.9155878822950479e-38,7.557997113408174e-92,6.704022988381956e-231,2.562333334373444e-79,2.715538461048597e-28,9.537082261576409e-74,5.654706235313235e-88,5.78175645006496e-21,1.45010604903192e-99,1.523340336993349e-34,1.5623342125371502e-16,7.280739048761141e-120,6.086516635326148e-83,6.4794383338913004e-77,1.7255373813515528e-85,1.086495873387844e-196,3.522626232574177e-144,5.308362075387002e-188,3.076591249493119e-303,9.092770008476044e-160,9.136979058390814e-179,3.543085985481672e-221,1.7365509583895722e-189,2.1225528147617093e-161,2.2196690063170436e-224,7.375048570639542e-138,5.178422615473164e-275,0.0,2.345114184822198e-221,7.56793021375877e-177,0.0,0.0,0.0,0.0,0.0,0.0,0.0,0.0,0.0
0.0,0.0,0.18735183557219695,0.19019049974753327,0.11045063804403599,0.05439767696873357,0.11766488147672521,0.11862387078716685,0.07897314695148482,0.06566812935393435,0.002799790720519518,0.037705603715608965,0.017894519731682077,1.4070881107267548e-7,0.0003504725092279996,4.954455879245283e-9,3.748407228381377e-21,9.005898704896627e-22,2.7847166476931224e-23,5.586443245337e-14,4.928111340183111e-13,5.50768791733831e-79,1.068233653168893e-70,6.926196999915346e-54,4.7488377607241953e-17,1.4235240897360976e-91,0.006651514584280771,4.631266199577477e-5,2.059838136765197e-12,2.224204475844416e-80,1.261780689148802e-44,2.7926732332472096e-13,3.0128972905492567e-71,1.3124153022324393e-35,1.4981829568735808e-90,8.01538800313009e-65,2.0374127526665922e-150,1.3362966899808836e-178,1.9982979209579417e-149,1.1555553309629967e-57,2.0380539783368858e-50,2.924329371066865e-32,3.0112390527184192e-9,6.958132325195375e-145,7.025863835398376e-97,0.0016264344907085235,3.918131444705375e-182,5.349554431381992e-101,8.024592244710824e-37,8.67852072162259e-99,1.7649839829599365e-161,2.181945894608858e-130,1.174412705057285e-142,1.0178936598098962e-121,1.9139761597254392e-236,4.271705079133945e-123,1.141807229544068e-115,2.8185946063667524e-33,1.2323316452384334e-66,4.4352559724923045e-43,1.731945953923849e-133,0.002990578622592788,4.517187461653418e-57,0.0066139453841786615,8.624728501800584e-35,7.635838016316832e-117,8.724385012766766e-109,2.2494787090853413e-188,7.31529346651895e-210,8.730022341131499e-128,1.4772656673739107e-99,4.567661950013491e-227,8.9819830504047e-138,1.1011699915855116e-118,4.810653548138102e-136,4.102878780313716e-264,4.954303021646565e-38,7.110846248067959e-122,3.906123731027552e-189,8.593810666879768e-272,1.0855586804104995e-294,1.0418826607883498e-281,8.068803309632842e-230,0.0,2.6278900108144864e-298,0.0,0.0,0.0,0.0,0.0,0.0,0.0
0.0,0.0,2.2794550467239876e-227,8.19791406323801e-80,1.726432408975911e-65,2.362753073773815e-62,6.599038828165743e-115,2.3921070938378345e-119,6.045734131886984e-70,0.001127403982253572,1.5723446053454619e-49,5.6115164120624485e-37,2.1341537134524575e-50,1.2923752570160318e-48,0.0010329813710744967,3.051347083012194e-31,0.0046239651759057195,3.23889788532367e-42,2.131956119489231e-10,3.0879758077529094e-20,6.536663397620641e-17,0.00176646138463324,0.00079468563963454,0.0002816977224484564,0.005159371194731737,0.002186255604252006,1.53673031754325e-12,0.0007203771083350317,0.010064156002523231,1.7424879420844131e-6,0.010413472762598696,0.02213279909253773,0.019219306731104557,0.008741144971542643,0.028494825253511862,0.03318024874309501,0.027395944544140786,0.02718753125632902,0.029166935872649895,0.0271353897972267,0.03019866299626886,0.014859027645580492,0.024975949597472406,0.015124093488714487,0.020308906878688103,0.02166058742608099,0.021894663867353316,0.02226989865431831,0.017109875344860755,0.009107143172320562,0.01590706941539337,0.018028013196183783,0.012739856930045028,0.006245581673382993,0.013458984043724923,0.005257690566743228,0.008784518070563536,0.016342702821576634,0.0259007260835757,0.03540143882349349,0.02251208994083816,0.019549372278819272,0.019312925059865052,0.020045239440142772,0.011817549890803927,0.017749489274844765,0.01590707046737022,0.014846599102878874,0.019088484560844266,0.01183078928581258,0.02226989865431831,0.02969319820575775,0.029693198205757748,0.020148955925335613,0.01696754183186157,0.020148955925335617,0.013786127738355192,0.010604713644913482,0.008388272470420632,0.013786127738387525,0.009544242280422133,0.0031814140934740445,0.006362828186948089,0.003181414093474045,0.002120942728982696,0.001060471364491348,0.0,0.0,0.0,0.0,0.0,0.0
0.0,0.0,2.5032882871049555e-100,7.359967983660871e-118,1.705242927259385e-69,6.20536559312875e-107,5.1470585436446796e-83,5.9160468941851924e-61,1.87912299967269e-60,1.1381368942370398e-6,3.0397297976325466e-24,4.905171313115887e-10,0.006760031203876511,4.240765319499456e-26,5.3492585660464816e-11,0.019386558347777614,0.30208151890790136,0.4667381209852097,0.06361567607706892,0.02096887579336271,0.06230988111732661,0.02286695347666259,1.1881904355500618e-6,0.0073131236015445055,0.005538417201221632,1.6282793978900912e-11,0.008781613747433543,0.004432683972054238,0.0028332834550896966,7.156933627597976e-5,0.003448181299106632,6.691739769859318e-36,2.486096139033094e-19,2.457648710538731e-15,1.1383862506097818e-62,1.0325710253178508e-22,1.3393857237916834e-68,8.465441617177686e-25,1.1520514781012116e-55,1.778555902829759e-20,2.638713364055448e-54,1.4463130145414482e-79,4.8672290918310003e-26,4.161914544947915e-84,1.0783277836446053e-77,3.543488272085503e-70,5.407903034528831e-69,2.492523908009885e-89,1.009143591215072e-72,3.911956001657345e-78,6.91733242039425e-116,6.974410693449661e-110,4.3228112966355805e-124,9.689875014894095e-38,3.149286763567501e-100,3.7963229110196116e-211,2.556460582367245e-8,1.6315448826377178e-29,9.732874243652978e-97,2.759190620822681e-67,0.002851158875135755,7.248488855685011e-43,1.5072144219172606e-10,6.717255766802704e-71,2.61671669185469e-67,2.787012008130038e-148,1.4267233879970134e-73,1.7608855519022072e-79,6.309963741588426e-146,7.226041189482008e-60,2.748113010332514e-137,8.417746609502678e-246,2.0893578388778007e-99,2.027406999533165e-67,2.044215922776582e-257,1.4384960912246286e-290,3.559221866880845e-94,2.1828405706378743e-194,7.78950604078574e-100,1.8049860027478374e-180,0.0,5.447228895058894e-302,2.8546673264202482e-257,0.0,0.0,0.0,0.0,0.0,0.0,0.0,0.0,0.0
0.0,0.0,2.3244631257334933e-163,3.081359568367476e-67,6.779578685041374e-108,5.16739612565835e-133,9.736153089349887e-91,1.3574831669232612e-91,8.733787221196419e-34,1.5741054417125845e-41,1.2193774146087479e-51,6.539863533229364e-41,4.49599734836831e-52,1.8092202510201051e-9,0.0009826433393803071,2.200987443060153e-17,4.284269013201065e-9,0.0032706413167224095,0.00017292237837719996,9.5007798026474e-9,5.7633573934263195e-11,4.3987264113064546e-5,0.029972719941549986,0.04684455018585496,0.07466679252127119,0.07748698958276051,0.07690986220146294,0.06621163879449309,0.07391126425081605,0.0747041714521486,0.1017041257608576,0.058687915592644975,0.06322663353521284,0.05833410800152639,0.04360616377562682,0.024070184148773165,0.024443061729913878,0.014834428342894827,0.020121304199021705,0.00956586569225577,9.086894702601578e-6,0.013798597888803176,0.009772127833127735,0.014449136294248372,0.009463831512850907,1.2237896174714302e-21,1.9735038568322928e-18,4.766992743032242e-33,8.23895077148439e-42,0.001240168679357944,8.810045893453653e-10,1.3445767632376935e-13,5.234108503479387e-58,2.38674046248476e-59,0.0020534465775735797,9.500697534211714e-59,7.80168502250059e-33,9.878157836003918e-37,1.214113420432047e-43,0.002065211737305272,0.0013081053330118737,0.0020682945767198997,5.2637168216478545e-12,2.738733698270838e-20,1.851879995368202e-35,2.341823067788376e-41,6.85480921330537e-35,2.2584113809173962e-49,1.188608030607415e-71,2.1262877607979977e-9,2.7215122872152686e-50,5.560812821464857e-80,2.575577551993131e-52,1.5183856514931006e-28,4.197202778889296e-62,1.0633479400653899e-63,2.7063525343295154e-14,3.3173596213053402e-71,5.9451422756778305e-28,2.685549217613218e-19,2.506322569142613e-89,9.156732855174067e-69,8.836828202898505e-104,2.687762928931972e-99,5.2809997111691785e-95,3.829385617681691e-167,0.0,0.0,0.0,0.0,0.0,0.0
1.0,0.0,0.0,0.0,0.0,0.0,0.0,0.0,0.0,0.0
170,210,2700,240,160,630,340,480,3000,5400,290,180,320,360,280,620,5700,700,2300,550,2000,650,640,3900,230,2500,560,3300,680,1050,2100,670,220,200,800,260,330,190,950,1100,600,5100,390,1800,1700,610,540,1300,80,490,1500,460,430,580,310,350,1150,4500,1000,140,440,510,400,470,1400,1600,690,300,850,900,4200,370,520,450,270,750,500,660,590,570,420,2400,380,150,1900,2200,1200,250,410,130,3600,530
950:64,550:44,220:11,1900:76,700:59,1100:67,660:55,650:54,510:40,320:21,470:36,420:31,210:10,530:42,2300:80,1300:70,460:35,2700:83,1700:74,5700:92,640:53,150:4,1500:72,630:52,430:32,410:30,590:48,850:62,300:19,1050:66,1200:69,2500:82,130:2,750:60,310:20,1150:68,280:17,680:57,240:13,140:3,200:9,230:12,290:18,370:26,5100:90,180:7,2200:79,160:5,340:23,450:34,4200:88,2000:77,690:58,390:28,380:27,670:56,900:63,2400:81,3900:87,600:49,580:47,350:24,170:6,5400:91,440:33,1600:73,250:14,3300:85,540:43,360:25,260:15,570:46,560:45,610:50,3000:84,3600:86,1000:65,190:8,520:41,80:1,270:16,800:61,500:39,620:51,1800:75,490:38,400:29,480:37,1400:71,4500:89,330:22,2100:78
