10
0.6410404171090145,0.023043781112741215,4.800029771564509e-42,0.10563136099971608,0.030043218361668216,0.15686117650756823,0.002466923908116813,0.019378093620042686,0.007871704695272229,0.013663323685859976
1.4710629198967009e-6,0.6990318477131886,2.172770826354269e-12,0.0003919239297348367,0.14737653478796905,3.3960363115983947e-9,0.02054824980677313,0.0611077240180992,0.03690124287074309,0.03464100241236312
1.2333460010981114e-7,0.03293280823767376,0.8238643242094857,0.06890533427498069,0.007035743943848966,0.016959102197176328,2.3345384760404514e-5,0.03358742330216476,0.01669179511530929,1.851574296551903e-32
0.23452049152290783,9.045264571092865e-6,0.053348035790514746,0.28435082419877183,0.0030835946037926225,0.09519727508388975,0.22989593293065347,0.03784406885312618,0.061729723398558915,2.1008353213601548e-5
0.023639245264678678,0.10559291199733563,1.6532781988555372e-45,0.019535411265640654,0.6420891802175536,0.009891794106054537,0.01157066522028354,0.031279305265603026,0.021129289710241056,0.1352721969526094
5.133900564741661e-5,4.936042667887688e-7,0.00462009236451842,0.15449042687842096,0.02032017483686059,0.790371258420442,0.012162866992763777,0.008367344139969415,0.0030586012391112982,0.006557402517999417
0.006959771367671293,0.0065610331111751715,0.01071765179151639,0.09670022275432787,0.008255760185084489,0.001199996587102899,0.7987179684724267,0.0029892744940322236,0.06312701217325226,0.004771309063410709
0.009787469449165457,0.01678321802610102,3.672185730221637e-67,0.008021731012076132,0.09005911048475677,1.1354505979740279e-5,0.00010309569625716302,0.7662052971314082,0.009334042894261416,0.0996946807999942
0.014655579743617208,0.03419107211005637,9.515897391778565e-13,0.03179053053539507,0.014047011562418445,0.001114453774009156,0.12007128102468724,0.005908708376327597,0.7713029465491122,0.006918416323424897
0.01373470268288813,0.025030397417003025,1.0875955141595523e-42,0.016304433243826872,0.15764446505148022,0.0077497767200533545,0.0033743067743407106,0.06813821571237226,0.008096654968612156,0.6999270474294232
10,92
0.0,0.0,8.698055280957201e-179,3.566809408402797e-20,2.8592678782038915e-80,2.997597165419679e-97,1.373719676685456e-74,1.2002767566359457e-50,1.714783050592317e-8,4.483655620409662e-68,5.4659679689276434e-58,0.0036709051581959953,7.117672752987394e-7,3.080848263551041e-8,4.472642624210361e-9,4.896602263353298e-20,5.39950514796297e-9,2.3468707343837704e-12,0.02898540061732891,0.7472079557397963,0.17651496336726938,0.01338983590742665,8.41085183327139e-15,0.004689088377005469,0.008720535307815046,2.0217600366792902e-24,7.844456657131562e-37,1.4089098864809668e-16,0.0034387489848541706,9.703982350612933e-21,0.004964092401037276,1.681986144456003e-39,0.002843011916128453,6.045401549421674e-38,2.4435880048130962e-58,0.0017504587320034042,4.340037581464217e-44,0.001608819375912288,1.0736955110448034e-33,2.8958744163843304e-13,4.038932117623407e-24,2.717220191258383e-86,1.1038728177680463e-25,1.0980197199211979e-30,6.891658625615954e-72,1.5706613126086763e-7,1.0408249749566644e-21,3.9036518184392623e-16,1.203960563211333e-66,9.743210694617749e-48,1.7533735948317304e-42,1.664386817258625e-148,8.607007513581923e-67,2.7357911936177852e-133,1.7283824502741844e-119,5.648621905813133e-32,5.783181085397796e-111,2.8101436960670666e-97,0.002215257450713779,1.8976663011966073e-39,9.009482769679143e-57,1.6911249789473495e-76,2.1658228813383488e-119,1.8114352094128384e-100,6.360242770415512e-50,4.446845905270583e-82,3.336419101098547e-103,7.864812817140383e-69,2.3844075653698603e-53,1.0567834256223926e-87,1.3941360685645922e-95,5.9471507519367405e-71,4.368478389950562e-61,1.1978916747677132e-126,2.7251067524470637e-94,1.1640465926601704e-137,2.810050091513004e-50,3.263898020576135e-81,1.9231510086199708e-84,3.686958201667368e-124,2.901329253725232e-97,7.609084632103902e-173,5.727455135797798e-163,1.7781942730316244e-225,2.6687792695822844e-191,0.0,0.0,2.234863665769297e-251,0.0,0.0,0.0,0.0
0.0,0.0,2.1585119283783955e-114,0.0010309386209744439,1.3094898604102131e-26,2.492304271314237e-24,0.007485242274074941,0.006776070905082666,0.006471922762618895,0.01252078196782039,4.460900859901341e-8,0.023320308795684183,0.052962118642022146,0.07421282161796196,0.1269089270212201,0.11928477839832025,0.1809316162242511,0.13140704434476044,0.08021908912193115,0.026011825717693556,0.04023636586458069,0.02172559213373858,0.014488448828966086,0.0063256534936476415,1.769306436213426e-9,0.0041398589695488585,4.660814286070944e-21,0.0030485832004014924,0.016796935864701407,3.775281829106047e-12,0.002975458668314632,5.917114894839015e-8,0.003217870172484267,0.003370106416360355,6.780476691137229e-29,3.778901475486771e-10,2.2898872982296499e-29,4.313799518399943e-38,0.0026468022738511347,0.0021713442826704677,0.003843533269956583,0.0014047741838087572,0.0034232002430048454,0.00011685942120228236,0.004340846419013526,0.00107514383028647,5.730645049991963e-14,1.3069593020440128e-17,3.1836051406407745e-47,0.0037587232369166194,4.980666025852855e-33,2.0752497158254663e-75,0.0009235595144064072,6.319234022292983e-60,1.914203620181605e-68,5.265364951554278e-18,9.012922650695852e-55,5.617817705764662e-25,1.6505582716197375e-18,0.001499474344251621,3.0010436171745923e-43,6.454013895816255e-13,2.9546033473974934e-48,0.003808633114108336,6.320605863839123e-22,0.0013319561506251931,1.5999845588469098e-78,0.0013511462286008842,0.002435537523352999,5.178825741438069e-27,2.2977022701655227e-44,3.0584564432761376e-44,4.951504714501032e-12,1.1556465996369971e-58,1.0103619797960018e-39,1.1536288549988146e-46,7.127437014716242e-54,1.0482815395559936e-72,1.5045221745102647e-37,3.1416798482186742e-21,1.0271106846380771e-40,7.10274830253669e-123,1.0166269748853896e-84,6.120369695483625e-169,3.842856356098665e-99,0.0,0.0,5.852655505420128e-178,0.0,0.0,0.0,0.0
0.0,0.0,4.305284134571724e-90,2.2330380591520542e-26,5.41041150410396e-85,1.4741381251163115e-134,1.6660561611348627e-92,2.5193532744009647e-52,6.242995904934902e-29,0.7646947304669308,0.16238006798575655,1.2448003836416704e-25,0.0068546314093529785,0.018274083757313143,0.018978942790513924,0.010928487040310452,4.4297401457316824e-27,6.376369871875941e-20,8.797694843130408e-37,6.224780534706708e-64,4.954531438674002e-71,2.2457763928527677e-62,7.472476998053647e-10,1.1725242076852701e-95,3.7178169580882405e-68,6.00030612080896e-50,8.596402658499203e-139,1.0448412714757063e-74,2.0524378200082613e-99,2.020483418913037e-76,1.546874929737529e-83,1.6371705800397748e-53,3.5317060336843525e-81,5.794243938605229e-47,0.003437113516970475,2.6960116564951276e-95,7.811134246016109e-100,2.181362385771562e-164,0.003400634334972536,1.282725943827912e-154,3.8460162558730967e-116,9.516440041135484e-183,2.315584061965542e-70,1.230980861445909e-207,1.1873641299831007e-103,1.5287754002291162e-136,1.1071208520952962e-126,1.203380287128361e-118,1.0264298890993337e-123,4.272524205887275e-119,3.400487678287702e-67,0.0,1.088453054414365e-17,3.868236728754033e-107,5.1540506260981685e-168,9.745762389468231e-234,3.545377369442067e-299,4.2427268802682775e-104,1.3371539997957552e-153,3.745989845825574e-68,9.467578597390968e-23,1.5278215821932064e-102,1.1383760086702063e-60,5.949012900703899e-125,3.171105489114092e-290,6.8950586902581475e-37,3.205814354437627e-131,6.949447943335352e-101,8.788566879453837e-139,2.957386777258868e-147,3.696321991633242e-33,1.2721067048301044e-53,3.1621935589852102e-108,5.223370061804435e-44,4.030648263956459e-58,2.1928288471878284e-212,2.3983495269789357e-95,4.1788424996353003e-188,1.1574799268827743e-26,8.033419897287538e-262,0.0033383446221309948,0.0,5.8984821666955444e-33,0.0,0.004382833225996265,0.0,0.0,0.0033301301025041425,0.0,0.0,0.0,0.0
0.0,0.0,7.406331655365993e-88,1.0825152169042418e-15,8.039968604572059e-28,6.1972460706871975e-18,3.872406567168508e-26,9.563943551147114e-9,5.858239227048523e-18,1.2757382079112926e-11,0.0016868281623335923,0.12866937557376848,0.16618829268129517,0.14362810490254033,0.12625046486817756,0.09552459342964142,0.10600593325518884,0.15436928976359146,0.06329699978983132,6.7223685366244675e-31,5.4527932505447465e-15,1.256712778707747e-38,0.0006301832106170613,1.6122203265666353e-31,1.0136425792715999e-33,5.0172811859092495e-52,4.381736134751581e-32,0.00016419853212934574,1.8334793911451688e-35,0.010538059718162941,3.0213229528035305e-42,7.540031023453703e-52,6.6682851184513e-22,1.765743458080806e-37,6.758954242149487e-58,8.547778388515728e-33,0.0013329877658561449,1.8951081665277284e-97,5.491229926605115e-51,4.578340494046433e-78,1.2502544424286377e-18,1.4018155137837069e-120,1.2860919302218086e-36,7.185313263132658e-73,7.877932440060393e-117,2.698056505533317e-50,0.0017146787701589727,7.450328626355335e-41,2.0515316161754043e-113,1.183649749738743e-88,1.323624494436386e-54,2.315426979570125e-181,2.2852584753112297e-83,8.813216540190062e-36,1.7311909558350285e-146,5.000385369319017e-83,4.84356035210779e-168,7.35978286657786e-94,1.5035209479912188e-74,4.8011115542211945e-55,5.62970093645528e-78,4.458462165740197e-93,1.6423180624751382e-21,1.1634155864179354e-43,9.459887583950717e-97,3.5315052433112834e-115,2.470608509271563e-121,4.2027988603783905e-101,8.43404973256518e-97,2.4611312725577214e-136,1.0237663550714348e-47,7.904644444118066e-136,2.0292405363791808e-92,1.136798664072251e-158,6.165018308437685e-96,8.855418972442401e-192,3.4193472095342754e-81,1.6708179638000883e-123,1.3038181581614994e-43,1.6082115688034246e-171,7.446832852854769e-137,2.034219041729677e-238,4.84180732071356e-174,1.4056343141535104e-269,4.953812892321466e-169,0.0,0.0,6.1860659937886886e-204,0.0,0.0,0.0,0.0
0.0,0.0,9.569308128595724e-157,1.3908750179601558e-18,1.1159961058172915e-76,0.0008130212762709026,7.477962251347223e-56,6.666972719873765e-9,1.2768066811843106e-9,1.9115426153492564e-38,2.0701466801638266e-24,5.544831274315553e-7,8.842851844564209e-9,9.305627209408109e-10,2.0236203112115494e-15,3.4047387901914306e-5,0.005105596361082006,7.171143310686875e-5,0.026164395186758147,0.034221215778220584,0.07520970713309837,0.09338812735395717,0.16636577368817304,0.11364865342688793,0.1439180736052211,0.0936465233181142,0.09929310822746773,0.053402757118833646,0.011165653705304706,0.019558867432935636,0.017001691574590937,0.005176332233379929,0.005486048047194298,2.6152824122446293e-9,6.850285690522678e-5,0.0058791025279914646,3.1514959151444563e-7,1.5064913552152802e-13,5.944240294814945e-5,0.002515943046497119,0.0009102794872872074,3.333596899629847e-11,2.210417332987526e-6,0.0018069480673640198,0.00031798228033325354,0.0018955935203178822,0.0017392226247021246,0.0011407634195036767,9.503755976716523e-21,1.7697489995667177e-7,0.0011569675927991737,9.449906913555563e-35,0.0029064432681176556,3.997408292632666e-57,2.06912552322185e-24,0.00346611939569782,0.0018172097361748435,1.6906919135023513e-34,0.0003088027522940329,1.061194369315633e-28,0.0007924071489667238,0.005446577223346833,3.2820096206656045e-25,1.0829975610443715e-20,0.001655512549154258,7.703767773916434e-14,7.726939364835521e-42,1.3910700757097775e-28,5.821792703376446e-17,0.0007327509315655703,1.5111020592026765e-40,5.22625607501824e-33,0.0007725822628579608,1.619791732394488e-43,6.036645043665946e-19,9.30813866002949e-40,5.4742775829454816e-33,2.266618323055924e-55,7.671052175489114e-64,0.0009362652256819337,6.045524642359671e-61,3.6540173062290166e-54,2.309306288074935e-41,8.720822969040322e-132,1.1313326140040886e-98,0.0,0.0,4.393387514022273e-173,0.0,0.0,0.0,0.0
0.0,0.0,1.9687102609646023e-203,6.237788110666231e-139,1.4879686548835515e-145,1.792685678979388e-129,3.147530211306945e-61,2.812842927665563e-75,1.2765320083906492e-37,2.3555127162061194e-80,2.7700120829465976e-60,1.7332153918237866e-10,2.126052827438479e-20,3.572116325734949e-14,3.9163435850960324e-16,3.7556476013984694e-23,2.0788012787038896e-26,0.01297676333942336,0.9510085924597165,0.02231025557505892,0.006086930471322936,0.0015487803033390696,0.0025548687408736945,6.96151141798188e-34,7.741076874505905e-43,9.385540907563385e-46,1.9069919933923006e-9,5.480036357909461e-37,3.1297235881629113e-80,4.709280459603004e-30,0.0012671229183661018,3.019623391123321e-82,1.387624863590019e-61,1.9584907996309534e-104,0.0012622007254744453,1.3694084422151378e-58,6.487482447801994e-107,6.600156552558556e-148,7.431016069686474e-30,1.3024169603315257e-136,1.1461256723479854e-114,5.189535066085719e-85,3.165648362317491e-101,2.108298091096254e-70,9.901657865641968e-158,2.9077574632964337e-102,3.171824329340412e-35,6.843698651757322e-82,1.3639653946475555e-109,4.802002015138027e-105,3.632060398520441e-36,5.946578260324203e-231,9.869036363207465e-80,2.1591189852218476e-88,7.191167532446685e-206,2.4137053855610228e-120,3.178540499747724e-194,7.106974105227166e-72,4.2474586033976946e-18,0.000984483386075442,1.6540443562925475e-147,2.1899433184345686e-129,5.270173279024886e-139,3.6206599722037953e-154,3.4094157740486666e-139,6.766666254675253e-142,1.2027383211894955e-86,5.463947663758128e-165,2.4624908694650683e-132,2.616161715846156e-137,2.4839923139956993e-159,3.859791283539893e-133,2.526734752975221e-102,6.868355555688987e-196,1.7737309458491203e-79,5.39804333005695e-238,2.3136461113650955e-79,4.688286261023116e-207,1.1445264090699627e-41,1.607359273080439e-217,7.345857639047504e-134,4.534200581466057e-239,1.4391918393642296e-188,5.0e-324,1.4989359576682331e-189,0.0,0.0,1.1903109116013719e-234,0.0,0.0,0.0,0.0
0.0,0.0,6.574279011472437e-78,6.963454556832954e-32,1.6710168603619432e-10,9.203411502019242e-16,2.7723859732289667e-8,0.0003171928290953071,1.205224595667812e-23,0.006576468513404702,0.9710985338822975,0.019536016354140907,6.156234931596419e-12,3.3032251409215648e-31,6.0289141794206236e-27,5.209369384703761e-29,1.0128494668397843e-35,1.016641075193458e-31,3.89202648563349e-20,2.810037521023576e-78,1.4143612964824749e-81,2.926534306873071e-119,0.0007056429485421724,1.6448272718789556e-70,2.796174417061223e-68,1.1926063727815695e-90,1.6324951419049178e-105,0.0010928573916863268,3.8747927406255274e-70,3.8430900692321894e-30,2.6716777690813884e-78,5.901579529025535e-46,1.1063681723540012e-52,1.6044252049911996e-29,1.9502960559413702e-96,7.380281271109116e-21,2.267955107261163e-74,1.0491170841740371e-185,2.1894162038672504e-103,1.9028392763788414e-124,7.325492249982847e-80,2.036842998614424e-192,1.4209570503225867e-6,1.4558429502231605e-195,2.721114289755361e-181,4.4321597849400133e-128,5.74672809843383e-177,4.434410251278628e-73,2.8411215735063506e-178,3.5102703416577236e-102,7.494324418226921e-93,2.8665380527326003e-282,1.4574203928445898e-122,0.0006718392266642558,9.889283501704554e-190,8.684491105825262e-169,4.370657281595565e-249,6.326314003969033e-187,3.1733687506567946e-146,1.3268895375989895e-100,2.558843476084346e-94,1.5114757894496407e-103,4.449832388422971e-40,2.36785111647173e-58,7.949707022842327e-150,5.581971267248592e-180,6.899332125215771e-262,1.82821639200548e-161,1.7940061042656776e-167,4.667831532473168e-215,5.528023191723836e-84,1.2911990651474627e-236,3.861783621095308e-135,1.3152592277025011e-252,4.084234644785341e-176,2.3498192279078904e-281,7.215306093917376e-215,5.6748163679732585e-186,5.1169529002480634e-67,1.4336538840016685e-210,6.017754649465359e-241,0.0,1.2337755063140985e-291,0.0,0.0,0.0,0.0,0.0,0.0,0.0,0.0,0.0
0.0,0.0,1.5326819668030615e-160,7.071744030323407e-70,7.754667033125429e-159,3.933610610540721e-7,2.2352949028125006e-115,4.1670481457370577e-32,8.057043584273391e-40,1.2654863115073774e-82,0.002640843995188276,7.524798187661742e-32,1.0159310255653962e-44,0.001735113597503909,2.4210474596229264e-50,3.28706048526329e-20,1.7430527888348577e-28,1.1310647367893364e-10,2.342907547310565e-6,2.945051533795521e-27,0.0031654793281112523,1.7502339985609192e-7,0.001115011336612008,0.002845526498337421,0.003329849662739068,0.0016636868173052167,0.0073635631551119745,1.6701050045234707e-25,0.010268235167850191,0.0013792361724438696,0.0066859024713466835,0.005312760240077659,0.0042937877444986575,0.0005718635421919385,0.011708087860176518,0.013649906860355162,0.01657787574652966,0.01557763909884586,0.02244938630328966,0.017694952919356976,0.015587614178855194,0.01835113938604557,0.02568559505233041,0.021190382842453392,0.02508819034645895,0.023669679776699464,0.038737117690114634,0.008406970337734476,0.02591015804211979,0.018461899812095325,0.02227104137458822,0.010795899184216909,0.014412111282961593,0.0215922929912767,0.01646957690557332,0.009600977128151748,0.008178283508885421,0.006477539510530146,0.03267979062735129,0.04748543181491378,0.04174095215103053,0.02218193039237491,0.024930135342789744,0.02489810866666314,0.016187567753810504,0.01427167923747745,0.011875489102638602,0.008591287699827883,0.027120996119456012,0.030370808183767053,0.02591015804212058,0.026989747960542272,0.0292402679542038,0.019432618531590437,0.018352033601483644,0.011875489102638598,0.020512208450012125,0.017273438694747054,0.011997276445141562,0.008518684201513995,0.010793236131332833,0.0021591798368433817,0.008636719347373527,0.0021591798368433817,0.0028974954974339685,0.0,0.0,5.829399158228105e-43,0.0,0.0,0.0,0.0
0.0,0.0,0.1612587745981832,0.1369149794941584,0.04805725044256886,0.03207696305785295,0.07606598383618429,0.047311805447181804,0.056609713615137426,0.039438869131211064,0.036290142563404744,0.28779580182777786,0.06253371857049055,5.2848850186838065e-5,0.0037642227658183144,0.0010471556882074792,3.055372649645836e-29,6.826285899070514e-34,1.862077344106508e-27,1.3839144415198565e-21,0.000881592397247539,3.942562810891815e-62,3.523453590148305e-23,3.3664273505098674e-76,4.324112755397552e-60,0.0009199168730610073,0.00030179880673480107,0.0013436129212968909,8.083627203752691e-42,0.0011200313501902373,1.4690123793918583e-26,7.249495970895404e-65,2.1501013227341345e-39,0.0010081934591871567,1.3171971516057778e-85,0.0011150673718311938,9.93584888546714e-88,8.473970871874222e-138,2.3252636295136613e-49,7.008296969574035e-126,1.4761783620004385e-71,1.1254003350506932e-135,0.0011434152310701479,2.657470034733415e-127,1.5385981165281044e-93,9.160312993572693e-17,7.060942204426097e-89,2.2307395594470735e-39,6.35276031334001e-79,6.166778953258486e-89,5.3182650336996505e-110,4.458761659459818e-195,2.952991544074528e-79,1.925315445541706e-102,1.7704929629494152e-171,6.836499202181983e-104,8.12862321215641e-176,5.120919533720566e-125,2.603615542602193e-118,4.955350280424667e-61,0.0008854433548989005,2.3432511807124914e-50,2.676682313795481e-65,4.1779564762104124e-63,0.0011152324460401719,3.311997150576716e-144,3.842097796513187e-184,9.743750873687906e-142,1.1630288607333203e-58,1.1133783542996922e-155,1.1514581499102407e-65,5.672114659448215e-170,1.4991617542798803e-104,4.0674388748403977e-171,8.102276849087695e-145,8.033488546640746e-169,3.85299683836534e-67,2.1628459592659337e-66,0.0009474659000779002,3.602220112010591e-151,1.1335216632989508e-170,2.4792925008749697e-220,9.164899369260935e-191,4.329265758259604e-256,1.920503285833144e-196,0.0,0.0,6.290818080500375e-260,0.0,0.0,0.0,0.0
0.0,0.0,5.34754800746512e-223,1.1189675976567577e-42,2.7539635497902706e-129,9.231881596746886e-18,5.3597512693498385e-114,1.5913989353017573e-32,8.172031406173436e-8,2.9086889931493546e-69,2.8711391115629506e-34,0.0017713204991509465,4.041851385277725e-15,6.250270999015053e-19,1.2057435632964657e-20,0.0007421121758694952,4.871082188929985e-16,4.7083664616242146e-11,0.0015724124390523106,1.6706807570432354e-7,0.00013431612548921341,6.644045531639571e-11,6.88129841068836e-6,0.0009212778052151057,0.013707483835789423,0.001414701562060809,0.02467479895314033,0.03947016237662509,0.11745301490213367,0.10260829588967343,0.10574467622296606,0.08496735810662444,0.10680408940414246,0.07810838503623611,0.07030376176801961,0.05010240054751697,0.05552856228702902,0.025975702442540497,0.028411157169823384,0.016568117998588497,0.020051767892585143,0.01457886081336194,0.012208181073579641,0.0040465153513936794,0.005899339878409324,2.0287353806308165e-9,7.009837291472557e-11,0.004750568977558751,7.179529908787948e-16,3.944660406764398e-11,2.980342466800142e-12,5.650178802303803e-25,0.0004831342854903754,3.243895612946825e-42,0.003659395934918071,2.516102311507157e-13,0.0012425872658577107,3.497581051586152e-51,2.4773803302457422e-30,2.813261941031738e-17,0.0025098540281658192,1.2606446429684813e-15,0.002841610686871325,1.8997577147095858e-22,3.0928388638793254e-22,0.0007360432362580281,7.910637278086939e-45,6.955912557337294e-38,1.7522470968657233e-47,4.68746883194514e-22,1.405257579519641e-52,5.550878727970503e-22,4.5280610173599945e-19,8.288103652566973e-48,9.006860198888136e-7,1.3122302829699726e-52,3.4516821747604193e-37,9.371793407691304e-69,3.3071454474306745e-42,4.796226901969211e-24,7.12864880420254e-53,6.346813901264326e-35,9.90885028046464e-56,1.1270903350284812e-117,1.0040065187547578e-117,0.0,0.0,2.5940369724432434e-156,0.0,0.0,0.0,0.0
1.0,0.0,0.0,0.0,0.0,0.0,0.0,0.0,0.0,0.0
170,210,2700,240,160,630,340,480,3000,5400,290,180,320,360,280,620,5700,700,2300,550,2000,650,640,3900,230,2500,560,3300,680,1050,2100,670,220,200,800,260,330,190,950,1100,600,5100,390,1800,1700,610,540,1300,80,490,1500,460,430,580,310,350,1150,4500,1000,140,440,510,400,470,1400,1600,690,300,850,900,4200,370,520,450,270,750,500,660,590,570,420,2400,380,150,1900,2200,1200,250,410,130,3600,530
950:64,550:44,220:11,1900:76,700:59,1100:67,660:55,650:54,510:40,320:21,470:36,420:31,210:10,530:42,2300:80,1300:70,460:35,2700:83,1700:74,5700:92,640:53,150:4,1500:72,630:52,430:32,410:30,590:48,850:62,300:19,1050:66,1200:69,2500:82,130:2,750:60,310:20,1150:68,280:17,680:57,240:13,140:3,200:9,230:12,290:18,370:26,5100:90,180:7,2200:79,160:5,340:23,450:34,4200:88,2000:77,690:58,390:28,380:27,670:56,900:63,2400:81,3900:87,600:49,580:47,350:24,170:6,5400:91,440:33,1600:73,250:14,3300:85,540:43,360:25,260:15,570:46,560:45,610:50,3000:84,3600:86,1000:65,190:8,520:41,80:1,270:16,800:61,500:39,620:51,1800:75,490:38,400:29,480:37,1400:71,4500:89,330:22,2100:78
