15
0.4376920648927575,0.038410395233377595,2.2674610613384356e-5,7.872612387656776e-6,1.3477315947032667e-7,0.0004015789815665349,1.5580316726361095e-6,2.626355684300133e-6,6.389467356086727e-8,0.00036575849845844953,0.09251216245792547,0.19181748534280316,0.06287140425348067,0.11637626083347528,0.05951795922796431
2.498175357026733e-20,0.5895206588919721,5.176908504581482e-9,3.1778146388416e-13,3.268745169269467e-23,9.437897968453664e-13,5.684460933083993e-17,0.16636331291870954,5.47665664424566e-23,1.7393574287863224e-26,0.24411223561950665,3.263351396085558e-27,3.7870298940733142e-6,3.421431874199295e-10,1.960427613050069e-11
0.003110735657198695,0.004848219792037412,0.8844757260306779,0.00766354463356865,0.006783744596479705,0.003044893258574634,0.014451707632980622,1.936928306373589e-26,0.0021364550592548456,0.006019122782025865,3.3714321907457106e-6,0.062322550593325296,0.0020112826570763266,0.0031286458730882495,1.5213175925684168e-12
0.011045383801433075,0.0007680164728726424,1.7392883038386795e-9,0.006017243157368096,3.9410572518071005e-9,0.01574493358293982,2.3563496295369684e-7,1.4243936717279327e-5,6.951480212383138e-10,4.384686354840251e-8,0.624846324477152,1.7414054691443609e-6,5.763817322991193e-6,0.3415377086698428,1.8354821561913543e-5
0.0016695026917846552,0.009013533595952975,0.004574042339836411,0.04873198092401912,0.0020856717896101384,0.006185575514769327,0.0006103914941509427,3.9963175875253107e-11,0.8943620775235303,0.015055007025936014,0.017566282833971127,0.00011268895523593712,4.103923800228405e-8,3.204161549201695e-5,1.1626165101032165e-6
0.48454768349202765,0.03859578490836772,7.860416903749142e-6,0.17165443515453027,0.00886517851651437,0.0022434956041745137,6.396836973448307e-8,8.835128255046136e-17,0.03944982575811556,0.07187334158961574,0.01843615739351383,5.8510531602166306e-5,0.00012121045435884872,0.0054394333379024305,0.1587070188740033
0.00016564694723779808,0.01481252881155546,6.180926733521583e-9,0.0007400369320673852,0.6774529047370813,0.002585283808498938,0.2823818748020451,1.31028888698175e-12,0.00010587907471662371,0.0010424373017188702,0.013343596801694873,0.0014289795654443744,0.00573858023079965,3.338013500799496e-6,0.0001989067914017378
0.004258750463589651,0.007237579922253994,0.00022771834604277187,0.2753408789633516,5.020042493884807e-9,0.2928593846332876,0.006294880419260608,5.676697678439176e-7,0.02773452771066452,0.0339750167228696,3.8108612175197634e-5,1.060794630260999e-5,0.2854446188559021,0.06516365705461234,0.0014136976598770454
0.0018561874391115995,0.01792087699623828,0.05876132314061781,0.012175103262460732,0.00016641720227389707,0.0019108675884436672,0.027335614061843178,6.032053332118981e-16,0.07667564231678288,0.7793863993289654,0.018501636073711292,0.0001970699710087425,6.829244422464412e-7,2.331625131476609e-5,0.005088863442784895
7.129395596964814e-6,0.006973527089376992,0.011387226676856084,0.0004993254770870694,0.00039799177645373154,2.2230250675825974e-8,6.537118938676604e-5,2.36516759126348e-10,0.0946141686588,0.4533125550262407,0.015248261314552078,0.3730274951848151,0.0027680202007290444,1.37741620123275e-5,0.041685131381325825
1.9463127372974618e-14,0.20049151792814507,2.834449635417435e-24,1.1847748922900292e-10,8.620196432716194e-29,3.1583686110182095e-5,2.5623408811228667e-27,0.7984862898105735,1.483769304390563e-19,9.35195290024335e-22,0.0009905139036687127,7.965413648766558e-25,4.4810132393117114e-8,4.9425489084629366e-8,3.173842120457236e-10
4.411241827700491e-6,0.008357796180709318,0.00161243499939211,0.008589887823976836,0.032749755343254076,0.00012411268427908872,0.7802848812886333,1.0698606949728966e-11,0.04940350491950304,0.006962664766172976,0.004573889778019801,0.06493345070847933,0.0064180264477277735,0.0005671447146609471,0.0354180390926649
7.358718155938837e-6,0.01756883253967747,0.00416719365722109,1.8446417258444679e-6,0.0380136261321602,0.16669452415422936,8.418634701943227e-5,1.969101644742572e-10,0.017397682098628374,0.021672184417736353,0.03619212803054554,0.007939900033508753,0.5842181957667762,0.00014784407031557663,0.10589449919538951
0.3424937415214992,0.08096168091398041,0.05853777771959857,0.1334574303768286,2.294451252861544e-8,0.0021093046259947628,0.06786768933332617,8.414877458471831e-9,1.5049707830239271e-7,3.6316757154930336e-5,0.0009092936014869671,0.021420784284673977,0.24671733573080423,0.025231526412921205,0.02025693686526274
0.014257224867514389,0.026350444126279033,7.025494749724773e-13,1.493690591805071e-6,0.002321557698593369,0.011921537964629398,0.033941336301545735,6.928460897772206e-17,0.0010916888396778678,0.01453820303335972,0.00423766708884903,0.005791882903671924,0.3317640297884888,0.0018570851934225632,0.5519258485026737
15,34
0.002336104686764418,0.5886090154162378,0.3656806730621927,0.00031043015204979663,1.3710163094624513e-11,0.010387276116411421,1.3971017355521924e-11,7.029400116485646e-26,2.370320112338231e-24,3.512573764331234e-39,5.756767156704391e-18,8.152808734871936e-18,1.566160690654798e-22,8.251636421133858e-36,1.732351006160899e-22,1.524478067507441e-13,0.010351294284939966,1.7077120628931665e-6,0.01514703251689004,1.3627269943130377e-8,2.7001100703700632e-36,0.004430430750325047,1.3724667341259968e-49,0.002746021647022353,1.7552017308873507e-38,1.731763670621028e-52,1.1475770060656022e-29,3.1580046669950695e-43,8.962601633040143e-86,1.845383565304313e-117,0.0,5.266026538459272e-70,0.0,0.0
3.544877212121482e-55,4.806470183729757e-19,0.005092090134713711,0.035013815994357454,0.07257332323248346,0.12312870416013852,0.03825749677840435,0.04838034972583529,0.012446985802821916,2.5171288361853198e-5,0.006597625215115622,2.373808211246733e-8,1.8530359531901445e-16,0.02654290517475036,0.0017196573146229816,0.01908652932063558,0.024738123391148534,0.016969057704244613,0.020045950843330582,0.00748317150690803,0.048936275206088946,0.0502973037607735,0.0493010382935308,0.029677952726214145,0.1095804740585297,0.060796281158039825,0.08157681576487286,0.05860031098747028,0.03974790184046229,0.008924122802880892,0.001987395092023311,0.00247314698315825,0.0,0.0
0.4908464029195194,0.49334451210145436,0.010538695465500566,0.0010059782393350043,9.607765102624554e-97,4.0358132176886215e-98,4.4448842877176783e-100,2.5710730564948727e-62,8.034981364685878e-159,8.979628474641278e-139,9.858624837663509e-101,0.0014419818124955211,1.863573646720004e-189,5.261105578321633e-168,6.464130672015474e-166,0.0015516032246908722,6.684313572611407e-169,1.7752758178720575e-6,0.0012690509611863957,1.1030316721180792e-163,6.766262205741293e-227,3.1479388959093088e-198,3.570333580736996e-245,1.5072906239855542e-188,1.0568603736195276e-154,8.200142788869718e-159,6.164591805181231e-136,1.7735725436965537e-290,1.794065653414032e-296,0.0,0.0,6.67e-322,0.0,0.0
0.01598505660735697,0.08635760876313163,0.4051392714460863,0.26282520078916893,0.011029327132466056,3.082117232477758e-5,0.06771641626194524,6.780578135619275e-7,0.0028660327422492535,0.04952053057854408,0.016879276116412212,0.021241336427273015,0.025949478463301614,0.031789171896777914,4.706122223444205e-6,8.573830513779703e-10,3.915298670806297e-17,4.4243164778065084e-10,3.16100741496289e-9,5.303362056518808e-9,3.864303703699473e-11,0.0007852242193971842,1.229427180577787e-12,4.434959512378529e-22,4.694566739527366e-10,2.213253886334763e-31,0.0018759058111373203,3.9471188769683325e-6,7.270523189468315e-42,1.849397316548817e-126,5.077834202352543e-259,4.217337275758907e-58,0.0,0.0
4.785806783065519e-50,0.23616901579029626,0.751800397327026,0.008282482302966788,6.7835413088489e-20,0.001994868150055631,2.6263321908978897e-83,2.6893576875007932e-73,3.206878326538831e-116,1.773431900168873e-109,1.2438795417215533e-98,5.976850237134737e-138,6.49885038715046e-130,3.767839650323921e-135,0.0017532364296555588,3.7733203486680306e-80,2.6832358345200794e-71,2.2983957437683812e-67,3.871212733926433e-62,4.6669337648401576e-66,3.255555178376423e-164,1.976368176233138e-84,2.203121521136771e-161,1.192082987048166e-63,3.5014004171305406e-124,1.2028358149393938e-87,1.281553999594388e-181,3.600412611062453e-169,8.504426922842469e-176,7.869944687578304e-207,0.0,8.761874481171207e-235,0.0,0.0
2.678018544366581e-59,0.12190056225179435,0.7730992800086905,0.08448357583893022,1.4183743329377696e-8,1.7325453270085103e-6,2.802366792582594e-29,4.3415897153849935e-42,1.4091289490256746e-48,4.156931618168283e-21,0.0071752794966936225,2.3407881424597716e-25,0.0019472578874725418,3.3621186197515988e-65,8.045304215271465e-17,0.01139185331048464,2.5715315749053074e-38,8.141692054291509e-11,3.4291710345075793e-16,5.067409416719008e-31,2.8751598624249035e-74,1.424770810676603e-53,2.051315396014121e-54,5.655764571516127e-19,4.287397168195931e-62,4.443954463656656e-7,2.9121896949355037e-98,1.480828392965219e-49,1.481709104381565e-91,9.290504245559896e-132,5.77e-320,1.4089100636721741e-32,0.0,0.0
4.2136561585318485e-57,0.022832668210646872,0.9066849106669772,0.06354405068105771,2.642265165177679e-54,2.2935200568586177e-26,0.0038502689814512,2.307228084690668e-22,1.1501222274404556e-43,0.0003510298461902692,8.703105320538066e-73,2.479729223320499e-80,2.689136042070002e-96,3.236434625071799e-108,1.1198751827740153e-90,2.1193700428802618e-55,7.074374843586645e-71,0.0013728070141522304,0.0013642645995242306,2.982107878784871e-50,9.296920758763913e-134,2.217574619692493e-37,2.836406865323794e-130,1.8065051382456915e-99,3.16268155533201e-45,2.7737794306325985e-66,1.2128579285399234e-134,1.9972469366862334e-166,4.5061974387777754e-177,1.7439204510441372e-140,0.0,3.666186169960039e-216,0.0,0.0
6.253879105462574e-103,2.3181659321603384e-23,0.02544633688371817,0.08438736830260389,0.12015803154253592,0.10800088090481022,0.05790096618579438,0.0738972931773308,0.07172438833811043,0.03430447530039605,0.04678763772605632,0.0764880490552767,0.02377023007845239,0.05296885120052854,0.020094071787056907,0.03465219831163915,0.025598883575602846,0.008924796901469615,0.013429382170307771,0.021425143412509697,0.011138269986050043,0.016630706018848713,0.02681964823651018,0.009230688274905089,0.017485335690166456,0.01801212393600205,5.126035038188744e-19,2.697497489376307e-51,1.7213074744142335e-46,0.0007242430032728136,4.264533261005265e-26,4.486029601670468e-14,0.0,0.0
5.044905307617982e-13,0.9989671643298976,0.0010328356695806483,7.310682690628083e-22,4.2377572440382125e-26,4.601638540709375e-41,1.084621294136207e-40,1.721127033997158e-14,6.406989699544769e-64,2.7050084148007596e-85,1.4905367969989067e-47,1.0319693282169738e-72,9.444810464644714e-117,1.099967330778398e-133,8.549415304458844e-77,3.0599340580758516e-68,3.4345398798386e-89,2.8441590633343775e-65,1.1941105987365518e-63,3.0826641223266588e-68,4.427456793242776e-125,1.4094025689026409e-99,1.0482504619767005e-143,4.384141374378027e-78,1.3925242135557887e-109,4.8990163399695024e-74,1.4909949892298195e-154,2.3927046058233242e-163,2.888939096039337e-163,2.6838023006057748e-241,0.0,7.0997229159174635e-211,0.0,0.0
4.438500269897969e-8,0.9709838033301608,0.02757166851567302,2.8679612715682583e-8,2.240730117659939e-49,7.10605703144581e-26,1.503224572954345e-37,0.0006939236921124946,1.8481211636804537e-52,1.0774897073396359e-78,0.0007505313974385154,7.551000591879163e-96,2.949704421852354e-109,5.399109486361668e-156,3.663401148879361e-80,1.3181099268052748e-68,1.3817738031081887e-98,3.0712876088803694e-65,2.586833389577587e-85,5.8303311580115e-76,1.8164233309561309e-143,1.3217136683878116e-117,1.186818626713241e-165,4.43883897318336e-68,1.049028398384772e-112,6.848523525501932e-76,8.850368899481772e-159,1.0403140708607917e-222,6.509160709497632e-194,2.480379472649035e-221,0.0,1.3738516577201725e-250,0.0,0.0
1.8077365064508263e-80,8.438088684053459e-5,3.338101355098171e-11,0.009078901856550345,0.053933607974646386,0.02771351264424221,0.050562743302349694,0.039633904235659455,0.0682873957428366,0.08461787516964495,0.0859819846704311,0.06387332512370611,0.03960871990875841,0.020072419799627712,0.07745885859993688,0.034624233366922524,0.06340556016298114,0.02314479357066937,0.011509381386261655,0.05048363339550437,0.021173146416403846,0.023760911370736392,0.024765696483875936,0.029751188741169856,0.030879835611774407,0.03151262423802231,0.008538108679567263,0.008562197760851892,4.8098983473373134e-15,0.015139516504761266,5.760633797601951e-37,0.0018415423618816256,0.0,0.0
1.30123888983082e-5,0.7944008514109178,0.1979617207738855,3.0416037710866546e-17,8.282756513946266e-71,0.001412688768132668,0.00011183743522874437,0.0016295308595165303,0.0022419376929588876,1.6272670625015756e-29,5.8237062095915044e-39,4.3082169611387605e-105,1.3081894906201246e-110,4.3481515729445395e-130,1.3918325855209534e-95,0.002228420670461317,1.232430345151267e-87,5.490771604923991e-40,1.6560637755210278e-54,3.4039929150464334e-28,1.1938124493164925e-152,1.1418511633649528e-85,4.3534667395065186e-186,2.8219585063278155e-97,1.8125953215972646e-76,1.7130208633783703e-35,3.831298134483269e-169,5.802937745607125e-239,1.0884209950044846e-256,9.71320366992737e-160,0.0,5.689572496303976e-262,0.0,0.0
1.1236917639625923e-86,5.159462560202717e-8,0.06092742146141855,0.7263449365522,0.18200756716165872,0.011942673003516195,0.0030109809840480647,8.277285743867169e-43,5.065152667562909e-19,3.4059128526828e-43,5.745546344785282e-12,0.0002541710542616539,0.0028859732951792005,4.592257204218038e-34,1.6052666141675352e-19,4.191691736418419e-23,2.72986916519897e-8,0.0021986248229795714,8.88873805579572e-31,0.007982427680262144,0.0001166081626123505,0.002328536851838326,3.0512048487990288e-34,6.66676947452973e-61,4.433613295513465e-20,7.096212074722583e-11,2.266994134817117e-66,1.4724364035391375e-83,2.1210006180325406e-97,3.883306573887427e-123,0.0,3.31509025923135e-76,0.0,0.0
1.6473525938661842e-21,0.05603111053466849,0.7351648041231023,0.02948894993211534,2.9932927364887653e-12,3.078246011255887e-15,0.030335515761525,1.1708300546679453e-31,1.5369835405055446e-7,5.454734751296366e-23,3.096706534401753e-11,6.42328501132717e-6,0.009220489955622633,1.1093579359950775e-50,5.885257339146419e-20,7.293017939425018e-7,2.6314667649155457e-8,0.07739672040050118,0.029443875785585435,0.032632350031645156,1.376945497963924e-51,0.00027885084144415044,2.6544797512586124e-70,5.505206662429914e-21,1.8445330287683288e-33,2.678400828391846e-28,5.816181844376562e-57,3.901306458256896e-86,4.5150976087187e-111,1.684772575899951e-110,0.0,6.213934164438139e-70,0.0,0.0
2.1040095371031895e-67,0.008487678346369596,0.9398630889058992,0.03296637356083607,3.16460289713379e-16,2.9121085580051847e-22,2.635993379667831e-8,1.1638711358591576e-47,6.094510141585068e-5,1.8433924669101717e-55,2.703731530298451e-28,3.6879871379709297e-22,1.6329555532116015e-39,2.488926748768105e-52,3.3239857154658865e-22,6.973697042758155e-16,3.910928393211242e-24,0.004407933584219918,1.981141749486026e-15,9.195880905179642e-20,3.71355452953724e-69,2.4684049364218202e-18,8.46976314567833e-87,1.64058367512714e-60,1.04390262108686e-14,0.014213954141312412,1.2852155884476688e-70,4.330578709718605e-105,4.8717774853371016e-145,3.3686836427899646e-42,0.0,7.398752733196595e-125,0.0,0.0
1.0,0.0,0.0,0.0,0.0,0.0,0.0,0.0,0.0,0.0,0.0,0.0,0.0,0.0,0.0
3000,700,2300,6000,2000,2500,2100,200,800,7000,1100,600,4000,1800,1700,1300,1500,5000,4500,1000,400,1400,1600,300,100,900,3500,5500,500,6500,2400,1900,2200,1200
200:2,3000:26,1900:19,1100:11,1000:10,700:7,2200:22,5000:30,6000:32,300:3,1200:12,2000:20,2500:25,3500:27,800:8,6500:33,7000:34,500:5,1800:18,900:9,2300:23,1300:13,2400:24,5500:31,600:6,400:4,1400:14,1700:17,4000:28,2100:21,4500:29,1600:16,100:1,1500:15
