25
0.3740384193173438,0.10316767851501416,0.007639020557317659,0.04459372795137704,3.4172245540047564e-93,2.473722248906791e-37,0.007593677083375371,2.807671549650055e-5,2.3977898611075073e-31,8.075673116344096e-14,1.7336128652619561e-15,0.031072607077667805,4.729702206428229e-21,0.04907725872348303,0.2428234249537756,0.06211990390722553,1.323944731548145e-7,8.808183089712517e-6,3.4616381272030034e-7,0.07783675448592042,3.45967997237781e-13,5.887230510746676e-14,1.6397014010638039e-7,1.4955032395077743e-32,2.8947482906889923e-17
0.031080533885533317,0.0002514112290974681,0.0009362160446903911,0.0001365547750649065,9.669160971052023e-66,0.01909547473322862,3.2856395872782246e-5,0.21165741578856898,8.313498748708383e-9,2.7026638931480145e-13,0.0002704224700192793,0.11702167918570489,1.0706760507343654e-13,0.07950248000521491,0.005850132269930487,0.036090328731722604,0.4305620068656034,5.124060493060942e-6,0.009686870656459443,0.05747931688744041,8.647432000586093e-19,7.990692853999065e-15,1.4427225310150135e-6,0.00033972378922903716,1.1897109560946458e-9
3.588400863113538e-20,1.862184473049786e-6,0.19418406452180617,9.035765495800813e-5,0.000546361936624603,0.5975854687135044,5.480188511250749e-6,0.03363384533637762,0.04550856933100699,3.117201820665645e-8,0.0037971670936098314,3.59036708783131e-6,8.413434023181628e-5,2.3150047798477504e-5,3.8113558737015537e-10,2.0138528629408055e-8,0.00021649903210174372,9.452195033527357e-14,0.06604721065220309,1.9378433636612303e-8,7.500624405590219e-7,1.385131841068754e-19,1.3132560144392997e-11,0.045369696216495364,0.012901721237426314
0.13568028442024546,0.019191523364575584,2.663590359556875e-24,0.3827010554901636,2.7592069336377866e-93,4.0404730235515877e-23,2.3855574007461128e-8,1.817723288591497e-7,0.00928791688885099,7.947693217873294e-14,7.795594291514803e-24,0.03284671108520354,3.8961783938286716e-7,9.149801335050991e-14,0.11351156710403355,0.23603900543966794,0.05276066660015117,2.447422847297632e-10,0.006418529879320614,0.011560367980885531,1.1321797820374191e-24,6.279107232732244e-13,3.067692716507329e-8,4.139753803114595e-34,1.745578691249863e-6
1.0832373066455142e-88,7.782431970130998e-16,0.14168717957847277,1.5220244490728336e-56,0.5563406336313266,0.011556368022090329,1.198445502636895e-9,1.0042621661766258e-9,0.03688255041494009,2.906448922818083e-14,5.683335464505796e-7,0.00290282017213499,6.974810872175708e-27,7.240973443055455e-10,3.8598115870092276e-109,0.0011657087716909226,4.695049598383972e-52,3.967650710631756e-40,0.03227310497062917,3.2053461579226274e-24,0.004597749865399418,1.507615042882367e-22,4.502932518290496e-6,0.2125663938041763,2.2416576239751577e-5
3.643049480773401e-15,8.109146756533318e-7,0.03471018205192932,9.204829844692149e-10,0.6005962965270831,0.04275197086362542,0.0003391224762823063,0.00036098988135971506,0.028601447711543673,0.0007681336600885303,0.03963077629414051,6.866687557842392e-8,1.3518861441359065e-5,1.982164642054163e-5,1.1931539618740928e-13,2.6729241514325867e-13,7.828377515037586e-9,9.413054974463337e-15,0.015217056078275228,3.446998977989706e-7,1.451913317244646e-21,3.1039100531609295e-28,1.8748207613919802e-8,0.060298111387465485,0.17669132078142794
5.949251628410532e-9,0.00019697459215898928,0.25155402724521597,0.005204981313861494,0.05499507885980199,4.5900364775177353e-5,0.01916724130928227,0.08225789515871292,2.1536105882090417e-5,4.305089578443909e-6,0.03202344327021962,5.639019722582445e-6,0.06162662299052321,0.0229804498402541,0.03691587166116927,0.0011722408744078065,1.7485364205907145e-7,8.387462859567506e-19,0.01190514610483643,7.456467438438917e-11,1.2809747540189055e-20,1.376458606245145e-16,6.717118230777114e-7,0.31529386526195263,0.10462792834836333
5.203179803121133e-18,0.0025425190897234184,0.0027134796265267996,7.998688846167552e-7,0.002394633197203901,0.2618510156629852,0.11037313867786704,0.011776819754451457,4.475331367417425e-10,8.732532798054249e-9,0.2848807420159399,2.3011067777886857e-6,0.0031141845054635203,0.018560294072963474,4.3886390082419865e-8,0.05437992854169647,2.1268302480565389e-7,4.4842764583742106e-13,0.21731330070822405,0.03002352265542998,1.1651803474701038e-19,1.0080137624029063e-21,3.0745763744412836e-6,6.0004473820510066e-5,9.975715738005461e-6
6.363302709318942e-16,2.711143841318216e-15,1.6653161365954638e-55,2.9375070765557635e-38,3.8522059864386685e-69,1.2663225125100772e-38,2.125963027453884e-28,2.356802982647871e-19,0.03665754779982437,6.164329682987842e-37,2.0613469518867798e-43,0.1174356918859989,9.939802507355666e-19,9.120810906143185e-29,4.2403729308192835e-31,7.843053775309406e-26,4.287347300084042e-24,2.5444520247114716e-12,3.736000487085536e-32,5.120707943221216e-11,0.8459062248804151,5.353800067006208e-7,1.7336000670878657e-19,2.4942672375224023e-49,3.040246321738649e-36
4.627220468253867e-8,5.7334767992166224e-5,6.723651141635248e-7,3.039917034965294e-8,2.824258530205342e-50,0.034345488724259694,0.0011202578096243317,1.4309871878298045e-5,2.616107497891588e-9,0.14395945385500783,0.00025822940627660753,4.3102144981071205e-17,8.986620884655307e-5,0.020080350912099712,1.5946090225570867e-8,0.0002553428560096302,0.10298179352486456,6.765153666144426e-12,5.4527532270951864e-5,2.305176853310777e-7,5.737042575192594e-16,4.407744414363444e-25,0.2916921043423534,0.012812222524225002,0.39227771954115337
0.00015016859108815637,0.003918579278823763,0.011110605755701311,5.021902592494401e-14,0.03349650103143597,0.05552545940195874,1.5007179690719563e-5,1.8371859906176551e-6,0.0001467519991957012,0.06271666299394932,0.45659455374191465,5.2905042670663995e-9,3.740883844917622e-7,6.490634467988609e-7,1.1657453323082842e-15,0.0002706441340335301,1.0061499056261251e-6,2.43838849697712e-13,0.0008240606170980936,0.04961299585357672,4.209722387942352e-23,3.616077405191615e-28,1.3712471874161181e-6,0.30106632889379376,0.02454643750202515
0.00685090586827887,7.113284677958553e-8,5.5290699498122555e-67,1.921288047727728e-7,7.3250175104753714e-96,8.616402653663567e-65,8.003905909593e-36,3.284817354309726e-22,0.001914067003100137,1.2760235007965562e-15,1.4166435374482894e-59,0.5388137102369635,2.764091213620615e-12,9.657448562090638e-12,0.029855985831728948,1.7123578158327385e-18,0.028628894310212847,0.10596400626700801,1.461717323581873e-12,2.723921505932802e-5,0.000975358263637268,0.2869691086856984,4.6104277657673924e-7,2.0186369083722954e-51,1.1299258981260254e-35
3.723169478557731e-10,1.0402945792860829e-17,3.43723020165472e-5,4.618184368377458e-25,6.046263865421871e-13,0.009817048262840999,8.116392330220781e-9,1.9553636319072331e-16,1.1163249836495231e-10,0.06733687162190037,0.032624335204711426,0.318872413756039,5.371316180781251e-9,6.418206029471998e-18,0.01763707564556981,5.47848693910728e-13,4.1654374476266685e-5,0.2768030212782896,1.138886488507688e-16,0.003121246960753543,0.18501860908648482,0.06707505063071566,2.665046236850158e-11,0.021618286876730612,1.0251489877621498e-14
0.00882025554344472,0.12440444474547245,6.279517336145574e-7,0.009938335529037026,0.02396305587645368,6.50981387768349e-8,0.03254102745552896,0.0007578775709207004,1.755365021252968e-18,4.280419752643106e-5,0.0009054604224555549,5.773510065628165e-6,4.3863791921472455e-10,0.5382405662263247,0.014831697937305871,0.1959887970951511,0.0003820654353884483,1.421420285964504e-10,3.752367548265189e-5,0.009805580899436105,3.083441185188883e-7,1.2538141585601567e-11,0.024192740949935742,0.005560261479766041,0.009580729462995402
0.09952517193225921,0.06562675005041453,0.005959029317149874,0.30945772222703927,1.2721772115731686e-68,0.0019817143359886127,1.923285902148956e-5,0.019425031464936373,3.562828151607073e-7,3.592632454599629e-11,0.0003256256467873659,0.03163558104325353,0.04125913058430074,0.13303809451925386,0.00025477294002214596,0.1805200681707379,0.10504935246886554,2.690864021288223e-6,0.005918686952712881,4.826183639841635e-7,6.038385618410378e-22,4.810161967252417e-7,2.4603434648558313e-8,1.8020200631117553e-26,6.649845807472366e-11
0.05788912517684788,0.011842284622563502,0.02237031380252305,0.0164463253022486,7.59327860053994e-11,0.01295754918212962,5.63813256527702e-5,0.051637944045072735,5.390121907155135e-8,3.2384626944309473e-16,1.1622609748874216e-5,1.3782470843694e-10,3.931750582243515e-5,0.11424806771546912,0.17462208132374843,0.5184329801955101,0.015515795892356292,9.226800709204358e-7,0.0011712822519289842,0.0022125449443436457,6.134807774301377e-19,4.308174185966091e-7,0.00039597538415580825,0.00014899892349050148,2.18392121710194e-9
3.298345904713975e-5,0.10326394245613778,0.0011746105214697675,3.601598957919827e-7,0.015186931507305839,0.013071522924286906,0.32921680965181765,0.0020653489693770663,8.45255584481246e-16,1.017349047467025e-9,0.00039990038128488503,1.5932662107969219e-16,1.112488900716206e-8,0.33503880872242664,3.484945771868573e-7,0.01594187749907488,0.00571970005160517,8.651177533888224e-8,0.0386558368384536,0.05330290740552457,2.4792473738880115e-17,2.318970388839269e-9,1.2402552507098384e-5,0.03695344926516624,0.049962158167056826
0.1505254852888114,1.9384470492294332e-9,6.791423101192185e-11,0.00879705369412498,0.01064353614405068,8.309503571259605e-17,2.2238795815890868e-10,5.750603247176034e-11,3.647272334750293e-6,0.005356667861904255,1.0340974357126138e-5,7.849882166364978e-9,2.3303603271752804e-5,0.06101044452840657,0.046580975505303227,0.010564499251281693,2.21630200493974e-6,0.3350357516794098,1.0833482902178895e-9,0.09429820448802623,6.916868547813692e-12,1.56098708397936e-9,0.276928488954268,4.139707628250327e-6,0.00021523195742646233
5.105467113130127e-16,0.044706895377559286,0.019621785193332294,0.012735870301269459,0.009465133062714208,0.15814214048652162,0.25997865995368025,0.21222328244015295,0.020639040196894453,2.6410768504241225e-10,0.044353941308470694,0.018510320527506792,2.7441992125153427e-10,1.6327399908210135e-5,1.4344958376277103e-6,0.0058306155203039275,2.707186504078284e-5,4.946244233059174e-16,0.1920459157798959,0.001697401480168355,1.0554406900435088e-20,8.57768050247943e-33,2.219311130927813e-7,1.7054060886454845e-7,3.7716004925564084e-6
3.38065430178795e-12,2.530745334658355e-8,2.349842229015206e-24,1.9367306379109034e-9,0.005936695685545578,1.2965828471400873e-39,0.013127579412552428,7.719607380832054e-9,2.809355122454878e-14,0.15130505365661318,9.274757388054512e-20,0.13054263255077472,4.668034008525981e-12,7.403023635445287e-14,4.932829453476954e-6,2.405771940020551e-5,0.005881900513554362,0.3093837665926948,6.467101591914454e-6,0.21949953838734002,0.030743460177314143,0.13352377942820473,2.0100477572281387e-5,5.032640159994235e-21,4.954460922511221e-10
1.2844463278664425e-6,2.6977978186717764e-7,0.016943295255426108,0.09320182449185335,4.222686915064226e-53,1.7414776744005966e-29,8.698167558328438e-5,4.3836891951297825e-11,1.8694203352102474e-18,0.5073523193801011,2.2167816475955436e-10,5.7690632340751216e-12,4.1836469572141493e-13,0.0031223871634324424,2.1308430182616815e-9,0.17615856331588642,3.4079779762063005e-9,8.0048687475295e-9,3.299549084780961e-9,6.160404606949513e-20,1.0759624077876185e-25,6.894519012103631e-21,0.20313305596311698,1.3278909603563732e-22,1.4135494376939587e-9
0.029544807532940174,0.0659572283019603,8.367153608830971e-10,0.1032131548994301,1.118122880320113e-16,1.0744050596197797e-24,2.7123002759122972e-5,3.6152474092167338e-6,1.2588928013833334e-6,0.21153842414870316,3.189428654744095e-7,1.0087672325048945e-10,0.06755866564610753,0.02297661474556393,0.0001017725606566116,0.09630088352626094,0.0037561957785993754,0.1745923444090456,0.012821700462875308,0.06346798176534177,0.013640632738843432,0.020972522658592927,0.053258021172504035,0.03616373384725505,0.024102998781892454
0.017848260936894535,0.02093365747319884,3.48200225766034e-9,1.2869663273907356e-7,4.70385013235044e-12,0.00037551085182422,0.0031095442914764442,4.162966457421118e-7,7.992945866053204e-10,6.1313102511682064e-6,0.00034491256193899816,0.016501401879889015,0.23986054251092842,0.00011167960075879601,0.014375054438711055,0.00010077169219105373,2.8625287730787975e-5,1.7712640325395432e-7,6.032225463184643e-6,0.12097874725940312,1.1402964501791578e-6,0.0795157566484864,0.4858971616584787,1.3599790373825408e-7,4.20667233888269e-6
4.427528318854988e-16,3.7876503694884035e-5,0.4772762204791745,0.009366832434702736,7.035667306804657e-7,0.0014888875242849966,1.2058278010686617e-6,0.11335598510197281,0.03063607904929077,3.463790165199684e-7,0.007260002924792217,0.010468660902338986,0.00037515670733703755,3.5207605818183794e-6,3.802164669086952e-10,0.00929755903287924,0.017451780240476167,3.0353758609763317e-12,0.3129575656251424,5.366477376360133e-15,0.004324259366676339,8.240058583068131e-15,4.537209600172589e-9,0.003445445366844168,0.0022519072857870247
0.02147023665348891,0.250500729168213,0.0027861315671438005,0.047076080450923694,4.8569203545432366e-8,0.0009586613517419973,0.08724631212075666,0.16778792248067395,0.002261558515782325,0.006272266616602946,0.07858706213272858,0.10570529881885726,0.08492133825405407,0.07579280788809221,0.0024481380547838718,4.000574358382441e-6,0.0002434914909342303,1.1488619059073112e-8,0.010816590815439012,0.0004984584035311386,0.00974350574143866,2.426461343418001e-20,0.00026095674020089674,0.0001089432945893239,0.044509448807842474
25,34
2.9042264699971347e-48,0.004378968383794894,2.5395874147815462e-8,0.00026974400373893,0.0005406423734642335,0.8057903046575019,0.1459067752047501,0.009806480715548488,2.1035157410009136e-10,7.479172680385757e-10,0.001983422841346746,2.068071414525972e-24,0.003425631554433978,2.5873825752830263e-6,9.246578958740786e-8,1.6910689694505362e-25,3.536095250408957e-30,0.0039677968941771976,0.015226458211744906,2.4422981054312116e-21,0.00870106895699073,1.0584663367314858e-37,9.455685288282238e-29,5.5181228295727015e-46,1.366411890432787e-37,4.7839304413574405e-29,1.0658485769164565e-53,1.5995300724254429e-34,1.2565583122867145e-84,1.099616340220547e-150,7.739219474502893e-76,9.754327583336291e-96,2.0547388535597907e-225,0.0
6.846056344822859e-25,4.3814122519279865e-14,0.0009348589425277894,0.8939217617935812,0.009859340511815149,1.3714606666445617e-6,0.022355868644660576,1.2168676064736838e-16,3.787972531982676e-14,1.610879444964764e-36,1.0433656600521174e-7,1.7775362860854856e-22,7.089490305395107e-13,5.43410703324756e-16,5.52280868003825e-45,7.935016496393479e-47,0.00029733082432851555,5.5250422443785896e-49,0.051655559761545115,5.312335058951564e-5,0.01061563101135969,0.004843164716494061,1.916014178025068e-25,7.828528912457264e-127,1.1917864066979229e-83,0.005461884645074459,7.839617668632098e-37,4.1698464211883014e-71,9.838372467767525e-98,7.460540053206266e-154,3.2373289577649594e-125,8.953279975087224e-81,0.0,0.0
5.464218897529697e-9,0.9986397037788686,7.641591306878342e-7,9.849198433057894e-20,3.951893021589442e-37,5.360414724736166e-34,1.5502487081326935e-88,1.695163629703e-82,5.1676313643382743e-141,8.869910042848558e-167,1.2116649579201128e-87,3.569093574110359e-43,1.5545901781093386e-43,3.4541803715004556e-124,7.319540512353263e-115,7.021629153484446e-118,1.6324302551594572e-160,1.5096809940810583e-24,1.6500210215323791e-139,0.0013595265977819901,3.665114564312546e-107,1.9618586215857965e-104,2.416983605671835e-163,1.401271322022527e-136,2.2453329337719277e-87,1.721067753967666e-203,9.104686097573314e-161,1.0901241342399335e-261,4.269018641719028e-239,0.0,0.0,0.0,0.0,0.0
9.792455014513707e-87,1.8582545306811076e-40,0.015190479038044538,0.0006046455681485479,0.8999200843630353,0.03229612264682464,1.3681993002932999e-6,0.027213519930680323,5.266379715620477e-13,0.002709891899602946,5.2176371868373814e-14,4.5855125958303066e-37,2.2108363508580527e-12,0.00373640138317938,2.35830893141868e-18,2.795257001697269e-53,1.0907404911222676e-23,4.453560394768376e-26,9.089209219802294e-37,0.0044703708040777215,0.013857116164316572,2.0090660347673446e-35,1.7579709535110248e-65,2.4186040446581514e-64,6.979258737624765e-56,4.491746530625774e-40,1.5152761386097925e-64,4.670153699193474e-62,7.60038845715976e-133,2.147317302721565e-175,9.177020662930905e-151,1.5503086022152756e-111,0.0,0.0
0.9937703485193284,0.0061617588831128015,4.217703291193549e-40,1.373270176152918e-61,4.7770373120405257e-76,3.4947040077568214e-52,7.910305067107377e-139,3.5187098580263676e-101,2.3714286760411593e-132,6.0111469042621455e-167,6.78925975586132e-5,5.716647870920414e-90,6.262709261041122e-81,4.929164793929691e-166,1.3256173821123817e-137,1.1038453495309263e-144,7.954087475907546e-156,6.873557588362739e-87,1.9522997125739044e-145,1.571714357889687e-109,6.587802707575859e-142,3.3436173804972405e-111,4.0642176799565365e-164,1.817421991427647e-99,7.88815975078158e-71,1.5068898308261041e-183,1.1043995167711413e-140,9.688519987174936e-285,7.40142627870634e-280,0.0,0.0,0.0,0.0,0.0
0.00874375983110651,0.9894563568233478,1.3972205907736693e-8,8.031049573795457e-36,1.9302021775646886e-45,7.844623255262552e-57,1.1885404763634485e-72,2.758929507858315e-116,7.420215932844223e-157,8.919661694089948e-161,0.0017998693733398683,1.2816760090923335e-59,6.589016643844609e-61,2.2049297753419996e-88,6.906195553443824e-158,6.101236344713876e-123,6.034506414342823e-144,1.3262480074440745e-29,1.8045520071532305e-158,1.0128863651786802e-62,3.009910092904857e-121,2.5303858068456318e-108,2.586850167822299e-148,9.782705448174461e-180,1.3960566666318953e-147,3.1096138298270017e-191,1.0478001321431508e-170,2.210615777536253e-234,1.5758986018996461e-232,0.0,0.0,0.0,0.0,0.0
5.372026421341316e-32,4.984594767343453e-6,0.9999698880959602,2.5127309187663467e-5,8.471955711725125e-14,2.305533230409196e-47,2.1479974730562316e-25,4.4655257879833875e-38,2.2729050803687984e-44,3.5966520580283004e-67,4.146150244606569e-45,2.6722011676287866e-29,9.020931374122668e-29,1.0804756530319298e-46,1.2664908589243951e-56,3.058229097918241e-88,1.2269834268655928e-41,2.0241761151388757e-40,2.492407396951804e-54,1.9640130925353885e-38,1.272754649045981e-27,1.7774388429887873e-29,1.6612569027926422e-65,9.098495600300708e-84,8.025336324386484e-102,2.3898794656917626e-63,2.8466912622745843e-89,1.7486544976369435e-138,7.997084239890896e-108,0.0,0.0,7.823312087575006e-198,0.0,0.0
8.61956110593866e-26,0.0004369208614814252,0.9579175127851602,0.02779598219024065,7.24245575990634e-14,6.979203745715983e-32,6.410759625397608e-15,1.3537757904463424e-41,4.009136811290425e-62,2.7652491544773263e-92,4.460974508973742e-64,0.009023711152715998,8.61295802231142e-15,6.559172821881342e-45,1.8117743319400758e-105,3.388996632555042e-27,6.575719974072711e-87,7.58514399039912e-8,1.9651666369696768e-60,2.4410590542264325e-13,0.0048257971586300515,1.1669216857759243e-95,4.555593749554357e-89,3.845674470475051e-183,1.0585405835473127e-115,3.00529060057729e-92,6.476547574834346e-115,1.0497753021592986e-151,1.0727345214676705e-128,2.862150076279619e-275,2.229332569352144e-252,2.1220937697746618e-206,0.0,0.0
0.02116358441592489,0.014116920475230244,3.505806641357503e-8,0.03869650580790736,0.020817024403643383,0.021219661408423678,0.05165170954325554,3.2923445227539554e-13,0.04076214314421544,1.6726578570449585e-16,1.3288031568390647e-34,0.025551475482246705,0.020473550887799022,5.348375833720434e-49,0.07233548355833774,0.04619443248199692,0.011303873738374905,0.04729917531246785,0.05381208023752765,0.1015770353380789,0.03796338187943026,0.17610964682689823,0.061749401378810735,0.05086203530310296,0.08632067492672849,2.016839120319861e-5,7.895757049656879e-27,2.7330464682447442e-123,2.4210666893073027e-102,2.2670146464936006e-192,1.6737538225167913e-88,4.683094495171508e-243,0.0,0.0
1.1892550084580307e-10,0.2928827906277947,0.4634350059745503,0.013426088309304593,0.10256758455134916,0.12768830386812763,7.202754839394412e-15,4.677641120076751e-19,2.265395839131634e-7,9.650313472303663e-20,3.1951268349818357e-23,1.0871821074034849e-13,5.158917518671616e-19,2.4473977003426744e-20,1.0247606741909967e-11,1.0067238313572805e-44,1.4520973543977832e-20,2.557011958121868e-19,3.0786756796553263e-50,3.830968390140067e-29,3.2894541633625584e-24,9.49782874963954e-49,7.192447860474048e-38,7.984493783638908e-16,1.6213488000212104e-76,3.2638279685269787e-31,3.156719760938008e-39,1.551049702815194e-125,4.075901469125276e-154,1.3871894603486268e-215,9.681891687316704e-208,2.3796005712361166e-277,0.0,0.0
1.875687348554867e-14,0.9994930363108466,0.0005069636778400294,3.131491820770184e-17,1.5538626864126839e-35,6.77517009351023e-31,2.282924077783893e-64,1.950673497553816e-76,3.075771887888592e-113,2.3760539669261657e-94,5.673790179037392e-32,1.1294418148164577e-11,9.086886092137867e-53,4.015439834842484e-63,1.0272104617603328e-122,5.779940696866122e-81,3.364571022937301e-103,1.7600557716445947e-19,2.7314839738722305e-100,1.5883517845179182e-33,1.106089835704933e-80,5.520107705290971e-101,1.2996189622191156e-155,1.5853471855905066e-131,2.4447329595303643e-97,7.74783935217193e-102,2.6027440652316447e-137,1.4940884418351754e-168,1.594152931281863e-156,0.0,0.0,0.0,0.0,0.0
2.3854403268800214e-74,2.9743960211984963e-55,3.3129919519033524e-42,1.0359957099049181e-19,0.00012610180895588906,0.003975790477068477,0.008260419582860988,0.009523054367761864,2.7288282809515956e-13,2.1217265080121652e-10,0.02081417780241134,0.006616240274108436,0.010905463414379599,2.4143235842588166e-15,0.01874651181384835,0.008574617561568635,7.221315768919568e-10,0.008282270892795773,0.020624927980317582,3.0565371315596215e-6,0.024757900616089307,0.0299976483005937,0.08442500030798837,0.06666504033727087,0.2026468194564012,0.19311172669350726,0.1072963209169769,0.06984937428424713,0.05478052999173564,0.03334467042975213,0.01429057304132234,2.7732873740331982e-12,0.0023817621735537234,0.0
1.5830756738229818e-16,4.199905035802643e-15,0.00016477396448326683,0.003542509724643226,8.780427481484673e-6,0.07474441911921752,0.13107957704555873,3.2890533736927126e-17,0.024712736783978687,6.44230521499433e-8,0.048912752524972285,0.09261402928746779,0.08794920323996559,5.421803932158865e-6,0.0003445729153394611,0.166091816120074,0.1211223456563048,0.10166870229605275,0.053259955682552096,0.046710188590037637,1.2030321412994596e-10,2.904337739587879e-5,1.2673336974166214e-32,7.509865390906129e-39,4.6680827123004405e-25,2.1190874870820523e-11,4.934328512009787e-7,0.02724231839002115,1.521420962428924e-22,3.998986935059677e-50,1.6254416463101419e-71,0.019796295053119615,0.0,0.0
0.0031400598948303085,0.030703023713746076,0.9353304594365203,0.02442610971162146,2.0199359430917156e-7,1.9966732250455867e-16,0.0040981936125396865,2.019664679982866e-33,1.0600234318023172e-7,5.4712229162425365e-53,4.681397686952639e-11,6.332752324638e-21,8.633556304296128e-11,1.1092829096027157e-19,1.014085400437755e-49,1.589858553003739e-83,2.85785053699266e-44,9.448622733074992e-47,0.0006544086069708843,1.3781881712785242e-33,3.0781189483687114e-20,1.1053211509035162e-17,1.661404846154796e-50,4.0072466820343586e-190,7.37352107657444e-119,3.8481196000346413e-36,0.0016474368946842492,8.022255169846712e-169,1.8622668328219387e-236,0.0,1.0042134412830116e-247,0.0,0.0,0.0
4.637773325679773e-65,3.87286513472332e-35,1.906384146203401e-8,0.0012137980212963805,0.9747897578282313,0.011945049331067445,1.201833753482003e-7,2.8515751782522733e-15,0.012038194829785376,5.8162835187577025e-21,7.807415410659628e-20,1.1235447798862777e-32,9.21754175084204e-9,4.549213375456694e-9,1.1799657575466681e-18,3.1738579245524777e-57,2.0599955303037326e-14,3.3522874659171055e-19,3.931086522687584e-7,4.3381350003888916e-8,1.2610485620494981e-5,3.593541119453713e-33,1.1189027578979371e-15,1.696681853187502e-95,2.39329428920967e-61,3.1398676099447986e-33,3.6607130671269e-43,1.7233007978323586e-94,8.293912144551365e-126,1.8542074193817642e-168,2.054872160484175e-131,1.1741145760164195e-81,2.723866190018595e-227,0.0
2.4010340847583134e-67,2.3559192569497878e-36,1.2178393284459804e-5,0.9767005880106745,0.0062164841524098,0.001315928384733664,0.0040593178369305125,2.2112456228224185e-36,0.0033212458185833426,4.415723255412993e-49,0.003922115731378774,2.0037522913495194e-42,5.303424623548375e-34,0.001714783521136976,1.0287815695474474e-45,1.3164221211298054e-92,1.089510748414922e-10,3.5232419820800536e-39,3.476690063398521e-13,0.001173842966167854,6.337977975958163e-9,8.662451125029039e-20,0.0015635087374232927,4.411977966030783e-142,8.76728471239102e-118,2.2167684293729596e-33,4.513521599532767e-61,1.8595076433782706e-140,2.070500057925059e-188,0.0,9.109624903649785e-248,4.934461643622345e-264,0.0,0.0
2.9337540364199418e-18,6.202417049582501e-9,0.07760391627004966,0.8064627876665139,0.08482318357915918,8.18170768930951e-15,0.005683414459635298,2.9181394747898764e-16,0.002879573109582235,2.0490462942054514e-38,1.6041744922100307e-44,0.015569400237232845,1.2300700720996562e-45,1.0032601961924842e-24,1.4513720208631135e-50,2.8858585039480316e-57,1.3142231087788175e-57,7.196574902947659e-38,0.00045458043514893555,0.006523137665934088,4.153097235858016e-37,5.678239443988746e-29,1.580068724791924e-27,1.6761080414480705e-139,2.6809624789464456e-94,2.2615494825445676e-69,3.743180830738219e-10,6.603582459029694e-163,1.1950368960998872e-195,0.0,1.2957027063336784e-186,0.0,0.0,0.0
0.0062126160615418955,2.0474787061362427e-30,1.4557020871953221e-6,3.7032473507990064e-7,0.04957321842460827,0.10324957270437068,0.26898196071462516,0.09358191719596859,0.14308402930298328,0.0416074835506439,3.788187598913205e-9,0.052219862992942706,0.03067068147365275,9.034759449574764e-8,0.0207124070253137,0.04352328375529141,0.00016851434352010386,0.04555904268812995,3.763966234339074e-20,1.6516475562062856e-12,0.028058267521971176,0.03169299428212647,0.011149440954646251,1.171034030082131e-12,2.890235410452414e-26,2.5990891111679877e-7,0.013822170959696223,0.016130355973629194,6.813538353520312e-34,8.275752351922407e-104,5.380699734852291e-24,4.079464597203627e-83,0.0,0.0
3.2069205257226533e-20,0.002861472660753368,0.987632954293627,0.0019155706534153192,6.79264798145783e-32,4.874685917581093e-21,1.3339006982877943e-14,3.6676385274874995e-24,3.277379539327402e-73,5.276739035075269e-96,3.7717640087326037e-78,0.00285857984571212,0.0014423518931695211,3.349874241039519e-48,2.3564793214728852e-77,6.747684112618188e-74,6.821690789520887e-100,2.885607873674005e-14,2.2356248642375483e-62,0.003289070653280603,2.03372128137174e-17,1.236047407209388e-94,1.7340283874174093e-145,1.523054333647774e-193,1.3245625622226698e-144,4.3264748638756025e-101,6.450132232430697e-112,5.659936161131141e-169,2.6369910838626026e-181,7.860575634246869e-240,5.4884953960875604e-285,7.586146713890227e-165,0.0,0.0
2.6597979885969546e-17,9.258136854880806e-26,2.926847546432091e-9,3.96120309271697e-6,1.3531742804328682e-8,0.003813673679450194,0.03027907756280123,0.3124097818860049,0.09312740990575015,0.20384422686181622,0.08771259939569682,0.04651759841082855,0.01774231624396916,0.17211870855472364,0.007426754948360205,2.4586985591407463e-5,2.965048171782569e-7,4.6649834624353954e-14,0.0002062793243052856,5.873851747229947e-27,0.024534321728388184,1.5624375131333572e-9,4.925213862414921e-23,3.7072997018801765e-14,1.6614768934444562e-21,1.592230771357469e-6,0.00023678694382351148,9.608697810373576e-9,1.7351702286611886e-32,3.13801187824042e-46,6.527583304993274e-34,7.742385326670346e-22,4.845831082520667e-218,0.0
4.7357643343409727e-66,1.314860142001798e-32,2.6272974776453408e-20,3.476079098275367e-23,9.412818401476895e-19,1.685475346637159e-25,6.382220141405599e-22,0.13952113179575348,0.06330358217350512,0.1174506558746623,0.1454814301958799,0.11005244252686408,0.12652189703593691,0.011397756353832477,0.08251719572124562,0.020623259580454273,0.03187989057776288,2.828378038017277e-34,0.02436381267887877,0.03653260840201414,0.02774147540677006,1.541337552039797e-29,4.939125897390935e-22,4.928294052649421e-30,0.030820865795679282,0.0317919754861859,2.0394574894372975e-8,1.847571856684736e-123,1.2444700328399338e-58,6.236336281754212e-193,1.1391822264208444e-124,0.0,0.0,0.0
9.070680101974876e-46,1.224372751532774e-28,8.733453729231963e-16,0.0003231800751236042,0.0012069598045639106,1.446056888853116e-6,2.934095390236449e-5,4.4161340199342337e-7,0.11306863821975738,0.06552589004038568,0.04946290394462361,0.03848333793073602,0.0579044209193343,0.06316910859792546,0.13616235406465427,0.044038825310149445,0.09911993292244968,0.08473113222367273,0.056618600734461955,0.06320354278937773,8.951203058834077e-5,0.06830128175952706,9.303614378318663e-15,0.04044688702054271,1.0744128628087647e-6,0.01810040901519747,1.0779559862558735e-5,9.318879137599952e-33,5.71425916542765e-81,6.346370122750282e-83,1.7689884811797908e-41,1.664210477935858e-61,1.163747248442018e-137,0.0
9.12175515804576e-18,0.01515071617763548,0.19291149353963635,0.405377830843102,0.20852033494953037,0.0512727723490852,0.009754753348414554,4.333822934311948e-8,5.467412673919105e-12,7.396552973540335e-8,0.04489599495639797,1.8170620488018793e-8,0.030326449561317703,0.02342936618337798,2.6209308257006884e-15,1.5490625571568284e-18,1.6971614339683806e-6,6.942247974601458e-11,5.245715557704522e-28,1.5437763172538982e-25,2.7386671780197987e-21,1.1518107116173932e-22,6.408021778292509e-50,5.478976588481155e-79,8.478501600603409e-46,0.018358455380796265,5.884921346701839e-44,1.24133741041869e-40,2.475525979943059e-80,2.0491853979329434e-135,1.3649171876493795e-92,4.4664705442065253e-38,0.0,0.0
2.2983799347839627e-12,0.9722080209935181,0.016390108657047736,7.86946932461612e-20,1.682035044232368e-45,0.007310200021435231,3.7137095183178914e-28,3.185150670042795e-32,2.034963457631303e-90,1.7216140323097607e-91,2.646516602138904e-61,2.9158920290524814e-28,0.0040916703257005095,4.775597273989674e-52,1.2479122505242103e-33,3.261460308250732e-95,2.177752182790167e-83,2.7951482400578204e-41,1.3125310083757069e-74,5.89246497548324e-56,2.029958227912673e-45,3.053556198464377e-82,6.335996342541938e-92,1.0145401991551313e-122,1.920025818682932e-59,1.1222251975072987e-119,1.67485062582304e-117,1.3006422835737986e-187,1.4101398975949348e-179,6.985786797975434e-265,1.5128047059188146e-232,2.433697594318661e-242,0.0,0.0
9.346947209819014e-20,0.4993616446653264,0.480422599542089,2.13175225979868e-6,2.1083679366883495e-10,1.4994295109370476e-20,3.2962199663289333e-7,0.006648522302103248,8.18187521786628e-52,3.5112393188292824e-62,2.791343807235821e-45,0.002017735784754001,1.7608880023480007e-16,9.40909677757676e-41,1.1381584130355271e-67,1.1389628781619633e-57,1.194546319907665e-71,0.01154703612058793,8.971448475494366e-54,4.594063491625027e-14,2.572996641340745e-23,1.207795990725083e-77,1.4068854942959863e-106,1.2715389825624141e-144,2.3588129997776924e-103,1.130953347669244e-62,4.003906428764305e-86,1.8506581117797857e-116,2.656453637816205e-90,3.473384744597587e-226,4.5120389211350856e-198,1.0617615725969376e-131,0.0,0.0
1.0,0.0,0.0,0.0,0.0,0.0,0.0,0.0,0.0,0.0,0.0,0.0,0.0,0.0,0.0,0.0,0.0,0.0,0.0,0.0,0.0,0.0,0.0,0.0,0.0
3000,700,2300,6000,2000,2500,2100,200,800,7000,1100,600,4000,1800,1700,1300,1500,5000,4500,1000,400,1400,1600,300,100,900,3500,5500,500,6500,2400,1900,2200,1200
200:2,3000:26,1900:19,1100:11,1000:10,700:7,2200:22,5000:30,6000:32,300:3,1200:12,2000:20,2500:25,3500:27,800:8,6500:33,7000:34,500:5,1800:18,900:9,2300:23,1300:13,2400:24,5500:31,600:6,400:4,1400:14,1700:17,4000:28,2100:21,4500:29,1600:16,100:1,1500:15
