10
0.9178487531540391,0.00792014689302731,0.05172449090687886,0.0,6.090795149298118e-82,0.02250660752929737,0.0,9.097460343272981e-238,1.5167573803565779e-9,1.0771357011530927e-45
1.4224300853650704e-36,0.872805556795268,0.0009335663248863993,0.1093525281404582,8.51159433280261e-144,0.0,0.0,7.240773529769331e-187,0.016908348739387638,0.0
0.0,0.12489875686667397,0.8743408973911398,0.0,0.00041404403424625657,0.0,0.0,0.0,0.00034630170794012897,0.0
0.0,2.3567156743942053e-155,0.0,0.8757829036150513,0.0,0.0,0.09867885785231302,1.5683736693120624e-200,0.0,0.025538238532635697
0.00797875965881468,0.003315200954159717,0.0,0.0,0.9177440003770185,0.003545365265060041,0.0,0.002550432333011114,0.04051624726961814,0.02434999414231776
0.06728121737346793,5.894132406722584e-35,0.0,0.0,0.0035999858356292463,0.8906388416523918,0.0,0.03320629538237085,5.562244340638343e-44,0.005273659756140239
0.0,0.0,0.0,0.0,0.00010737240700024773,0.0,0.9132530793589927,0.04831210221416153,0.037851902212222295,0.00047554380762310797
0.037058251393858516,7.922207990929372e-65,1.98044636e-315,0.0018501924410728847,0.0808710309453181,0.008067434642723612,0.004485399984680774,0.8532595050494434,0.012907983890869792,0.0015002016520329253
0.0005526012377782823,0.022180039744097404,1.2296558929308146e-29,7.940686831581499e-103,0.012258837753135141,0.09350737650568924,2.3903536824556077e-218,0.002203940995149993,0.8490259620049697,0.02027124175918015
3.6227928989965624e-46,0.0,0.00037793807166859497,0.0,0.0015596822928040134,0.04237282996596857,1.0990723793586709e-14,0.0497783041759,0.0014197116920263537,0.9044915338016215
10,298
0.0,0.0,4.715098029783767e-287,3.817813970488511e-175,6.270114561459586e-119,0.011055664736281548,8.590584473270114e-32,0.010191940928759552,0.011228409497785948,2.849546358614292e-74,0.0,0.0,0.0,4.599788901610917e-309,8.307965024236396e-231,1.3440341541979938e-163,1.9257726995296508e-69,0.13908643664722722,1.585896778612202e-41,0.23994247372961047,0.30057588501765453,7.584779024770133e-74,0.0,0.0,0.0,0.0,3.762062557902669e-229,3.8770973658932096e-153,4.0894229003582535e-54,0.003949836354494094,3.1574542448043456e-62,0.07099809697830807,0.08080754064471879,4.852593860513819e-69,7.522672494411477e-292,0.0,0.0,0.0,0.0,1.7439635517042838e-159,1.172761222244886e-241,8.787879063093324e-105,5.633905731710711e-57,0.05578041291022223,0.026675027177260724,5.879664390402971e-71,1.0293387748845985e-243,0.0,0.0,0.0,0.0,2.2270596650651423e-212,5.810283272511121e-16,4.259107596799091e-127,7.956733224216872e-72,0.03506718656649445,0.00019535077698695782,1.492871043449183e-247,5.9006822059537113e-241,0.0,0.0,0.0,0.0,1.0749495425613349e-159,3.055720089939907e-239,1.1193373723697282e-148,2.514916085561332e-78,0.01347223480680997,1.762819123210167e-75,5.757687480817679e-133,1.2088899628084429e-175,0.0,0.0,0.0,0.0,0.0,1.4105156777164631e-282,4.129210902865163e-86,1.548754883044203e-98,0.0004180890566387097,1.228450983110312e-216,7.006504795056643e-166,6.766536527146728e-191,0.0,0.0,0.0,0.0,1.1513439967082683e-210,1.1865634e-317,4.288549226241987e-222,6.057717721412571e-126,1.5004634095459363e-15,3.313013000401624e-210,0.0,3.74555847952991e-189,0.0,0.0,0.0,0.0,7.790560537745175e-266,0.0,0.0,5.5403296079848615e-127,1.8231717764608586e-100,5.545465850765949e-181,0.0,0.0,0.0,0.0,0.0,0.0,0.0,0.0,0.0,9.923414562759227e-122,2.654184339206459e-228,0.0,0.0,0.0,0.0,0.0,0.0,1.6307647628466264e-237,5.416176654446567e-291,2.7254264423842206e-244,0.0,2.663097395555375e-131,3.644364491416785e-95,0.0,0.0,0.0,0.0,0.0,0.0,2.785395663145786e-157,9.918510432885269e-278,0.0,5.571183520155466e-243,0.0005553790852758103,7.705554906852886e-64,0.0,0.0,0.0,0.0,0.0,9.057204095985282e-156,0.0,6.907682245543226e-194,1.6445092505042775e-163,0.0,1.4998789740683763e-203,0.0,0.0,0.0,1.7348e-319,0.0,0.0,8.533761362908064e-257,0.0,0.0,0.0,0.0,1.8198415755442947e-236,0.0,0.0,0.0,0.0,0.0,1.2399955098431424e-246,3.8368843415255667e-280,0.0,0.0,0.0,0.0,0.0,0.0,0.0,0.0,0.0,1.1091020401182725e-242,0.0,0.0,1.9904148803836274e-188,0.0,0.0,0.0,0.0,0.0,0.0,0.0,0.0,2.900866583942343e-239,0.0,0.0,0.0,0.0,0.0,0.0,0.0,0.0,0.0,0.0,7.340338824405256e-77,5.0e-324,0.0,0.0,0.0,0.0,0.0,0.0,1.14e-322,0.0,3.5085468975789046e-8,0.0,0.0,0.0,0.0,0.0,0.0,0.0,0.0,0.0,0.0,0.0,0.0,0.0,0.0,0.0,0.0,0.0,0.0,0.0,0.0,0.0,0.0,0.0,0.0,0.0,0.0,0.0,7.948796357090935e-235,0.0,4.2045475436942234e-129,0.0,0.0,0.0,0.0,6.04288993526465e-278,0.0,0.0,0.0,4.999976153673791e-113,0.0,0.0,0.0,0.0,0.0,0.0,0.0,0.0,1.1616360516811182e-162,2.770373937395737e-23,0.0,0.0,0.0,0.0,0.0,0.0,0.0,0.0,0.0,0.0,0.0,0.0,0.0,0.0,0.0,0.0,1.4300726633588365e-227,2.819687584126786e-301,0.0,0.0,0.0,0.0,0.0,0.0,0.0,0.0,0.0,0.0,0.0,0.0,0.0,0.0,0.0,0.0,0.0,0.0
0.0,0.0,3.1379323527005504e-240,0.0,1.0046027711371006e-262,0.0,0.0,0.0,2.493573002178956e-262,1.0442427807366982e-57,0.021017621345028593,0.0,0.0,0.0,1.891533095241927e-206,2.6622687543917116e-188,5.504710339963725e-174,0.0,0.0,0.0,1.355299846509906e-165,1.2102285266065147e-60,0.5869703816213058,1.4960066739111846e-53,0.0,0.0,3.942079853921204e-191,2.037627580098159e-181,6.894675775707487e-180,0.0,0.0,5.697924758265161e-88,6.525625449875687e-5,2.028855464951429e-65,0.08346127896431645,3.1099821887004092e-61,0.0,0.0,3.4445664814883194e-207,3.1697275964757953e-187,1.8018092374043e-184,0.0,0.0,8.798972892008785e-29,0.07998309630934188,4.891411473029902e-34,0.12762874410966638,1.6874951627762304e-64,0.0,0.0,1.1520178017941782e-213,2.369310645176022e-210,4.2163586080013026e-178,0.0,0.0,4.416234054751177e-13,0.04138617477702001,2.2788514440658226e-36,0.0453858779769458,1.4840894043531842e-67,0.0,0.0,1.9016957349490502e-261,2.3368046106426096e-238,5.86815863052399e-172,0.0,0.0,1.7574063938175835e-22,0.0040494178336658426,0.000362267393172103,0.0037242990107474697,6.333982981802455e-77,0.0,0.0,7.085401e-317,0.0,1.1066310047858208e-202,0.0,0.0,1.261219120106247e-53,3.958095279900039e-72,0.0003216620043142272,0.0007702644552037678,4.530599769939168e-81,0.0,0.0,4.045530681684213e-239,2.63407132788052e-309,7.286976688073949e-164,0.0,0.0,1.0094553163115196e-64,2.8226225181683876e-60,0.0,0.0012184190248063426,1.2742223952541608e-67,0.0,0.0,2.2359266888077133e-212,3.408234005056703e-231,1.22675871303839e-200,0.0,0.0,5.375226031595292e-93,1.3753302217774464e-25,0.0,0.0006092064157971124,2.977702818987931e-76,0.0,0.0,6.636772468230814e-230,3.770598286217631e-214,3.8586611499681376e-202,0.0,0.0,0.0,0.0,3.803675792195564e-12,0.0003046032078989651,4.778917787618201e-82,0.0,0.0,3.974280586722455e-213,7.841559099497822e-205,2.022711288114702e-251,0.0,0.0,0.0,0.0,0.0009138096236968954,0.0,0.0,0.0,4.39422179027424e-211,0.0,1.3153667060502143e-148,0.0,0.0,2.2300951705026495e-36,0.0006092064157979302,4.6797093635597357e-206,9.312323960715647e-52,0.0,0.0,0.0,0.0,9.164502122904831e-307,0.0,0.0,0.0,0.0003046032078989651,0.0003046032078989651,0.0,0.0,0.0,1.5830812020728494e-202,0.0,8.89010917139059e-163,0.0,0.0,1.031024706116661e-257,6.923218006666879e-100,6.168053028353491e-94,4.209348022825195e-10,0.0,0.0,0.0,2.305355924831883e-201,7.767376574270461e-188,1.7466403268696124e-213,0.0,0.0,0.0,0.0,2.186485106210105e-236,0.0,0.0,0.0,2.1360959135672057e-196,7.560039451254043e-185,1.1190659104732201e-197,0.0,0.0,0.0,0.0,0.0003046032078989651,0.0,0.0,0.0,0.0,0.0,1.764835146124426e-247,0.0,0.0,0.0,0.0,0.0,0.0,2.322968091494288e-202,1.73e-322,1.546305752978824e-199,0.0,0.0,0.0,0.0,0.0,0.0,1.171125039987832e-198,0.0,0.0,0.0,0.0,0.0,0.0,0.0,0.0,0.0,0.0,0.0,1.9381517144220094e-195,0.0,0.0,0.0,0.0,0.0,0.0,1.58734305e-316,0.0,0.0,0.0,0.0,0.0,0.0003046032078989651,6.814123101608214e-235,1.2976993974052396e-305,0.0,0.0,0.0,0.0,3.068595256099408e-218,0.0,0.0,0.0,0.0,0.0,0.0,0.0,0.0,0.0,0.0,0.0,0.0,0.0,0.0,0.0,0.0,0.0,0.0,0.0,0.0,0.0,0.0,0.0,0.0,0.0,0.0,0.0,0.0,0.0,0.0,0.0,0.0,0.0,0.0,0.0,0.0,0.0,0.0,0.0,0.0,0.0,0.0,0.0,0.0,0.0,0.0,0.0,0.0,0.0,0.0,0.0,0.0,0.0,0.0,0.0,0.0,0.0,0.0
0.0,0.0,0.0,0.0,0.0,0.0,0.0,0.0,6.393800328157858e-37,0.02442859802052914,8.983880426844935e-48,0.0,0.0,0.0,0.0,0.0,0.0,0.0,0.0,0.0,9.27232437708219e-36,0.7411388213007993,4.4014246218431077e-51,0.0,0.0,0.0,0.0,0.0,0.0,0.0,0.0,6.359352073246798e-132,1.2832672927022785e-37,0.17876270756296544,6.304878804022354e-37,0.0,0.0,0.0,0.0,0.0,1.53270689128e-312,0.0,0.0,2.0388276578627846e-71,6.58281401123053e-34,0.05318524725051014,1.9263742498312357e-66,0.0,0.0,0.0,0.0,0.0,4.000205003865732e-300,0.0,0.0,9.027740778400708e-80,9.778156461862884e-48,4.828776383506699e-35,2.6653801605656e-189,0.0,0.0,0.0,0.0,0.0,4.581548930442981e-308,0.0,0.0,1.4163325503504122e-109,1.8030267990051571e-99,3.616648877510203e-7,6.104714704006992e-43,0.0,0.0,0.0,0.0,0.0,0.0,0.0,0.0,2.202530714995695e-198,0.0,3.4146830485234244e-186,5.545490791327707e-217,0.0,0.0,0.0,0.0,0.0,1.5546597687380346e-282,0.0,0.0,0.0,0.0,0.0,5.915536084175491e-222,0.0,0.0,0.0,0.0,0.0,1.605834977695528e-275,0.0,0.0,8.053612192094649e-277,0.0,0.0,1.1116434735730731e-15,0.0,0.0,0.0,0.0,0.0,2.22411762e-315,0.0,1.1951642638911507e-295,2.374974050697069e-112,0.0,0.0004140440290759589,2.4244874036333456e-218,0.0,0.0,0.0,0.0,0.0,0.0,0.0,0.0,1.7306388007628296e-298,0.0,9.878219826124734e-229,0.0,0.0,0.0,0.0,0.0,3.746332628552401e-296,0.0,1.8752671975472555e-250,1.1991917272858723e-33,1.1046536071107036e-74,0.00041404403424625657,0.0,0.0,0.0,0.0,0.0,0.0,0.0,8.36274331348542e-62,0.0,3.903177100712912e-122,3.479756719301608e-221,0.0,0.0,0.0,0.0,0.0,0.0,0.0,0.0,0.0012421321027387697,8.201660143525208e-278,0.0,0.0,0.0,0.0,0.0,0.0,0.0,2.334032758097479e-245,0.0,0.0,0.0,0.0,0.00041404403424625657,0.0,0.0,0.0,0.0,0.0,4.710387977937215e-265,0.0,0.0,0.0,0.0,6.136129914427504e-212,0.0,0.0,0.0,0.0,0.0,0.0,0.0,0.0,6.848361532621361e-240,0.0,0.0,0.0,0.0,0.0,9.747337908411407e-305,0.0,0.0,0.0,0.0,0.0,0.0,0.0,0.0,0.0,0.0,0.0,0.0,0.0,0.0,0.0,0.0,0.0,0.0,5.453820047829898e-272,0.0,1.2470672104881894e-238,0.0,0.0,0.0,0.0,0.0,0.0,0.0,0.0,0.0,0.0,2.0538963779489952e-212,0.0,0.0,0.0,0.0,0.0,0.0,0.0,0.0,0.0,0.0,0.0,0.0,0.0,0.0,0.0,0.0,0.0,0.0,0.0,0.0,0.0,0.0,0.0,0.0,0.0,0.0,0.0,0.0,1.204344235378013e-260,0.0,0.0,0.0,0.0,0.0,0.0,0.0,0.0,0.0,0.0,0.0,0.0,0.0,0.0,0.0,0.0,0.0,0.0,0.0,0.0,0.0,0.0,0.0,0.0,0.0,0.0,0.0,0.0,0.0,0.0,0.0,0.0,0.0,0.0,0.0,0.0
5.545246674192106e-51,4.447652957688114e-176,0.0,0.0,1.6053600370469973e-273,0.0,0.0,0.0,0.0,0.0,4.1261125781608777e-54,0.020078927908799928,5.963913484266341e-39,3.229946720281691e-180,0.0,0.0,1.3725423581735736e-229,0.0,0.0,0.0,0.0,0.0,1.8350842451455034e-50,0.5574454900782082,2.638899783181291e-40,4.142808027002442e-179,0.0,0.0,2.8291210868946003e-207,1.21335814467e-313,0.0,0.0,0.0,0.0,1.1207443318175862e-54,0.0796350700111726,5.185751597994324e-36,7.231585475747386e-222,0.0,0.0,1.8453191848048852e-240,0.0,0.0,0.0,0.0,0.0,6.974674464874412e-50,0.15008147809797914,2.135843349639169e-28,3.6352421380103666e-200,0.0,0.0,1.9360574698504375e-257,1.16278e-318,0.0,0.0,0.0,0.0,2.5177723110123025e-51,0.06874480402673874,1.2473777314246066e-49,3.077190312521008e-302,0.0,0.0,2.937414011516003e-286,0.0,4.349089239841974e-292,0.0,0.0,3.0569667372268634e-50,0.0026454020607453053,0.02382245684094907,2.6597804867958847e-28,3.3333114007895664e-162,0.0,0.0,0.0,5.95758847222486e-310,2.845e-320,0.0,0.0,0.0,0.0035890875397318607,0.029948231457193115,4.3152369056424025e-51,1.143358201756007e-284,0.0,0.0,0.0,0.0,0.0,0.0,0.0,0.0,4.896331324958311e-13,0.020078927908799928,0.0,5.169996950256607e-171,0.0,0.0,0.0,0.0,1.0020451515883e-310,0.0,0.0,0.0,0.0,0.011911228420474535,2.777588811785089e-70,1.642623433405893e-238,0.0,0.0,0.0,0.0,4.241780707286066e-168,0.0,0.0,0.0,0.0,0.008167699488325394,1.9252488034153696e-62,3.4803142132190416e-181,0.0,0.0,1.5709376361042561e-254,0.0,5.04019923306588e-173,0.0,0.0,6.345451073258356e-29,0.005785453804230488,5.093558562970388e-69,0.0,0.0,0.0,0.0,0.0,1.817840733406011e-247,0.0,0.0,0.0,0.0010209624360406743,2.9048998811632426e-47,6.164605138408541e-247,0.0,0.0,0.0,0.0,2.806561109369227e-155,0.0,0.0,0.0,0.0020419248720813486,0.0,4.449736884543994e-126,0.0,0.0,0.0,0.0,1.43e-322,0.0,0.0,0.0,0.0003403203417201732,0.0037435289321491394,3.079965469834867e-9,2.724990610682633e-139,0.0,0.0,3.135041891015934e-218,0.0,0.0,0.0,0.0,0.0,0.0010209624360406743,0.0,0.0,0.0,0.0,0.0,0.0,1.0150777354649907e-282,0.0,0.0,0.0,0.0010209624360406743,0.0,3.4975912452731067e-239,0.0,0.0,2.1152135195637006e-261,0.0,1.0541121660378118e-98,0.0,0.0010209624360406743,0.0,4.239284771391855e-286,0.0,0.0,0.0,0.0,3.474036948212507e-277,0.0,2.8736709771449175e-5,0.0,0.0,0.0,0.0,0.0,0.0,0.0,0.0,0.0,0.0010209624360406743,0.0,0.0,0.0,0.0,0.0,0.0,0.0,0.0,0.00034032081201355814,1.922502791563504e-36,8.696273370289088e-123,0.0,0.0,0.0,0.0,1.189502260437475e-242,0.0,0.0,0.0,0.003062887308122023,1.2651015799823787e-40,1.0328518936096319e-244,0.0,0.0,1.308010373879409e-97,0.0,0.0,0.0,0.0017016040600677906,9.187433940379454e-44,0.0,0.0,0.0,0.0,0.0,0.0,0.0,0.0,0.0010209624360406743,1.148262256406957e-308,0.0,0.0,0.0,0.0,0.0,0.0,0.0,0.00034032081201355814,0.0,0.0,0.0,0.0,0.0,0.0,0.0,0.0,0.0,0.0,1.0014597970786944e-247,0.0,0.0,0.0,0.0,7.662245580141862e-223,0.0,0.00034032081201355814,0.0,0.0,0.0,0.0,0.0,0.0,2.2024833549143334e-107,0.0,0.0,0.0,0.0,0.0,0.0,0.0,0.0,0.0,0.0
0.0,5.246916672997457e-124,2.5008602476186195e-180,1.8058149989850902e-194,4.8706292303737323e-119,7.973818945351626e-137,4.6254878391472703e-206,1.9042853210134295e-223,0.0,0.0,0.0,0.0,1.283126753564465e-291,3.213372681476388e-42,0.017645541001646815,0.02506844155301225,2.0780344180733145e-49,7.58022758648946e-122,8.37286831203194e-208,4.9886810843325067e-147,0.0,1.579056e-317,0.0,0.0,7.818550463637465e-231,2.157231997676092e-61,0.16212553932059479,0.14019120990048098,3.2034005502752013e-53,2.813498379111829e-132,5.5147463752027346e-191,2.641562739886187e-111,1.6324606057750063e-134,1.9354571998343886e-174,5.663314468259704e-216,0.0,4.348744301197409e-236,8.391187565279102e-63,0.0725876363530065,0.07961733384950775,4.68030610070302e-62,1.54735911372099e-170,2.992440182885575e-165,0.0005454436015440916,5.866288338225946e-123,4.650634590846173e-162,7.584190130864161e-185,0.0,3.3211346529844663e-237,4.6960404591182584e-58,0.0663551403416316,0.06227054813923446,8.907874089165191e-34,2.3594982416978948e-126,1.57943591506758e-156,1.6485551983657106e-14,9.40108625747435e-53,1.9759873932473352e-171,1.7543802989540196e-188,0.0,1.0167626935719604e-227,3.387892327165163e-59,0.040124118884695005,0.03867469169291698,3.6477822497615547e-29,4.358355449202521e-139,1.034587174197681e-124,0.0012560957821634712,0.002268295956234684,4.6866601309808155e-73,1.4723408723008807e-146,0.0,3.1214565872984095e-236,2.299730038930282e-49,0.014851134911867632,0.025533530199351367,1.1241458730306177e-51,8.24835841485542e-150,6.069106904429377e-71,0.010709440976024592,0.008598025475291787,1.757770118766134e-58,3.522736902432954e-139,0.0,9.902281918848367e-231,3.6373841934121135e-54,0.015111681138391626,0.02084369812191948,1.3329005825183455e-28,5.7797325868012245e-168,8.527576087438464e-28,0.01413338658469243,0.003908193397859903,1.5554045724510102e-56,4.3347934888392445e-141,0.0,3.1249738191532924e-237,5.604426148049092e-47,0.016158308428424428,0.016674958497535586,1.390249012318872e-44,1.059393303199466e-180,2.0981995863175785e-44,0.01745659717710757,0.0013027311326199676,0.0,3.2e-322,0.0,1.4365855507127007e-208,8.1850244527644275e-47,0.010682395287483736,0.007555840569195813,1.3762703986802694e-76,1.512373080132687e-202,8.457253977202299e-54,0.0161538660444876,0.00026054622652399353,1.276e-320,0.0,0.0,4.172815830876026e-234,6.670738630091858e-204,0.006900157626253322,0.0046898320774318835,8.5169802485497e-32,1.4226096524890308e-189,4.263101338112321e-52,0.009900756607911754,0.0013027311326199676,0.0,0.0,1.345059394259583e-228,7.614930333874398e-64,0.0046898320774318835,0.006253109436575844,1.5333926982518055e-9,9.218671520039472e-200,4.676560823756598e-65,0.0020281625933735534,0.0,8.217078217369105e-185,0.0,2.4328581450976465e-238,5.989584500390663e-69,0.00364764717133591,0.0028661407524319103,1.0632256188705891e-77,1.3126006247831148e-193,8.343113844805892e-54,0.0007816386795719806,0.0,0.0,0.0,1.0348724251428352e-218,1.0928009175843105e-95,0.0049855300311317146,0.001823823585667955,9.94179939246714e-21,3.447452168731002e-239,0.00024217766415577635,1.5753260509162223e-70,3.653580759638604e-188,1.2416383238104865e-148,0.0,0.0,3.3067345919750404e-215,5.154089429169842e-200,0.002893986561189613,0.0023449160387159418,1.228906781660891e-72,1.3307511942510578e-231,5.424875101995448e-224,0.00026054622652399353,0.00026054622652399353,0.0,0.0,1.2516952827643012e-218,2.3711306054442057e-82,0.0033871009448119163,0.001563277359143941,3.0330921044462234e-116,7.661214289546024e-212,1.36483611145426e-132,0.0,0.0,0.0,0.0,3.449113836773252e-241,7.481756493088006e-83,0.0020843698121919482,0.0020843698121919482,1.9828019863656534e-22,1.0928561580448751e-219,2.394589318792811e-28,0.00026054622652399353,0.0,1.1649669439400111e-247,4.791518761270442e-71,0.002866008491763929,0.001823823585667955,3.174952251468727e-142,1.7697330147039613e-208,1.1725155799539966e-80,0.00026054622652399353,0.0,8.23084274908012e-245,1.2845827935199142e-44,0.0005738061852655627,0.0007816386795719806,4.171787018130545e-87,4.6152183078742637e-219,0.0,5.90687793443318e-160,0.0,0.0,2.3145491620310383e-239,4.99908369876443e-50,0.0013027311326199676,0.0007816386795719806,5.33176640906517e-153,1.5318211868934654e-242,6.210929317437728e-47,0.0,0.0,4.6274126342116245e-231,8.187862330772066e-200,0.0015632773591439616,0.001823823585667955,7.392258180185681e-240,9.34829250600687e-241,9.37133759566824e-55,0.0005210924530479871,0.0,1.3207519162926956e-181,0.0,4.33501555034481e-248,2.2586697375182445e-81,0.0010421849060959741,0.0010421849060959741,4.278251784804223e-18,1.6925066953836315e-178,0.00011533686563353054,0.0005210924530479871,0.0,9.627727936042147e-246,8.555983572464747e-207,0.0010421849060959741,0.0010421849060959741,1.1301826325349103e-152,1.323134123860238e-249,3.8069687894921586e-194,0.00026054622652399353,0.00026054622652399353,0.0,4.0421850094298064e-211,5.112348978105006e-31,0.0010421849060959741,0.0010421849060959741,1.3531867298836418e-127,4.9280642235542404e-250,1.0547754711072306e-207,0.00026054622652399353,0.0,0.0,4.458682290439511e-13,0.0010421849060959741,0.001823823585667955,2.1330096702840984e-237,0.0,0.0,0.0,0.0,2.2066755879792946e-215,7.838391586549159e-77,0.00038284847978471617,0.0015632773591439612,1.3251225991333177e-193,9.182467362877332e-242,6.704374531981963e-142,0.0007816386795719806,0.0,0.0,6.443968643551118e-205,0.0005210924530479871,0.0,3.35679453331499e-168,0.0,2.0099278025997545e-33,0.0,2.81651783099695e-76,2.4789771832271966e-160,0.0,1.797697964990514e-245,1.1449496536235512e-246,0.0,4.102982277839133e-236,9.124041306941541e-18,8.384183744229363e-240
0.0,1.0e-323,5.367177524500617e-69,0.016489756054676844,1.2224174910335785e-55,2.0401695568780094e-55,0.00667939485759062,2.7041447409461618e-62,2.652362731386787e-163,0.0,0.0,0.0,4.28848903915704e-307,9.597663763685917e-193,1.1317862894951614e-66,0.22914186978786172,1.5530133230754792e-41,0.004768306830556769,0.15216496409948632,2.259859776783198e-59,1.62115129679076e-160,0.0,0.0,0.0,1.0159870893824164e-159,3.609430926030213e-186,1.7533710901027938e-90,0.0016559571162802183,5.564232928158613e-36,0.05175415616910064,0.047590688360333165,3.3440014247502196e-53,3.8869291277372824e-156,0.0,0.0,0.0,5.918570607368441e-169,7.32393633716218e-169,5.679695446607137e-181,0.0013403596659245425,1.044200014376627e-5,0.07347334343349682,0.07180349471909916,4.5843736124302506e-29,3.39254691751052e-141,0.0,0.0,0.0,5.303826404182772e-163,1.3151440948809632e-161,3.590229379909927e-176,7.225503452935497e-126,8.710881045272259e-54,0.04841248757619362,0.0759781165050933,2.2519725435910385e-11,1.9527740973147456e-20,6.580822687681012e-237,0.0,0.0,1.5567694573056234e-155,5.225210263132079e-160,8.498482082608054e-177,0.00032625352910834756,1.5188002224536323e-32,0.016140935256248688,0.05404267893851138,0.005257881512435731,7.091475111740987e-136,4.61214780429429e-131,8.067917004963048e-151,0.0,1.6886176309331655e-171,6.5864587240669794e-164,7.908851078733211e-212,1.3233239599484166e-171,1.1275686604750495e-89,0.005838948352269423,0.05112112594211102,0.02013752505477596,2.8249870598246487e-127,3.123814258059982e-128,1.6593868197999829e-198,0.0,2.996305643355647e-171,4.6685908123237783e-166,1.7736698245768583e-159,1.0208027865149212e-65,1.2224709629535674e-175,5.6226898001769875e-36,0.0452520881591971,0.006836941544683045,8.675895464836593e-148,8.01816874538065e-137,1.1988857869721306e-201,0.0,9.327647454243495e-171,6.902590429520848e-177,7.260755288307246e-160,6.066584612362676e-74,1.2004389413334593e-124,1.455831712212292e-73,0.011177873175673845,8.325601015930967e-38,5.6169527746421725e-235,0.0,0.0,0.0,1.0903921665592311e-181,2.5677966078664412e-174,1.0863730190110858e-156,1.5466195662053927e-214,5.792644626592131e-15,3.635017778081569e-114,0.0008322500182883164,1.4878898973987177e-117,4.7789531748227927e-265,0.0,0.0,0.0,1.4005203699785828e-151,1.2653071964921048e-179,7.431081268473458e-33,5.84099176148511e-78,8.303652882898381e-192,8.019916801116427e-99,0.00048275111616958894,1.143333065227691e-115,2.3728647733932664e-262,0.0,0.0,3.1092700462944183e-194,4.257282465726655e-160,1.0525232932857024e-196,4.33483321063157e-75,7.968963297227074e-166,9.667624059754106e-105,2.9680573967081245e-76,9.085160701257041e-86,0.0,0.0,0.0,1.0802205605310588e-161,2.1382003235207055e-210,2.781207560051289e-204,0.00020862513146770322,9.54572960303747e-195,5.314186634389479e-29,2.386199431484187e-122,6.650910293185009e-126,0.0,0.0,0.0,3.3044718659782866e-153,2.341630763437675e-193,9.71954945292297e-170,1.4803897795471843e-248,9.462050888837614e-58,3.108590691125594e-208,6.07342686030641e-57,0.0,0.0,0.0,0.0,0.0,6.50877006537507e-231,7.651071541873529e-181,1.2261280311424453e-183,2.8764897812723033e-176,4.262251744166968e-181,2.1935843147228666e-136,2.3323591190920338e-64,1.8458891843251368e-265,1.3056551048543857e-250,0.0,0.0,5.631414149076154e-145,2.96120361469081e-172,1.6688828999505167e-169,2.2808536614281573e-38,4.795639409898592e-117,2.5093417303716955e-152,3.338696889476755e-24,0.0,0.0,0.0,0.0,1.877303354987841e-303,8.307860763005611e-159,5.718808748795246e-210,4.38654150490532e-127,1.2014901789888275e-185,6.10164711737376e-40,5.064039022524167e-34,1.7090253362787096e-211,0.0,3.388584598065311e-154,3.066251185999156e-211,5.874844762083471e-195,2.1742536479199656e-195,2.881765674351647e-146,7.572075288570895e-81,0.0002458784251485224,7.167115373693284e-214,0.0,3.902553039220281e-226,3.630741542768847e-189,2.6083831262754126e-173,4.547215270621093e-249,0.00020873108929970446,4.2261254530354705e-52,0.0,0.00020868869479758633,0.0,0.0,1.7427859387995712e-149,3.734055099101989e-166,4.7152723606978635e-209,6.773703301386342e-258,9.995120834924166e-194,4.824593418749559e-221,3.728803249067564e-55,0.0,0.0,2.5805017548760224e-221,6.190678763415925e-210,3.595248567694342e-251,4.218027400138538e-249,4.1423109557422064e-221,7.577328868785712e-218,3.7456249134054203e-65,2.0685351860799716e-204,0.0,0.0,0.0,4.820073511173095e-168,1.3247804245810583e-204,1.0825504529928872e-201,1.0513598089019778e-248,4.566866020306961e-111,4.1111263219446285e-19,1.6267217636662335e-58,3.5799906361111604e-77,0.0,6.63054712519976e-173,1.2001947539779144e-212,8.58553837118736e-249,9.178020806745175e-186,2.3905215539807525e-159,7.322091571501029e-211,1.4122847072405104e-193,9.489869242822254e-162,3.9308845493170774e-219,0.0,1.8001486825119887e-153,5.415103125082247e-199,9.97069121094648e-210,5.387950825080713e-256,4.497436767112977e-134,2.890567332458538e-206,0.00041748686145120286,5.7995065249066794e-46,0.0,0.0,5.8834213996789655e-198,3.5339160989864905e-219,4.57546207573873e-216,4.976363840853854e-211,0.0,0.0,0.0,0.0,3.340865530272814e-145,1.8127310141293537e-211,3.4501604524627052e-186,1.5219871622235747e-254,3.1931189859003485e-181,5.075857345758873e-190,7.008343809397811e-75,7.798372859582975e-153,0.0,0.0,2.0524548272350848e-212,2.0343205492168085e-243,0.0,2.402641862338809e-172,0.0,9.980844936816694e-143,0.0,2.199030082324822e-210,3.480792237232575e-207,0.0,1.1341422773074492e-204,9.778048690715265e-215,0.0,9.3420709653586e-225,8.91209589169883e-201,5.755157839310253e-217
0.023360092075295966,0.023360092075295966,5.788356647525546e-66,0.0,5.587321873679171e-198,0.0,0.0,0.0,0.0,0.0,0.0,3.9873889470128165e-42,0.43187682422132545,0.31179519172862524,8.429033828984654e-57,0.0,2.1384660905717494e-179,0.0,0.0,0.0,0.0,0.0,0.0,8.438924733039505e-58,0.11037551214696255,0.005230821713884526,3.319379330752766e-78,0.0,2.5698145048168103e-163,1.0e-323,0.0,0.0,0.0,0.0,0.0,2.4332820802878758e-59,0.038678166505111036,0.0008669409545079006,6.765249119416515e-30,0.0,2.15224466125352e-191,0.0,0.0,0.0,0.0,0.0,0.0,3.631592043546645e-85,0.013394640200019518,0.0005374566742225796,3.179105152074839e-31,0.0,1.1938199475637138e-187,0.0,0.0,0.0,0.0,0.0,0.0,1.6301863558152894e-67,0.0057653413028104835,7.320628633207934e-46,6.631205834841317e-263,0.0,1.2759330484677334e-179,0.0,2.2101974419835166e-293,0.0,0.0,9.233120883577704e-206,9.390613125319948e-210,1.9324536165158573e-74,0.004338923682619574,0.00042398856020352065,2.926324763894357e-286,0.0,1.1872522297774112e-187,2.083e-320,1.4660994877192048e-296,0.0,0.0,4.639775942997389e-218,1.146035553758229e-205,1.4615085641042663e-69,0.007071681370233445,1.2967783638551117e-40,3.070276757727697e-141,0.0,1.0144276769511132e-258,0.0,1.5882350573534188e-188,0.0,0.0,4.230026366434693e-217,3.223228693293026e-212,7.290823591680322e-69,0.004245313470060872,4.698334939260587e-30,2.6136185334124203e-290,0.0,0.0,0.0,5.2488043783712036e-182,4.877247689934693e-300,0.0,0.0,0.0,5.940530010495027e-72,0.0037261631083523707,6.835164001098033e-66,7.4074182729118e-310,0.0,0.0,0.0,3.197856179741469e-169,1.7579808436154343e-295,0.0,0.0,0.0,4.4419516092098496e-76,0.001138888974465163,7.587519253248525e-72,1.1465583781020242e-278,0.0,1.6373462235618345e-99,0.0,2.45746038740786e-172,1.325926727464109e-287,0.0,0.0,3.811380545822101e-58,0.001417813378192171,9.182391236982947e-64,1.9152063644616013e-225,0.0,0.0,0.0,7.940765995925439e-186,4.05714654389673e-289,0.0,0.0,0.0,0.001165342188977229,2.497599494727974e-137,6.836061232168841e-164,0.0,0.0,0.0,1.4839723749019494e-163,5.5745485302432834e-294,0.0,0.0,4.600831655081699e-34,0.002917144079443076,2.038795244410638e-6,1.2386104920789903e-194,0.0,0.0,0.0,1.8458469395086504e-233,0.0,0.0,0.0,0.0,2.951475321609517e-51,0.0017054891984240653,0.0003115144369456257,5.040626855660784e-298,0.0,2.4624475729471876e-138,0.0,0.0,0.0,0.0,0.0,2.8868991962150262e-59,1.7205985239019132e-38,1.736826581178954e-101,1.3092783768192055e-292,0.0,4.3217406526332695e-247,0.0,9.275084260855596e-183,0.0,0.0,0.0,0.0,0.0005697583432999016,1.7914261776069032e-68,2.4306423034514302e-263,0.0,2.4204597877303227e-113,0.0,1.7543592464148806e-110,0.0,5.763157945992471e-114,5.633850628062234e-59,9.150878818000647e-151,9.431321949737414e-297,0.0,0.0,0.0,8.749414498821931e-249,0.0,2.042511836935386e-85,0.0008546375146560115,1.1016507996869247e-117,0.0,0.0,0.0,0.0,0.0,0.0,0.0,3.0447518997592762e-99,0.0005647307519427011,4.6871363486186874e-54,3.389188854817423e-287,0.0,1.791339016e-314,0.0,0.0,0.0,0.0,0.0014249224208234047,6.082990402115959e-32,0.0,0.0,0.0,0.0,1.8413974138126757e-194,1.0793049068142224e-296,0.0,0.0,0.0,0.0014246013056257376,0.0002721069177720008,0.0,0.0,3.304572843476473e-117,0.0,3.1751469367023143e-215,0.0,0.0,0.0011838619046575397,4.8564046275620986e-194,0.0,0.0,0.0,0.0,2.686302178094945e-186,0.0,0.0,3.117681865969188e-100,3.0386587423733036e-90,1.7051916754184764e-38,5.494481168654092e-284,0.0,0.0,0.0,0.0,0.0,0.0,0.0,1.342910435698729e-178,5.205826625733017e-306,0.0,0.0,0.0,0.0,0.0,0.0,1.252974373610168e-200,1.467081550742086e-170,2.2727723999117336e-220,0.0,0.0,0.0,7.03572648616265e-208,0.0,0.0,0.0,2.1765398345944049e-215,0.0,0.0,0.0,0.0,1.1991236050599796e-121,0.0,1.4653313940902586e-225,2.1638251352441228e-214,0.0,0.0,0.0,0.0,3.1273106523781803e-93,3.688624541581296e-275,0.0
3.9709477242503815e-203,4.795209062205977e-72,1.1990772931106676e-170,3.1497175150507703e-52,0.019735132329758504,2.1287151469359435e-42,2.7565651243792245e-133,8.071549662112086e-150,0.0,0.0,0.0,0.0,1.0976108503082525e-95,0.015577731721696374,5.140040851260665e-46,2.369616302141469e-47,0.314432910191297,3.602241516031055e-39,3.385409795151394e-137,8.547276006567145e-151,0.0,0.0,0.0,0.0,4.658577528202287e-30,0.17411272857810725,4.913589904607306e-43,3.710632250531015e-100,0.0035078001967190175,2.3464787656242772e-58,1.2211075648245228e-145,2.659671811950098e-141,2.4529802009163323e-262,1.674549959469298e-241,0.0,0.0,1.0928843426358265e-36,0.11963092215086223,1.922465290273299e-40,2.4345996320882343e-151,0.0002813417838739941,3.4202943887559574e-159,6.476176030917533e-100,4.086926828228776e-112,2.3448395642924913e-258,6.328652965515282e-243,0.0,0.0,1.5728437882622557e-41,0.07280826472546009,1.6613387209853494e-39,6.169051375480609e-174,0.00030445306251207526,2.953288363970531e-140,1.5062312998135915e-106,4.871346672093028e-84,3.6334082568558796e-117,2.3714074169035997e-256,0.0,0.0,5.081538914047555e-29,0.04132043331543187,2.769306241478888e-45,3.016081443177008e-147,0.000304629251285803,2.9134064162759065e-97,2.3901388688072747e-78,1.0759206516526453e-86,3.60730805993677e-133,0.00029914436628429667,5.365325120908347e-9,0.0,1.047859172500812e-53,0.01742602621156699,2.868218179172481e-36,5.335557342184651e-181,1.6060541735648837e-110,1.724149336517669e-133,3.1185847855334965e-26,1.1324949034230472e-75,2.369135402172048e-42,0.010164848572201126,0.007377567301816242,8.659190770000145e-128,9.065476365925627e-46,0.017576602231191167,6.635991058472531e-39,2.9221698178397693e-113,4.1463679182284077e-131,1.1498117113998198e-105,0.0006795947545592227,8.086537603302236e-27,2.6266421772261136e-65,0.0043170601971346725,0.0037003310417629332,2.3593561199856573e-92,5.208347368212314e-38,0.013567903476708972,8.185997675765958e-36,6.288848047961278e-170,8.584463716309945e-137,4.4166370773678505e-67,0.026372716287430608,7.455884992236231e-25,3.87535336977319e-215,0.0,0.0,0.0,1.9611164021529184e-46,0.0092508432795743,1.1522126948655795e-54,3.4113146097619095e-180,9.072802984296242e-13,6.036027670337366e-56,0.04594979480913026,3.0136173062178713e-25,4.356835357636501e-190,0.0,0.0,0.0,1.2162656564902857e-29,0.006167228853049532,2.2445091924559767e-30,7.631494446134874e-82,3.7526937937907296e-10,3.3791130343360367e-72,0.024142669072547505,6.521580884231832e-29,5.248889181499305e-179,0.0,0.0,1.7339818214620532e-20,0.005242144525092102,7.596727007765457e-60,2.5546268213165125e-116,1.6765893258270916e-162,1.2809677081030467e-107,0.003710183801653929,2.1625955598075757e-7,0.0,1.4734307291044602e-251,0.0,3.9402930609043615e-42,0.003083614426524766,2.567103892040929e-32,1.3408480186770448e-154,3.121847951314458e-206,2.6118475202518774e-170,7.415247478393702e-21,2.5140725450640784e-39,0.0,0.0,0.0,1.397731613428939e-15,0.002428568187232298,0.0003653577925278956,3.2791149129367765e-178,6.477770411574496e-154,1.1113522506356614e-119,2.2825020297541726e-5,0.0,8.665752459534292e-259,0.0,0.0,0.0,4.760798837311681e-131,0.004288229416757027,1.5520167713425256e-48,5.696637697089208e-184,1.9213474833545895e-38,5.464484385828999e-197,5.189738307759171e-83,2.789878762172417e-207,8.1874330773026865e-199,0.0,0.0,0.00041056831163502984,0.00462542163978715,1.2814735761233216e-39,6.640497122152195e-95,2.6594426065640157e-113,3.7194398071534584e-207,0.0005609696443425722,0.0,0.0,0.0,0.0,3.260465710808696e-148,0.0037003373118297198,1.2029625557605055e-28,5.1503810416439405e-143,5.6530467846240855e-12,1.9104020834293003e-132,4.654140989174174e-26,5.602872138587751e-177,0.0,0.0006167228853049533,0.0018501686559148599,4.627283769604507e-46,1.7486638051681089e-189,4.418886872467976e-179,8.371515257509557e-138,1.0249401331478678e-7,2.7122898200315285e-201,0.0,3.504607689757384e-150,0.001541807213262383,7.024070791623804e-147,4.626499282193003e-176,3.3424868321058735e-116,4.547214097824981e-95,0.0,1.8884341973626712e-90,0.0,0.0,5.510991458688038e-20,0.001541807213262383,3.1075961667434527e-34,9.621332133545368e-188,7.767767573381201e-149,6.233854697763749e-212,2.331632335109314e-18,0.0,0.0,3.5839868603029303e-13,0.001541807213262383,7.34034557321328e-176,3.497310665783397e-190,5.8809601402178465e-220,3.5277131884396765e-218,0.0012334457706099065,8.091918462882284e-21,0.0,2.822031259426466e-252,0.0,1.1052895588422623e-35,0.004022523810940054,6.519529202585527e-162,6.0031366930718e-192,1.2974352317250944e-18,2.3138039124849253e-183,0.00017332250514979673,3.2732361307263023e-56,0.0,2.3943983414016488e-39,0.002466891541219813,9.394636190261803e-154,3.509124231152528e-190,4.3327301320530153e-187,6.400586562807907e-130,0.00030835328326899917,1.2459043349143246e-163,5.267213914945844e-192,0.0,1.948249300352795e-18,0.0012334457706099065,1.6920054945108957e-30,5.67172911821733e-178,1.1007038059527436e-213,5.980616376976094e-214,2.5672866768892826e-96,6.71124851894145e-139,0.0,0.0,0.0003083614421247831,5.230386132668365e-39,1.6487586614943824e-190,6.453830184451614e-221,0.0,0.0,0.0,0.0,0.0006167228853049533,0.00277525298387229,0.0004719758292517273,6.338399203030618e-186,3.369704060725678e-219,1.8286332697923593e-217,2.113290440563938e-65,1.1286664891512045e-190,0.0,0.0,0.0009250843279574299,2.468099864015176e-161,0.0,1.6854986736439972e-195,0.0,2.0968789858743342e-30,0.0,0.00030836144265247663,0.00030836144265247663,0.0,8.736860689246093e-210,3.5429723384381455e-213,0.0,9.277911025188947e-175,0.00030836144265246584,5.181562263143842e-221
4.778496866877505e-261,8.170969815519066e-48,0.025140599412184737,3.8550213690934974e-50,4.249703934690588e-126,2.026278682264997e-204,2.925623801894469e-249,0.0,0.0,2.05535350468129e-309,6.395719489950559e-226,0.0,1.7544866195013118e-183,3.364962648515026e-37,0.41627990798525727,2.29419261678268e-23,0.01868547935202891,7.415702051178496e-35,1.1747814108076526e-260,6.998140104622761e-277,0.0,8.636105622784399e-266,4.4894027227824266e-213,0.0,7.196868907316129e-143,7.636641065329046e-98,0.004543682096719983,1.5357470394100065e-41,0.20059273812990563,1.5402203201455248e-25,2.3991548659989232e-251,2.0119098830024858e-231,8.699135465116178e-173,0.0004842243288806097,3.920671450853818e-97,0.0,3.0136422692993508e-152,8.844051960584008e-134,0.0009290734092894731,2.841596109179614e-38,0.11296846517508921,1.972186335999487e-46,8.723919323935043e-136,5.318849828011907e-114,3.43394098829497e-48,0.11972606393648028,8.103992480904703e-53,0.0,6.299640452649252e-175,6.474205844982171e-43,0.0008984729711014892,2.02159838594059e-63,0.02728401613850872,1.8376405543366224e-27,3.1373243193755336e-136,1.9958239776365658e-69,5.733204493071878e-51,0.047960528109398576,3.0445790871762534e-52,0.0,3.3003938429360975e-131,1.7900566911291855e-84,1.6485977599570795e-78,1.0213880219743677e-88,0.0013769244122946766,1.3293257714645925e-57,3.2265512448797854e-98,3.8862362015582497e-76,1.588429788043043e-42,0.005739679224598438,2.4637525773569722e-119,0.0,5.30546549490352e-192,3.271027449166474e-170,8.237378325807617e-139,7.281741094498265e-110,0.0004668547128866756,1.8831237683059424e-78,5.32179137422392e-82,6.2796387661601315e-83,8.345088349065132e-74,0.000379014027064322,5.465278800912745e-157,0.0,1.8617008303138438e-156,1.4430396732720568e-125,7.901538005235908e-60,2.1714262282011555e-104,0.0010822355873736644,4.0792558978430944e-113,7.713480358735414e-72,2.6469261418947386e-78,3.838733425112906e-101,3.1454505727927866e-131,6.9267410155183e-156,0.0,1.0597744802051475e-159,3.019098932005898e-46,0.00038018377481588124,8.744886595190017e-50,2.092812548968631e-46,4.7367283590156286e-145,1.6677772782640522e-73,5.573706407097318e-84,1.1873324102470206e-89,0.0,5.233816620897786e-227,0.0,2.225114168421401e-112,6.782719389075707e-167,8.079244167194087e-58,2.894637053957583e-73,0.0010509822015711608,5.810570387683971e-187,1.1189758009889315e-66,8.568617561691478e-107,1.4504828440403856e-171,8.261963268579054e-258,1.1565427692611065e-169,0.0,6.939819404211623e-173,4.0705032476067063e-203,0.0005865767842401937,9.602903249075114e-60,0.0003802627139490877,1.6384884804217323e-186,1.4003451820599117e-70,2.9506336749138725e-124,6.147973279607934e-171,2.5222363156704093e-187,0.0,3.2849319897465515e-127,1.856614632091631e-166,1.8966276398399709e-56,3.73854622759306e-62,0.0001465627446109111,1.0216954267529188e-144,9.171465739495252e-139,8.352772278698859e-74,6.730873649513853e-62,0.0011603353574854494,0.0,1.4612493830096496e-152,1.1907322760899035e-193,7.648191867870145e-112,1.872992937916305e-122,2.725418109044708e-105,8.375324604333867e-189,1.925595390740155e-111,1.096447520332532e-124,1.3319239158267873e-155,3.2551443059520463e-175,0.0,2.0204466208831895e-117,4.530101128047799e-5,0.0010366622949881795,5.370701864150426e-162,0.0008244212633288216,3.2353650240975008e-233,2.3535320590259644e-122,1.4949636753239949e-145,0.0027074491674660486,0.0003867784524951498,0.0,0.0,4.202478064470482e-107,1.2600534607617895e-218,0.00034524526838176846,6.744099869648239e-45,0.0011583404037188287,1.738425136124303e-206,1.5369741150042805e-157,9.641345059201913e-175,3.1583980206890013e-158,0.0,0.0,7.392454879445393e-129,4.977366643948951e-184,5.103480380170366e-23,1.481689241153406e-55,0.0005936534904364071,6.410818940468058e-224,5.7910989949921194e-108,0.0,0.0,4.675157170674362e-202,0.0,2.0422482446533875e-131,3.775202451203673e-183,2.7011757336451904e-144,4.5050611026319035e-43,0.00038987238214897,1.4081132638883985e-117,6.722168227109494e-51,2.8110857337208e-166,0.0,7.79565343494662e-173,1.1480453264613131e-195,2.460018966507491e-25,1.3357470220014982e-99,0.0004235734816718188,1.0209529857524347e-146,3.931298303706174e-40,2.3091209374448112e-166,0.0,6.749939442330807e-207,3.445035519200852e-162,0.0010820823117807937,2.6061350232001744e-160,8.267781266130798e-165,4.769719460091096e-144,0.0,5.374444365927504e-309,0.0,0.0,1.1363016161355036e-196,7.23335536475384e-162,1.4701354797697845e-141,2.084941347824565e-165,0.0007718141102224045,5.839617170997245e-234,2.1031102308753575e-129,0.0,0.0,1.4541875098202665e-135,6.604825171385248e-235,4.621967814562657e-143,3.8760975879607005e-163,9.3146221302106e-231,2.6938791606731125e-231,7.993346457292402e-167,2.9687706447032305e-146,4.369098087984753e-222,0.0007735569049902996,0.0,2.0703267555097676e-197,2.574662227728435e-194,2.326596965840191e-113,5.240411190136277e-162,0.000871743133959444,0.00034664373739513155,2.2890831022096567e-84,9.25098017814722e-69,0.0,7.927344004648444e-183,4.4614977878362815e-242,2.4709235551400537e-160,5.202622937941734e-149,5.4685630468989346e-71,1.1890011103712255e-230,2.1520859585269134e-219,1.7367085658143754e-160,3.149238501027458e-158,0.0,3.211260812169287e-209,1.0112646279490528e-147,1.7382887452771663e-144,2.429354786494497e-164,1.0594065537275697e-33,2.1386374755755354e-235,1.0020652376072644e-176,3.524807493290268e-96,0.0,0.0,4.703491569182352e-128,2.617749751280075e-143,1.1376311018374593e-116,7.258918148346818e-236,0.0,0.0,0.0,0.0,1.5277140974005525e-230,5.732784810407377e-198,3.3765098985824666e-146,1.1024360849129728e-161,8.69819585463904e-111,4.669507685499632e-221,1.641765511011605e-127,2.3979976993138567e-110,0.0,0.0,2.1375344105649605e-240,6.75578282908004e-151,0.0,1.2612523318740308e-90,0.0,3.719475446772805e-74,0.0,8.12373539567056e-187,5.004349718865327e-215,0.0,8.431853522792918e-236,1.5894873660198718e-235,0.0,5.679384095727969e-156,1.290047536118386e-143,2.8692991986378037e-236
9.941381038150269e-200,3.2841085317957704e-186,3.518891421734147e-164,9.689197106739119e-149,5.627772550478465e-138,0.0,5.2979258765221165e-222,0.0,0.0,0.0,0.0,0.0,1.915388545060272e-43,3.1425797460909005e-105,2.518043533708359e-134,1.4466031047507178e-94,4.227553913467656e-64,2.4419089647839813e-147,3.8632569447259123e-212,0.0,0.0,2.56584290273e-312,0.0,2.8833591013910995e-179,0.005500223329855177,1.1533698001390503e-77,6.285743023101505e-143,9.281762283151786e-113,4.326588131044296e-20,0.00044909570445770235,6.833405768540782e-199,0.0,0.0,2.5011230136398814e-228,0.0,8.039724870955296e-90,0.08965808772484,2.625396144453188e-55,4.357269916762872e-174,1.7946792014722765e-108,0.0018754091697472787,1.6333440519175673e-48,1.6626531523490785e-97,4.555017962666423e-224,0.0,7.776043331120376e-224,0.0,3.2669097219621526e-65,0.05932922056664661,3.471011708828785e-52,4.352981125623881e-175,8.53554851618184e-62,0.0360821096420278,0.004936959913824712,1.6331466844762913e-99,1.2756442841400607e-187,0.0,1.6234874030241326e-235,0.0,3.582148665450704e-57,0.017673197648686786,2.7521373213013107e-51,3.1406364380645046e-198,2.4897499983242874e-49,0.04363375201304293,0.030488698577950075,0.00041174860505282943,2.6482678874670283e-164,1.8515599112411325e-221,5.222501635871206e-142,2.9971745150349623e-212,7.944322963291787e-113,0.015030313339618268,3.871076656784321e-51,2.0592012298023308e-205,1.039050985910924e-39,0.046408136813569895,0.04309493882456422,3.257521340991365e-5,3.218982959192289e-122,2.0064659554977625e-53,8.419195488077891e-67,2.7249687064203167e-208,2.991424755837522e-82,0.012538684652594707,4.2319021235491326e-55,9.225330175822295e-183,8.664444277233849e-32,0.05638908736555159,0.0665171006136727,1.3220528427500351e-14,2.3781178731134205e-144,2.357020145099253e-71,7.623537684086264e-61,9.361252336815427e-215,2.310973312651376e-63,0.008351617062834398,8.67274012925154e-69,6.363807387018084e-184,1.49982484745653e-39,0.04270700209855124,0.0668950386853413,0.0007268179781767536,1.5890018827012446e-89,6.447435421502348e-241,0.0,0.0,8.60847507370388e-55,0.0029933444266854845,4.3861673901943674e-65,4.369090383075748e-185,2.1675699384284877e-49,0.03374334210878995,0.058580401108632205,1.3464140295840012e-8,6.100885408773963e-89,8.101676307928304e-227,0.0,0.0,1.1694207886648977e-32,0.004536089621198184,1.512647931732571e-70,1.6161019296256614e-122,4.611334617878804e-32,0.02268265065209264,0.055934834606952054,0.004306150646124228,4.766427062561403e-93,2.877592169222385e-223,0.0,4.1332341469916504e-36,0.001142546934233208,1.4401427300484963e-49,5.224254330974915e-188,1.492117833962274e-57,0.018753688518002704,0.02607772694513305,0.012459888178636512,1.440300957087508e-36,0.0,3.0000180766871044e-234,0.0,0.0014774906012311553,5.436509299698076e-197,3.5080006562824224e-201,5.066988760652523e-58,0.008314637576709088,0.016629275153418176,0.006802885290034709,5.707502744822711e-204,0.0,0.0,0.0,0.003688700306125382,2.469923045682402e-101,2.274586187928966e-180,2.3010569360542736e-225,0.004485555080146033,0.010204327935052064,0.002644236106825291,1.8249574498175788e-33,1.3336363678560318e-242,0.0,0.0,2.117612873835836e-49,0.0011388333093682607,1.092128462526036e-73,1.8839573976174675e-191,7.84818496029315e-35,0.00037988742788210846,0.006802885290034709,0.0026455665016801647,1.1575019571004242e-228,6.401563307465495e-225,0.0,5.644511160094495e-57,0.0013864841382240417,3.907835828731832e-64,1.9655725985786712e-177,2.97560926588668e-17,0.0005537295335364109,0.0026455665016801647,0.0015800853188373673,0.0,0.0,0.0,0.0,3.03593364327572e-55,5.057296567489033e-48,6.953836525918945e-214,4.93628058370114e-52,0.0015087290663281622,0.0011338142150057848,0.0007558761433371899,1.869107099747549e-206,3.5986344227365004e-30,1.7547761489046212e-39,4.0191139358156334e-200,5.0487388681629735e-172,1.1260002261015265e-26,0.0018537363327650004,0.0022676284300115696,0.0010664279270211022,6.981825977649352e-214,0.0003460249582364112,3.8982747544145744e-13,3.621323497473255e-101,6.591760301686099e-183,6.457700898779373e-226,4.385604470406915e-18,0.0018896903583429747,0.0,0.0,0.0,7.79637639896331e-49,0.00038460798078014235,4.1964404029977716e-57,2.6473650701288245e-215,1.5489245208796886e-227,0.0003796410323419295,0.0026455665016801647,0.001511752286674377,0.0,0.0,0.0018889917879010454,1.738713683926552e-190,4.980604131967604e-219,2.0420657714489604e-224,0.0007558761433371899,0.0007558761433371899,1.3126039583078323e-20,2.8932454510824865e-223,0.0,7.653086134252159e-233,0.0,0.00037766551265819466,2.773668388048558e-181,9.579791631476578e-215,5.232184181186345e-228,0.001037872174280344,0.0015509696648246254,0.00037614319403845333,4.3557021678265105e-90,0.0,0.0006970450743496051,4.325503926771499e-207,6.79283172734622e-216,3.136021311729636e-202,0.0011338142150057848,0.0007558761433371899,0.00037794807208119824,3.1195221491360093e-215,8.295191251090111e-229,3.050385336152332e-31,0.0015117522866743775,3.1513629554834105e-130,2.711430858477046e-216,5.2813452940780915e-223,0.0007558761433371899,0.00037793807166859497,0.0007558314514350887,6.451523800536498e-130,0.0,0.0,9.760028857711642e-211,9.721079453649844e-213,1.2067893464782146e-44,0.00037793807166859497,0.0,0.0,0.0,0.0,1.463189003290574e-32,1.1730595118196202e-207,2.256374085375574e-147,1.546797682433421e-222,0.0011338142150057848,0.0022676284300115696,0.0018896903583429747,2.1693521129846486e-149,0.0,0.0,4.3696532189143157e-206,8.870898697988042e-218,0.0,0.0018896903583429747,0.0,0.0007558761433371899,0.0,1.4487935509618517e-215,1.3981527243357198e-155,0.0,0.00037793807166859497,0.00037793807166859497,0.0,0.00037793807166859497,6.477454567747562e-234,0.00037793807166859497
1.0,0.0,0.0,0.0,0.0,0.0,0.0,0.0,0.0,0.0
1703,207,1407,1409,107,805,2009,2504,1305,210,1204,103,608,1701,1011,4,2202,1304,10,308,2403,307,2007,2305,2005,3005,211,1001,1607,1310,1406,1408,605,1111,3000,2111,301,101,8,206,509,1207,904,1605,906,7,1602,3503,401,110,2405,2011,1502,511,700,1103,1911,1801,2300,1210,1005,405,602,2000,202,2002,1,1904,1711,908,1308,1808,1201,1611,507,2500,4004,204,3502,701,707,2406,606,3001,609,1702,809,1603,802,702,2302,2100,1804,811,1104,603,907,502,406,1506,505,111,200,1901,409,1503,800,3004,2203,711,2001,2206,1303,1401,411,1202,807,2201,404,501,1501,1403,1907,504,2306,1100,1106,1903,2102,2106,600,810,4000,205,1805,1800,105,2501,2008,1507,1700,1301,1211,1411,2204,1505,2407,2,1311,1209,909,804,610,709,1300,1105,304,1705,1101,5,1606,1500,2211,801,309,703,704,1108,1704,1906,408,710,1405,2006,1807,2411,310,2402,1902,1402,2103,2207,1309,3501,1006,108,1307,3504,203,1000,2303,1404,1010,6,607,2208,102,306,303,3506,604,2511,510,1004,902,1206,1905,1504,400,1203,1604,1205,9,4002,109,1400,201,3006,1600,300,100,1510,900,106,3500,2301,601,905,1102,305,1003,402,1706,2105,803,208,2507,1601,500,1811,808,3505,911,2404,407,2505,2104,209,2205,503,1306,1511,910,1508,1707,302,1002,3002,2400,1109,706,806,705,1008,3003,2311,1806,2101,2502,1803,2107,104,1900,2307,2200,403,2304,311,506,1200,508,708,2004,2506,11,3,2503,1302,903,2401,410,0,1007,1802,2003,901,1107,611
402:51,2102:238,1107:139,110:23,2004:229,711:96,1302:156,308:45,1703:200,1010:130,1900:216,501:62,1100:132,6:7,1106:138,808:105,1307:161,3505:294,2208:253,2207:252,1503:180,2104:240,1411:176,2302:257,2406:270,404:53,905:114,2300:255,3006:288,1406:172,1811:215,3501:290,1407:173,1704:201,2211:254,4:5,1901:217,405:54,207:32,506:67,1700:197,603:76,2401:265,104:17,1401:167,1500:177,1501:178,410:59,2101:237,111:24,2501:274,300:37,607:80,302:39,11:12,2011:235,802:99,2307:262,1702:199,1408:174,2500:273,801:98,406:55,1602:190,810:107,1002:123,108:21,4004:298,103:16,2503:276,702:87,208:33,2407:271,2506:279,1109:141,2:3,10:11,307:44,211:36,2411:272,3003:285,2301:256,1105:137,100:13,1102:134,200:25,1506:183,1905:221,1202:145,1510:186,1311:165,1301:155,0:1,2306:261,1101:133,2003:228,904:113,2009:234,9:10,1003:124,1611:196,109:22,502:63,1904:220,409:58,1103:135,1907:223,1911:224,107:20,2400:264,1404:170,1502:179,2305:260,1409:175,1511:187,3503:292,511:72,1803:209,401:50,209:34,805:102,3002:284,806:103,610:83,1802:208,1806:212,809:106,8:9,1000:121,1:2,609:82,1305:159,509:70,201:26,707:92,1209:151,1006:127,206:31,604:77,1504:181,1807:213,507:68,601:74,1207:150,311:48,2007:232,500:61,1800:206,909:118,2403:267,1005:126,602:75,911:120,1308:162,4002:297,400:49,1400:166,403:52,3005:287,709:94,2100:236,1604:192,309:46,1111:142,1210:152,1706:203,608:81,5:6,1906:222,2204:249,1104:136,305:42,703:88,1603:191,2002:227,700:85,1801:207,910:119,3506:295,510:71,2001:226,408:57,1804:210,2202:247,804:101,210:35,705:90,1300:154,505:66,704:89,4000:296,606:79,1306:160,205:30,1808:214,2008:233,1310:164,706:91,1203:146,3504:293,1405:171,2206:251,2106:242,2311:263,2205:250,2103:239,2105:241,1701:198,2304:259,2505:278,1705:202,2303:258,710:95,901:110,1903:219,204:29,1004:125,1200:143,2402:266,907:116,7:8,203:28,2507:280,411:60,1001:122,2005:230,310:47,903:112,1505:182,2201:246,1508:185,2107:243,1007:128,304:41,301:38,906:115,202:27,605:78,1206:149,3001:283,2200:245,807:104,803:100,1601:189,1805:211,2006:231,1902:218,1303:157,1507:184,708:93,1205:148,811:108,1304:158,2000:225,3500:289,503:64,2511:281,106:19,2405:269,900:109,902:111,2502:275,303:40,600:73,102:15,1707:204,1600:188,3004:286,3502:291,101:14,1607:195,1108:140,105:18,3000:282,1605:193,1211:153,2404:268,407:56,1011:131,1201:144,1606:194,800:97,611:84,3:4,1008:129,2203:248,306:43,2111:244,1309:163,2504:277,701:86,508:69,1204:147,908:117,1711:205,504:65,1403:169,1402:168
