50
0.5232301468177871,0.0,2.5848842762190217e-12,5.353963010974323e-77,0.0,0.022057694363242546,0.0,0.0011594444092915223,0.0,5.297703948432757e-8,0.052769026201040306,0.0007587427222218883,0.00015823761902341817,0.0,0.0,0.0,0.0,1.8636020906645586e-31,2.0675237765189713e-5,0.0,0.0,0.004179683733569353,0.08593710257629704,7.534601508378501e-6,0.0,0.00031652779021179003,0.0,1.4271534861268689e-106,0.0,0.27988541851382015,6.722194602866343e-8,0.0291796140945299,0.0,0.0,0.0003400115667935731,0.0,7.16878933326186e-92,0.0,0.0,0.0,0.0,0.0,1.9502820557743735e-116,6.926381039370047e-156,0.0,0.0,0.0,1.955132727295255e-8,0.0,0.0
0.0,0.7049823242945933,0.0,0.004603878274374067,9.309026102674927e-224,0.0,0.002823051844328417,0.0,0.0,0.0,0.0,3.092694532236156e-10,0.0,0.0,0.004716134376326312,0.007259365724289927,1.339484149564793e-248,0.0,0.0,0.12319716343156233,0.0,0.0,0.0,0.0,1.2830597245924433e-59,0.0,0.09801777621338378,0.0,0.0,0.0,0.0,0.0,0.0,0.0,0.0,7.70146671574433e-6,0.0,0.0,0.0,2.223845678070639e-149,0.0,0.0,0.0,0.0,1.4082059353115092e-25,0.0,5.5825936432925264e-5,0.0,6.528426507589135e-153,0.05433677812872372
0.0038679311578762882,0.0,0.8918817760104958,0.0,0.0,1.8192572668848556e-25,0.0,3.7792079275965236e-173,0.0,5.578386429968286e-81,2.0040698035195067e-105,0.0,2.1101057418283024e-117,0.0,0.0,0.0,0.0,0.06617356978790313,7.959265215043702e-62,0.0,0.0,6.031799735509322e-71,5.806278498209214e-16,1.5099819279604576e-133,0.0,1.169729599284881e-40,0.0,0.010212131982050449,0.0,1.2453058522694817e-9,1.519206333000489e-188,9.959370664498672e-13,0.0,0.0,6.299760283278777e-13,0.0,0.011024668262793037,0.0,0.0,0.0,0.0,0.0,0.00504646003018504,0.011793461521763943,0.0,0.0,0.0,8.076103128856702e-111,0.0,0.0
0.0,0.026268205914337345,0.0,0.7275977533463958,0.00714316874815051,0.0,0.0,0.0,0.0,0.0,0.0,0.03791536537860306,0.0,0.0,0.10536689191568101,0.011664323843683173,0.0022353654298652,0.0,0.0,9.368335422018502e-38,0.0,0.0,0.0,0.0,0.008759997216727457,0.0,0.015640244761417336,0.0,0.0,0.0,0.0,0.0,0.0,0.0,0.0,4.382987824752063e-27,0.0,0.0,0.0,9.998946462763578e-157,0.0,0.0,0.0,0.0,3.402025906132849e-201,0.0,0.008758530302011612,0.0,3.009034136345703e-111,0.048650153143127345
0.0,8.47046984050233e-195,0.0,0.0,0.5120170984763985,0.0,0.0,0.0,0.0,0.0,0.0,1.0299901047785432e-161,0.0,9.52264802064415e-186,0.0,1.052253465909877e-23,0.4758234520353935,0.0,0.0,1.4625831382515088e-15,3.504999180705999e-140,0.0,0.0,0.0,0.0013773917048046345,0.0,5.522949134705233e-11,0.0,3.717187722463826e-191,0.0,0.0,0.0,1.3020906012520244e-156,0.0,0.0,1.4857631994372865e-24,0.0,2.989323828270453e-171,3.441534993816376e-9,0.0006895301038589857,6.134456801432987e-9,5.246419230502255e-140,0.0,0.0,1.4190248098663954e-15,1.1372818977554313e-11,0.0015141945985127254,0.0,0.008578323438434534,0.0
0.0008162514842277362,0.0,1.5995983571188103e-29,0.0,0.0,0.6203035956442007,0.0,1.560925075257182e-17,0.0,2.3102102672443535e-49,1.5162146073410395e-28,0.0,0.02473025216063833,0.0,0.0,0.0,0.0,6.66373809315412e-51,6.694570351493544e-10,0.0,0.0,0.02031001195367868,0.13595999156723734,0.0033757507149724405,0.0,0.10034240435891084,0.0,0.0027186146557247035,0.0,0.0623107567891387,0.00608660774641753,0.020429479269885076,0.0,0.0,4.1940513000492344e-78,0.0,3.898305875922682e-39,0.0,0.0,0.0,0.0,0.0,2.036488338335417e-77,2.714316570587856e-237,0.0,0.0,0.0,0.002616282985510841,0.0,0.0
0.0,0.0,0.037816729919096084,0.0,0.0,3.618065371544219e-11,0.9392364042172889,0.0,4.1610342883510403e-53,0.0,0.0,0.0,0.0,0.017585558647419657,0.0,0.0,0.0,1.6203615021106118e-23,2.486837907795265e-237,0.0,4.285901371286496e-168,0.0,0.005361307180014717,0.0,0.0,0.0,0.0,0.0,7.203656833868155e-280,0.0,0.0,2.1276953010495816e-165,0.0,3.458497197137049e-136,0.0,0.0,0.0,2.1141594654407448e-103,0.0,0.0,0.0,0.0,0.0,0.0,0.0,0.0,0.0,0.0,0.0,0.0
0.0,7.118734758014726e-101,0.0,0.0,0.018649181275474474,0.0,0.0,0.9428236372758327,0.0,0.008764391114569565,3.079958151829949e-13,1.3170040564838232e-173,0.0,0.0,0.0,6.5080521048541446e-133,0.0003498403991794035,0.0,0.0,9.373181343068239e-14,0.0,3.007496408519994e-36,0.0,0.01759323429225839,0.0009021092280103101,0.0,0.0003240859441814657,0.0003689793310359224,0.0,0.0,0.0,0.0,0.0,0.0,4.970492814788926e-22,5.916813915555994e-39,3.2564733299625464e-83,0.0,0.0,0.004805548354497975,0.0,0.0,0.000883933436809057,1.8898216368193918e-113,0.0004308537032680732,0.0,4.332282727947464e-148,0.0,0.004104205644480861,4.7058286294653755e-261
1.710488129219798e-20,0.0,4.52385320692181e-89,0.0,0.0,3.798614038219533e-80,0.002533614453732808,0.0,0.9525416410115596,0.0,0.0,0.0,1.762487090111488e-284,3.6316089709463005e-52,0.0,0.0,0.0,0.013511084997945752,2.3807128940137787e-128,0.0,4.840841437400358e-182,0.0,1.3070080763277216e-55,0.0,0.0,2.1772220166347474e-196,0.0,0.0,0.006422343469813115,1.020253393590704e-20,1.4476146677815824e-274,0.024991316066942715,0.0,5.7348704555408824e-15,0.0,0.0,0.0,4.45643470099969e-98,1.8616354245971064e-236,0.0,3.484962052065143e-160,0.0,0.0,0.0,0.0,2.109077952428226e-238,0.0,9.064097956700204e-269,0.0,0.0
0.0,1.999919850953799e-180,0.0,0.0,1.1949985560226378e-75,0.0,0.0,0.0008960107617437809,0.0,0.044825465221197666,0.41028230904464713,5.597378811080274e-168,0.0,0.0,0.0,6.199278920606969e-10,2.0707559988620454e-82,0.0,0.0,8.1547690432459635e-53,0.0,2.6266389656973596e-82,0.0,0.00023473683676955272,0.05349760062405546,0.0,1.1465408131889941e-42,0.0014220094034966169,0.0,0.0,0.0,0.0,0.0,0.0,0.29880086364208147,1.3715739757256824e-46,0.0001931066433729021,0.0,0.0,1.3220098035442905e-58,0.0,0.0,0.1742016203806989,0.007094281315147768,0.008551945094507973,0.0,3.964221968568374e-25,0.0,5.0412352908613336e-8,6.335479366375728e-306
0.0,6.48504185214635e-218,0.0,0.0,3.1512098503636675e-166,0.0,0.0,0.01033471688166494,0.0,0.16915680322224702,0.7477925769211976,5.744812153378007e-193,0.0,0.0,0.0,1.0072499591017397e-45,9.947444691770936e-177,0.0,0.0,1.203514875255323e-95,0.0,1.8945704943848922e-92,0.0,0.03925939454825584,0.007108710753858481,0.0,3.0781554228453376e-100,1.0276833914894702e-8,0.0,0.0,0.0,0.0,0.0,0.0,0.02057420733557409,9.47261022261517e-99,0.005766592510333785,0.0,0.0,6.017560638944374e-68,0.0,0.0,6.9875500343399e-6,2.6040409277105536e-17,6.177430684736558e-19,0.0,7.1593811478296745e-25,0.0,3.092381408405386e-69,2.2313917811354814e-257
0.0,0.013350218431568464,0.0,0.050149876908821195,2.330647726772313e-87,0.0,9.500009460737929e-281,0.0,9.34078250473957e-232,0.0,0.0,0.7721747973755639,0.0,8.882883036456755e-41,0.03256333415957272,1.4916582627843854e-19,5.782003098021121e-88,0.0,0.0,0.039950122869227826,0.0,0.0,0.0,0.0,2.7265118149655103e-47,0.0,0.039997961754820094,0.0,0.0,0.0,0.0,0.0,0.0,0.00737722593480111,0.0,6.4004105394312935e-136,0.0,5.945042483529e-311,0.0,6.8934111887339115e-146,0.0,0.0,0.0,0.0,4.7295140853029875e-102,0.0,0.009830136845539848,0.0,1.82273491138568e-177,0.034606325720084784
1.172305570536573e-6,0.0,1.570979708171107e-88,0.0,0.0,0.0021145814924667266,0.0,0.09953834408530379,0.0,4.396465989345304e-39,7.087272825361146e-21,0.0,0.8966516875357055,0.0,0.0,0.0,0.0,2.295142775502401e-113,2.761250097669658e-18,0.0,0.0,1.2232464138458085e-103,3.196339992620583e-8,0.001693500974223692,0.0,5.141153365009002e-8,0.0,6.6598105240648335e-292,0.0,6.302317962676732e-7,7.713799402717182e-20,4.033557805938869e-50,0.0,0.0,9.05641066239763e-116,0.0,1.3042684509880957e-237,0.0,0.0,0.0,0.0,0.0,3.7290759099262855e-158,0.0,0.0,0.0,0.0,2.784626978540832e-17,0.0,0.0
0.02423168471836103,0.0,0.020168828556144356,0.0,0.0,0.06740881694675634,1.2126155129960768e-111,0.0,2.831900857706677e-139,0.0,0.0,0.0,1.5113693437617182e-81,0.5671652029412989,0.0,0.0,0.0,2.785233703474819e-99,3.1955942633420155e-15,0.0,1.434053069928909e-22,0.0,0.031027592111406606,0.0,0.0,3.3587592183914555e-24,0.0,0.0,2.537402342929372e-41,4.067108441479291e-8,1.9392212459283025e-66,1.1039408868785635e-102,2.0885921459961036e-23,0.13774436113346214,0.0,0.0,0.0,0.05022264962268856,0.016399332119982082,0.0,0.04778977066412571,0.017526451537821567,0.0,0.0,0.0,0.0019398520633825526,0.0,0.018375416913482562,0.0,0.0
0.0,0.04376399345167704,0.0,5.2221943671173e-16,6.2817136845132186e-117,0.0,0.0,0.0,0.0,0.0,0.0,0.018101102845485117,0.0,0.0,0.7889200437959523,1.2616991882255276e-38,4.539121153726066e-117,0.0,0.0,0.03670554927048342,0.0,0.0,0.0,0.0,7.634549491910227e-35,0.0,0.024071808417701096,0.0,0.0,0.0,0.0,0.0,0.0,0.0,0.0,0.004160806676443741,0.0,0.0,0.0,5.408834959026302e-272,0.0,0.0,0.0,0.0,1.310409588425032e-171,0.0,8.365532946119193e-17,0.0,1.6569295838792469e-211,0.08427669554225652
0.0,2.3168053262012715e-8,0.0,1.3696794906360326e-184,0.0251756405930395,0.0,1.9960745378495963e-91,0.0,0.00283416188733021,0.0,0.0,0.0018595018121117313,0.0,4.2905094443196944e-79,4.453748798890105e-83,0.7579172754698222,1.4689813693315986e-5,0.0,0.0,8.5689124455075e-6,2.372166745556001e-203,0.0,0.0,0.0,1.419388112887155e-51,0.0,0.034099592261565864,0.0,2.371212125550541e-253,0.0,0.0,0.0,0.0,0.0018090613597278112,0.0,0.12278539882413265,0.0,1.1169225821485921e-36,1.2473512213255697e-86,4.696327071795289e-108,7.42502771142687e-207,0.0,0.0,0.0,0.0006287619817306111,5.6846751947867575e-89,0.046439003515112286,0.0,0.004597637784821556,0.0018306826164136327
0.0,2.2854170232885355e-191,0.0,0.0,0.11142802243109977,0.0,0.0,0.0,0.0,0.0,0.0,7.324245445411618e-165,0.0,5.090908988152543e-181,0.0,1.4206651869485845e-21,0.8009615804121544,0.0,0.0,4.822991462850204e-23,5.019355491706994e-137,0.0,0.0,0.0,0.0013938174948053155,0.0,0.0008934580986300269,0.0,7.327650478545262e-183,0.0,0.0,0.0,1.1393890244267405e-162,0.0,0.0,1.1818770017794826e-30,0.0,2.761565547987273e-166,0.08062421729707876,0.0004411282452964788,0.0016130311368168595,1.0945269440244582e-139,0.0,0.0,3.454974362144915e-33,3.2414210974492235e-5,5.6737658432064624e-5,0.0,0.002555593014711891,0.0
4.3476527820328805e-41,0.0,0.021005037419846356,0.0,0.0,0.001472363445936103,0.0,7.444859683907957e-248,0.0,1.7126097265806024e-22,1.5015412159290668e-22,0.0,7.771381692686994e-76,0.0,0.0,0.0,0.0,0.87611347481744,8.642061184017379e-7,0.0,0.0,4.722085880888953e-46,1.2717427174697408e-7,1.544781234732071e-45,0.0,0.001040230900212194,0.0,2.2065769619179214e-53,0.0,1.629703235639175e-25,2.781256336435808e-151,0.041891517081921084,0.0,0.0,0.008710394049822467,0.0,2.851738740183409e-50,0.0,0.0,0.0,0.0,0.0,0.049765990904320975,3.9576152570211285e-167,0.0,0.0,0.0,1.1081586660031646e-13,0.0,0.0
0.00014389961093051292,0.0,8.359074387096468e-39,0.0,0.0,0.031119336960199688,5.538085055e-314,3.6244751203591304e-214,0.0,1.4066366387279975e-263,1.4260553201511125e-230,0.0,6.349763444046885e-29,5.186413984013423e-208,0.0,0.0,0.0,6.218589979177701e-128,0.6990604609906643,0.0,1.3515983522159626e-202,3.5194119560259986e-246,3.8664970522454264e-25,3.601659897205454e-192,0.0,3.219916479626456e-5,0.0,0.0,0.0,0.0011888697862782324,5.742174405506423e-17,1.898060306351594e-52,0.0,6.861059636564907e-233,0.0,0.0,0.0,4.5168135398593944e-188,0.0,0.0,8.22720570764e-313,0.0,0.0,0.0,0.0,0.0,0.0,0.2684552334871307,0.0,0.0
0.0,8.071054847515967e-36,0.0,1.0344448443446248e-39,0.041200361904574496,0.0,1.349030720670028e-48,0.0,1.488378891973448e-228,0.0,0.0,3.9890021471183355e-22,0.0,0.0,1.0757215406343722e-97,0.35594319953618786,7.501393584953396e-6,0.0,0.0,6.492502820548693e-7,0.0,0.0,0.0,0.0,5.697340951505691e-20,0.0,6.715957667879161e-9,0.0,0.0,0.0,0.0,0.0,0.0,1.4118127891089239e-273,0.0,0.0670293144060957,0.0,5.7378208300775e-311,0.0,0.007588348133183253,0.0,0.0,0.0,0.0,0.11893553369145973,0.0,0.40929508496423234,0.0,4.441923137132889e-12,4.375280522667627e-49
5.996164812283017e-14,0.0,7.027100333953966e-294,0.0,0.0,2.749140958555342e-78,2.1512206558402915e-120,0.0,1.6771786664052422e-177,0.0,0.0,0.0,5.5380090373868846e-30,0.012203650366521702,0.0,0.0,0.0,6.235765811437361e-251,0.041186488667713024,0.0,0.7934474024675672,0.0,1.3798780806405268e-129,0.0,0.0,0.011055382237236728,0.0,0.0,1.441317629464258e-40,1.260167876765416e-6,6.327311008296564e-47,6.061562437835307e-208,2.527048426996125e-94,0.0071794210640196655,0.0,0.0,0.0,0.008021094881360876,4.837616800813786e-16,0.0,2.8925723641216896e-34,2.1559350577368943e-93,0.0,0.0,0.0,2.6879978478536498e-15,0.0,0.1269053001476408,0.0,0.0
3.6646173147568096e-8,0.0,1.2480093160407566e-24,0.0,0.0,2.466011372293589e-15,0.0,1.6771727203774087e-105,0.0,0.012960094605296976,0.886109599941336,0.0,1.1138040283163215e-19,0.0,0.0,0.0,0.0,2.7572402143776174e-37,1.0204805516236634e-26,0.0,0.0,7.2863310444749195e-22,3.296745230066354e-14,1.801125412408097e-30,0.0,3.1821663549639696e-13,0.0,1.7127030541999116e-188,0.0,9.096718036932046e-10,8.499551490195819e-34,1.0483479260411928e-11,0.0,0.0,2.8462525153378025e-8,0.0,0.10093023942416006,0.0,0.0,0.0,0.0,0.0,3.806418710774798e-43,2.0466708955432365e-146,0.0,0.0,0.0,2.208690366696538e-17,0.0,0.0
0.3596091680248632,0.0,4.088240282929888e-22,0.0,0.0,2.1782358369468778e-8,0.0,7.478847587412699e-71,0.0,5.789671329067261e-23,7.515785344602377e-11,0.0,1.0397815247362726e-23,0.0,0.0,0.0,0.0,2.953604199064495e-31,1.1529304397906858e-19,0.0,0.0,0.046412625008445195,0.4424484507040466,1.4616696668480675e-25,0.0,5.827631785597789e-15,0.0,4.9752142764807246e-163,0.0,0.09859913160331503,1.0860865522889624e-36,0.052930602801808016,0.0,0.0,1.1027030892966719e-18,0.0,1.7274135321944575e-43,0.0,0.0,0.0,0.0,0.0,1.3922921098532085e-58,4.57034453828179e-176,0.0,0.0,0.0,1.2379566427684948e-19,0.0,0.0
0.0,2.3277260596831226e-183,0.0,4.455825948772011e-283,9.095514690113416e-5,0.0,0.0,0.021497945112717923,0.0,0.12374870526952433,0.04066289808337421,1.2648408367138448e-182,0.0,0.0,0.0,0.0019426268763101974,1.6323485035174306e-8,0.0,0.0,9.370767666185309e-10,0.0,2.5444563283352965e-77,0.0,0.7704504989891516,0.0070131025307916,0.0,1.1542686470738674e-9,3.018510170038321e-40,0.0,0.0,0.0,0.0,0.0,0.0,0.007455689148719559,7.500001136585844e-34,1.214639777107886e-6,0.0,0.0,0.00341666395053687,0.0,0.0,0.0044941701293152924,0.00012794457378026135,0.0069714878900375785,0.0,5.78711575586875e-65,0.0,0.012126079244231836,2.464063e-317
0.0,0.004961009135245921,0.0,7.827807403988073e-293,1.0632055338394865e-54,0.0,1.4245161906667598e-19,0.0,4.1856743036994416e-262,0.0,0.0,2.4286362445885303e-111,0.0,1.9820153005607655e-256,2.9286485941957965e-168,0.10206630470664414,2.3652416843199844e-58,0.0,0.0,9.364981439549617e-31,9.449292284336331e-248,2.789224883086707e-165,0.0,3.925235131214579e-242,0.6640386629943043,0.0,0.09925777397499465,4.1021003122321216e-281,7.576020267106169e-153,0.0,0.0,0.0,0.0,3.055779191330875e-291,0.0,2.660742949362017e-38,6.672313647169375e-283,1.0919111715482597e-56,4.4646532208785426e-144,2.009013131130768e-108,4.24706822969349e-47,0.0,0.0,1.0885250824600637e-265,3.7563312727672053e-10,2.46251009695347e-146,0.12967624881317732,0.0,5.29310705615828e-16,5.1850548584997955e-45
0.10686200096432243,0.0,0.001911171131810479,0.0,0.0,0.11104077357494994,0.0,7.597419004893118e-22,0.0,5.647978177947034e-99,2.59172545470767e-77,0.0,0.18257985398825666,0.0,0.0,0.0,0.0,5.849164982027302e-101,2.0068846133449654e-5,0.0,0.0,1.2229377281217472e-130,4.690980759666463e-8,9.600310611976885e-33,0.0,0.49899699403753467,0.0,0.0,0.0,0.07155619621240893,0.0014522750798260182,3.976422717783262e-40,0.0,0.0,1.2193180817734337e-169,0.0,8.834827658046834e-246,0.0,0.0,0.0,0.0,0.0,1.1228516709777825e-184,0.0,0.0,0.0,0.0,0.02558061925494982,0.0,0.0
0.0,0.04465321369627755,0.0,3.778329107515176e-48,6.502155188267958e-12,0.0,0.010904015682969219,0.0,4.346754409213237e-124,0.0,0.0,0.007661351786161815,0.0,3.657119271266951e-280,3.432967526051551e-101,0.00024858425766335527,3.725107640120563e-19,0.0,0.0,0.13705138247837184,0.0,0.0,0.0,0.0,7.278886364529868e-53,0.0,0.7697434338685037,0.0,0.0,0.0,0.0,0.0,0.0,5.01494406960285e-309,0.0,0.019003817430388686,0.0,0.0,0.0,7.395892951959822e-43,0.0,0.0,0.0,0.0,3.522638887196573e-21,0.0,0.010734189498559314,0.0,5.73241380331636e-13,1.1294029172985189e-8
0.0,0.001566423230423977,0.0,0.03235504420438639,0.0,0.0,0.0,7.581968508074762e-205,0.0,0.005694356251774395,5.683939048007023e-17,0.03048416381843278,0.0,0.0,4.997944655562476e-35,9.90063560910888e-159,0.0,0.0,0.0,3.981997679045683e-204,0.0,3.024941901311024e-58,0.0,2.055915371044879e-20,1.0263203220889974e-258,0.0,0.006985363846119085,0.8153052485812292,0.0,0.0,0.0,0.0,0.0,0.0,4.521543548589827e-46,0.0,0.022081182849420764,0.0,0.0,0.0,0.0,0.0,0.01005652458205555,0.07354074263516691,0.0,0.0,0.0,0.0,0.0,0.0019309500009909624
0.007385238576009739,0.0,2.4069085176634698e-76,0.0,0.0,2.4275665278066242e-55,5.871594313224846e-115,0.0,2.55323917116802e-13,0.0,0.0,0.0,1.881483876188146e-218,1.8427523779525728e-50,0.0,0.0,0.0,0.0012631435390378528,3.715828337797225e-133,0.0,2.9302967664595426e-56,0.0,2.9889815206366735e-25,0.0,0.0,1.2740601405638829e-158,0.0,0.0,0.9402768700446142,2.9266445110568052e-12,0.0,0.0061956360819800955,1.3080259809086476e-30,0.03336570999800784,0.0,0.0,0.0,2.9132017012941534e-6,3.978682696052554e-27,0.0,0.011510444560885638,4.399458132050313e-8,0.0,0.0,0.0,6.187737689103532e-46,0.0,1.8473765322203563e-228,0.0,0.0
0.6867896083678963,0.0,1.970910327350529e-24,0.0,0.0,0.043181294116524084,0.0,0.00015599120602558105,0.0,3.713966859562682e-13,0.00016474448220047305,0.0,0.03963966021059104,0.0,0.0,0.0,0.0,2.176622447611745e-37,0.010773857521623107,0.0,0.0,4.394567594298573e-6,0.0027254842672083243,0.042814681649846816,0.0,0.07814138097126594,0.0,1.9982296375772103e-106,0.0,0.09396695248605465,0.0016415222214721907,4.275873565009677e-7,0.0,0.0,7.518607464348723e-11,0.0,6.784176574716003e-108,0.0,0.0,0.0,0.0,0.0,8.601481921400901e-111,1.5226986577939664e-173,0.0,0.0,0.0,2.6878330723476224e-10,0.0,0.0
0.0015093549865718473,0.0,1.2859035294075635e-173,0.0,0.0,0.00753096033823064,0.0,0.03453216873453138,0.0,4.0035508249897885e-178,2.1498034539025836e-161,0.0,0.010761872041757218,0.0,0.0,0.0,0.0,7.583692333772923e-201,7.769165383280569e-49,0.0,0.0,1.6882547348969578e-190,4.063567372942327e-29,4.4836948103378804e-108,0.0,1.426066457630877e-14,0.0,0.0,0.0,2.4277619261281373e-14,0.9456656438988703,2.2262915254801912e-57,0.0,0.0,3.897665856394645e-255,0.0,0.0,0.0,0.0,0.0,0.0,0.0,4.4e-321,0.0,0.0,0.0,0.0,1.0471347965290572e-24,0.0,0.0
0.038605124087678924,0.0,0.010363278551402942,0.0,0.0,1.999491786647017e-8,0.0,3.0759072901243216e-85,0.0,2.4026697131618386e-16,3.425372917417679e-15,0.0,8.145934471963063e-43,0.0,0.0,0.0,0.0,0.0669618408539573,6.664851431865859e-28,0.0,0.0,2.0935740638623302e-5,0.012330654372371314,0.0011140698199232871,0.0,1.4175708941014942e-22,0.0,2.868636652683906e-243,0.0,7.285247708129822e-7,2.49578974139292e-126,0.8417632278957053,0.0,0.0,0.02715695008496401,0.0,0.001683168042449252,0.0,0.0,0.0,0.0,0.0,3.947494911199238e-30,1.0254051631213055e-68,0.0,0.0,0.0,2.0312167970638365e-9,0.0,0.0
3.214552558142135e-190,0.0,0.0,0.0,0.0,5.126968164439442e-77,2.550790125959553e-190,0.0,0.0,0.0,0.0,0.0,3.257022843437631e-94,1.1840399975283152e-14,0.0,0.0,0.0,0.0,1.4828314497849323e-54,0.0,0.005456716495917011,0.0,1.63e-321,0.0,0.0,6.394727131232463e-23,0.0,0.0,3.762081323081481e-187,1.8896594061354808e-132,0.09193765171179126,0.0,0.35306776119199695,2.4899869144688305e-81,0.0,0.0,0.0,0.005593844580351205,7.562442186131086e-57,0.0,3.538646822367404e-61,0.5439440260199316,0.0,0.0,0.0,1.0860060591189927e-59,0.0,6.60854677769441e-67,0.0,0.0
0.11614145721643489,0.0,8.934889408204429e-94,0.0,0.0,1.6910860377246448e-27,8.639867677323284e-145,0.0,0.017082456745149188,0.0,0.0,0.0,2.87930073396193e-95,1.242244224507949e-21,0.0,0.0,0.0,0.007118505070632496,0.060150641667569185,0.0,3.428587848651159e-23,0.0,1.12033171781475e-14,0.0,0.0,4.7956953175276385e-39,0.0,0.0,8.853614498792996e-24,0.0010360591679567377,0.00469420720151226,0.06918246435556147,3.4871698095325226e-75,0.7245942085751725,0.0,0.0,0.0,1.815595693452456e-26,9.753998936262828e-33,0.0,7.852591569205844e-25,5.741990466857751e-57,0.0,0.0,0.0,1.5503667507317821e-40,0.0,4.2687264510154026e-58,0.0,0.0
0.0,4.263834956460703e-226,0.0,0.0,0.0,0.0,0.0,0.0013642213048353478,0.0,0.054957967259919915,0.004268029170485057,3.158714216297385e-137,0.0,0.0,0.0,0.02468600545712102,0.0,0.0,0.0,3.4062520877994594e-62,0.0,8.203887535274817e-89,0.0,0.008065906209397762,0.004733599126453598,0.0,0.001251295154407052,0.0021989876071213613,0.0,0.0,0.0,0.0,0.0,0.0,0.7688393057781362,2.8031120997743754e-115,0.01152149954753118,0.0,0.0,0.0,0.0,0.0,0.09368161477974642,0.001870121592053256,1.1071693455340618e-37,0.0,0.02256144701279182,0.0,1.2080937740671799e-114,0.0
0.0,3.464084067292348e-80,0.0,0.0,0.589039567341216,0.0,2.0389862570781713e-64,0.0,6.550619666848579e-73,0.0,0.0,6.0128204916361345e-136,0.0,5.205605824692839e-305,2.764532778592194e-129,2.9204644048097116e-34,0.001781984139004389,0.0,0.0,3.1236875557469593e-66,0.0,0.0,0.0,0.0,3.28674858572177e-31,0.0,1.2185570076480348e-78,0.0,2.0223585667977451e-60,0.0,0.0,0.0,0.0,7.893669663334548e-248,0.0,0.07591843384654906,0.0,9.309976997716354e-86,3.3975431519175284e-297,0.010761492496208138,1.1657560475444028e-52,0.0,0.0,0.0,0.24524166713708526,8.091708585121253e-308,2.2448954313187023e-19,0.0,0.0772568550399372,5.025832846856183e-52
0.0,0.04616362379689977,0.0,2.353663842635657e-96,0.0,0.0,0.0,9.912053846289028e-175,0.0,9.485100499340205e-9,0.0034925337675402453,1.3117698717231524e-60,0.0,0.0,5.647509506641095e-110,0.003474226313208987,0.0,0.0,0.0,2.076965322747815e-6,0.0,6.404826807547911e-113,0.0,4.772528063097232e-7,1.6515430130664495e-146,0.0,0.0019108015716959392,0.03203836664267882,0.0,0.0,0.0,0.0,0.0,0.0,0.015742818861521752,0.0,0.7954447231169154,0.0,0.0,0.0,0.0,0.0,0.026124595262727663,0.07542045614124333,0.0,0.0,0.0001852908223385482,0.0,0.0,8.492575918718963e-26
4.023166473746933e-86,0.0,1.9029806242899157e-209,0.0,0.0,1.246742413747437e-84,9.299496799984768e-142,0.0,3.828804430438865e-105,0.0,0.0,0.0,1.4058685290455095e-63,0.02197077650122642,0.0,0.0,0.0,2.2420000514197486e-173,0.0583624033586048,0.0,0.829297154927872,0.0,1.6700207634424038e-81,0.0,0.0,3.206675304902193e-31,0.0,0.0,0.005727004278278435,6.507105572264302e-90,1.6718520635685412e-65,5.318247506737044e-94,7.922814762423486e-90,0.08464091531362634,0.0,0.0,0.0,1.689861994188872e-6,3.76876032406095e-35,0.0,5.5758397887701493e-8,4.601476975123026e-88,0.0,0.0,0.0,2.0678783823028913e-24,0.0,9.1987140638959e-19,0.0,0.0
1.8571438682223877e-164,0.0,0.0,0.0,0.0,2.7182895759777232e-86,1.1551277243811494e-142,0.0,2.0767390115807408e-168,0.0,0.0,0.0,4.088914786766507e-22,0.0003023771605812073,0.0,0.0,0.0,0.0,0.0013317688040396362,0.0,1.8744120777340434e-7,0.0,2.0763027481281885e-100,0.0,0.0,5.81547657097256e-12,0.0,0.0,3.366349893159807e-98,2.6966257440521996e-94,1.9462629801291186e-105,0.0,3.0841053403010345e-49,3.8827884953991024e-29,0.0,0.0,0.0,5.0248970691340015e-5,0.115968716384189,0.0,0.0008764598270885152,1.4840537942227108e-47,0.0,0.0,0.0,0.8813968875052156,0.0,7.33539011713929e-5,0.0,0.0
0.0,3.928414256677948e-242,0.0,0.0,0.0021872402209272184,0.0,0.0,0.0,0.0,0.0,0.0,5.855272786460113e-188,0.0,5.113896644855989e-146,0.0,1.8661401204588586e-62,7.49841496808202e-6,0.0,0.0,7.250127469423067e-68,1.2815493634642023e-208,0.0,0.0,0.0,3.0302220007083256e-29,0.0,1.3755217897247797e-44,0.0,3.2405613779863014e-232,0.0,0.0,0.0,0.02181931583925266,0.0,0.0,1.2785549864228789e-52,0.0,2.247520759021232e-212,7.477784002817626e-93,0.9422362038954388,0.002416225498242392,0.023122049821975642,0.0,0.0,6.398478261601149e-40,4.50646820554371e-97,8.061422631748018e-57,0.0,0.008211466309195396,0.0
0.0017467651391427487,0.0,0.0,0.0,0.0,1.1465054256373078e-29,2.8835345869842085e-221,0.0,7.491273634359691e-155,0.0,0.0,0.0,6.378388907173587e-83,0.0016376555854911577,0.0,0.0,0.0,5.267768716509692e-213,1.4640208767823177e-11,0.0,9.599207842218844e-25,0.0,0.001556123282104062,0.0,0.0,2.290367827193711e-114,0.0,0.0,0.0021485372109185277,2.1399404241027703e-7,2.5064749635584276e-216,1.0832089663409527e-70,7.667220542822714e-22,0.004839357727774163,0.0,0.0,0.0,0.006712410398959668,0.07965143176590174,0.0,0.8754454627240799,0.008671997049411868,0.0,0.0,0.0,0.01759004510753343,0.0,4.225834189494184e-115,0.0,0.0
1.323231095968737e-165,0.0,0.0,0.0,0.0,2.302315617741623e-64,4.290261315257078e-168,0.0,0.0,0.0,0.0,0.0,1.4897443197004462e-74,0.009184771938642219,0.0,0.0,0.0,0.0,5.561202724011117e-29,0.0,1.3824433151423594e-21,0.0,1.6661066303816612e-258,0.0,0.0,1.1701782221915468e-6,0.0,0.0,1.1615451002419575e-136,6.985009475264333e-99,3.459187884105184e-5,0.0,0.43657174309367397,1.4739691287729082e-98,0.0,0.0,0.0,1.6111579481152595e-27,2.3980551559048984e-57,0.0,1.4631910794309395e-43,0.5542077229106208,0.0,0.0,0.0,2.0211811812508253e-54,0.0,5.9518308727825425e-50,0.0,0.0
0.0,0.003260849027105303,0.0,6.466484095098728e-66,0.0,0.0,0.0,1.4338559067433867e-20,0.0,6.393950941124437e-5,0.003922878852091238,3.1299467609117476e-75,0.0,0.0,1.0361249265472664e-228,0.017956586258800488,0.0,0.0,0.0,1.9501211649451707e-14,0.0,6.532587173970192e-97,0.0,0.003079160226151147,1.392782481018698e-57,0.0,0.02983599172248888,0.023351154019735615,0.0,0.0,0.0,0.0,0.0,0.0,0.03050150812755348,5.241741625588874e-163,0.09427557666820954,0.0,0.0,0.0,0.0,0.0,0.7794796258260402,0.011086438662079078,9.294012639662415e-223,0.0,0.0031862911003143197,0.0,0.0,2.3185497881061137e-278
0.0,0.009739003285089939,0.0,6.36415178563722e-36,0.0,0.0,0.0,5.022015367841878e-228,0.0,2.1143695680131278e-14,1.954253065757137e-24,0.0020056256047504923,0.0,0.0,0.0438702486405887,0.0023866421198557213,0.0,0.0,0.0,0.0033580138398111485,0.0,1.0297560522067956e-118,0.0,2.977951934211687e-41,4.2016039010989416e-165,0.0,2.9666099841538646e-21,0.07570545638803752,0.0,0.0,0.0,0.0,0.0,0.0,0.0032635273981664998,0.0,0.03630229510682857,0.0,0.0,0.0,0.0,0.0,0.008667404797023007,0.7803267190501628,0.0,0.0,4.0843375889030966e-195,0.0,0.0,0.034375063769664316
0.0,1.3273861842184204e-31,0.0,0.0,0.004304005606795683,0.0,8.116309318341084e-164,0.0,0.0008859113322078698,0.0,0.0,1.1264578156555481e-177,0.0,3.9948616633735146e-198,7.213131072217675e-190,4.2801985117006753e-63,1.3740957228121709e-5,0.0,0.0,2.1195504154172683e-88,3.568305918745813e-245,0.0,0.0,0.0,2.481090362131898e-34,0.0,7.955127673284902e-24,0.0,0.043308175915671876,0.0,0.0,0.0,0.0,3.81199468447735e-181,0.0,1.1973889722995259e-11,0.0,1.6449128830587275e-166,5.532528125784301e-102,9.54887177897384e-64,0.015328117619335932,2.8618494015e-313,0.0,0.0,0.8742250725917121,2.2824635851243012e-104,0.0027823599242435336,0.0,0.05915261604083089,3.136580867351896e-109
3.549479588853264e-168,0.0,0.0,0.0,0.0,2.5520797774366995e-83,1.6880177742224054e-149,0.0,4.419811848622481e-161,0.0,0.0,0.0,1.3640170829576672e-21,0.002057458687544072,0.0,0.0,0.0,0.0,0.0008470454498876825,0.0,0.00023668611246589513,0.0,1.0943511093520795e-97,0.0,0.0,1.9329800070445866e-9,0.0,0.0,1.0289833878202843e-99,1.2823724449704482e-101,1.7823142746751312e-102,0.0,9.849208407456147e-49,1.8626486284646263e-25,0.0,0.0,0.0,0.084804042399467,0.81898150869559,0.0,1.3069654203287543e-11,2.0314524677733977e-46,0.0,0.0,0.0,0.06517589152429265,0.0,0.027897365184702982,0.0,0.0
0.0,0.0030538170790475293,0.0,2.0767705952e-313,0.01401969315971985,0.0,0.0010287358960154056,0.0,0.051566159712731624,0.0,0.0,3.5036366070848967e-56,0.0,3.6567077857397706e-105,1.2438035098665993e-57,0.015171079551018145,5.855023509668476e-5,0.0,0.0,1.1086730628408908e-40,1.5338555758032274e-206,0.0,0.0,0.0,1.4376897890871493e-10,0.0,3.235599539837474e-18,0.0,0.0006969680185243319,0.0,0.0,0.0,5.444383511270372e-277,2.748026685633886e-33,0.0,0.042179672397752895,0.0,3.5342082865346106e-17,0.0010176343307697468,1.1212483862890496e-69,5.95354568912714e-112,2.4597359747132665e-252,0.0,0.0,0.017740371596036014,1.0957793004015642e-6,0.8520202854137193,0.0,3.3740425157696417e-12,0.0014459366831249664
0.018036726314263025,0.0,5.2855725482712694e-58,0.0,0.0,0.00575367137395245,0.0,3.2127272508185965e-36,0.0,4.631108433680965e-119,1.0943788538949306e-103,0.0,0.0013668332131410996,0.0,0.0,0.0,0.0,1.4720792777456831e-108,8.564226063203347e-5,0.0,0.0,1.942099960516181e-194,1.7300897870623548e-9,5.968254757791045e-76,0.0,0.12235021999612797,0.0,0.0,0.0,0.003134507742874135,0.000403732969103575,1.3066081610141721e-40,0.0,0.0,6.532519941931776e-198,0.0,0.0,0.0,0.0,0.0,0.0,0.0,1.41395620201004e-309,0.0,0.0,0.0,0.0,0.8488686643998158,0.0,0.0
0.0,1.7424998056283545e-168,0.0,0.0,0.006950239369136965,0.0,0.0,0.0,1.0432241917482023e-258,0.0,0.0,1.5270287527899655e-206,0.0,7.441775888046911e-162,3.6021713541561523e-295,2.1831987746672227e-59,0.023175025480218003,0.0,0.0,1.4224908940085125e-25,4.902620883234058e-149,0.0,0.0,0.0,1.4312180746937456e-11,0.0,1.9778882377225372e-64,0.0,3.066822278320314e-134,0.0,0.0,0.0,1.2834727418267038e-154,0.0,0.0,2.1023507544546589e-19,0.0,1.6438940820986292e-169,0.003021297970383048,0.008354109003590342,0.05723982344602774,1.1904940219442889e-141,0.0,0.0,0.016326378146796838,9.647866754011138e-5,3.6559690332615026e-44,0.0,0.8848366479019947,3.684183801122132e-137
0.0,0.1457695003349762,0.0,0.02206127718686373,0.0,0.0,0.0,0.0,0.0,0.0,0.0,8.933289360388827e-80,0.0,0.0,0.049881165917770226,7.676094568943684e-13,0.0,0.0,0.0,0.09920184050864664,0.0,0.0,0.0,0.0,4.642589322861609e-76,0.0,0.013939681522049685,0.0,0.0,0.0,0.0,0.0,0.0,0.0,0.0,2.459055692503568e-69,0.0,0.0,0.0,0.0,0.0,0.0,0.0,0.0,0.00322997296537711,0.0,0.014417904857911171,0.0,1.718766105456163e-287,0.6514986567056376
50,112
1.3831069151010206e-176,0.0,0.0,0.0,0.012912929734656516,5.180461777575829e-145,0.0,1.0302642209921073e-196,0.8134320398370107,1.1371883211880137e-128,0.0,5.777633220867419e-138,0.16241640500964222,1.4800407260392913e-135,0.0,1.2023964351032302e-166,0.0031298387443604177,4.19201749763944e-216,0.0,7.910223549766033e-160,1.084295531019554e-6,1.129434862698317e-87,0.0,2.764844545664751e-225,1.0163988478215939e-7,6.485347415222889e-259,0.0,0.0,7.777198534793386e-12,6.311920173220952e-88,0.0,1.7901675545623963e-165,0.005571107004106322,1.9015937396908638e-104,0.0,8.255437545229952e-153,7.694779195085753e-12,0.0,0.0,2.583377234822332e-224,0.0009599452361986564,1.1738236046890617e-92,0.0,7.738606939525379e-159,1.6387899001660336e-10,1.6873274686859788e-175,0.0007603158756670877,0.0,3.7197335559205694e-51,0.0,0.0,1.3357939095018693e-249,0.00010538674950130105,0.0,0.0,7.158292766634924e-160,3.0753443007541484e-75,0.0,0.0,5.941315472673814e-117,0.0007108451206473434,0.0,0.0,0.0,8.875168329508379e-56,0.0,0.0,4.2665907957030396e-245,1.9490179141004109e-75,2.562637804038621e-161,0.0,0.0,2.8319263253558427e-40,0.0,0.0,3.2020143008153236e-214,5.73442396079983e-10,0.0,0.0,0.0,1.118097392415655e-122,2.1632810366918393e-173,0.0,0.0,1.619831001786474e-50,0.0,0.0,0.0,8.145042669084767e-67,3.426033036043997e-102,0.0,1.0318586898867415e-279,2.8421172679835692e-58,0.0,0.0,0.0,1.758007134864299e-46,0.0,0.0,0.0,3.546379342616787e-76,0.0,0.0,0.0,0.0,0.0,0.0,0.0,0.0,0.0,0.0,0.0
0.0,0.0,0.0,0.0,0.0,0.0,0.0,0.0,0.0,0.0,0.0,0.0,0.0,0.0,3.9261974888552017e-85,0.0,0.0,5.322277883086208e-187,2.230197759763402e-92,0.0,0.0,1.3581712260569357e-133,3.859134185842948e-63,0.0,0.0,8.329861210063851e-87,0.16660528424830118,0.0,0.0,6.051139627354306e-93,0.7414245849164153,1.9355494834660283e-197,0.0,1.190611683253963e-109,0.08911296197932117,0.0,0.0,1.4023886058371352e-286,1.4407446149658568e-43,0.0,0.0,2.0547412220173616e-182,0.0028571688559624795,0.0,0.0,4.841403739123475e-301,2.957407468284338e-188,0.0,0.0,0.0,8.208845520401e-311,0.0,0.0,0.0,2.9990289900348893e-308,0.0,0.0,0.0,9.324097772597355e-139,0.0,0.0,0.0,5.43257349994385e-219,0.0,0.0,0.0,5.131504037560705e-247,0.0,0.0,4.60597699688604e-245,4.914726873147885e-25,0.0,0.0,1.8398629169807036e-143,0.0,0.0,0.0,5.231981182560469e-224,0.0,0.0,0.0,0.0,0.0,0.0,0.0,0.0,2.2494187493868267e-147,0.0,0.0,0.0,1.758115779536516e-185,0.0,0.0,0.0,5.650776046061246e-114,0.0,0.0,0.0,0.0,0.0,0.0,0.0,1.6668799648578711e-149,0.0,0.0,0.0,0.0,0.0,0.0,0.0,0.0,0.0
0.0,0.0,0.0,0.0,1.7427606789896757e-225,0.0,0.0,0.0,3.6549565057075947e-165,0.0,0.0,0.0,0.005305274974255747,3.4913073122096953e-298,0.0,0.0,4.5245205978027406e-51,1.7473972148789506e-191,0.0,6.402571650871204e-151,0.01301061190782256,3.854600895879427e-245,0.0,0.0,0.10390744853934829,3.753208148461048e-147,0.0,6.415116126852991e-183,0.2490152678312811,1.0573963674336144e-133,0.0,4.2341401855680343e-150,0.18988348306968467,4.412435392603536e-152,0.0,1.0201955456681666e-64,0.07655381390975509,1.9045746458297952e-89,0.0,0.0,0.06447014565461193,3.4084314475272966e-88,0.0,1.091557702075e-312,0.010931968675909325,0.0,0.0,0.0,0.016461048152931774,2.1707253882481054e-155,0.0,0.0,0.0393487229731348,5.040663856033096e-161,0.0,4.244265927850412e-68,0.01818002919315564,0.0,0.0,0.0,0.03193965676128035,3.3197216843515983e-164,0.0,0.0,0.027724969522410808,0.0,0.0,1.5491750293421313e-104,0.027580652387414566,0.0,0.0,0.0,0.011777747718304303,5.572726966424535e-59,0.0,0.0,0.007592365674055706,0.0,0.0,0.0,0.01189924878404442,0.0,0.0,0.0,0.012314861423387153,2.1510153545083855e-233,0.0,0.0,0.008920771061128594,0.0,0.0,0.0,0.009428070171048745,1.693440262855094e-46,0.0,0.0,0.006474334899579301,0.0,0.0,0.0,0.032952499698357056,0.0,0.0,0.0,0.012359436339926375,0.0,0.0,0.005983785338585875,0.0,0.0,0.005983785338585875,0.0
0.0,0.0,0.0,0.0,0.0,0.0,1.8680422269829117e-198,0.0,0.0,4.70449340102533e-310,0.0,0.0,0.0,0.0,6.1138164646296065e-25,0.0,0.0,0.0,4.193516062505118e-155,0.0,0.0,0.0,1.8391646973750804e-90,0.0,0.0,0.0,1.6840385048928048e-80,0.0,0.0,1.8056418542304606e-76,4.08782510218125e-59,0.0,0.0,1.2175071844163357e-151,3.3897315465815963e-34,0.0,0.0,5.587451118079503e-27,0.05746037619564628,0.0,0.0,6.025459411441959e-54,0.7115712334699713,0.0,0.0,6.704635727639226e-82,0.22143899259632693,0.0,0.0,3.3677339236569636e-123,7.560113190704019e-36,0.0,0.0,1.4393405576804273e-99,1.4885985299460966e-97,0.0,0.0,7.528756971042719e-165,8.474410420228424e-91,0.0,0.0,0.0,4.3064439241957305e-118,0.0,0.0,0.0,1.0035374486990138e-21,0.0,0.0,5.971218462264138e-113,5.5133667245572715e-146,0.0,0.0,3.946858164771326e-184,4.963871927578041e-302,0.0,0.0,0.0,1.977926798316362e-196,0.0,0.0,0.0,2.0695829398084847e-39,0.0,0.0,0.0,3.19426491647506e-45,0.0,0.0,8.178647421436454e-8,0.009529315951581257,0.0,0.0,0.0,3.6729369511765183e-88,0.0,0.0,0.0,0.0,0.0,0.0,0.0,1.491837288851859e-37,0.0,0.0,0.0,2.3315741375700204e-147,0.0,0.0,0.0,0.0,0.0
0.0,3.714808416177057e-242,7.919438047080544e-131,0.0,0.0,2.3131964666294346e-160,0.9692084645886075,2.3479437e-317,0.0,2.0824996244643253e-109,0.030791535411392332,2.52015075758247e-299,0.0,1.8958497431630104e-233,1.178023874314999e-103,0.0,0.0,0.0,2.7066789753179723e-132,0.0,0.0,0.0,1.176812656586872e-212,0.0,0.0,0.0,7.881953876382351e-259,0.0,0.0,0.0,0.0,0.0,0.0,0.0,0.0,0.0,0.0,0.0,0.0,0.0,0.0,0.0,0.0,0.0,0.0,0.0,0.0,0.0,0.0,0.0,0.0,0.0,0.0,0.0,0.0,0.0,0.0,0.0,0.0,0.0,0.0,0.0,0.0,0.0,0.0,0.0,0.0,0.0,0.0,0.0,0.0,0.0,0.0,0.0,4.0062842710248924e-157,0.0,0.0,0.0,0.0,0.0,0.0,0.0,0.0,0.0,0.0,0.0,0.0,0.0,0.0,0.0,0.0,0.0,0.0,0.0,0.0,0.0,0.0,0.0,0.0,0.0,0.0,0.0,0.0,0.0,0.0,0.0,0.0,0.0,0.0,0.0,0.0,0.0
1.4385867951770585e-65,0.0,0.0,0.0,0.018659009546530714,3.505544817657015e-176,0.0,5.6109616682198014e-288,0.0902879121839111,3.3868086240607e-205,0.0,4.336776980610753e-259,0.0605220331285859,4.7962699419652314e-216,0.0,0.0,0.07887727708739108,0.0,0.0,8.077239924339575e-239,0.06848882731069834,9.289344271071813e-67,0.0,1.3204706950900265e-303,0.04196626206362517,3.3997138670615432e-143,0.0,0.0,0.08105012288528257,6.99759406821443e-221,0.0,1.2368845188049868e-164,0.05695841045313426,2.233249940324312e-192,0.0,6.666864276664484e-249,0.06131600213206241,0.0,0.0,0.0,0.03484293156659776,5.747941935961619e-285,0.0,1.5131793517556917e-196,0.037945613592660826,4.747512021839769e-304,0.0,0.0,0.02463722457079985,0.0,0.0,8.396693409970546e-230,0.08032153454796431,0.0,0.0,1.7840946651431163e-175,0.041292111380495496,0.0,0.0,0.0,0.04659326487691954,0.0,0.0,0.0,0.022580327563065605,5.532581344273102e-221,0.0,4.452832573251372e-197,0.0246715544906582,4.033050551754148e-301,0.0,1.4173339982159766e-187,0.02005274678710324,0.0,0.0,0.0,0.00745835089204929,0.0,0.0,0.0,0.04364870918804693,4.6362155267368685e-152,0.0,0.0,0.043025333379116626,8.301666674014153e-93,0.0,0.0,1.0831765423025604e-7,6.1163819496715015e-199,0.0,0.0,0.0066770915881643345,0.0,0.0,0.0,9.469502885415517e-26,0.0,0.0,0.0,0.008127240467482068,0.0,0.0,0.0,0.0,0.0,0.0,0.0,0.0,0.0,1.7861797049587402e-31,0.0
0.0,0.0,0.0,0.0,0.0,0.0,0.0,0.0,0.0,0.0,0.0,0.0,1.934677741e-314,0.0,0.0,3.8547661974895926e-156,6.713938808788812e-266,0.0,0.0,6.034392072853819e-103,1.1322647216950185e-40,0.0,0.0,0.1804738491282324,1.8245847884803868e-95,0.0,7.102608343653626e-117,0.5291081793815255,3.299273128810637e-136,0.0,8.359353272570563e-201,0.20934022127538562,0.0,0.0,0.0,0.020797402840773048,4.9995613742344435e-124,0.0,0.0,0.022045346735680017,0.0,0.0,0.0,0.005495605718435805,0.0,0.0,0.0,0.0,5.0e-324,0.0,0.0,0.016533231217227714,0.0,0.0,0.0,0.010695086589232863,1.0056209767827035e-47,0.0,0.0,0.0,0.0,0.0,0.0,0.0,0.0,0.0,0.0,3.960390364616867e-67,0.0,0.0,0.0,0.0,0.0,0.0,0.0,0.0,0.0,0.0,0.0,0.0,0.0,0.0,0.0,0.0,0.0,0.0,0.0,0.0,0.0,0.0,0.0,0.0,0.0,0.0,0.0,0.0,0.0,0.0,0.0,0.0,0.0,0.0,0.0,0.005511077113506825,0.0,0.0,0.0,0.0,0.0,0.0,0.0,0.0
1.3504984689438967e-193,0.0670331519268782,5.188811051656348e-202,0.0,3.3682912613289838e-130,0.920629139157635,1.4496106012546465e-147,0.0,4.179596265858237e-164,0.007122810937677031,1.0103519336513387e-173,0.0,0.0,0.0029584896373802396,6.649050128724355e-263,0.0,0.0,0.0003098840738967472,0.0,0.0,0.0,0.000977875303965489,0.0,0.0,0.0,2.204439487772175e-214,0.0,0.0,0.0,9.768580371089494e-77,0.0,0.0,0.0,1.9827265820686185e-46,0.0,0.0,8.239740366753772e-134,0.00032286856643140143,0.0,0.0,1.3786534689241755e-63,1.9686749674610958e-78,0.0,0.0,0.0,8.317907750831803e-42,0.0,0.0,0.0,0.0003238356272288422,0.0,0.0,0.0,0.0,0.0,0.0,0.0,4.920415625811123e-176,0.0,0.0,0.0,3.575298010339091e-156,0.0,0.0,0.0,1.3115428150551938e-150,0.0,0.0,0.0,0.0,0.0,0.0,0.0,0.00032194476890685974,0.0,0.0,0.0,0.0,0.0,0.0,0.0,0.0,0.0,0.0,0.0,5.309501744713757e-153,0.0,0.0,0.0,5.372613754041403e-229,0.0,0.0,0.0,0.0,0.0,0.0,0.0,0.0,0.0,0.0,0.0,0.0,0.0,0.0,0.0,0.0,0.0,0.0,0.0,0.0,0.0,0.0
0.0,0.0,0.0,0.0,0.0,0.0,0.0,0.0,3.281479449874447e-221,0.0,0.0,0.0019076591362593835,1.2176673871037048e-144,0.0,2.600666905468938e-129,0.6531311719393855,3.197505837431585e-123,0.0,2.1950728831187196e-124,0.32225767853799275,1.705304276330586e-256,0.0,2.192933845849408e-181,0.0067847159563670855,7.291149696750827e-101,0.0,0.0,0.0007581032445405664,1.556246978900985e-193,0.0,0.0,0.0016796903210856066,0.0,0.0,0.0,0.0027630161557569517,0.0,0.0,0.0,0.0066429773170619015,6.179879154252999e-62,0.0,0.0,0.001655831487052017,1.8666660821536242e-116,0.0,0.0,0.0008398067630778455,6.508672687557795e-59,0.0,0.0,0.0,0.0,0.0,0.0,0.0015793491414200606,0.0,0.0,0.0,0.0,0.0,0.0,0.0,0.0,0.0,0.0,0.0,1.0871911828136424e-306,0.0,0.0,0.0,0.0,0.0,0.0,0.0,0.0,0.0,0.0,0.0,0.0,0.0,0.0,0.0,5.502893634023863e-104,0.0,0.0,0.0,0.0,0.0,0.0,0.0,0.0,0.0,0.0,0.0,5.7533696324e-314,0.0,0.0,0.0,0.0,0.0,0.0,0.0,0.0,0.0,0.0,0.0,0.0,0.0,0.0,0.0,0.0
0.0,2.1263393790528498e-198,0.0,0.0,0.0,5.444313360616365e-12,9.283085584648554e-150,0.0,1.0076105027649202e-212,0.5736497314499714,5.174156992604071e-117,0.0,4.0140116589468153e-193,0.32231713997084255,1.2474247148558435e-142,0.0,1.25012505804423e-201,0.00975834895860814,1.318435367659467e-122,0.0,0.0,3.3377042648180985e-13,9.69122619046e-313,0.0,2.5787815194428755e-172,0.005504816027242442,1.75080807e-314,0.0,8.785914112556384e-195,0.03001213069469618,0.0,0.0,0.0,9.538387787098022e-20,0.0,0.0,0.0,6.313280341019402e-9,0.0,0.0,0.0,3.873757308902698e-15,6.749894328605399e-280,0.0,7.549050092270529e-193,0.035208798730365705,0.0,0.0,0.0,5.405769625359173e-5,0.0,0.0,0.0,1.2276091323076582e-25,0.0,0.0,0.0,0.006249933970731065,0.0,0.0,0.0,7.618242845967975e-6,0.0,0.0,0.0,0.0029591463104661096,0.0,0.0,0.0,4.012161420724079e-75,0.0,0.0,0.0,4.030657240654566e-100,0.0,0.0,0.0,0.0008112012167079253,0.0,0.0,0.0,0.003239839583030708,0.0,0.0,0.0,0.01012641656796636,0.0,0.0,0.0,3.545981754523683e-44,0.0,0.0,0.0,0.00010081426120934242,0.0,0.0,0.0,2.3585421369294725e-48,0.0,0.0,0.0,1.9794794230338626e-138,0.0,0.0,0.0,7.740303106933636e-234,0.0,0.0,0.0,0.0,0.0,0.0
0.0,0.0,0.0,0.0,1.791732387395146e-139,0.00015903129290933065,1.7411221613100466e-301,0.0,1.2607507337252108e-111,0.7458334357385187,7.734292971398651e-241,0.0,1.7967812276714345e-113,0.1894777594633568,2.79600324150469e-255,0.0,6.814232744038474e-139,0.012382296018913538,9.466254625366211e-219,0.0,2.451597062364399e-159,0.0070156494582892795,0.0,0.0,7.056293365169333e-150,0.004200915226124284,0.0,0.0,1.3794127461662745e-177,0.006121528719441318,0.0,0.0,1.5996649089792073e-94,0.01092730480706854,0.0,0.0,1.839679203737626e-147,0.006086279457562954,0.0,0.0,0.0,5.895299978324531e-61,0.0,0.0,5.823476883737182e-149,2.5012034060653654e-9,0.0,0.0,0.0,2.793105422821847e-17,0.0,0.0,1.1544129337605363e-225,0.002647195805201066,0.0,0.0,0.0,0.0039645587794347025,0.0,0.0,0.0,0.0019733331584051565,0.0,0.0,0.0,4.566253356741505e-131,0.0,0.0,0.0,1.3042594111155112e-41,0.0,0.0,0.0,7.693424726644379e-81,0.0,0.0,0.0,0.0018777430166965912,0.0,0.0,0.0,0.0027784143163163905,0.0,0.0,0.0,1.7686527548019433e-17,0.0,0.0,0.0,0.0036393362282762603,0.0,0.0,0.0,0.0009152160122815851,0.0,0.0,0.0,2.25934491746631e-136,0.0,0.0,0.0,2.3288507795771536e-288,0.0,0.0,0.0,0.0,0.0,0.0,0.0,0.0,0.0,0.0
0.0,0.0,0.0,0.0,0.0,0.0,0.0,0.0,0.0,0.0,0.0,0.0,0.0,0.0,0.02353468207774401,0.0,0.0,0.0,2.7418075704775202e-154,0.0,0.0,0.0,0.010656668919975071,0.0,0.0,0.0,0.009170843484437516,0.0,0.0,0.007398035218899348,0.028169500949625885,0.0,0.0,8.051043379881628e-126,0.018923644112113547,0.0,0.0,7.4624298539014e-146,4.843812741761392e-44,0.0,0.0,1.8855866865716464e-119,0.008729100009762653,0.0,0.0,4.1112973296283786e-104,0.24642981921609203,4.570482379832046e-68,0.0,5.291078107020288e-60,0.15492118224840695,0.0,0.0,6.707491330440709e-100,0.13278958478434885,0.0,0.0,5.4485123781111955e-90,0.05555644015384172,0.0,0.0,5.639197060048082e-272,0.044263194928116284,0.0,0.0,0.0,0.022131597464058142,0.0,0.0,4.3577144810364384e-35,0.021009138764652997,0.0,0.0,1.748077074401393e-172,0.0,0.0,0.0,0.0,0.029508796618744188,0.0,0.0,0.0,0.05164039408280233,0.0,0.0,0.0,0.029508796618744185,0.0,0.0,2.702872015131508e-125,0.015358391107683417,0.0,0.0,0.0,0.016528197693090513,0.0,0.0,0.0,0.0,0.0,0.0,0.0,0.05901759323748837,0.0,0.0,0.0,0.014754398309372094,0.0,0.0,0.0,0.0,0.0
2.587351208764449e-51,2.386930242002536e-166,0.0,0.0,0.9889550853698816,8.240679970612101e-94,0.0,0.0,0.006112733323064489,5.1141324497356526e-157,0.0,0.0,1.0550398143617715e-10,1.2397646626660284e-57,0.0,0.0,0.0006162758359295786,0.0,0.0,0.0,1.0493281084939736e-71,3.026269918980941e-252,0.0,0.0,9.262134914182009e-72,0.0,0.0,0.0,2.952732097486061e-89,1.7716797567323956e-229,0.0,0.0,1.7198343504509896e-18,0.0007527838505450627,0.0,0.0,5.02511622709857e-34,0.0,0.0,0.0,0.0007905856176608253,2.187337292587169e-287,0.0,0.0,1.3176439477797634e-135,0.0007539912063462809,0.0,0.0,1.3632250917594148e-173,0.0,0.0,0.0,0.0005355008798718393,0.0,0.0,0.0,1.9035443921834588e-85,0.0,0.0,0.0,1.2066586609421108e-126,0.0,0.0,0.0,1.563397286381512e-116,0.000753991206346281,0.0,0.0,4.38519483996052e-101,0.0,0.0,0.0,0.0007290526048500961,0.0,0.0,0.0,1.0877743724213202e-189,0.0,0.0,0.0,1.5547806571398985e-162,0.0,0.0,0.0,2.1063384336010956e-177,0.0,0.0,0.0,5.692424786491617e-205,4.469176333123408e-163,0.0,0.0,2.5484677275684454e-134,0.0,0.0,0.0,4.412297257897997e-282,0.0,0.0,0.0,9.795654198800685e-150,0.0,0.0,0.0,0.0,0.0,0.0,0.0,0.0,0.0,0.0,0.0
0.0,0.0,0.0,3.6346150576721043e-128,5.034741051169481e-103,0.0,0.0,0.21060684098232613,7.336507306708016e-103,0.0,0.0,6.8457757851404e-20,5.518940213192917e-132,0.0,0.0,6.288375812455901e-6,8.137756826329626e-113,0.0,0.0,0.16309961640982593,5.8453084757434496e-145,0.0,0.0,0.03975360574670839,5.192451923452583e-66,0.0,0.0,5.057505441956225e-48,9.837119971424261e-102,0.0,0.0,0.020105148890627138,0.0,0.0,0.0,0.11871731017606334,2.59876483914209e-221,0.0,0.0,0.02308926726685112,0.0,0.0,0.0,0.10557146699657313,0.0,0.0,0.0,0.033609312504272,0.0,0.0,0.0,6.390548618439677e-10,0.0,0.0,0.0,0.0648510048474613,2.3081022157632582e-52,0.0,0.0,0.036319385136518036,0.0,0.0,0.0,0.033039231759875394,0.0,0.0,0.0,0.0504105067563662,0.0,0.0,0.0,5.060137296433315e-38,0.0,0.0,0.0,0.05041050675529841,0.0,0.0,0.0,1.5728778468879712e-45,7.701934655942069e-74,0.0,0.0,5.885799426528403e-19,4.604003343119482e-45,0.0,0.0,2.23766690081291e-22,1.196364909363584e-46,0.0,0.0,0.0504105067563662,0.0,0.0,0.0,0.0,0.0,0.0,0.0,0.0,0.0,0.0,0.0,0.0,0.0,0.0,0.0,0.0,0.0,0.0,0.0,0.0
0.0,0.0,0.0,0.0,0.0,0.0,0.0,0.0,0.0,0.0,0.0,0.0,0.0,0.0,3.007835508402191e-61,0.0,0.0,0.0,1.0565359081656613e-181,0.0,0.0,0.0,1.923347779417005e-129,0.0,0.0,0.0,7.232026943443768e-22,0.0,0.0,6.186163332695131e-179,1.0359795534571444e-65,0.0,0.0,2.169282069435608e-92,0.03700044997664045,0.0,0.0,7.949904511096053e-85,0.7204638919212817,0.0,0.0,9.346825278989122e-94,0.24253565810207756,0.0,0.0,1.2820407478843437e-186,2.3056265193215132e-57,0.0,0.0,0.0,6.97013012675758e-113,0.0,0.0,0.0,6.163952468452486e-154,0.0,0.0,0.0,1.2699686108444148e-266,0.0,0.0,0.0,3.962387847780435e-234,0.0,0.0,0.0,2.3083085607359727e-64,0.0,0.0,5.837954300867131e-97,9.811910827942821e-192,0.0,0.0,0.0,0.0,0.0,0.0,0.0,1.5670628449246945e-107,0.0,0.0,0.0,2.910067479147016e-101,0.0,0.0,0.0,3.989221221421267e-134,0.0,0.0,1.0601383326592175e-238,6.133640301828868e-178,0.0,0.0,0.0,3.5064614128464646e-180,0.0,0.0,0.0,0.0,0.0,0.0,0.0,2.4812258639605865e-126,0.0,0.0,0.0,4.929951492402266e-57,0.0,0.0,0.0,0.0,0.0
0.0,0.0,0.0,0.0,0.0,4.1372217e-317,8.268708133175741e-91,0.0,0.0,3.9182053326493156e-185,3.0989051008093427e-81,0.0,0.0,1.3802647410038848e-133,0.031557240462844235,0.0,0.0,6.817205071147901e-80,0.7524095040955643,1.7960148692757022e-229,0.0,6.659230508227618e-170,0.21410684529773089,1.9915673370371607e-298,0.0,1.239051985699829e-156,9.532683580344189e-8,0.0,0.0,0.0,0.001926314817012714,0.0,0.0,4.902924595985998e-185,5.417473597061936e-46,0.0,0.0,0.0,1.4752269763971243e-94,0.0,0.0,0.0,8.889440393040653e-95,0.0,0.0,0.0,2.97111835384e-313,0.0,0.0,0.0,0.0,0.0,0.0,0.0,0.0,0.0,0.0,0.0,1.236398123504694e-14,0.0,0.0,0.0,1.2592541397051919e-278,0.0,0.0,0.0,1.0675079819186838e-59,0.0,0.0,6.414129015e-314,1.3153273276322383e-174,0.0,0.0,2.946901341922433e-216,4.000715121468833e-118,0.0,0.0,4.636104762950648e-178,5.534663025066652e-283,0.0,0.0,0.0,3.4579303664885295e-233,0.0,0.0,1.9290504469083376e-196,0.0,0.0,0.0,0.0,1.7396024504861778e-249,0.0,0.0,0.0,5.018095891798928e-44,0.0,0.0,0.0,0.0,0.0,0.0,0.0,1.384216260334177e-278,0.0,0.0,0.0,0.0,0.0,0.0,0.0,0.0,0.0
0.0,1.3914680772248451e-301,9.734338995632717e-171,0.0,0.0,1.1395823226589286e-216,0.9907924484381281,1.1672287002238778e-110,0.0,1.2212416039695617e-167,0.009207551561871892,2.905503440306929e-114,0.0,0.0,2.349820316163745e-160,0.0,0.0,0.0,2.137291808191056e-222,0.0,0.0,0.0,2.297663935090668e-271,0.0,0.0,0.0,2.526317990103396e-290,0.0,0.0,0.0,0.0,0.0,0.0,0.0,0.0,0.0,0.0,0.0,0.0,0.0,0.0,0.0,0.0,0.0,0.0,0.0,0.0,0.0,0.0,0.0,0.0,0.0,0.0,0.0,0.0,0.0,0.0,0.0,0.0,0.0,0.0,0.0,0.0,0.0,0.0,0.0,0.0,0.0,0.0,0.0,0.0,0.0,0.0,0.0,1.8117836954459687e-303,0.0,0.0,0.0,0.0,0.0,0.0,0.0,0.0,0.0,0.0,0.0,0.0,0.0,0.0,0.0,0.0,0.0,0.0,0.0,0.0,0.0,0.0,0.0,0.0,0.0,0.0,0.0,0.0,0.0,0.0,0.0,0.0,0.0,0.0,0.0,0.0,0.0
0.0,0.0,0.0,0.0,2.7189307113206522e-244,1.5923062467322186e-162,0.0,0.0,1.2499017852736903e-77,0.0,0.0,1.592931660296931e-228,0.039175368991037886,1.7533590211779505e-157,0.0,1.9214742045482881e-199,0.4438386148841035,5.358425825436578e-119,0.0,1.7679167254906238e-157,0.3024130374641243,4.359632541607381e-113,0.0,0.0,0.07987293733777386,4.54184447662791e-152,0.0,0.0,0.015759847117521382,3.0102521614881777e-74,0.0,9.4201065123949e-302,0.024527300281069333,3.226753217197789e-56,0.0,7.32367010550396e-110,0.019010408755273638,3.365758053367578e-119,0.0,1.1934542302663936e-56,0.015917843612975092,0.0,0.0,2.7426208972647988e-5,0.013604451325360908,0.0,0.0,0.0,0.009107912699142559,0.0,0.0,0.0,0.0036734708481814906,5.629085764605443e-17,0.0,0.0,0.010609434434793128,0.0,0.0,0.0,0.005147352846010749,2.2856101453888144e-7,0.0,0.0,0.002200584370502832,0.0,0.0,8.011992003344267e-241,0.0008643423420021056,0.0,0.0,0.0,2.3374094589894624e-106,1.2847885770876023e-128,0.0,0.0,0.005330127103594497,0.0,0.0,0.0,0.0011885433177855006,0.0,0.0,0.0,0.001113203069459361,0.0,0.0,0.0,0.0010669379604093586,2.999009147e-315,0.0,0.0,0.0034668912820202246,0.0,0.0,0.0,0.0010358262687966875,0.0,0.0,0.0,2.4871089537139122e-55,0.0,0.0,0.0,0.0010479089180741542,0.0,0.0,1.1677450930708466e-106,0.0,0.0,3.058780896831625e-143,0.0
9.874341118738781e-208,0.0,0.0,6.869442970438964e-244,0.5144995827467155,0.0,0.0,1.683046849944807e-28,0.26233349088659536,0.0,0.0,3.2415236853558608e-43,0.08023306499603534,0.0,0.0,1.1335710571491901e-73,0.07630855166178878,0.0,0.0,4.62529715296019e-39,0.011379232941447055,0.0,0.0,8.71292056621235e-22,0.03980232964113797,0.0,0.0,7.46199437388633e-69,4.256894906596706e-29,0.0,0.0,4.750824862598134e-53,3.1668480331966046e-12,0.0,0.0,7.692212495824481e-178,3.733327699117178e-105,0.0,0.0,1.66587184907813e-36,1.2474939786831837e-55,0.0,0.0,7.736785550300928e-63,8.079544386127783e-191,0.0,0.0,0.0,2.6057246673255917e-221,0.0,0.0,0.0063485081076193215,3.695262888054719e-167,0.0,0.0,8.451571685684018e-28,1.1340977400656198e-158,0.0,0.0,0.0,1.5781843796017054e-231,0.0,0.0,0.0,9.934130081394793e-230,0.0,0.0,1.2196424701153792e-226,0.0,0.0,0.0,0.004557739570623433,1.6907420030170208e-306,0.0,0.0,1.9182640477349445e-79,0.004537499444870372,0.0,0.0,0.0,3.120811433480309e-90,0.0,0.0,0.0,1.5462436333675806e-229,0.0,0.0,0.0,1.0622527888829072e-17,0.0,0.0,0.0,1.915678041426027e-279,0.0,0.0,0.0,0.0,0.0,0.0,0.0,2.7188779270770376e-229,0.0,0.0,0.0,0.0,0.0,0.0,0.0,0.0,0.0,0.0,0.0
0.0,0.0,0.0,0.0,0.0,0.0,3.949601801365884e-148,0.0,0.0,0.0,1.4617048977568922e-105,0.0,0.0,0.0,0.004821447536837371,0.0,0.0,0.0,0.2654593135580664,0.0,0.0,0.0,0.44479675893838966,0.0,0.0,0.0,0.19838540387240472,0.0,0.0,0.0,0.08098431511881289,0.0,0.0,3.9961016995991104e-173,3.3215648721626606e-29,0.0,0.0,0.0,3.02305509070934e-68,0.0,0.0,0.0,3.9636975087165756e-57,0.0,0.0,0.0,1.1329104483211502e-140,0.0,0.0,0.0,0.0,0.0,0.0,0.0,2.234681570527755e-242,0.0,0.0,0.0,6.975432048811958e-192,0.0,0.0,0.0,6.075170648393578e-240,0.0,0.0,0.0,0.0,0.0,0.0,0.0,1.480332920301777e-116,0.0,0.0,0.0,2.066529113495967e-122,0.0,0.0,0.0,0.0,0.0,0.0,0.0,3.1839681902296787e-50,0.0,0.0,0.0,9.648364469268008e-174,0.0,0.0,0.0,0.0,0.0,0.0,0.0,0.005552760975488917,0.0,0.0,0.0,0.0,0.0,0.0,0.0,3.9323396358417096e-278,0.0,0.0,0.0,0.0,0.0,0.0,0.0,0.0,0.0
0.0,0.0,0.0,2.079039808041204e-178,2.2657519337725772e-79,0.0,0.0,0.7591576345501234,1.6717887423744271e-77,0.0,0.0,0.0682678778345691,7.542821315284952e-69,0.0,0.0,0.08725323995448785,3.8204310653582504e-81,0.0,0.0,0.0750260421796072,2.179262696163875e-124,0.0,0.0,0.006128044791921328,8.19037066965282e-76,0.0,0.0,0.00023552422781925617,0.0,0.0,0.0,4.877650939509092e-50,0.0,0.0,0.0,6.142170399095135e-35,0.0,0.0,0.0,4.54891444185503e-35,0.0,0.0,0.0,2.573061281199375e-19,0.0,0.0,0.0,5.646602341800346e-227,0.0,0.0,0.0,4.3254124897381627e-13,0.0,0.0,0.0,1.8015608980066526e-50,8.17078922184215e-288,0.0,0.0,1.6469554664386215e-76,0.0,0.0,0.0,9.2756842248958e-70,0.0,0.0,0.0,6.693751600186187e-101,0.0,0.0,0.0,0.0,0.0,0.0,0.0,1.071023853182908e-144,0.0,0.0,0.0,2.8031925635206962e-170,0.0,0.0,0.0,0.003931636461039286,0.0,0.0,0.0,2.1036564674985156e-156,0.0,0.0,0.0,8.621264543889736e-127,0.0,0.0,0.0,0.0,0.0,0.0,0.0,0.0,0.0,0.0,0.0,0.0,0.0,0.0,0.0,0.0,0.0,0.0,0.0,0.0
0.0,0.0,0.0,0.0,7.715637954576131e-98,0.030313185266427276,0.0,0.0,1.8432964605991217e-26,8.638737709671865e-20,0.0,0.0,0.3027585403240015,1.753797950927189e-13,0.0,0.0,0.15122430441122384,8.188338507329228e-51,0.0,0.0,0.03554769480051454,8.01739547151518e-6,0.0,0.0,0.06493760572987697,1.7860969887885343e-71,0.0,0.0,0.10898843838892822,0.06399333954751725,0.0,0.0,1.436430039183192e-50,5.89595665914768e-21,0.0,0.0,6.370510366509994e-63,0.0,0.0,0.0,0.0,0.06644861824951838,0.0,0.0,0.035618571717450295,0.035679108651508015,0.0,0.0,9.668371146139514e-180,0.0,0.0,0.0,0.06875871159295693,0.0,0.0,0.0,0.0,0.0,0.0,0.0,3.411730763187e-310,3.871858001030463e-260,0.0,0.0,7.951049531776745e-172,1.5786968077364012e-240,0.0,0.0,0.0,0.03572386392442996,0.0,0.0,0.0,2.348032146267766e-157,0.0,0.0,5.6553e-319,0.0,0.0,0.0,2.2183608449295473e-126,9.561976630941198e-18,0.0,0.0,0.0,4.165304687744916e-67,0.0,0.0,0.0,1.1377845299780548e-16,0.0,0.0,6.301134948784779e-197,0.0,0.0,0.0,0.0,0.0,0.0,0.0,0.0,0.0,0.0,0.0,0.0,0.0,0.0,0.0,0.0,0.0,0.0,0.0
1.0610152597803993e-250,0.0,0.0,0.0,1.2358097905081306e-13,5.844383001585853e-205,0.0,3.0208981446894247e-239,0.003617080114632174,3.679693813044837e-225,0.0,2.1121725757105958e-166,0.07452863389156843,8.429899085401421e-247,0.0,4.994388421934841e-253,0.18296934216054594,0.0,0.0,7.346452828620048e-180,0.1815322296887106,2.080871643200775e-126,0.0,2.927563043871306e-238,0.09095978711753223,0.0,0.0,4.556327459505021e-235,0.09202545184405385,1.2624630882676661e-307,0.0,1.0488360671661616e-135,0.07882509659258086,1.7322815050431726e-292,0.0,2.2935844495478234e-274,0.07422821076316716,0.0,0.0,3.0161927271454067e-286,0.039961832413742175,0.0,0.0,2.149396147192949e-127,0.04069630275714561,0.0,0.0,0.0,0.030671627611554654,0.0,0.0,1.1344864240814905e-239,0.006462423138007062,0.0,0.0,1.3893906679856074e-185,0.018459275121999855,0.0,0.0,0.0,3.345596227632366e-9,0.0,0.0,0.0,0.008098231064112392,0.0,0.0,2.67416214268924e-230,1.4743347573179115e-7,0.0,0.0,0.0,0.0022596867710874876,0.0,0.0,6.867335037909353e-198,0.007150206895195612,0.0,0.0,0.0,3.698649997605224e-40,1.50341390484157e-156,0.0,0.0,0.009774232430571945,0.0,0.0,0.0,0.040735934437165666,0.0,0.0,1.5041113140834237e-187,0.010914723977937493,0.0,0.0,0.0,0.006129540429493372,0.0,0.0,0.0,5.920164045327796e-37,0.0,0.0,0.0,0.0,0.0,0.0,0.0,0.0,0.0,0.0,0.0
0.0,2.668492523720213e-137,0.0,0.0,5.629420804992554e-110,0.4222754991713129,1.5331625073539408e-158,0.0,8.914960299918108e-122,0.5452879106756042,1.2259994893817092e-143,0.0,9.30627278172544e-164,6.432158277086125e-18,2.0182703908326037e-206,0.0,4.383968751462777e-198,0.018995332689390108,1.3419663734374096e-194,0.0,2.047804580421152e-189,3.853446158698451e-9,8.767900086133669e-238,0.0,7.751962391493186e-276,6.48148150361513e-26,1.0246175500679372e-297,0.0,7.170564830100652e-290,2.8834798183672854e-20,0.0,0.0,2.3287311854343652e-118,6.052752727379483e-22,0.0,0.0,1.4841246534889818e-25,7.262633310330178e-60,0.0,0.0,3.8331126644019273e-258,0.008663400112508863,0.0,0.0,9.880861562501202e-286,2.4081820278554693e-34,0.0,0.0,0.0,1.0991199826054235e-105,0.0,0.0,1.9295480387729008e-219,4.4638057166290684e-94,0.0,0.0,0.0,2.1826131171135615e-15,0.0,0.0,0.0,0.0031331112853160217,0.0,0.0,0.0,3.816898684395668e-101,0.0,0.0,0.0,3.818156523132933e-98,0.0,0.0,0.0,0.001644742212419368,0.0,0.0,0.0,1.224530100561566e-65,0.0,0.0,0.0,3.573764660155315e-41,0.0,0.0,0.0,8.270550317505649e-79,0.0,0.0,0.0,1.328850281624609e-19,0.0,0.0,0.0,6.990671606581812e-78,0.0,0.0,0.0,3.3075594318132406e-248,0.0,0.0,0.0,7.168315039505523e-236,0.0,0.0,0.0,0.0,0.0,0.0,0.0,0.0,0.0,0.0
0.0,0.0,0.0,0.0,0.0,2.3590438723050806e-104,0.06490299533238988,0.0,0.0,1.519957518172485e-50,0.4848941963019656,0.0,0.0,1.0276345804792213e-47,0.4219612806048054,0.0,0.0,3.8194291904253404e-75,0.014674187024193966,0.0,0.0,1.1794011745351395e-205,1.1479304979677722e-33,0.0,0.0,8.690790903975971e-23,9.873136584461465e-92,0.0,0.0,0.0,2.998640943558457e-183,0.0,0.0,0.0,0.00784524120049197,0.0,0.0,0.0,0.0,0.0,0.0,0.0,3.883312120073495e-223,0.0,0.0,7.607320919816504e-95,0.0,0.0,0.0,0.0,0.0,0.0,0.0,0.0,0.0,0.0,0.0,0.0,8.256376859837555e-218,0.0,0.0,0.0,0.0,0.0,0.0,0.0,7.038138925314632e-121,0.0,0.0,0.0,0.0,0.0,0.0,0.005722099536153062,0.0,0.0,0.0,0.0,0.0,0.0,0.0,0.0,0.0,0.0,0.0,0.0,0.0,0.0,0.0,0.0,0.0,0.0,0.0,0.0,0.0,0.0,0.0,0.0,0.0,0.0,0.0,0.0,0.0,0.0,0.0,0.0,0.0,0.0,0.0,0.0,0.0,0.0
0.0015932935208179421,0.0,0.0,0.0,0.9266098492406204,0.0,0.0,1.4373731615362983e-142,0.014180768701132196,0.0,0.0,3.9619315955507285e-163,0.036883452929164104,0.0,0.0,4.873476712413913e-220,0.01478351816762275,0.0,0.0,1.1782877392514917e-115,3.0277124104605583e-12,0.0,0.0,2.299826135394381e-170,1.1558155435154e-27,0.0,0.0,2.203179606945017e-252,0.0059268223796564105,0.0,0.0,7.727208660852821e-268,2.1974014278596917e-5,0.0,0.0,0.0,1.7594581219489903e-18,0.0,0.0,1.9862908836389916e-187,1.3354286717776968e-66,0.0,0.0,4.98444987832717e-165,9.386240376030987e-79,0.0,0.0,0.0,8.766285359976927e-104,0.0,0.0,1.2934609780188731e-132,7.345811896592646e-9,0.0,0.0,4.4950219950351923e-91,7.97564671684314e-62,0.0,0.0,0.0,1.1935304734831565e-100,0.0,0.0,0.0,2.056091783039311e-60,1.6205496416541568e-113,0.0,0.0,7.153419071061521e-73,0.0,0.0,1.803905043130208e-129,2.796767623770255e-40,0.0,0.0,3.5554741332013554e-183,1.604876663913998e-65,0.0,0.0,0.0,1.354954981803291e-84,0.0,0.0,0.0,1.9294289359735464e-90,0.0,0.0,0.0,3.136978677391467e-7,0.0,0.0,0.0,1.5845615205092564e-41,0.0,0.0,0.0,1.1998884019474324e-168,0.0,0.0,0.0,1.2978276603021858e-150,0.0,0.0,0.0,0.0,0.0,0.0,0.0,0.0,0.0,2.8975154763436616e-209,0.0
0.0,0.0,0.0,0.0,0.0,1.9435509940496392e-263,2.0709064097744179e-106,0.0,0.0,6.297216373519498e-294,1.2314097415334235e-143,0.0,0.0,5.79807596972116e-250,2.2087149123923353e-50,0.0,0.0,1.6708421103679713e-149,9.690745612374393e-15,0.0,0.0,2.69065994666565e-100,0.3696133282604379,1.2267647476612995e-194,0.0,8.397024429423189e-90,0.5919549271087486,9.464932681872217e-185,0.0,7.036982698499371e-197,0.02470538226932863,1.239137286771876e-187,0.0,4.4879195731253784e-148,9.729380154522003e-64,0.0,0.0,0.0,0.0018831930288823687,0.0,0.0,4.9282542490199984e-176,3.126539251523817e-29,0.0,0.0,0.0,2.1935113746623695e-184,0.0,0.0,7.589983761160263e-191,6.537158822593916e-169,0.0,0.0,0.0,3.8390775718114624e-170,0.0,0.0,0.0,0.0027170374098748565,0.0,0.0,0.0,2.8179106278868084e-125,0.0,0.0,0.0,1.960106339241178e-49,0.0,0.0,1.8233251950807804e-121,0.0039801266369359194,0.0,0.0,9.21728274194214e-165,7.6429796951977e-241,0.0,0.0,1.7871899626125257e-49,1.90758865805512e-117,0.0,0.0,0.0,1.865064769477298e-131,0.0,0.0,1.1492326291197837e-105,7.50148704616659e-83,0.0,0.0,0.0,0.0016696233652541165,0.0,0.0,0.0,0.0034763819205277926,0.0,0.0,0.0,0.0,0.0,0.0,0.0,1.5697681527798687e-114,0.0,0.0,0.0,5.764343217349964e-266,0.0,0.0,0.0,0.0,0.0
0.0,0.0,0.0,0.0,0.0,1.5956539058934317e-238,0.0,0.0,0.0,4.343962430153449e-86,0.0,0.0,0.0,1.4008680970200876e-167,7.6832e-318,0.0,0.0,6.7077587713830814e-136,9.340697160527444e-260,0.0,2.0556122519753453e-177,7.225582800565609e-48,3.982003490288369e-131,0.0,0.0,1.3302030162320284e-59,3.528549106872099e-133,0.0,6.231161866732872e-233,1.617053536742646e-5,4.40154032289778e-112,0.0,1.6378742469596924e-258,0.002112774635273297,4.921194554494632e-112,0.0,7.479699421350102e-256,0.011825614823032777,5.050647318125786e-206,0.0,9.580063749006002e-155,0.30038231657647224,2.62588765523693e-111,0.0,0.0,0.24989517500523667,4.505270962079586e-127,0.0,0.0,0.1348947343597699,1.2129181636207646e-119,0.0,1.0192574308813265e-308,0.07700766753264478,0.0,0.0,0.0,0.04379031935312991,2.337771012219614e-104,0.0,7.300344263832504e-225,0.02029814895135053,0.0,0.0,0.0,0.018762654459335802,5.4752544003790485e-87,0.0,1.4573698115923096e-115,0.026159154095570087,0.0,0.0,0.0,0.006188996643012785,0.0,0.0,0.0,0.015173457807102095,4.109579517131902e-104,0.0,4.047262937464289e-114,0.008626369233282128,0.0,0.0,0.0,0.015814672866218595,5.678262333633402e-163,0.0,0.0,0.010037608077654685,0.0,0.0,0.0,0.00990727008612132,0.0,0.0,0.0,0.007529717946869142,0.0,0.0,0.0,0.025751509267849117,3.632307434696947e-141,0.0,4.325260559181236e-84,0.00989104234044171,0.0,0.0,0.003956416936176684,0.0,0.0,0.001978208468088342
0.0,0.0,0.0,0.0,0.0,0.0,4.180034058420876e-275,6.073071417552109e-112,4.596946295316176e-190,0.0,4.569631812182646e-140,0.4699993523899404,2.214749459633791e-188,0.0,4.264806280266371e-102,0.5259992324823285,2.1962798683485858e-305,0.0,0.0,0.0025265231108212898,0.0,0.0,0.0,6.387061490172192e-141,1.205255046898848e-299,0.0,0.0,1.5273007165094201e-86,0.0,0.0,0.0,4.486001735898296e-116,0.0,0.0,0.0,0.0014748920169098609,0.0,0.0,0.0,1.5767006221568317e-66,2.417526048825375e-294,0.0,0.0,2.123291704699045e-17,0.0,0.0,0.0,0.0,2.1192409523961043e-88,0.0,0.0,2.1296503484438625e-24,0.0,0.0,0.0,1.3360842434763345e-236,0.0,0.0,0.0,5.242911963409787e-297,0.0,0.0,0.0,0.0,0.0,0.0,0.0,0.0,0.0,0.0,0.0,0.0,0.0,0.0,0.0,2.195607412019235e-254,0.0,0.0,0.0,0.0,0.0,0.0,0.0,5.1433840577396e-244,0.0,0.0,0.0,0.0,0.0,0.0,0.0,0.0,0.0,0.0,0.0,0.0,0.0,0.0,0.0,0.0,0.0,0.0,0.0,0.0,0.0,0.0,0.0,0.0,0.0,0.0,0.0,0.0
3.643799244149492e-157,0.0,0.0,0.0,0.12416684585947554,8.42087910873524e-157,0.0,8.116792443858009e-237,0.7983134111729836,2.9593453014149217e-130,0.0,2.076301741086016e-178,0.07667622415198108,1.3400449585585784e-152,0.0,1.2767756236848377e-230,2.809074841637797e-8,0.0,0.0,2.2469362519969293e-181,6.44148098406147e-9,2.392285728375122e-246,0.0,3.141361238113592e-263,3.773977240011129e-9,2.9822452386e-314,0.0,0.0,4.615327057403503e-13,3.6520654125455906e-100,0.0,1.1762679281677378e-215,2.4817486526430405e-6,4.9969670380276925e-59,0.0,2.6685325376875515e-204,4.044868112248832e-8,0.0,0.0,8.22400182202863e-278,3.310860788927518e-13,3.3565144813513236e-110,0.0,1.5196401111632814e-200,3.1385675062103973e-18,0.0,0.0,0.0,3.649531763910748e-67,0.0,0.0,1.9202098340869745e-234,0.0008409583098248915,0.0,0.0,2.819668029641636e-204,2.235571545283578e-80,0.0,0.0,2.5827493835962095e-160,1.4017870613204521e-12,0.0,0.0,0.0,1.5630496750408676e-54,6.765081929569905e-207,0.0,1.5293559160751272e-297,2.2614752942576784e-39,3.7785571975330685e-203,0.0,0.0,1.91495541408145e-68,0.0,0.0,1.8691664361572522e-291,9.744550978926307e-17,0.0,0.0,0.0,2.4364843457351176e-124,0.0,0.0,0.0,1.4951008846789438e-60,0.0,0.0,0.0,6.564038769775577e-69,4.604344634184485e-62,0.0,0.0,1.8608330064031174e-89,0.0,0.0,0.0,5.397918204759174e-150,0.0,0.0,0.0,1.0353113287977982e-61,0.0,0.0,0.0,0.0,0.0,0.0,0.0,0.0,0.0,1.1277278574026181e-237,0.0
0.4445058547582182,6.8226363276209985e-102,0.0,1.0131390978447478e-138,0.5436904847703439,2.387183240445578e-148,0.0,9.709681578449461e-144,0.0019477902836665011,0.0,0.0,0.0,0.003883035071125212,1.4899356355789227e-228,0.0,0.0,0.0019502955630274225,0.0,0.0,0.0,1.103985840564756e-214,0.0,0.0,5.798435759848756e-59,2.3849881201168708e-101,0.0,0.0,0.0,0.004022539553618556,0.0,0.0,0.0,6.295606315302973e-122,3.102727893243071e-199,0.0,0.0,1.7388760690079937e-209,0.0,0.0,5.288151821179994e-236,2.9096956275356313e-86,0.0,0.0,0.0,8.993734293557082e-129,0.0,0.0,0.0,1.600043315279371e-269,0.0,0.0,0.0,3.695728229338744e-178,0.0,0.0,0.0,1.6629471730391938e-107,0.0,0.0,0.0,1.1774355830084226e-228,0.0,0.0,0.0,2.0369856916756379e-255,3.5647877492813007e-292,0.0,0.0,7.574082539808135e-228,0.0,0.0,0.0,2.3013084786154453e-185,0.0,0.0,0.0,7.693398064111177e-274,0.0,0.0,0.0,5.0367756762600264e-278,0.0,0.0,0.0,4.244027149390723e-117,0.0,0.0,0.0,1.7877403342414975e-238,0.0,0.0,0.0,1.4665314610364728e-241,0.0,0.0,0.0,0.0,0.0,0.0,0.0,0.0,0.0,0.0,0.0,0.0,0.0,0.0,0.0,0.0,0.0,0.0,0.0
0.0,0.0,0.0,0.0,9.734105562864806e-178,1.75995129386131e-33,0.0,0.0,0.02599711377262367,2.562843824192137e-284,0.0,3.7026348587346476e-73,0.7135808711966639,1.0286216516444036e-149,0.0,2.7263112002290246e-125,0.21879690806183175,3.4449000617565e-148,0.0,1.6103094572258235e-115,0.010662691880097275,1.9575440334417496e-176,0.0,8.013187995168836e-211,0.014798856623145062,0.0,0.0,0.0,0.00885215219117387,2.6637943943220866e-250,0.0,3.331315135224983e-160,0.003176701325495166,2.6826037437382538e-65,0.0,1.8583082246727308e-56,0.0027910420928129306,0.0,0.0,3.117771429071599e-25,0.0013436628432914911,0.0,0.0,6.819484974751577e-44,5.521022114859793e-27,0.0,0.0,0.0,1.2864898490955992e-11,0.0,0.0,0.0,2.1144935854431214e-76,0.0,0.0,6.935166735292531e-186,5.610602165670046e-107,0.0,0.0,2.926265359439002e-127,6.327185324307897e-111,5.3466060492394396e-226,0.0,0.0,6.924464218522371e-93,0.0,0.0,1.841589046984837e-275,2.9689004081885016e-131,0.0,0.0,0.0,1.0362181033254945e-131,1.1037790786762573e-220,0.0,0.0,6.452471667468961e-22,0.0,0.0,0.0,2.968227171013459e-120,1.9804190063467126e-304,0.0,0.0,9.472100206500747e-108,0.0,0.0,0.0,1.481012158558952e-48,1.6202968572324467e-246,0.0,0.0,2.5808070061779995e-81,0.0,0.0,0.0,5.66452058384678e-25,0.0,0.0,0.0,5.3585997843105755e-217,0.0,0.0,0.0,6.473462836381844e-205,0.0,0.0,7.715193487045045e-276,0.0,0.0,2.4586155434575054e-254,0.0
5.454409506104804e-93,0.0,3.082056933529925e-160,0.6785784172952537,1.6616941925860306e-108,0.0,2.8839212826880887e-170,0.3051488035115599,6.178232042370497e-242,0.0,0.0,0.012331746384470375,8.300741383784313e-229,0.0,0.0,2.418279253924711e-193,2.5156837614352385e-21,0.0,0.0,2.6796152486186734e-111,0.0,0.0,0.0,0.003941032808715888,0.0,0.0,0.0,3.9015540566655067e-128,0.0,0.0,0.0,1.3821933368622128e-234,0.0,0.0,0.0,1.3879833327008142e-180,0.0,0.0,0.0,5.424998337134951e-229,0.0,0.0,0.0,2.448401765556068e-304,0.0,0.0,0.0,0.0,0.0,0.0,0.0,0.0,0.0,0.0,0.0,0.0,0.0,0.0,0.0,0.0,0.0,0.0,0.0,0.0,0.0,0.0,0.0,0.0,0.0,0.0,0.0,0.0,0.0,0.0,0.0,0.0,0.0,0.0,0.0,0.0,0.0,0.0,0.0,0.0,0.0,0.0,0.0,0.0,0.0,0.0,0.0,4.251148544570369e-175,0.0,0.0,0.0,0.0,0.0,0.0,0.0,0.0,0.0,0.0,0.0,0.0,0.0,0.0,0.0,0.0,0.0,0.0,0.0,0.0
0.0,0.0,0.0,0.0,9.538252969237655e-104,0.0,0.0,9.24356615770034e-20,1.19650370587113e-57,0.0,0.0,0.24801563687774777,1.1177188410052972e-53,0.0,0.0,0.23313830987946882,1.126063759475043e-34,0.0,0.0,0.0896934409865711,5.677894705464094e-49,0.0,0.0,0.11975605957551325,4.8297446580469764e-76,0.0,0.0,0.02372798344151898,9.090118724136047e-48,0.0,0.0,0.0380143108961862,0.0,0.0,0.0,0.02830784512810288,0.0,0.0,0.0,0.04201456767400992,1.9311085348164866e-223,0.0,0.0,0.04754439378890327,0.0,0.0,0.0,0.018733729362877916,4.12529005424707e-9,0.0,0.0,0.007380212412880782,0.0,0.0,0.0,0.02011071456492122,1.1860126662978192e-56,0.0,0.0,0.008610451840120093,0.0,0.0,0.0,0.009524643344597782,0.0,0.0,0.0,7.961436869719471e-52,0.0,0.0,0.0,0.0,0.0,0.0,0.0,2.790880710438233e-29,0.0,0.0,0.0,2.3985225860771184e-112,8.429558363473393e-190,0.0,0.0,0.03732848748424983,0.0,0.0,0.0,0.023416007180866772,3.14358004468908e-274,0.0,0.0,2.9111441936772364e-94,0.0,0.0,0.0,0.004683201436173354,0.0,0.0,0.0,0.0,0.0,0.0,0.0,0.0,0.0,0.0,0.0,0.0,0.0,0.0,0.0,0.0
0.0,0.0,0.0,0.0,0.0,3.3937587110224857e-13,7.68071894789729e-217,0.0,4.67705128992662e-135,0.0018765984162911215,9.396347490415328e-150,0.0,6.980714415100718e-129,0.7068920787063719,8.300285806444571e-104,0.0,1.1331130980366636e-144,0.2727805278158806,8.102970607625921e-125,0.0,2.2668793114449236e-207,1.8288609685917415e-28,7.404673050069659e-183,0.0,6.7906652919394024e-152,9.078575123918573e-9,2.9502570438941355e-202,0.0,1.5262902842088253e-192,7.60965408862395e-41,0.0,0.0,2.121999650141058e-291,3.73249424487593e-27,0.0,0.0,1.1577172145707113e-258,1.0638856802546688e-10,0.0,0.0,0.0,1.7392952343449296e-120,1.2838858396797693e-146,0.0,8.486538058077308e-191,1.953274423552395e-41,0.0,0.0,8.386552937499828e-201,0.005566781493570889,0.0,0.0,9.573256552574283e-210,0.004009121696636533,0.0,0.0,0.0,3.518852624559272e-16,3.7808657272545945e-138,0.0,0.0,5.687743404861898e-108,0.0,0.0,1.587902362947821e-182,0.0031924708664563986,3.1479475185518476e-106,0.0,0.0,0.0025620094147755785,0.0,0.0,0.0,8.087280720545254e-101,0.0,0.0,0.0,1.525126589564975e-27,0.0,0.0,0.0,7.681875170125184e-27,0.0,0.0,0.0,0.0027365199074884136,0.0,0.0,0.0,1.3060281842006157e-81,0.0,0.0,1.2583612673660278e-190,0.00038388249722492215,0.0,0.0,0.0,1.505440972307446e-36,0.0,0.0,0.0,1.2545551399411463e-137,0.0,0.0,0.0,1.8e-322,0.0,0.0,0.0,0.0,0.0,0.0
0.0,0.0,0.0,0.0,0.0,0.0,0.01054968540120495,0.0,0.0,0.0,0.3991178356341241,0.0,0.0,0.0,0.5829892519988562,0.0,0.0,0.0,0.00029331107842771624,0.0,0.0,0.0,4.454883275407749e-49,0.0,0.0,0.0,9.91659700934742e-78,0.0,0.0,0.0,6.2391944091038396e-55,0.0,0.0,0.0,0.0,0.0,0.0,0.0,0.0,0.0,0.0,0.0,0.0,0.0,0.0,0.0,0.0,0.0,0.0,0.0,0.0,0.0,0.0,0.0,0.0,0.0,0.0,0.0,0.0,0.0,0.0,0.0,0.0,0.0,0.0,0.0,0.0,0.0,0.0,0.0,0.0,0.0,0.0,0.0,0.007049915887387012,0.0,0.0,0.0,0.0,0.0,0.0,0.0,0.0,0.0,0.0,0.0,0.0,0.0,0.0,0.0,0.0,0.0,0.0,0.0,0.0,0.0,0.0,0.0,0.0,0.0,0.0,0.0,0.0,0.0,0.0,0.0,0.0,0.0,0.0,0.0,0.0,0.0
0.0,0.0,0.0,0.0,0.0,1.5786295964101494e-228,0.0,0.0,0.0,9.880562611683318e-30,0.0,0.0,1.9786068227068222e-243,1.9025167930160763e-106,4.180388166665916e-267,0.0,0.0,3.3812882690687814e-51,6.0497011546369585e-224,0.0,1.8346896347847897e-195,6.336125236337993e-22,4.6714104586096863e-184,0.0,4.4896000126e-314,0.26047306765004097,3.976818128817957e-115,0.0,1.496494289463605e-153,0.5235389711349305,1.780609524728863e-114,0.0,6.37489953105457e-199,0.20336422655606548,5.6242067824573335e-167,0.0,4.4777845959105145e-233,0.004658725006962578,1.387027355165155e-244,0.0,3.2841713639680014e-283,0.0032972934655233935,2.9100998090279997e-261,0.0,0.0,0.003224797073246534,0.0,0.0,4.0142100775676e-311,6.614105380669292e-32,0.0,0.0,9.537678060325792e-239,1.3214737855200943e-62,0.0,0.0,0.0,3.412559857892747e-116,2.0788273475698952e-158,0.0,1.9954414404256402e-237,1.5352688554936236e-33,0.0,0.0,1.6650554995424492e-294,5.54248451464405e-13,1.2745693096497651e-199,0.0,1.296433798335715e-250,3.595962201289898e-30,0.0,0.0,0.0,0.0014429191126761895,0.0,0.0,0.0,1.0562881267368406e-131,0.0,0.0,0.0,5.475120167086782e-47,0.0,0.0,0.0,2.4574661442755002e-132,4.854942265129641e-92,0.0,0.0,1.6059915670447247e-83,0.0,0.0,0.0,1.4971343506522752e-41,0.0,0.0,0.0,3.18861424867479e-27,0.0,0.0,0.0,5.478986882951199e-29,0.0,0.0,1.517034946571843e-218,2.476187501878163e-178,0.0,0.0,1.0205673174711425e-278,0.0,0.0,1.833477291298736e-189
0.0,0.0,0.0,5.727657806602385e-149,1.4996495600648102e-114,0.0,0.0,0.14511576446549562,1.487105265960917e-143,0.0,0.0,0.043033924549408374,9.521584341948477e-216,0.0,0.0,0.00548684008587018,3.550875363208217e-238,0.0,2.013710399515278e-308,0.01535678728229806,1.6679286519695496e-57,0.0,0.0,0.17161732735159313,3.116181756168527e-157,0.0,0.0,0.3048869944095652,6.476431409682434e-182,0.0,0.0,0.2092704783534007,0.0,0.0,0.0,0.06950379165150036,0.0,0.0,0.0,0.019750358192220395,0.0,0.0,0.0,2.089485200185569e-28,0.0,0.0,0.0,2.6516031748649085e-154,0.0,0.0,0.0,0.010706645914658136,0.0,0.0,0.0,1.52130027049692e-45,0.0,0.0,0.0,1.153481038336042e-142,0.0,0.0,0.0,1.2060327237754327e-83,0.0,0.0,0.0,3.065464820960417e-108,0.0,0.0,0.0,0.0,0.0,0.0,0.0,3.349539715919129e-13,0.0,0.0,0.0,0.005271087743654984,0.0,0.0,0.0,1.5812133925608297e-81,0.0,0.0,0.0,4.912216615526865e-181,0.0,0.0,0.0,6.2514911694716036e-183,0.0,0.0,0.0,0.0,0.0,0.0,0.0,0.0,0.0,0.0,0.0,0.0,0.0,0.0,0.0,0.0,0.0,0.0,0.0,0.0
0.0,0.0,0.0,0.0,7.309857562445922e-269,0.0,6.703275643360682e-107,0.9897602789419854,6.257305828919625e-293,0.0,1.7213917821412876e-94,0.00993916303726875,0.0,0.0,0.0,1.2683567848257338e-113,0.0,0.0,1.0311119005221078e-271,3.835500576259199e-48,1.5180126257448554e-219,0.0,0.0,3.147827581183769e-31,0.0,0.0,0.0,1.0043257302083688e-54,0.0,0.0,0.0,3.095883809598133e-57,0.0,0.0,0.0,0.00030055802074605486,0.0,0.0,0.0,2.3169825518909154e-58,0.0,0.0,0.0,1.6464095385816464e-173,0.0,0.0,0.0,0.0,0.0,0.0,0.0,0.0,0.0,0.0,0.0,2.3176273668628094e-219,0.0,0.0,0.0,3.0663050728243253e-207,0.0,0.0,0.0,0.0,0.0,0.0,0.0,0.0,0.0,0.0,0.0,0.0,0.0,0.0,0.0,0.0,0.0,0.0,0.0,0.0,0.0,0.0,0.0,0.0,0.0,0.0,0.0,0.0,0.0,0.0,0.0,4.696809414736e-311,0.0,0.0,0.0,0.0,0.0,0.0,0.0,0.0,0.0,0.0,0.0,0.0,0.0,0.0,0.0,0.0,0.0,0.0,0.0,0.0
0.0,1.3156465766072914e-84,0.32143246201543374,3.866694386539601e-122,0.0,1.0020872568271485e-148,0.6535436838080233,6.317567822090592e-131,0.0,1.3175893975129722e-142,0.025023854176542893,1.1164197157592209e-77,0.0,1.3052940868137912e-232,1.63074705892853e-218,0.0,0.0,0.0,0.0,0.0,0.0,0.0,0.0,0.0,0.0,0.0,1.7175215392618625e-286,0.0,0.0,0.0,0.0,0.0,0.0,0.0,0.0,0.0,0.0,0.0,0.0,0.0,0.0,0.0,0.0,0.0,0.0,0.0,0.0,0.0,0.0,0.0,0.0,0.0,0.0,0.0,0.0,0.0,0.0,0.0,0.0,0.0,0.0,0.0,0.0,0.0,0.0,0.0,0.0,0.0,0.0,0.0,0.0,0.0,0.0,0.0,0.0,0.0,0.0,0.0,0.0,0.0,0.0,0.0,0.0,0.0,0.0,0.0,0.0,0.0,0.0,0.0,0.0,0.0,0.0,0.0,0.0,0.0,0.0,0.0,0.0,0.0,0.0,0.0,0.0,0.0,0.0,0.0,0.0,0.0,0.0,0.0,0.0,0.0
0.0,0.0,2.024833189462228e-217,5.724925639964117e-259,0.0,0.0,9.007622515211317e-105,0.2756583521129792,1.379063339588475e-206,0.0,8.037354373955409e-84,0.6815595152307263,0.0,0.0,5.277919771796896e-46,0.03796968230899561,5.048280881009203e-189,0.0,0.0,5.0011099594272366e-55,0.0,0.0,0.0,2.23445903426901e-110,0.0,0.0,0.0,4.360212915317044e-196,0.0,0.0,0.0,5.687021863590028e-115,0.0,0.0,0.0,0.0031393143642960597,0.0,0.0,0.0,1.1834886415636912e-168,0.0,0.0,0.0,1.292609008256044e-216,0.0,0.0,0.0,0.0,0.0,0.0,0.0,1.5543336798087425e-214,0.0,0.0,0.0,0.001673135983002506,0.0,0.0,0.0,1.5119952373172932e-176,0.0,0.0,0.0,4.261975843585e-312,0.0,0.0,0.0,1.09030087887766e-299,0.0,0.0,0.0,0.0,0.0,0.0,0.0,7.915767191083185e-70,0.0,0.0,0.0,0.0,0.0,0.0,0.0,1.7864947945851165e-190,0.0,0.0,0.0,0.0,0.0,0.0,0.0,4.064906339213835e-239,0.0,0.0,0.0,0.0,0.0,0.0,0.0,0.0,0.0,0.0,0.0,0.0,0.0,0.0,0.0,0.0,0.0,0.0,0.0,0.0
0.0,0.0,2.714857270683852e-128,0.06486802698680753,0.0,0.0,7.412820442302566e-137,0.929383329428369,0.0,0.0,0.0,0.00574864358482358,0.0,0.0,0.0,4.723045164070882e-187,1.2957320708130547e-278,0.0,0.0,2.873156806906906e-137,0.0,0.0,0.0,3.4657409704614225e-126,0.0,0.0,0.0,3.116641454243857e-134,0.0,0.0,0.0,5.451450347711208e-243,0.0,0.0,0.0,4.839685061432098e-123,0.0,0.0,0.0,2.2935895649843918e-275,0.0,0.0,0.0,2.3067627734492202e-113,0.0,0.0,0.0,0.0,0.0,0.0,0.0,0.0,0.0,0.0,0.0,1.3665224798999853e-306,0.0,0.0,0.0,0.0,0.0,0.0,0.0,2.4449946744714986e-249,0.0,0.0,0.0,5.672789177e-315,0.0,0.0,0.0,0.0,0.0,0.0,0.0,7.606771620917306e-217,0.0,0.0,0.0,0.0,0.0,0.0,0.0,0.0,0.0,0.0,0.0,0.0,0.0,0.0,0.0,0.0,0.0,0.0,0.0,0.0,0.0,0.0,0.0,0.0,0.0,0.0,0.0,0.0,0.0,0.0,0.0,0.0,0.0,0.0,0.0,0.0
0.0,0.0,0.0,0.0,0.0,7.156045262124477e-158,1.917841e-317,0.0,0.0,0.0012000392942841498,3.1647732896833507e-264,0.0,1.411417147809394e-134,8.324288372056253e-11,2.0795740992884952e-131,0.0,2.4707816287113834e-144,0.3742703517698866,4.4019839055462625e-121,0.0,4.429942587482964e-132,0.4144800079575202,3.687303878081367e-118,0.0,5.638458231729241e-169,0.16630669604886256,1.9450972057891788e-120,0.0,1.4555348266404958e-118,0.00603590962674448,2.0070408534556557e-174,0.0,3.9080379433691905e-139,0.004427205188806171,3.4969927812158695e-306,0.0,2.440645682905898e-105,0.008981029841302914,1.461303736e-315,0.0,0.0,8.168801376132243e-70,8.885881621967011e-111,0.0,0.0,1.2748246994215424e-39,0.0,0.0,8.110041863345478e-101,0.0011641458532551526,0.0,0.0,3.945645551865436e-65,0.0017807016746422997,0.0,0.0,0.0,0.002382191484915285,9.285809786948004e-31,0.0,4.326746756382747e-199,0.0017694046310714425,0.0,0.0,4.9215561256140064e-45,0.0015974810929687664,8.952288786335985e-112,0.0,1.38105283287e-313,0.0024562813851613514,0.0,0.0,0.0,0.0021219450953936154,0.0,0.0,0.0,0.0029989130577824066,0.0,0.0,0.0,0.0024903472275577517,0.0,0.0,0.0,7.50021813105872e-33,1.275411848481306e-227,0.0,0.0,1.8949522685308753e-38,0.0,0.0,4.178193256796336e-104,0.0006196549550337763,0.0,0.0,0.0,0.0029492098711233175,0.0,0.0,0.0,0.0019684838604451835,0.0,0.0,1.2516307461461135e-282,5.406398534575964e-160,0.0,0.0,0.0,0.0,0.0,1.35121e-318
0.0,0.0,0.0,0.0,0.0,0.0,0.0,0.0,0.0,8.843331127267523e-144,0.0,0.0,0.0,1.2894093769726682e-200,1.9037299727257275e-291,0.0,0.0,8.802771380536504e-69,9.799108741407742e-215,0.0,1.1397190901635387e-250,5.976193730409159e-76,5.072333338163561e-176,0.0,0.0,3.307983633701833e-72,1.2004574373041494e-24,0.0,6.441053257356309e-222,6.169185919136017e-6,3.623795725750913e-173,0.0,1.5018592854109006e-168,0.3688341997443616,4.917564242922823e-100,0.0,5.961897934781076e-167,0.4923360884104698,5.407390147478114e-110,0.0,2.9128407808589125e-231,0.12965803698656486,1.923490528744184e-126,0.0,0.0,4.9412970763624254e-64,1.7405069343678988e-173,0.0,0.0,0.005144977059505347,1.2878819195213814e-124,0.0,0.0,0.00161099786418416,0.0,0.0,0.0,3.5279184289089215e-101,5.15883200013585e-177,0.0,1.8748329090828229e-134,1.6064764847657654e-78,0.0,0.0,0.0,1.1172709598561945e-25,9.825690302793925e-169,0.0,1.215287372810318e-206,6.1431310648178114e-65,0.0,0.0,0.0,6.5994442694708e-73,0.0,0.0,0.0,1.3875382924868653e-42,2.046190531175865e-94,0.0,0.0,7.298106432149958e-76,0.0,0.0,0.0,5.481469470941097e-106,1.1709430200400345e-108,0.0,0.0,1.1734452764258166e-37,0.0,0.0,0.0,2.7798797028883073e-68,0.0,0.0,0.0,0.002409530748995146,0.0,0.0,0.0,3.251993190322688e-73,8.8873136702446e-310,0.0,1.970440606317889e-172,4.54284554180143e-161,0.0,0.0,1.0016417003083213e-201,0.0,0.0,8.512313023485849e-125
0.0,0.0,3.882842523142353e-238,0.0,0.0,9.166769407622996e-196,0.005664272981589528,2.859396098923453e-167,0.0,2.3254786604746838e-173,0.7415554460055234,4.444913163391248e-120,0.0,7.351149832394141e-146,0.2527802810128872,6.90890190087422e-123,0.0,0.0,1.5461935023128816e-35,0.0,0.0,0.0,2.5943590233364367e-106,0.0,0.0,0.0,2.6683639673921454e-186,0.0,0.0,0.0,4.965773350666159e-220,0.0,0.0,0.0,5.251583699553875e-244,0.0,0.0,0.0,0.0,0.0,0.0,0.0,0.0,0.0,0.0,0.0,0.0,0.0,0.0,0.0,0.0,0.0,0.0,0.0,0.0,0.0,0.0,0.0,0.0,0.0,0.0,0.0,0.0,0.0,0.0,0.0,0.0,0.0,0.0,0.0,0.0,0.0,0.0,0.0,0.0,0.0,0.0,0.0,0.0,0.0,0.0,0.0,0.0,0.0,0.0,0.0,0.0,0.0,0.0,0.0,0.0,0.0,0.0,0.0,0.0,0.0,0.0,0.0,0.0,0.0,0.0,0.0,0.0,0.0,0.0,0.0,0.0,0.0,0.0,0.0,0.0,0.0
0.0,0.0,0.0,1.9555187e-317,7.965195080898407e-158,0.0,1.3048053362114995e-265,0.9794829230473546,1.1002028617251758e-159,0.0,1.0574869626255135e-253,0.020238743444469177,0.0,0.0,0.0,1.9106228906639037e-29,0.0,0.0,0.0,1.280789512797223e-28,1.2481248200976229e-157,0.0,0.0,6.190653484919365e-32,3.856938006056067e-238,0.0,0.0,4.1417976471648754e-66,0.0,0.0,0.0,7.92509931654545e-68,0.0,0.0,0.0,3.0596883315517198e-33,0.0,0.0,0.0,6.939457441684511e-39,0.0,0.0,0.0,0.000278333508176143,0.0,0.0,0.0,0.0,0.0,0.0,0.0,3.0048700126270854e-169,0.0,0.0,0.0,3.278213060980497e-183,0.0,0.0,0.0,7.992718199294074e-182,0.0,0.0,0.0,0.0,0.0,0.0,0.0,0.0,0.0,0.0,0.0,0.0,0.0,0.0,0.0,1.1783e-320,0.0,0.0,0.0,0.0,0.0,0.0,0.0,2.552951828592025e-291,0.0,0.0,0.0,0.0,0.0,0.0,0.0,1.4573957805360465e-128,0.0,0.0,0.0,0.0,0.0,0.0,0.0,0.0,0.0,0.0,0.0,0.0,0.0,0.0,0.0,0.0,0.0,0.0,0.0,0.0
0.0,0.0,0.0,0.0,0.0,0.0,2.5052384394280563e-118,2.4982363103375665e-295,0.0,1.6696362589823425e-246,0.003351868968768077,0.0,0.0,5.0900358912971305e-167,0.7474926940161047,1.583045939273012e-131,0.0,1.3458596746655883e-154,0.24915543701512707,1.1663232064383305e-120,0.0,0.0,3.376899896135659e-44,2.213465972168068e-245,0.0,3.98736e-319,8.647421089762913e-88,1.8430869239154788e-249,0.0,0.0,1.4770809839772895e-93,0.0,0.0,0.0,5.967178459398001e-155,0.0,0.0,0.0,7.978978717115049e-191,0.0,0.0,0.0,1.4994850711718383e-105,0.0,0.0,0.0,1.0476423300834366e-268,0.0,0.0,0.0,0.0,0.0,0.0,0.0,0.0,0.0,0.0,0.0,2.0406104675235817e-255,0.0,0.0,0.0,0.0,0.0,0.0,0.0,1.5547077765645797e-248,0.0,0.0,0.0,0.0,0.0,0.0,0.0,2.4579696701673084e-226,0.0,0.0,0.0,0.0,0.0,0.0,0.0,2.5260054410723026e-158,0.0,0.0,0.0,0.0,0.0,0.0,0.0,0.0,0.0,0.0,0.0,5.983659577667392e-215,0.0,0.0,0.0,0.0,0.0,0.0,0.0,0.0,0.0,0.0,0.0,0.0,0.0,0.0,0.0,0.0,0.0
2.909929910551182e-28,0.0,0.0,0.0,0.9887740308467641,0.0,0.0,1.5337492095260134e-87,0.0011672122692482029,0.0,0.0,1.5067844875406585e-127,0.0004964998535227774,0.0,0.0,4.1101450683115744e-163,0.0032864352680825816,0.0,0.0,4.242692954986298e-104,0.0018134302861968923,0.0,0.0,5.480328597230697e-123,3.5750232430197806e-42,0.0,0.0,1.9429097172492655e-119,0.00044644434189823287,0.0,0.0,4.1902923783296596e-172,0.0023216691138021554,0.0,0.0,1.4655717610952975e-196,0.0010421297021725984,0.0,0.0,2.1584105633243234e-213,4.883988206135517e-180,0.0,0.0,2.9111991186538955e-207,1.3880049223361877e-183,0.0,0.0,0.0,1.984106830519175e-220,0.0,0.0,5.72993682764699e-158,1.0332721520135596e-38,0.0,0.0,1.0303436342155454e-94,1.2232081836303367e-117,0.0,0.0,0.0,5.9984665592786e-281,0.0,0.0,0.0,9.599074281672946e-179,2.1639459314102485e-290,0.0,0.0,1.3067663863227117e-181,0.0,0.0,5.7180271208398e-168,6.582436370226659e-112,0.0,0.0,1.6408704441047958e-248,2.7035263195568305e-149,0.0,0.0,0.0,4.87350389244284e-157,0.0,0.0,0.0,7.836319104874316e-198,0.0,0.0,0.0,0.0006521483183123903,0.0,0.0,0.0,4.9028823455691795e-89,0.0,0.0,0.0,5.56003775e-315,0.0,0.0,0.0,1.99955e-318,0.0,0.0,0.0,0.0,0.0,0.0,0.0,0.0,0.0,0.0,0.0
0.0,7.127582651682373e-243,3.4929768067890464e-40,0.0,0.0,1.9307558443791775e-161,0.5413156775212483,1.2384291520462795e-114,0.0,4.6929833067052446e-79,0.45170646671649906,6.084858069627736e-132,0.0,1.80926910773935e-77,0.0069778557622527625,3.4447751176022664e-227,0.0,0.0,1.55084178200401e-189,0.0,0.0,0.0,3.0691242181041324e-300,0.0,0.0,0.0,0.0,0.0,0.0,0.0,0.0,0.0,0.0,0.0,0.0,0.0,0.0,0.0,0.0,0.0,0.0,0.0,0.0,0.0,0.0,0.0,0.0,0.0,0.0,0.0,0.0,0.0,0.0,0.0,0.0,0.0,0.0,0.0,0.0,0.0,0.0,0.0,0.0,0.0,0.0,0.0,0.0,0.0,0.0,0.0,0.0,0.0,0.0,0.0,2.8894721678648873e-301,0.0,0.0,0.0,0.0,0.0,0.0,0.0,0.0,0.0,0.0,0.0,0.0,0.0,0.0,0.0,0.0,0.0,0.0,0.0,0.0,0.0,0.0,0.0,0.0,0.0,0.0,0.0,0.0,0.0,0.0,0.0,0.0,0.0,0.0,0.0,0.0,0.0
0.0,0.0,0.0,0.0,0.0,0.0,0.0,0.0,0.0,0.0,1.8023481189879583e-291,0.0,0.0,0.0,5.60825133728116e-67,0.0,0.0,0.0,2.086558425749986e-111,0.0,0.0,0.0,3.581388288809782e-49,0.0,0.0,0.0,0.00043730370027349923,0.0,0.0,4.255329171135992e-156,8.007561208722486e-12,0.0,0.0,5.858160739088876e-72,0.8058429567789391,0.0,0.0,6.836150805984913e-137,0.1937197341974026,0.0,0.0,1.7655182022905184e-148,5.3153772779115515e-9,0.0,0.0,5.466789401294373e-134,4.160970456697687e-87,0.0,0.0,0.0,9.039105425212894e-157,0.0,0.0,0.0,6.295948780722621e-162,0.0,0.0,0.0,5.810608962054589e-194,0.0,0.0,0.0,2.4799027321585098e-130,0.0,0.0,0.0,4.1494584734445996e-151,0.0,0.0,1.5473010505144534e-225,1.3741539719033854e-122,0.0,0.0,6.541059722793208e-296,0.0,0.0,0.0,0.0,0.0,0.0,0.0,0.0,1.9866518778811135e-192,0.0,0.0,0.0,5.73796396160177e-89,0.0,0.0,1.5616889007309864e-275,2.1071983049091587e-249,0.0,0.0,0.0,3.778805948300504e-68,0.0,0.0,0.0,0.0,0.0,0.0,0.0,1.4343077773269176e-96,0.0,0.0,0.0,0.0,0.0,0.0,0.0,0.0,0.0
1.0,0.0,0.0,0.0,0.0,0.0,0.0,0.0,0.0,0.0,0.0,0.0,0.0,0.0,0.0,0.0,0.0,0.0,0.0,0.0,0.0,0.0,0.0,0.0,0.0,0.0,0.0,0.0,0.0,0.0,0.0,0.0,0.0,0.0,0.0,0.0,0.0,0.0,0.0,0.0,0.0,0.0,0.0,0.0,0.0,0.0,0.0,0.0,0.0,0.0
1703,103,1701,2202,2403,1001,3000,301,101,1602,401,1502,700,1103,1801,2300,602,2000,202,2002,1,1201,4001,2500,3502,701,3001,1702,1603,802,702,2302,2100,603,502,200,1901,1503,800,2203,2001,1303,1401,1202,2201,501,1501,1403,1100,1903,2102,600,4000,1800,2501,1700,1301,2,1300,1101,1500,801,703,2402,1902,1402,2103,3501,203,1000,2303,102,303,902,400,1203,1400,201,1600,300,100,900,3500,2301,601,1102,1003,402,803,1601,500,503,302,1002,3002,2400,2101,2502,1803,1900,2200,403,1200,3,2503,1302,903,2401,0,1802,2003,901
402:19,2102:87,1302:55,501:22,703:32,1603:68,1703:72,700:29,1100:45,1801:74,1900:77,2002:83,2001:82,1503:64,4001:112,2302:95,2202:91,2300:93,1300:53,3501:109,1700:69,1901:78,2401:98,4000:111,603:28,1401:58,1500:61,1203:52,1501:62,2101:86,2501:102,300:13,302:15,1701:70,2103:88,2303:96,802:35,1200:49,901:38,1702:71,1903:80,2402:99,801:34,2500:101,1602:67,203:12,1002:43,1001:42,903:40,103:8,2503:104,702:31,2201:90,2:3,301:14,2301:94,100:5,202:11,1102:47,200:9,3001:106,1202:51,803:36,1601:66,2200:89,1301:54,0:1,1101:46,1902:79,2003:84,1303:56,1003:44,2000:81,3500:108,503:24,502:23,1103:48,900:37,902:39,1502:63,2400:97,303:16,2502:103,600:25,102:7,401:18,1803:76,3002:107,1600:65,3502:110,101:6,1802:75,3000:105,1000:41,1:2,201:10,601:26,1201:50,3:4,800:33,2203:92,500:21,1800:73,2403:100,602:27,701:30,400:17,1400:57,403:20,2100:85,1403:60,1402:59
