40
0.7765491989189052,0.0671004632446168,1.314527545033557e-10,0.004022256846843623,0.00458747215834591,0.0,0.0,0.0,0.0,0.0,0.0,0.0,0.0,0.0,0.0,0.0,0.0,0.0,0.0,0.038355665167625265,0.0,0.0,0.0008606636010342589,0.0,0.0,0.0,0.0,0.0,0.00781763673181518,0.0,0.06983467935098202,0.0,0.030871963848378876,0.0,0.0,0.0,4.232681485004005e-165,1.686140457469775e-19,0.0,0.0
3.7770703086871004e-13,0.8442367878516897,3.151088270621677e-11,6.961648653087927e-103,2.542507488107725e-258,0.0,0.0,0.0,0.0,0.0,0.0,0.0,0.0,0.0,0.0,0.0,0.0,0.0,0.0,2.6594290397512845e-25,0.0,0.0,0.13835043732260133,0.0,0.0,0.0,0.0,0.0,0.0,0.0,0.015961353287544954,0.0,0.0014514215062743218,0.0,0.0,0.0,0.0,1.3192364304342125e-15,0.0,0.0
0.0,0.0,0.10111829892104811,0.0,0.0,0.0,0.0,0.0,0.0,0.0,1.1733838234065375e-151,0.0,0.0,0.0,0.0,0.0,0.0,1.1324482527643366e-16,0.0,0.0008186788573859746,0.0,0.0,1.0336383452672931e-10,4.135183024151041e-8,0.0,0.0,0.0,0.0,0.0,5.935799652759724e-224,0.0,3.9092712092632576e-11,0.0,0.0,0.0,0.0,0.0,0.898062980727279,0.0,0.0
0.03784564023888748,4.0973371865918025e-170,7.761800805916811e-200,0.7698612046435068,0.021322946958845096,0.0,0.0,0.0,0.0,0.0,0.0,0.0,0.0,0.0,0.0,0.0,0.0,0.0,0.0,2.328882817243445e-38,0.0,0.0,1.0877150611345091e-190,0.0,0.0,0.0,0.0,0.0,0.04832878237797714,0.0,4.713325694416944e-27,0.0,0.12264142578078356,0.0,0.0,0.0,1.503111184788634e-136,4.745417673674652e-205,0.0,0.0
0.008654780872353898,0.0,2.130300133083776e-11,0.05522506453072305,0.8478997939507612,0.0,5.136721311894164e-274,0.0,0.0,0.0,0.0,0.0,0.0,0.0,0.0,0.0,0.0,7.433842090933765e-50,0.0,3.1290297857330705e-148,0.0,0.0,0.00213865989743211,0.0021386599186020683,0.0,1.5007411675066262e-202,0.0,0.014970619430214448,0.03385676822274762,1.2281798e-316,1.844551618493991e-42,1.0733600769341388e-211,0.0351156531558626,0.0,0.0,0.0,9.91403186933961e-83,3.520277660699313e-18,0.0,0.0
0.0,0.0,0.0,0.0,0.0,0.743673131317612,0.0,0.0,4.3982716934212877e-41,3.4291950843516316e-39,0.0,0.005977144651182007,0.0,0.09364792968617627,1.9185269556835657e-178,0.0,0.0,0.0,7.506306725542849e-18,0.0,3.323533698118723e-48,0.0,0.0,0.0,1.0043757e-317,0.0,0.02344740193222632,0.0,0.0,0.0,0.0,0.0,0.0,0.0,0.0,0.13325439241280326,0.0,0.0,0.0,0.0
0.0,0.0,0.0,0.0,0.0,0.0,0.9121753813100387,9.563129380495997e-78,0.0,0.0,0.0,0.0,0.0,0.0,0.0,0.0,0.0014660395757066726,0.0,0.0,0.0,0.0,0.0,0.0,0.0,0.0,1.8380741449074113e-138,0.0,0.007431931416883846,0.0,0.0,0.0,0.0,0.0,0.0,0.0,0.0,0.0,0.0,0.0,0.0789266476973707
0.0,0.0,0.0,0.0,0.0,0.0,0.0,0.878402181801614,0.005572933875854546,3.434803258032362e-21,0.0,0.0,0.0,0.0,0.05944845151851868,0.0,0.05561618029794361,0.0,3.2878850411864854e-48,0.0,1.0693100816086848e-73,0.0,0.0,0.0,0.0,0.0,7.457295135965601e-41,0.0,0.0,0.0,0.0,0.0,0.0,0.0,0.0,5.828444590009925e-274,0.0,0.0,0.0,0.000960252506069317
0.0,0.0,0.0,0.0,0.0,9.42231783611719e-15,0.0,0.0,0.8040172174946798,1.610603543980954e-8,0.0,0.08529096614194376,0.0,6.148958968292026e-58,0.02884587244497397,0.0,0.0,0.0,0.01692956011032605,0.0,0.06269460407171139,0.0,0.0,0.0,0.0022217618310824377,0.0,4.2729233503795137e-20,0.0,0.0,0.0,0.0,0.0,0.0,0.0,0.0,1.7992376976899689e-9,0.0,0.0,0.0,0.0
0.0,0.0,0.0,0.0,0.0,7.359170933623411e-20,0.0,0.0,0.5079716934027201,0.14794561154107003,0.0,0.059211555003135095,0.0,2.1814431218839143e-10,0.10348090826522982,0.0,0.0,0.0,0.08699448914592928,0.0,0.07811443222456954,0.0,0.0,0.0,1.4704836891293392e-10,0.0,0.010002941297673963,0.0,0.0,0.0,0.0,0.0,0.0,0.0,0.0,0.006278368754479415,0.0,0.0,0.0,0.0
0.0,0.0,5.220292046860872e-29,0.0,1.7959557429310324e-30,0.0,0.0,0.0,0.0,0.0,0.8725043184590813,0.0,0.0,0.0,0.0,0.0,0.0,1.3805749690122867e-24,0.0,0.016481718190937068,0.0,0.0,2.441777466018431e-28,0.0017983465963565437,0.0,0.0,0.0,0.0,9.927425214909526e-199,0.10921561675362514,0.0,2.0607435006236614e-35,0.0,0.0,0.0,0.0,0.0,9.422768467868472e-34,0.0,0.0
0.0,0.0,0.0,0.0,0.0,0.0,0.0,0.0,0.0,0.0,0.0,0.876162445635897,0.07035195940892003,0.03066277383750094,0.0,0.0020541643212659746,0.0,0.0,0.0,0.0,0.0,0.005781134189871885,0.0,0.0,0.012368424491156212,0.0,0.0,0.0,0.0,0.0,0.0,0.0,0.0,3.7475414961935693e-171,0.0021079297648099542,0.0,1.0088999927752227e-94,0.0,0.0005111683505780543,0.0
0.034698264816438625,0.0004595636987256191,0.0,4.4154011188947146e-265,0.0,0.0,0.0,0.0,0.0,0.0,0.0,0.0,0.8140501045851333,0.0,0.0,0.012335168914918445,0.0,0.0,0.0,0.0,0.0,0.08989628548446277,0.0,0.0,0.0,0.0,0.0,0.0,0.0,0.0,0.02981236161108848,0.0,0.0015265563336501209,9.52704461065352e-15,0.007923705262611215,0.0,0.0009418578223630849,0.0,0.008356131470598886,0.0
0.0,0.0,0.0,0.0,0.0,0.0,0.0,0.0,0.0,0.0,0.0,0.013054493177071537,1.9398494187355196e-72,0.8916788720200659,0.0,0.0,0.0,0.0,0.0,0.0,0.0,0.019323996835332913,0.0,0.0,2.1119012558246605e-115,0.0,4.6147255648478035e-289,0.0,0.0,0.0,0.0,0.0,0.0,0.01408086115485822,0.016525164138172902,0.0,0.010146602972951047,0.0,0.03519000970154754,0.0
0.0,0.0,0.0,0.0,0.0,1.4688280601916595e-135,0.0,0.0,0.009424394349636968,0.0033658085124415823,0.0,0.0010738228483392273,0.0,4.516015863952791e-113,0.8850804091311805,0.0,0.0,0.0,0.0023532401668097604,0.0,0.011469773372122084,0.0,0.0,0.0,0.08723255161947016,0.0,6.738416560125305e-30,0.0,0.0,0.0,0.0,0.0,0.0,0.0,0.0,1.629582701955626e-98,0.0,0.0,0.0,0.0
0.0005232955492812164,0.06040731405001303,0.0,1.540456739023079e-123,0.0,0.0,0.0,0.0,0.0,0.0,0.0,0.0,0.034610616613414635,0.0,0.0,0.8943820388241307,0.0,0.0,0.0,0.0,0.0,0.0021851451918784084,0.0,0.0,0.0,0.0,0.0,0.0,0.0,0.0,0.0071886383288420315,0.0,0.0007029514424398293,1.4189755402503167e-16,8.135218441347219e-64,0.0,1.089326930811532e-209,0.0,1.2609749421040105e-56,0.0
0.0,0.0,0.0,0.0,0.0,1.0498676601780032e-116,0.0,0.04102783380761443,0.07358068855225415,0.013228462836588826,0.0,0.0,0.0,0.0,0.0023422656272743176,0.0,0.8307487526013538,0.0,0.015503061736465488,0.0,0.010238037945653053,0.0,0.0,0.0,0.0,0.0,1.1767905696313872e-50,0.0,0.0,0.0,0.0,0.0,0.0,0.0,0.0,3.7507993479863276e-72,0.0,0.0,0.0,0.013330896892795787
0.0,0.0,0.0,0.0,1.0705616131293204e-91,0.0,1.2871783533237625e-122,0.0,0.0,0.0,1.653798206264818e-5,0.0,0.0,0.0,0.0,0.0,0.0,0.8097460294894334,0.0,0.0,0.0,0.0,0.0,0.00016329185660630846,0.0,0.18727891774012972,0.0,0.002795222931761878,0.0,1.3754946795990883e-149,0.0,5.9369595505961866e-15,0.0,0.0,0.0,0.0,0.0,0.0,0.0,0.0
0.0,0.0,0.0,0.0,0.0,3.671912069842478e-6,0.0,0.0,0.07308420858425589,3.667301530052268e-7,0.0,0.07900863619734091,0.0,0.00952590163367986,1.7308083926504728e-71,0.0,0.0,0.0,0.7019140783101779,0.0,0.05282353674628004,0.0,0.0,0.0,5.523733907885561e-197,0.0,0.01990664123746932,0.0,0.0,0.0,0.0,0.0,0.0,0.0,0.0,0.06373295864857333,0.0,0.0,0.0,0.0
0.0,0.0,0.05737551466627191,0.0,0.001175407929083753,0.0,0.0,0.0,0.0,0.0,0.020692975079486232,0.0,0.0,0.0,0.0,0.0,0.0,7.330159366362584e-69,0.0,0.8484042561451578,0.0,0.0,8.893207979681319e-7,3.7355671819900684e-37,0.0,0.0,0.0,0.0,3.4223147909328424e-147,5.733402201129751e-40,0.0,0.07234912425882616,0.0,0.0,0.0,0.0,0.0,1.832600376083929e-6,0.0,0.0
0.0,0.0,0.0,0.0,0.0,1.7857655267528136e-17,0.0,0.0,1.1511436468662206e-6,0.8693463286028339,0.0,1.1192355804937163e-12,0.0,1.6108311807036663e-29,9.96371221118392e-28,0.0,0.0,0.0,8.160120310238876e-10,0.0,0.1246019010906219,0.0,0.0,0.0,0.006050618345715388,0.0,7.756605737636033e-16,0.0,0.0,0.0,0.0,0.0,0.0,0.0,0.0,5.0093638002017085e-14,0.0,0.0,0.0,0.0
0.06791087616592906,0.0,0.0,0.0016932723665358832,1.6185535672135227e-215,0.0,0.0,0.0,0.0,0.0,0.0,0.0,0.03915246603612165,0.0,0.0,0.001953252083212582,0.0,0.0,0.0,0.0,0.0,0.7129782771765473,0.0,0.0,0.0,0.0,0.0,0.0,0.0,0.0,2.7892726391044456e-84,0.0,0.03907021014065343,0.014670121771764752,0.07416532308316905,0.0,0.014665842589635027,0.0,0.03374035858643135,0.0
0.0,0.0,0.19830906690896102,0.0,0.0,0.0,0.0,0.0,0.0,0.0,9.930097254506051e-207,0.0,0.0,0.0,0.0,0.0,0.0,1.2826279682875097e-18,0.0,0.006538801000063028,0.0,0.0,0.7940761233474856,1.8101829191436817e-20,0.0,0.0,0.0,0.0,0.0,2.1037449792023476e-299,0.0,1.437097652222132e-58,0.0,0.0,0.0,0.0,0.0,0.0010760087434904255,0.0,0.0
0.0,0.0,0.0,0.0,1.485810040175309e-97,0.0,3.0376028315307995e-133,0.0,0.0,0.0,0.0006427710761926814,0.0,0.0,0.0,0.0,0.0,0.0,0.15227660602399,0.0,0.0,0.0,0.0,0.0,0.8413922168203775,0.0,5.12053653776807e-9,0.0,1.7202932097374012e-28,0.0,3.276709202402099e-147,0.0,0.005688400958903423,0.0,0.0,0.0,0.0,0.0,0.0,0.0,0.0
0.0,0.0,0.0,0.0,0.0,0.0,0.0,0.0,0.0,0.0,0.0,0.01549948900144998,0.002550697963608532,8.185106301779938e-49,0.0,0.07526978952908356,0.0,0.0,0.0,0.0,0.0,1.0139547094727891e-192,0.0,0.0,0.905569044756339,0.0,3.296618009719823e-88,0.0,0.0,0.0,0.0,0.0,0.0,0.0011109787495187868,3.915227694612344e-250,0.0,2.317547768287305e-267,0.0,3.5691025610007064e-255,0.0
0.0,0.0,0.0,0.0,0.0,0.0,7.284801431165779e-171,0.07488749693926339,0.0,0.0,0.0,0.0,0.0,0.0,0.0,0.0,7.425032394846034e-7,0.0,0.0,0.0,0.0,0.0,0.0,0.0,0.0,0.9030372472093591,0.0,0.02207451334813797,0.0,0.0,0.0,0.0,0.0,0.0,0.0,0.0,0.0,0.0,0.0,8.089738041870775e-185
0.0,0.0,0.0,0.0,0.0,0.04696185371957122,0.0,0.0,1.5290862053189442e-10,3.1900022887502386e-7,0.0,1.1513229044832274e-91,0.0,0.09417393487468172,9.652456370711853e-101,0.0,0.0,0.0,9.533050707379071e-20,0.0,0.006519394235432948,0.0,0.0,0.0,1.6425980387445824e-222,0.0,0.797800542661119,0.0,0.0,0.0,0.0,0.0,0.0,0.0,0.0,0.05454395535605781,0.0,0.0,0.0,0.0
0.0,0.0,0.0,0.0,0.0,0.0,0.0015232710536362145,0.011817958491046133,0.0,0.0,0.0,0.0,0.0,0.0,0.0,0.0,0.08687828049895326,0.0,0.0,0.0,0.0,0.0,0.0,0.0,0.0,0.0409151569889545,0.0,0.8352954099546062,0.0,0.0,0.0,0.0,0.0,0.0,0.0,0.0,0.0,0.0,0.0,0.023569923012803865
0.0,0.0,1.7027381583874422e-10,0.0,0.025362470654350794,0.0,0.0,0.0,0.0,0.0,0.1846345105801933,0.0,0.0,0.0,0.0,0.0,0.0,0.0,0.0,0.05722819770109194,0.0,0.0,0.008266684812171236,0.0,0.0,0.0,0.0,0.0,0.7209301681295536,0.003577967952365223,0.0,3.067546265383548e-166,0.0,0.0,0.0,0.0,0.0,2.4867104986063063e-16,0.0,0.0
0.0,0.0,0.0,0.0,0.0,0.0,0.08091361725618695,0.0,0.0,0.0,0.0,0.0,0.0,0.0,0.0,0.0,0.0,2.851278760128104e-163,0.0,0.0,0.0,0.0,0.0,1.411739779548298e-172,0.0,2.7773300831067233e-200,0.0,2.4637773795266364e-33,1.7805666897400867e-112,0.9075974686089855,0.0,0.011488914134827805,0.0,0.0,0.0,0.0,0.0,0.0,0.0,0.0
0.06167673826246226,0.12877416511793138,0.008147333957116636,1.7649418757024576e-6,9.23611325192505e-79,0.0,0.0,0.0,0.0,0.0,0.0,0.0,0.0,0.0,0.0,0.0,0.0,0.0,0.0,0.10049385365475706,0.0,0.0,2.297613625819279e-5,0.0,0.0,0.0,0.0,0.0,4.606351330905007e-297,0.0,0.6858658243642268,0.0,0.01501734110562204,0.0,0.0,0.0,4.781643396197268e-251,2.459749982982953e-9,0.0,0.0
0.0,0.0,0.0,0.0,0.0,0.0,0.004574244241280415,0.0,0.0,0.0,5.260908157789727e-175,0.0,0.0,0.0,0.0,0.0,0.0,0.045758606086158386,0.0,0.0,0.0,0.0,0.0,0.011247664902045063,0.0,0.0024433047310556694,0.0,0.04997710159743151,1.5163350776557491e-263,0.006946825669372379,0.0,0.8790522527726565,0.0,0.0,0.0,0.0,0.0,0.0,0.0,0.0
0.14470053462269614,0.0039407569817231135,7.525566956217039e-281,0.029112706182282934,4.8371816771259014e-26,0.0,0.0,0.0,0.0,0.0,0.0,0.0,0.0,0.0,0.0,0.0,0.0,0.0,0.0,0.004001989746936705,0.0,0.0,5.456332002937408e-274,0.0,0.0,0.0,0.0,0.0,0.05188216702811864,0.0,0.022177877969194213,0.0,0.7441839674690481,0.0,0.0,0.0,1.4389706581062515e-26,3.328129597425333e-278,0.0,0.0
0.0,0.0,0.0,0.014982971285585123,0.0901415135406196,0.0,0.0,0.0,0.0,0.0,0.0,0.0,0.008911739686321144,1.9032971839940087e-244,0.0,3.915330455911138e-197,0.0,0.0,0.0,0.0,0.0,0.006628399535577551,0.0,0.0,0.0,0.0,0.0,0.0,0.0,0.0,0.0,0.0,0.0033810002880660427,0.7567234239088768,0.003571659622476336,0.0,0.04810363401509108,0.0,0.0675556581173863,0.0
0.0031119929193404016,0.0,0.0,0.04110137260975758,6.860867918353384e-62,0.0,0.0,0.0,0.0,0.0,0.0,0.0,0.011439191092409583,0.0,0.0,1.5219167767430256e-146,0.0,0.0,0.0,0.0,0.0,0.02538344077411519,0.0,0.0,0.0,0.0,0.0,0.0,0.0,0.0,3.5575268054842924e-263,0.0,0.07837648270823017,0.01679821738006936,0.6872294684203049,0.0,0.01724748477765328,0.0,0.11931234931811965,0.0
0.0,0.0,0.0,0.0,0.0,0.08958824550465014,0.0,0.0,8.306771150439036e-50,4.0851647571246792e-25,0.0,0.01019049528639433,0.0,0.062414636894205906,7.780428257883972e-163,0.0,0.0,0.0,0.06981725103701297,0.0,2.887437363100175e-17,0.0,0.0,0.0,4.9850585724587614e-303,0.0,0.030076029908454704,0.0,0.0,0.0,0.0,0.0,0.0,0.0,0.0,0.7379133413692819,0.0,0.0,0.0,0.0
0.005048411638309881,0.0,0.0,1.125265090174601e-53,0.04842758711713876,0.0,0.0,0.0,0.0,0.0,0.0,0.0,1.5254900441500103e-9,0.0,0.0,9.155710673766586e-169,0.0,0.0,0.0,0.0,0.0,0.0100538461240787,0.0,0.0,0.0,0.0,0.0,0.0,0.0,0.0,1.3506248811099585e-106,0.0,0.009049743981168496,0.10654311059062326,9.407247644037847e-47,0.0,0.8028317538296481,0.0,0.018045545193542668,0.0
0.0,0.0,0.15059566796290919,0.0,0.0,0.0,0.0,0.0,0.0,0.0,3.060379015382245e-166,0.0,0.0,0.0,0.0,0.0,0.0,1.3937657830914775e-20,0.0,0.007944657424613108,0.0,0.0,2.139939508132221e-18,0.1855031279429067,0.0,0.0,0.0,0.0,0.0,4.7230302105527106e-257,0.0,0.0015917028111747864,0.0,0.0,0.0,0.0,0.0,0.6543648438583962,0.0,0.0
0.004252180599327274,0.0,0.0,0.08897864582035359,0.002749817061056182,0.0,0.0,0.0,0.0,0.0,0.0,0.0,0.009459437418302602,0.0,0.0,1.3669721133222807e-256,0.0,0.0,0.0,0.0,0.0,0.019622177446695147,0.0,0.0,0.0,0.0,0.0,0.0,0.0,0.0,0.0,0.0,0.0036577663544793636,0.06701756711301685,0.034570418812595864,0.0,0.025477252785352185,0.0,0.7442147365888211,0.0
0.0,0.0,0.0,0.0,0.0,0.012352748128575085,0.0,0.0016291402610915432,5.891858314291447e-47,4.306535041909356e-47,0.0,0.0,0.0,0.0,2.7202206204137465e-11,0.0,0.0037782667325859166,0.0,0.02930210863653416,0.0,5.8019728614005225e-56,0.0,0.0,0.0,0.0,0.0,0.01301805780884454,0.0,0.0,0.0,0.0,0.0,0.0,0.0,0.0,0.03509415243707258,0.0,0.0,0.0,0.904825525968094
40,209
0.0,0.0,0.0,0.0,0.0,0.0,0.0,0.0,0.0,0.0,0.0,1.7817006738178584e-167,5.6158280408927395e-89,1.0525873712490425e-247,0.0,0.0,0.0,0.0,0.0,4.224856983189967e-146,3.132812316690722e-35,7.681474229828905e-183,0.0,0.0,0.0,0.0,0.0,6.863975310351213e-93,0.4340365492729798,1.9676963186521923e-118,0.0,0.0,0.0,0.0,0.0,1.6039805697878705e-95,0.49348085926481233,1.566908424338725e-73,0.0,0.0,0.0,0.0,0.0,9.0979117169597e-187,0.0641320280115028,1.7470159214242574e-39,0.0,0.0,0.0,0.0,0.0,3.2801229211359168e-174,4.9710539210088914e-42,1.4052100280329842e-153,0.0,0.0,0.0,0.0,0.0,0.0,0.00048238176650157336,1.2211337829999513e-285,0.0,0.0,0.0,0.0,0.0,2.2114624447567694e-221,0.002028141491508605,1.8076206599368304e-215,0.0,0.0,0.0,0.0,0.0,0.0,7.529386212059857e-136,0.0,0.0,0.0,0.0,0.0,0.0,0.0,4.0179303251508865e-69,0.0,0.0,0.0,0.0,0.0,0.0,1.3987535928205266e-208,0.0036679990090782108,0.0,0.0,0.0,0.0,0.0,0.0,4.09456041814745e-304,0.0,0.0,0.0,0.0,0.0,0.0,0.0,3.672074247476254e-113,3.032049270599944e-122,0.0,0.0,0.0,0.0,0.0,0.0,4.394373744465327e-165,0.0,0.0,0.0,0.0,0.0,0.0,0.0,3.283750398599307e-79,0.0,0.0,0.0,0.0,0.0,0.0,7.86295807833412e-45,0.0,0.0,0.0,0.0,0.0,0.0,1.6506057165145677e-194,0.0,0.0,0.0,0.0,0.0,1.2288896478481622e-195,0.0010094301925065705,0.0,0.0,0.0,0.0,0.0,0.0,7.037096011683855e-154,0.0,0.0,0.0,0.0,0.0,0.0,8.549642843389312e-265,0.0,0.0,0.0,0.0,0.0,0.0,1.6476713484572566e-165,2.2064172172646883e-228,0.0,0.0,0.0,0.0,0.0,1.6266084255756406e-207,0.0,0.0,0.0,0.0,0.0,0.0,0.0011626109911100095,0.0,0.0,0.0,0.0,0.0,0.0,0.0,0.0,0.0,0.0,0.0,0.0,0.0,5.191759990743633e-242,0.0,0.0,0.0,0.0,0.0,0.0,0.0,0.0,0.0,0.0,0.0,0.0,0.0,0.0,0.0
0.0,0.0,0.0,1.0987125900242615e-110,0.038735734874993495,4.378200761517819e-95,0.0,0.0,0.0,0.0,0.0,8.528742303484912e-116,0.9186164072531341,7.6615971826018135e-87,0.0,0.0,0.0,0.0,0.0,3.204872308476948e-81,0.042647857871872426,8.93500353988855e-77,0.0,0.0,0.0,0.0,0.0,8.796487995737413e-248,3.5421529599398326e-64,1.7747514343967057e-120,0.0,0.0,0.0,0.0,0.0,0.0,8.900190773920267e-126,2.641748542489562e-100,0.0,0.0,0.0,0.0,0.0,0.0,1.8745614919809705e-196,0.0,0.0,0.0,0.0,0.0,0.0,0.0,9.165468778496132e-224,0.0,0.0,0.0,0.0,0.0,0.0,0.0,0.0,0.0,0.0,0.0,0.0,0.0,0.0,0.0,0.0,0.0,0.0,0.0,0.0,0.0,0.0,0.0,0.0,0.0,0.0,0.0,0.0,0.0,0.0,0.0,9.004533445262704e-210,0.0,0.0,0.0,0.0,0.0,0.0,0.0,0.0,0.0,0.0,0.0,0.0,0.0,0.0,0.0,0.0,0.0,0.0,0.0,0.0,0.0,0.0,0.0,0.0,0.0,0.0,0.0,0.0,0.0,0.0,0.0,0.0,0.0,0.0,0.0,0.0,0.0,0.0,0.0,0.0,0.0,0.0,0.0,0.0,0.0,0.0,0.0,0.0,0.0,0.0,0.0,0.0,0.0,0.0,0.0,0.0,0.0,0.0,0.0,1.170328971431917e-37,0.0,0.0,0.0,0.0,0.0,0.0,0.0,0.0,0.0,0.0,0.0,0.0,0.0,0.0,0.0,0.0,0.0,0.0,0.0,0.0,0.0,0.0,0.0,0.0,0.0,0.0,0.0,0.0,0.0,0.0,0.0,0.0,0.0,0.0,0.0,0.0,0.0,0.0,0.0,0.0,0.0,0.0,0.0,0.0,0.0,0.0,0.0,0.0,0.0,0.0,0.0,0.0,0.0,0.0,0.0,0.0,0.0,0.0,0.0,0.0,0.0,0.0,0.0,0.0
0.0,0.0,0.0,0.0,0.0,0.006452568202780468,0.0,0.0,0.0,0.0,0.0,0.0,1.2455516351929736e-175,0.9642984712679871,0.0,0.0,0.0,0.0,0.0,0.0,1.0035415206669686e-180,0.029248960529232437,0.0,0.0,0.0,0.0,0.0,0.0,0.0,1.2535481326223694e-113,0.0,0.0,0.0,0.0,0.0,0.0,0.0,1.2163690539133488e-195,0.0,0.0,0.0,0.0,0.0,0.0,0.0,0.0,0.0,0.0,0.0,0.0,0.0,0.0,0.0,0.0,0.0,0.0,0.0,0.0,0.0,0.0,0.0,0.0,0.0,0.0,0.0,0.0,0.0,0.0,0.0,0.0,0.0,0.0,0.0,0.0,0.0,0.0,0.0,0.0,0.0,0.0,0.0,0.0,0.0,0.0,0.0,0.0,0.0,0.0,0.0,0.0,0.0,0.0,0.0,0.0,0.0,0.0,0.0,0.0,0.0,0.0,0.0,0.0,0.0,0.0,0.0,0.0,0.0,0.0,0.0,0.0,0.0,0.0,0.0,0.0,0.0,0.0,0.0,0.0,0.0,0.0,0.0,0.0,0.0,0.0,0.0,0.0,0.0,0.0,0.0,0.0,0.0,0.0,0.0,0.0,0.0,0.0,0.0,0.0,0.0,0.0,0.0,0.0,0.0,0.0,0.0,0.0,0.0,0.0,0.0,0.0,0.0,0.0,0.0,0.0,0.0,0.0,0.0,0.0,0.0,0.0,0.0,0.0,0.0,0.0,0.0,0.0,0.0,0.0,0.0,0.0,0.0,0.0,0.0,0.0,0.0,0.0,0.0,0.0,0.0,0.0,0.0,0.0,0.0,0.0,0.0,0.0,0.0,0.0,0.0,0.0,0.0,0.0,0.0,0.0,0.0,0.0,0.0,0.0,0.0,0.0,0.0,0.0,0.0,0.0,0.0,0.0,0.0,0.0,0.0
0.0,0.0,0.0,0.0,0.0,0.0,0.0,0.0,0.0,0.0,0.0,0.0,0.0,0.0,0.0,0.0,0.0,0.0,0.0,0.0,1.6830881568968185e-259,0.0,0.0,0.0,0.0,0.0,0.0,2.489270555735432e-303,4.331844711981441e-52,0.0,0.0,0.0,0.0,0.0,0.0,8.352662922013295e-150,1.799857564894707e-59,1.15701257014821e-231,0.0,0.0,0.0,0.0,0.0,6.909411135520236e-120,1.347687430448097e-48,5.748695742996227e-191,1.4010941839017238e-273,0.0,0.0,0.0,0.0,2.818779689930403e-101,0.051879806406960695,3.8945427174332345e-118,2.4297796685066134e-270,0.0,0.0,0.0,0.0,1.4837041475676035e-91,0.4891770691293959,3.34573372378615e-88,2.1384695637037796e-267,0.0,0.0,0.0,0.0,6.397797672012102e-94,0.3555649032116072,5.645093445950826e-96,0.0,0.0,0.0,0.0,0.0,1.8783496514530863e-162,0.0797708786198607,3.113498852391315e-147,0.0,0.0,0.0,0.0,0.0,1.8313671510300974e-168,0.008855857168805551,1.142476442456967e-173,0.0,0.0,0.0,0.0,1.0787412439030786e-188,1.7943910446468991e-84,5.308727681677132e-154,4.818810503754309e-168,0.0,0.0,0.0,0.0,0.0,2.0913627291650605e-90,0.0,2.5593238698174363e-271,0.0,0.0,0.0,0.0,0.0,0.002183572244692344,1.0132662358650241e-170,0.0,0.0,0.0,0.0,0.0,0.0,2.4548429521007075e-174,0.0,0.0,0.0,0.0,0.0,0.0,0.0,2.1912240463210343e-81,0.0,0.0,0.0,0.0,0.0,0.0,2.222268424989837e-145,0.0,0.0,0.0,0.0,0.0,3.153178879379271e-19,1.977062184046347e-57,0.0,0.0,0.0,0.0,0.0,5.540888502383576e-50,0.0,0.0,0.0,0.0,0.0,0.0,0.0,2.9291960284334414e-53,0.0,0.0,0.0,0.0,0.0,0.0,0.004184141426252695,0.0,0.0,0.0,0.0,0.0,0.0,1.804496285565181e-184,0.008383771792425063,0.0,0.0,0.0,0.0,3.148868546053539e-244,6.830460194272043e-128,0.0,0.0,0.0,0.0,0.0,0.0,2.6728958450977126e-95,0.0,0.0,0.0,0.0,0.0,0.0,0.0,0.0,0.0,0.0,0.0,0.0,0.0,1.3612318842816772e-58,0.0,0.0,0.0,0.0,0.0,3.583270872275263e-263,0.0,0.0,0.0,0.0,0.0,0.0,0.0,0.0,0.0
0.0,0.0,0.0,0.0,0.0,0.0,0.0,0.0,0.0,0.0,0.0,0.0,0.0,1.645561621977783e-264,6.15550496688124e-267,0.0,0.0,0.0,0.0,0.0,0.0,0.0,0.0,0.0,0.0,0.0,0.0,0.0,2.736862581947503e-51,1.1579211272155039e-211,3.494134028331071e-292,0.0,0.0,0.0,0.0,1.2827206950318306e-307,7.242423136564678e-174,4.057845584204324e-263,0.0,0.0,0.0,0.0,0.0,0.0,0.000725518067370097,9.341215978174539e-285,0.029941238871282985,6.614586384613992e-99,0.0,0.0,0.0,7.376746604932353e-308,3.643997419908971e-49,1.8176959038725725e-125,0.10693299593010323,1.7204012417853083e-113,0.0,0.0,0.0,7.363630659743049e-28,0.0019286827629876099,1.920053002196437e-151,0.04704575892791422,2.7795369110460287e-130,0.0,0.0,0.0,2.86686625138407e-76,0.024266185171578858,1.725281135215811e-105,0.0,0.0,0.0,0.0,0.0,4.859112909498154e-93,0.3313646922433232,6.436206754365869e-89,0.0,0.0,0.0,0.0,0.0,1.0372773586828674e-99,0.24535815667050717,7.349171662952514e-82,0.0,0.0,0.0,0.0,3.6838521236601606e-98,0.10297882238568909,4.017069221558234e-37,6.4400313625293574e-71,0.0,0.0,0.0,0.0,1.798578989258989e-174,0.024823875840374047,1.645476160961122e-237,0.0021386599186020644,0.0,0.0,0.0,0.0,1.668545916405843e-185,9.158841109399904e-55,0.014970619430214452,0.0,0.0,0.0,0.0,0.0,0.0,2.885849722630623e-116,1.7149374753532919e-273,0.0,0.0,0.0,0.0,0.0,0.0,0.00933096717223771,0.0,0.0,0.0,0.0,0.0,0.0,0.004294926780563105,0.0,0.0,0.0,0.0,0.0,3.195309331983742e-144,0.008554639674408249,1.9229377306198074e-278,0.0,0.0,0.0,0.0,1.0260109408932488e-157,0.0,0.0,0.0,0.0,0.0,0.0,0.0,0.004654675071349347,0.0,0.0,0.0,0.0,0.0,0.0,0.008562541982774471,0.0,3.4100014651102346e-284,0.0,0.0,0.0,0.0,0.0,1.1348918270497762e-54,0.0,0.0,0.0,0.0,2.349475671093681e-15,0.006415979755806195,1.6859721336068862e-243,0.0,0.0,0.0,0.0,0.0,0.0043244641568908875,0.0,0.0,0.0,0.0,0.0,0.0,0.0,0.0,0.0,0.0,0.0,0.0,0.0,0.017109279348816515,0.0,0.0,0.0,0.0,0.0,0.004277319837204129,0.0,0.0,0.0,0.0,0.0,0.0,0.0,0.0,0.0
0.0,0.0,0.0,0.0,0.0,0.0,0.0,0.0,0.0,1.389636013918628e-173,5.019938674432125e-309,0.0,0.0,0.0,0.0,0.0,0.0,4.379144656376945e-148,1.2697920990166064e-257,0.0,0.0,0.0,0.0,0.0,1.7418718317173946e-192,0.011587278253836245,4.72116417079911e-78,0.0,0.0,0.0,0.0,0.0,7.068161259558169e-155,5.769959174919146e-5,9.013026235903625e-98,0.0,0.0,0.0,0.0,0.0,1.4339422940509686e-63,0.4783422175008948,1.1751965562136605e-55,0.0,0.0,0.0,0.0,0.0,7.660624404100701e-85,0.28347452487945085,2.8851640860908756e-107,0.0,0.0,0.0,0.0,0.0,4.829870264090414e-130,0.04469760479207683,8.60000112796934e-128,0.0,0.0,0.0,0.0,0.0,3.3509877329014575e-112,0.04078480364637004,2.9289544083794636e-189,0.0,0.0,0.0,0.0,0.0,9.690881580974664e-191,0.03415450803279539,7.272085886346244e-176,0.0,0.0,0.0,0.0,0.0,5.9808001145239155e-64,0.00526539063531797,6.071480677114066e-177,0.0,0.0,0.0,0.0,2.422488264717986e-166,0.01752697147635185,0.0,0.0,0.0,0.0,0.0,0.0,3.12930222790636e-153,0.018263691387847066,1.8178464409693393e-166,0.0,0.0,0.0,0.0,0.0,0.0,0.006900554179149576,5.455544967938468e-36,0.0,0.0,0.0,0.0,0.0,1.456944724653351e-71,0.005468949563230272,0.0,0.0,0.0,0.0,0.0,0.0,2.2691651817070466e-153,0.012012193233885464,0.0008543468197765104,0.0,0.0,0.0,0.0,9.540069696892319e-140,0.006768261772363468,0.0,0.0,0.0,0.0,0.0,0.0,0.005722287810156097,0.0,0.0,0.0,0.0,0.0,0.0,3.686187740207915e-88,0.003167930566568318,0.0,0.0,0.0,0.0,8.44395302692644e-125,3.1808316387264347e-186,0.0,0.0,0.0,0.0,0.0,1.0367435467591522e-81,4.615332526735053e-167,0.0,0.0,0.0,0.0,0.0,0.0,0.0,1.8862342572858123e-25,3.7906367645654624e-151,0.0,0.0,0.0,0.0,0.014566527347250112,2.1518043034273478e-120,0.0,0.0,0.0,0.0,0.0,0.004503288752890503,8.18251275361929e-117,0.0,0.0,0.0,0.0,0.0,0.005880969758039374,0.0,0.0,0.0,0.0,0.0,3.5414638734841054e-36,1.7875175039427045e-72,0.0,0.0,0.0,0.0,0.0,1.0982967229814965e-45,0.0,0.0,0.0,0.0,5.931564827495398e-117,0.0,0.0,0.0,0.0,2.1320341003706263e-244,0.0,0.0
0.0,0.0,0.0,0.0,0.0,0.0,0.0,0.0,0.0,0.0,0.0,0.0,0.0,0.0,0.0,0.0,1.7382346331551546e-73,0.0,0.0,0.0,0.0,0.0,2.0888069417192077e-107,0.020648238659403136,1.3687300315699048e-84,0.0,0.0,0.0,0.0,0.0,8.345564488044223e-99,0.6272195892499458,4.8205463276612195e-76,0.0,0.0,0.0,0.0,0.0,3.938941361694581e-106,0.2924799766159137,4.6824793247024534e-132,0.0,0.0,0.0,0.0,0.0,1.4130612063510508e-88,0.014110866275413622,1.1246136380622541e-79,0.0,0.0,0.0,0.0,0.0,0.0,0.007055662307391594,4.443138114223334e-149,0.0,0.0,0.0,0.0,0.0,0.0,0.005053279330824452,0.0,0.0,0.0,0.0,0.0,0.0,0.0,0.007393226514942744,4.316387390318525e-247,0.0,0.0,0.0,0.0,0.0,0.0,0.014451362748473492,4.9803868227617755e-74,0.0,0.0,0.0,0.0,0.0,0.0045374090059579885,2.738850687584033e-65,0.0,0.0,0.0,0.0,0.0,0.0,0.0028207432998518843,5.16810609700664e-21,0.0,0.0,0.0,0.0,0.0,0.0,5.186418627379096e-302,0.0,0.0,0.0,0.0,0.0,0.0,0.0,0.004229645991875437,2.0261588073199163e-187,0.0,0.0,0.0,0.0,0.0,0.0,0.0,0.0,0.0,0.0,0.0,0.0,0.0,0.0,0.0,0.0,0.0,0.0,0.0,0.0,5.987237530838048e-15,0.0,0.0,0.0,0.0,0.0,0.0,0.0,0.0,0.0,0.0,0.0,0.0,0.0,0.0,0.0,0.0,0.0,0.0,0.0,0.0,0.0,5.655421786141018e-230,0.0,0.0,0.0,0.0,0.0,0.0,5.8504458475168425e-276,1.143558999581526e-36,0.0,0.0,0.0,0.0,0.0,0.0,0.0,0.0,0.0,0.0,0.0,0.0,0.0,0.0,0.0,0.0,0.0,0.0,1.498333875939425e-248,0.0,0.0,0.0,0.0,0.0,0.0,0.0,0.0,0.0,0.0,0.0,0.0,0.0,0.0,0.0,0.0,0.0,0.0,0.0,0.0,0.0,0.0,0.0,0.0,0.0,0.0,0.0
0.054885540579123725,1.028845954193855e-118,0.0,0.0,0.0,0.0,0.0,9.680834844966134e-108,0.9074719039672406,1.8827913773690897e-113,0.0,0.0,0.0,0.0,0.0,1.684300964395691e-104,0.010735575240713153,5.10755180734901e-105,0.0,0.0,0.0,0.0,0.0,1.4883929210343158e-103,0.006527103496415116,2.2701453760966784e-116,0.0,0.0,0.0,0.0,0.0,9.934942449799898e-116,0.00861075416681978,2.8371113480633193e-120,0.0,0.0,0.0,0.0,0.0,5.749036032440082e-69,0.0019939166052027574,0.0,0.0,0.0,0.0,0.0,0.0,1.0756591166767066e-105,0.002983730043471401,0.0,0.0,0.0,0.0,0.0,0.0,2.4657257336806443e-96,0.002611727511808772,1.1993770447372314e-289,0.0,0.0,0.0,0.0,0.0,4.293672652393718e-102,0.0020222858634174807,1.590221430978153e-79,0.0,0.0,0.0,0.0,0.0,3.8385576127808066e-166,0.001282298225468198,0.0,0.0,0.0,0.0,0.0,0.0,1.6983346790253825e-166,7.371813639656531e-108,0.0,0.0,0.0,0.0,0.0,1.7551657794396345e-126,5.460528796681251e-88,0.0,0.0,0.0,0.0,0.0,0.0,0.0,7.564064914420389e-115,4.8300159787944097e-206,0.0,0.0,0.0,0.0,0.0,3.776701930956822e-75,4.692899877536822e-115,4.2735101618630255e-204,0.0,0.0,0.0,0.0,0.0,0.00015945398607332848,1.144917587005012e-82,9.98907860997461e-98,0.0,0.0,0.0,0.0,0.0,2.828622180886383e-262,3.711952515484784e-181,1.989902104713346e-278,0.0,0.0,0.0,0.0,0.0,5.051050462033206e-65,2.5141119832919674e-263,0.0,0.0,0.0,0.0,0.0,2.089447964426705e-129,0.0,0.0,0.0,0.0,0.0,4.423642277106424e-90,9.18663482859171e-6,0.0,0.0,0.0,0.0,0.0,3.5245823393276896e-172,0.0004227333820237492,0.0,0.0,0.0,0.0,0.0,0.0,1.9930660815356285e-9,0.0,0.0,0.0,0.0,0.0,0.0,0.0,0.00028378828054042025,0.0,0.0,0.0,0.0,0.0,2.378687929106212e-11,6.117928828493581e-291,0.0,0.0,0.0,0.0,7.42870817392601e-252,4.956127325140108e-176,0.0,0.0,0.0,0.0,0.0,0.0,0.0,0.0,0.0,0.0,0.0,0.0,0.0,1.0286173402786071e-179,0.0,0.0,0.0,0.0,0.0,0.0,0.0,0.0,0.0,0.0,0.0,0.0,0.0,0.0,0.0,0.0,0.0,0.0,0.0
1.0379523490316214e-277,8.129753844166328e-159,0.0,0.0,0.0,0.0,0.0,0.0,5.381178193477772e-92,0.10143564226329621,1.1986103557043826e-104,0.0,0.0,0.0,0.0,0.0,3.4995233663048854e-104,0.7397105740869258,2.269136181040191e-93,0.0,0.0,0.0,0.0,0.0,1.5562325371884705e-115,0.10576650790681567,1.4492057029154844e-124,0.0,0.0,0.0,0.0,0.0,1.5604327344380594e-114,0.01601797145859256,4.548086210130672e-173,0.0,0.0,0.0,0.0,0.0,7.716712103001368e-120,0.006180243450519354,7.134720556302897e-76,0.0,0.0,0.0,0.0,0.0,2.0204115153749573e-167,0.006702961763935741,3.344633643740451e-279,0.0,0.0,0.0,0.0,0.0,7.385758944306944e-112,0.0019195562900921148,4.60972522335729e-60,0.0,0.0,0.0,0.0,0.0,8.231867377665509e-169,0.009732945499646012,1.9462770743337475e-58,0.0,0.0,0.0,0.0,0.0,1.4223892626916459e-162,0.004112432495137308,0.0,0.0,0.0,0.0,0.0,0.0,0.0,0.0024529552153479887,5.72844366726559e-43,0.0,0.0,0.0,0.0,1.9920094010043726e-86,0.003181306434611222,7.590480728401225e-90,0.0,0.0,0.0,0.0,0.0,0.0,7.150543971686136e-47,0.0,0.0,0.0,0.0,0.0,0.0,0.0,0.0027869031350800794,0.0,0.0,0.0,0.0,0.0,0.0,0.0,7.238433681682821e-71,0.0,0.0,0.0,0.0,0.0,0.0,2.196071483713564e-107,2.277396163932086e-36,0.0,0.0,0.0,0.0,0.0,3.5683274525125986e-153,1.3791650419426946e-26,6.2460847407209e-56,0.0,0.0,0.0,0.0,3.4588854726773357e-75,2.8438205992497093e-70,1.8009300703903767e-26,0.0,0.0,0.0,0.0,0.0,8.827015123754481e-80,0.0,0.0,0.0,0.0,0.0,0.0,9.863370712031033e-92,0.0,0.0,0.0,0.0,0.0,0.0,4.701095565108758e-73,3.8683562662488765e-61,0.0,0.0,0.0,0.0,0.0,7.940022178639942e-49,5.805334157953474e-87,0.0,0.0,0.0,0.0,0.0,2.8876761399318365e-46,5.049626911597714e-52,0.0,0.0,0.0,0.0,1.4714752657512994e-161,4.904938718368757e-68,0.0,0.0,0.0,0.0,0.0,0.0,3.1918864820754454e-136,0.0,0.0,0.0,0.0,0.0,4.383652664193186e-87,0.0,0.0,0.0,0.0,0.0,0.0,0.0,0.0,0.0,0.0,0.0,0.0,0.0,0.0,0.0,0.0,0.0,0.0,0.0
0.0,9.745788996236994e-96,0.0,0.0,0.0,0.0,0.0,0.0,3.662052185543724e-88,4.9158136224777125e-17,1.3392500027429504e-226,0.0,0.0,0.0,0.0,0.0,4.005518591170443e-88,4.5836282656067476e-5,4.926885979219416e-126,0.0,0.0,0.0,0.0,0.0,8.134549544755319e-98,0.12295905638506832,2.2205510711159185e-130,0.0,0.0,0.0,0.0,0.0,2.4428987367630627e-68,0.15826606546354194,9.381708214368782e-182,0.0,0.0,0.0,0.0,0.0,1.04051582086763e-88,0.12668364044802233,1.6718388032918603e-158,0.0,0.0,0.0,0.0,0.0,3.4339342986578382e-93,0.09709374485259925,2.2347393961422735e-293,0.0,0.0,0.0,0.0,0.0,1.7304604749708497e-91,0.09697439693803703,2.6299579708757327e-59,0.0,0.0,0.0,0.0,0.0,9.248406531397677e-111,0.06516602295937601,7.300153564211885e-148,0.0,0.0,0.0,0.0,0.0,1.0580875174490706e-112,0.08147039844082762,0.0,0.0,0.0,0.0,0.0,0.0,0.0,0.01630282632811346,6.9880241035654e-22,0.0,0.0,0.0,0.0,1.1398050226423028e-48,0.02812909601614444,1.2923273485713809e-14,0.0,0.0,0.0,0.0,0.0,0.0,0.019307155086655488,0.0,0.0,0.0,0.0,0.0,0.0,0.0,0.041899424319319055,0.0,0.0,0.0,0.0,0.0,0.0,5.569240108944121e-284,0.030383881806482917,0.0,0.0,0.0,0.0,0.0,0.0,4.039391669163807e-29,0.0159987152914919,0.0,0.0,0.0,0.0,0.0,6.368249411784172e-67,0.011622734178148865,1.180150493949465e-72,0.0,0.0,0.0,0.0,7.15837389530226e-66,0.020576206132180367,3.024470274495431e-283,0.0,0.0,0.0,0.0,0.0,0.006476104679556483,0.0,0.0,0.0,0.0,0.0,0.0,0.013485166823729852,0.0,0.0,0.0,0.0,0.0,0.0,1.3895987043256944e-24,5.239e-319,0.0,0.0,0.0,0.0,0.0,9.030267062757304e-25,0.019352679340867155,2.2453341837717508e-187,0.0,0.0,0.0,0.0,0.022285140725106012,3.278581661424058e-229,0.0,0.0,0.0,0.0,3.50852924638413e-185,1.437750277258152e-25,0.0,0.0,0.0,0.0,0.0,0.0,0.005519388155992389,0.0,0.0,0.0,0.0,0.0,2.3193460698524833e-6,0.0,0.0,0.0,0.0,0.0,0.0,1.2402465921638545e-272,0.0,0.0,0.0,0.0,0.0,0.0,0.0,0.0,0.0,0.0,0.0,0.0
0.0,0.0,0.0,0.0,0.0,0.0,0.0,0.0,0.0,0.0,0.0,0.0,0.0,4.259226316299619e-207,7.54251925798635e-146,0.0,0.0,0.0,0.0,0.0,0.0,0.007697821357672931,6.026758482084741e-167,0.0,0.0,0.0,0.0,0.0,0.0,0.6898313537449551,4.070928743209587e-55,0.0,0.0,0.0,0.0,0.0,0.0,0.2955352703819584,4.050573219380844e-49,0.0,0.0,0.0,0.0,0.0,0.0,0.005137650844682586,1.8797491462002993e-35,0.0,0.0,0.0,0.0,0.0,0.0,0.0,0.0,0.0,0.0,0.0,0.0,0.0,0.0,0.0,0.0,0.0,0.0,0.0,0.0,0.0,0.0,0.0,0.0,0.0,0.0,0.0,0.0,0.0,0.0,0.0,0.0017979036707309406,0.0,0.0,0.0,0.0,0.0,0.0,0.0,0.0,0.0,0.0,0.0,0.0,0.0,0.0,0.0,0.0,0.0,0.0,0.0,0.0,0.0,0.0,0.0,0.0,0.0,0.0,0.0,0.0,0.0,0.0,0.0,0.0,0.0,0.0,0.0,0.0,0.0,0.0,0.0,0.0,0.0,0.0,0.0,0.0,0.0,0.0,0.0,0.0,0.0,0.0,0.0,0.0,0.0,0.0,0.0,0.0,0.0,0.0,0.0,0.0,0.0,0.0,0.0,0.0,0.0,0.0,0.0,0.0,0.0,0.0,0.0,0.0,0.0,0.0,0.0,0.0,0.0,0.0,0.0,0.0,4.399371379344875e-180,0.0,0.0,0.0,0.0,0.0,0.0,0.0,0.0,0.0,0.0,0.0,0.0,0.0,0.0,0.0,0.0,0.0,0.0,0.0,0.0,0.0,0.0,0.0,0.0,0.0,0.0,0.0,0.0,0.0,0.0,0.0,0.0,0.0,0.0,0.0,0.0,0.0,0.0,0.0,0.0,0.0,0.0,0.0,0.0,0.0,0.0,0.0,0.0,0.0
0.0,0.0,1.2444257042491973e-194,0.0,0.0,0.0,0.0,0.0,0.0,2.1609759420261714e-116,0.06880055188345592,1.4514555014348549e-78,0.0,0.0,0.0,0.0,0.0,2.8286505969789524e-102,0.521585984135648,1.9419769736359847e-98,0.0,0.0,0.0,0.0,0.0,2.4448845410021457e-96,0.2839842299656198,1.1283001950803367e-125,0.0,0.0,0.0,0.0,0.0,7.658411719784195e-112,0.060081964638221276,2.6667230007556245e-114,0.0,0.0,0.0,0.0,0.0,1.2374279510065925e-91,0.007121638811814408,4.560060217556936e-278,0.0,0.0,0.0,0.0,0.0,1.5820676011539158e-119,0.005578587105358242,1.2492996778120107e-181,0.0,0.0,0.0,0.0,0.0,1.0235829120958954e-94,0.008374541093976867,5.701772828558192e-235,0.0,0.0,0.0,0.0,0.0,7.033619575219034e-111,0.006406271939075006,0.0,0.0,0.0,0.0,0.0,0.0,5.023052739791224e-78,0.0032943538665270696,0.0,0.0,0.0,0.0,0.0,0.0,1.1200454e-316,0.0038509210750058615,0.0,0.0,0.0,0.0,0.0,1.8327462146017194e-118,0.006442228434021543,0.0,0.0,0.0,0.0,0.0,0.0,5.12897882001683e-242,0.0012781617346054959,0.0,0.0,0.0,0.0,0.0,0.0,1.2442727392884574e-56,0.0032282391293318607,0.0,0.0,0.0,0.0,0.0,0.0,0.0,0.004590223667720787,0.0,0.0,0.0,0.0,0.0,0.0,0.0,0.001833851812590682,0.0,0.0,0.0,0.0,0.0,4.817736349e-314,0.0018764117061434555,0.0,0.0,0.0,0.0,0.0,0.0,0.0012827870807027794,0.0,0.0,0.0,0.0,0.0,0.0,0.0006402907545215727,0.0,0.0,0.0,0.0,0.0,0.0,0.001906929699305173,0.0,0.0,0.0,0.0,0.0,0.0,0.0028766167397934286,0.0,0.0,0.0,0.0,0.0,0.0,0.0,0.0019262640858699381,0.0,0.0,0.0,0.0,0.0,0.0024167196846512436,0.0,0.0,0.0,0.0,0.0,1.4443020096327862e-279,0.0006222309560396444,2.2822963249388198e-84,0.0,0.0,0.0,0.0,0.0,9.96923167521587e-174,0.0,0.0,0.0,0.0,0.0,0.0,4.3179243003952305e-270,0.0,0.0,0.0,0.0,0.0,0.0,0.0,0.0,0.0,0.0,0.0,0.0,0.0,0.0,0.0,0.0,0.0
0.0,0.0,0.0,9.048049106294907e-185,0.0,0.0,0.0,0.0,0.0,0.0,7.756663724956454e-136,0.01949933707334534,1.0887246280326565e-134,0.0,0.0,0.0,0.0,0.0,8.819066598601998e-86,0.45503230694763236,1.2822579644033075e-95,0.0,0.0,0.0,0.0,0.0,2.3214534815856993e-89,0.45998452596624734,7.817311196191753e-113,0.0,0.0,0.0,0.0,0.0,5.37233435274997e-109,0.06280598624813254,1.8188315994187876e-132,0.0,0.0,0.0,0.0,0.0,3.4673224790812976e-256,5.345489557521451e-90,3.2736874129011612e-198,0.0,0.0,0.0,0.0,0.0,0.0,2.1856345625618468e-48,4.63005329436047e-232,0.0,0.0,0.0,0.0,0.0,4.7400844256275086e-139,0.001379004445977669,0.0,0.0,0.0,0.0,0.0,0.0,0.0,1.721220976190144e-119,1.794977e-317,0.0,0.0,0.0,0.0,0.0,1.6362291360506318e-59,2.3754645034877086e-46,0.0,0.0,0.0,0.0,0.0,0.0,0.0,3.068721691611025e-94,2.4007275263139778e-181,0.0,0.0,0.0,0.0,0.0,9.811294109038762e-116,0.0,0.0,0.0,0.0,0.0,0.0,0.0,1.863974331072308e-38,0.0,0.0,0.0,0.0,0.0,0.0,0.0,4.180670862242264e-103,0.0,0.0,0.0,0.0,0.0,0.0,2.6469844391230825e-72,0.0,0.0,0.0,0.0,0.0,0.0,0.0,0.0,2.8352651687423687e-81,0.0,0.0,0.0,0.0,0.0,0.0,4.079066077082391e-89,7.351905577160544e-261,0.0,0.0,0.0,0.0,0.0,2.005618156790551e-127,0.0,0.0,0.0,0.0,0.0,0.0,5.0e-324,0.0,0.0,0.0,0.0,0.0,0.0,0.0,0.0,0.0,0.0,0.0,0.0,0.0,0.0,0.0,0.0,0.0,0.0,0.0,0.0,4.8171132306109026e-268,0.0012988393186648224,0.0,0.0,0.0,0.0,0.0,4.188970794637e-312,0.0,0.0,0.0,0.0,0.0,0.0,2.418963407979678e-77,0.0,0.0,0.0,0.0,0.0,0.0,0.0,0.0,0.0,0.0,0.0,0.0,0.0,0.0,0.0,0.0,0.0,0.0,0.0,0.0,0.0,0.0,0.0,0.0,0.0,0.0,0.0,0.0,0.0,0.0
0.0,0.0,0.0,0.0,0.0,0.0,0.0,0.0,0.0,0.0,3.996931633438716e-167,4.3018330443738092e-106,0.0,0.0,0.0,0.0,0.0,0.0,1.5521369315427312e-79,1.3806626478150285e-208,0.0,0.0,0.0,0.0,0.0,7.216716325495282e-144,0.017426873254782125,1.4985650522150834e-75,0.0,0.0,0.0,0.0,0.0,2.405545454584364e-131,0.20967637316910995,1.9874572679838932e-141,0.0,0.0,0.0,0.0,0.0,1.0392187734994455e-134,0.19324474822575746,7.245484756916988e-95,0.0,0.0,0.0,0.0,0.0,1.980156349643102e-163,0.14579248143090925,1.7733840243655574e-116,0.0,0.0,0.0,0.0,0.0,2.1368641981833873e-123,0.1376530293607941,9.834310163292363e-90,0.0,0.0,0.0,0.0,0.0,1.6263350450349087e-127,0.09342813403617163,3.212160817920645e-109,0.0,0.0,0.0,0.0,0.0,2.5376825131341764e-108,0.06432460394239056,2.3270618085768124e-132,0.0,0.0,0.0,0.0,0.0,5.664724730286255e-150,0.03907335629996788,2.432789468732575e-59,0.0,0.0,0.0,0.0,0.0,0.03124385116138965,2.7345448454122257e-149,0.0,0.0,0.0,0.0,0.0,1.85791585195573e-123,0.013684113172313446,1.2401740408722771e-181,0.0,0.0,0.0,0.0,0.0,1.1088380776168074e-58,0.007801437675524843,0.0,0.0,0.0,0.0,0.0,0.0,0.0,0.0057386481280168955,0.0,0.0,0.0,0.0,0.0,0.0,2.48786463484477e-142,0.0029066625053600485,2.9684056622973508e-120,0.0,0.0,0.0,0.0,1.3066487895488476e-80,0.007896419572331975,0.0,0.0,0.0,0.0,0.0,1.1842099966701412e-168,0.006843067723782977,0.0,0.0,0.0,0.0,0.0,0.0,0.0013186915037545594,0.0,0.0,0.0,0.0,0.0,0.0,0.0019929259703089282,0.0,0.0,0.0,0.0,0.0,2.641727343342208e-270,0.00247671362990733,0.0,0.0,0.0,0.0,0.0,0.0,0.0,0.0011219212561703186,0.0,0.0,0.0,0.0,0.0,0.0011907927702328278,0.0,0.0,0.0,0.0,0.0,1.3479328747874946e-72,0.002474397763396625,1.3414248994637209e-39,0.0,0.0,0.0,0.0,0.0,0.006833484779491268,0.0,0.0,0.0,0.0,0.0,0.0,0.005857272668135373,1.329505191034639e-122,0.0,0.0,0.0,7.271857310824207e-126,0.0,1.1952603377068528e-243,0.0,0.0,0.0,0.0,0.0,0.0,0.0,0.0,0.0,0.0
1.5716890449647066e-79,0.06109059883418053,1.2847719980575104e-114,0.0,0.0,0.0,0.0,0.0,4.7321399316854564e-101,0.9290353669622273,4.7539667607966655e-95,0.0,0.0,0.0,0.0,0.0,1.1622735076226915e-207,0.0029493340970460453,5.083953664084737e-200,0.0,0.0,0.0,0.0,0.0,0.0,0.0030977708679574725,2.0750965088817199e-112,0.0,0.0,0.0,0.0,0.0,2.043181072760368e-182,0.002103764677626058,0.0,0.0,0.0,0.0,0.0,0.0,3.1090428410554037e-167,7.733480286889651e-121,1.0056087112328472e-301,0.0,0.0,0.0,0.0,0.0,0.0,2.9899621676413837e-130,0.0,0.0,0.0,0.0,0.0,0.0,1.3380501330580204e-164,1.5970172349332866e-110,3.969715860588083e-200,0.0,0.0,0.0,0.0,0.0,0.0,1.8155495941478758e-32,0.00021128086678331675,0.0,0.0,0.0,0.0,0.0,0.0,2.8381940310467706e-110,0.0,0.0,0.0,0.0,0.0,0.0,0.0,4.0248754047071666e-112,6.052649186861971e-286,0.0,0.0,0.0,0.0,2.2958290188612416e-104,9.106908366376815e-203,0.0,0.0,0.0,0.0,0.0,0.0,0.0,9.658873747375751e-230,0.0,0.0,0.0,0.0,0.0,0.0,0.0,0.0015118836941793727,0.0,0.0,0.0,0.0,0.0,0.0,0.0,2.6834892971059713e-24,0.0,0.0,0.0,0.0,0.0,0.0,0.0,2.2500228970994888e-156,0.0,0.0,0.0,0.0,0.0,2.38194016413719e-301,7.718023549188842e-276,3.403629202217628e-57,0.0,0.0,0.0,0.0,0.0,1.6421928698295176e-228,0.0,0.0,0.0,0.0,0.0,0.0,1.4081095782452229e-67,0.0,0.0,0.0,0.0,0.0,0.0,2.4051751528329706e-267,0.0,0.0,0.0,0.0,0.0,0.0,3.8014269979728e-310,0.0,0.0,0.0,0.0,0.0,0.0,1.914227909090954e-161,9.836161163564466e-175,0.0,0.0,0.0,0.0,0.0,5.50595596578454e-310,0.0,0.0,0.0,0.0,0.0,1.2136881710795915e-161,1.845685207793508e-297,0.0,0.0,0.0,0.0,0.0,0.0,1.6882670083284548e-256,0.0,0.0,0.0,0.0,0.0,8.37299708938264e-197,0.0,0.0,0.0,0.0,0.0,0.0,0.0,0.0,0.0,0.0,0.0,0.0,0.0,0.0,0.0,0.0,0.0,0.0,0.0
0.0,0.0,5.454586201380613e-93,0.06022092887306068,1.1211908265355044e-87,0.0,0.0,0.0,0.0,0.0,2.852590523360769e-100,0.906464841018769,4.0857303790596325e-103,0.0,0.0,0.0,0.0,0.0,2.511385128027747e-94,0.03265659550352813,5.000228840966245e-118,0.0,0.0,0.0,0.0,0.0,0.0,5.586783448042962e-149,2.0523229436615426e-174,0.0,0.0,0.0,0.0,0.0,0.0,0.0006576346046420978,0.0,0.0,0.0,0.0,0.0,0.0,0.0,9.004534326365637e-256,0.0,0.0,0.0,0.0,0.0,0.0,0.0,3.9384363025579115e-160,1.1805602553977436e-264,0.0,0.0,0.0,0.0,0.0,0.0,8.480541556584445e-253,0.0,0.0,0.0,0.0,0.0,0.0,0.0,0.0,0.0,0.0,0.0,0.0,0.0,0.0,0.0,0.0,0.0,0.0,0.0,0.0,0.0,0.0,0.0,0.0,0.0,0.0,0.0,0.0,0.0,0.0,0.0,0.0,0.0,0.0,0.0,0.0,0.0,0.0,0.0,0.0,0.0,0.0,0.0,0.0,0.0,0.0,0.0,0.0,0.0,0.0,0.0,0.0,0.0,0.0,0.0,0.0,0.0,0.0,0.0,0.0,0.0,0.0,0.0,0.0,0.0,0.0,0.0,0.0,0.0,0.0,0.0,0.0,0.0,0.0,0.0,0.0,0.0,0.0,0.0,0.0,0.0,0.0,0.0,0.0,0.0,0.0,0.0,0.0,0.0,0.0,0.0,0.0,0.0,0.0,0.0,0.0,0.0,0.0,0.0,0.0,0.0,0.0,0.0,0.0,0.0,5.87616281745e-311,0.0,0.0,0.0,0.0,0.0,0.0,0.0,0.0,0.0,0.0,0.0,0.0,0.0,0.0,0.0,0.0,0.0,0.0,0.0,0.0,0.0,0.0,0.0,0.0,0.0,0.0,0.0,0.0,0.0,0.0,0.0,0.0,0.0,0.0,0.0,0.0,0.0,0.0,0.0,0.0,0.0,0.0,0.0
3.67530058321438e-121,5.424438122569864e-165,0.0,0.0,0.0,0.0,0.0,0.0,0.0287027090077212,3.0379903818544077e-97,0.0,0.0,0.0,0.0,0.0,6.951562455812755e-111,0.5895349687259486,2.517472872451211e-91,0.0,0.0,0.0,0.0,0.0,9.105030800997962e-123,0.17492774229276317,5.775057711762504e-84,0.0,0.0,0.0,0.0,0.0,2.7735779320948287e-123,0.035604566142188536,1.5289931102959942e-99,0.0,0.0,0.0,0.0,0.0,1.120360354216776e-95,0.028177064663147167,1.0024100964798826e-117,0.0,0.0,0.0,0.0,0.0,2.361126228364725e-140,0.013653314832317036,3.6714442142467455e-140,0.0,0.0,0.0,0.0,0.0,3.3451912420477478e-186,0.017369501283776984,4.719189277910958e-92,0.0,0.0,0.0,0.0,0.0,2.250819174416706e-117,0.009913675830427368,7.057247330082119e-117,0.0,0.0,0.0,0.0,0.0,4.6802288259748786e-107,0.014456465004214866,0.0,0.0,0.0,0.0,0.0,0.0,2.523938829291141e-150,0.006108803391940383,0.0,0.0,0.0,0.0,0.0,3.4323258834302224e-88,0.0096672305468491,2.1605215202415194e-119,0.0,0.0,0.0,0.0,0.0,0.0,0.006096361493880872,2.9685404505614154e-61,0.0,0.0,0.0,0.0,0.0,2.0360826960875182e-117,0.012856703298196017,2.627248161288407e-171,0.0,0.0,0.0,0.0,0.0,4.496159964676482e-102,0.006131001702692481,1.9074951420219866e-94,0.0,0.0,0.0,0.0,0.0,7.0220821574038e-66,0.005945438677433183,5.383172509484398e-54,0.0,0.0,0.0,0.0,0.0,0.0049672755469919285,4.290989714901734e-36,0.0,0.0,0.0,0.0,3.9433646593888214e-141,0.00438487427434631,0.0,0.0,0.0,0.0,0.0,2.4418746034968238e-226,0.003489438033866746,0.0,0.0,0.0,0.0,0.0,1.6241209826051317e-70,0.0009204623756806803,0.0,0.0,0.0,0.0,0.0,0.0,0.005232449180354849,0.0,0.0,0.0,0.0,0.0,0.0,0.0,0.00870509174831419,7.895870483172231e-141,0.0,0.0,0.0,0.0,0.006138883212377661,3.0684379852519183e-58,0.0,0.0,0.0,0.0,4.920855976208461e-55,0.00438491661447663,0.0,0.0,0.0,0.0,0.0,0.0,0.0,0.0,0.0,0.0,0.0,0.0,0.0,0.0026310621200940614,0.0,0.0,0.0,0.0,0.0,0.0,0.0,0.0,0.0,0.0,0.0,0.0,0.0,0.0,0.0,1.882586864966707e-222,0.0,0.0,0.0
0.0,0.0,0.0,0.0,0.0,0.0,0.057382196454122576,9.082490654373562e-40,0.0,0.0,0.0,0.0,0.0,0.0,0.9259163910343516,1.7442182564581635e-44,0.0,0.0,0.0,0.0,0.0,0.0,0.01242755462595467,1.0160814738088766e-139,0.0,0.0,0.0,0.0,0.0,0.0,2.992436232128599e-146,2.199760866543252e-251,0.0,0.0,0.0,0.0,0.0,0.0,0.0029039957561782914,0.0,0.0,0.0,0.0,0.0,0.0,0.0,0.0007259994202291914,7.047916718036738e-90,0.0,0.0,0.0,0.0,0.0,0.0,0.0,9.759167576153518e-111,0.0,0.0,0.0,0.0,0.0,0.0,0.0006438627091635151,1.0289608175141845e-91,0.0,0.0,0.0,0.0,0.0,0.0,4.758397853540055e-20,2.106077666741306e-62,0.0,0.0,0.0,0.0,0.0,0.0,6.038822513697478e-252,3.57255926059638e-109,0.0,0.0,0.0,0.0,0.0,0.0,0.0,0.0,0.0,0.0,0.0,0.0,0.0,8.32258387959169e-87,0.0,0.0,0.0,0.0,0.0,0.0,0.0,0.0,0.0,0.0,0.0,0.0,0.0,0.0,0.0,0.0,0.0,0.0,0.0,0.0,0.0,0.0,0.0,1.435340398225697e-27,0.0,0.0,0.0,0.0,0.0,0.0,0.0,0.0,0.0,0.0,0.0,0.0,0.0,0.0,0.0,0.0,0.0,0.0,0.0,0.0,0.0,0.0,0.0,0.0,0.0,0.0,0.0,0.0,0.0,0.0,0.0,0.0,0.0,0.0,0.0,0.0,0.0,0.0,0.0,0.0,0.0,0.0,0.0,0.0,0.0,0.0,0.0,0.0,0.0,0.0,0.0,0.0,0.0,0.0,0.0,0.0,0.0,0.0,0.0,0.0,0.0,0.0,0.0,0.0,0.0,0.0,0.0,0.0,0.0,0.0,0.0,0.0,0.0,0.0,0.0,0.0,0.0,0.0,0.0,0.0,0.0,0.0,0.0,0.0,0.0,0.0,0.0,0.0,0.0,0.0,0.0
0.0,1.328390779144385e-262,0.0,0.0,0.0,0.0,0.0,0.0,1.065187912551925e-191,1.4735923386841019e-102,4.056230930258429e-133,0.0,0.0,0.0,0.0,0.0,3.0138905150605805e-132,0.03133838256776056,5.637337453041057e-146,0.0,0.0,0.0,0.0,0.0,4.63291153753361e-75,0.7974322982968186,1.071050621304732e-69,0.0,0.0,0.0,0.0,0.0,2.1252634823447703e-108,0.16181207192718577,7.507559196647767e-65,0.0,0.0,0.0,0.0,0.0,9.854171555574335e-94,4.257043168007529e-17,1.2899795229179414e-111,0.0,0.0,0.0,0.0,0.0,1.8841460451771673e-129,3.86696640349286e-9,5.2967302889292036e-86,0.0,0.0,0.0,0.0,0.0,1.1221033131952248e-122,0.006890908118149695,9.017328111087415e-123,0.0,0.0,0.0,0.0,0.0,2.3055012790249906e-70,5.872113840349301e-17,4.300581586627266e-104,0.0,0.0,0.0,0.0,0.0,3.555847656909001e-123,2.350221815596117e-11,0.0,0.0,0.0,0.0,0.0,0.0,3.9789937640877136e-181,2.0153135847233964e-32,1.9885515350877066e-142,0.0,0.0,0.0,0.0,2.807385997713671e-131,1.155279134188702e-49,6.548823565466524e-182,0.0,0.0,0.0,0.0,0.0,1.5063482581484047e-184,3.0303582324132605e-11,0.0,0.0,0.0,0.0,0.0,0.0,0.0,1.0977766952931625e-88,1.14e-322,0.0,0.0,0.0,0.0,0.0,9.40550863292149e-168,1.5402951035360913e-112,0.0,0.0,0.0,0.0,0.0,0.0,1.1952836112491128e-130,4.033427924654438e-58,0.0,0.0,0.0,0.0,0.0,1.109851201483461e-137,3.4255176918909675e-98,8.764211431647635e-126,0.0,0.0,0.0,0.0,7.216072422907644e-184,1.4029965361811328e-138,1.1227078853349025e-137,0.0,0.0,0.0,0.0,0.0,2.923991487443115e-192,4.018084110192518e-301,0.0,0.0,0.0,0.0,1.907069987073402e-112,1.0890713555734727e-123,0.0,0.0,0.0,0.0,0.0,3.3602953102313125e-192,6.644252873881026e-178,4.209457487126311e-165,0.0,0.0,0.0,0.0,0.0,9.946982743412812e-119,1.8370259199977178e-89,0.0,0.0,0.0,0.0,0.0,1.1181825133565888e-24,7.11225982696005e-148,0.0,0.0,0.0,0.0,0.0,1.1524197602462587e-58,0.0,0.0,0.0,0.0,0.0,0.0,0.0025263351693132624,0.0,0.0,0.0,0.0,0.0,1.1335629082673045e-122,3.1394299400044914e-234,0.0,0.0,0.0,0.0,0.0,2.240324518829428e-157,0.0,0.0,0.0,0.0,8.22725165565741e-240,0.0,0.0,0.0,0.0,0.0,0.0,0.0
0.0,0.0,0.0,0.0,0.0,3.7217815247577576e-223,0.0,0.0,0.0,0.0,0.0,0.0,2.9388635985202156e-145,0.08215243544655192,5.00422543507734e-98,0.0,0.0,0.0,0.0,0.0,6.631114381505285e-109,0.6773514250390636,1.240373425099902e-111,0.0,0.0,0.0,0.0,0.0,1.2488778475823002e-90,0.22611068027967046,8.107326750180752e-113,0.0,0.0,0.0,0.0,0.0,1.73929906276355e-108,0.011987337757467116,0.0,0.0,0.0,0.0,0.0,0.0,4.190811439942425e-129,5.081862597682565e-5,1.0506459226831095e-256,0.0,0.0,0.0,0.0,0.0,2.1411194946219253e-267,8.629800217462355e-124,8.633840400080706e-195,0.0,0.0,0.0,0.0,0.0,8.498964586889509e-168,8.039915297936445e-132,0.0,0.0,0.0,0.0,0.0,0.0,0.0,7.714157027097883e-193,0.0,0.0,0.0,0.0,0.0,0.0,0.0,2.7553183782874033e-303,0.0,0.0,0.0,0.0,0.0,0.0,4.2980340278924246e-222,0.0,0.0,0.0,0.0,0.0,0.0,0.0,0.0011776449028463444,0.0,0.0,0.0,0.0,0.0,0.0,0.0,0.0,0.0,0.0,0.0,0.0,0.0,0.0,0.0,7.30222069239842e-303,6.651997465083782e-174,0.0,0.0,0.0,0.0,0.0,0.0,0.0,0.0,0.0,0.0,0.0,0.0,0.0,3.0166823046200256e-273,0.0,0.0,0.0,0.0,0.0,0.0,3.8121646954159266e-236,0.0,0.0,0.0,0.0,0.0,0.0,0.0,0.0,0.0,0.0,0.0,0.0,0.0,0.0,0.0,0.0,0.0,0.0,0.0,0.0,0.0,0.0,0.0,0.0,0.0,0.0,0.0,0.0,0.0011696579484234873,0.0,0.0,0.0,0.0,0.0,0.0,0.0,0.0,0.0,0.0,0.0,0.0,0.0,0.0,0.0,0.0,0.0,0.0,0.0,9.785697394709322e-87,0.0,0.0,0.0,0.0,0.0,0.0,0.0,0.0,0.0,0.0,0.0,0.0,0.0,0.0,0.0,0.0,0.0,0.0,0.0,0.0,0.0,0.0,0.0,0.0,0.0,0.0,0.0,0.0,0.0
0.0,4.283570621664909e-177,9.009869115417647e-298,0.0,0.0,0.0,0.0,0.0,7.704497109795657e-270,6.160727174781535e-8,2.6169985958780836e-197,0.0,0.0,0.0,0.0,0.0,2.3329228196141823e-226,4.041997016180887e-9,4.494766631199321e-202,0.0,0.0,0.0,0.0,0.0,4.180272667116857e-245,0.016153116201306987,7.782630004129321e-190,0.0,0.0,0.0,0.0,0.0,8.45948739316304e-173,0.08253291802817067,0.0,0.0,0.0,0.0,0.0,0.0,1.0085617382386364e-187,0.1297709870486807,0.0,0.0,0.0,0.0,0.0,0.0,1.2552399147476503e-178,0.05635940745379743,0.0,0.0,0.0,0.0,0.0,0.0,5.345118802292699e-194,0.09260364731875527,1.3642616935374335e-175,0.0,0.0,0.0,0.0,0.0,1.1185938632756079e-259,0.09836582697345035,4.252842323150895e-141,0.0,0.0,0.0,0.0,0.0,8.888190551947791e-213,0.06562583717358647,0.0,0.0,0.0,0.0,0.0,0.0,0.0,0.10613585165592859,2.7916355586596036e-295,0.0,0.0,0.0,0.0,3.0279515358348344e-114,0.046093124937945706,0.0,0.0,0.0,0.0,0.0,0.0,0.0,0.057948980234276526,0.0,0.0,0.0,0.0,0.0,0.0,0.0,0.020687313480848103,0.0,0.0,0.0,0.0,0.0,0.0,0.0,0.049108283705683514,0.0,0.0,0.0,0.0,0.0,0.0,1.9251971774924903e-47,0.04865906886058157,0.0,0.0,0.0,0.0,0.0,2.6042881846526217e-135,0.011015005359931133,0.0,0.0,0.0,0.0,0.0,7.660978123402565e-293,1.5610991436123925e-43,0.0,0.0,0.0,0.0,0.0,0.0,0.0227149179277329,0.0,0.0,0.0,0.0,0.0,0.0,0.008730778061322804,0.0,0.0,0.0,0.0,0.0,0.0,0.030663017989945897,0.0,0.0,0.0,0.0,0.0,0.0,2.431664194572711e-131,0.015712953191368343,0.0,0.0,0.0,0.0,0.0,0.022842143094455265,0.0,0.0,0.0,0.0,0.0,2.477778549472438e-216,0.018276755652963113,0.0,0.0,0.0,0.0,0.0,0.0,3.8083729915127213e-47,0.0,0.0,0.0,0.0,0.0,1.6758584306830871e-90,0.0,0.0,0.0,0.0,0.0,0.0,0.0,0.0,0.0,0.0,0.0,0.0,0.0,0.0,0.0,0.0,0.0,0.0,0.0
0.0,0.0,0.0,0.0,0.0,0.0,0.0,0.0,0.0,0.0,0.0,7.817613772587071e-92,1.4794006335268453e-214,0.0,0.0,0.0,0.0,0.0,4.246250356507473e-208,8.480671340323123e-31,1.3606641661952563e-147,0.0,0.0,0.0,0.0,0.0,1.4087898242118955e-119,0.026457507191004648,1.820091838991649e-95,0.0,0.0,0.0,0.0,0.0,1.5515635193687382e-100,0.5357994301485951,1.6516248882049195e-83,0.0,0.0,0.0,0.0,0.0,2.0705161685150164e-100,0.3676922336785437,6.471603029979507e-85,0.0,0.0,0.0,0.0,0.0,3.643080024144246e-130,0.05377676261862537,1.2654721866973543e-53,0.0,0.0,0.0,0.0,0.0,7.461685404447993e-120,4.9626745341165e-17,2.3364894991336577e-156,0.0,0.0,0.0,0.0,0.0,3.7401925559905796e-203,1.2772991807387977e-46,8.528983773300624e-254,0.0,0.0,0.0,0.0,0.0,2.99038444462003e-193,6.920750149740763e-85,1.088825415070494e-256,0.0,0.0,0.0,0.0,0.0,1.2668832021187076e-181,1.1686558395083372e-68,2.188407351051388e-110,0.0,0.0,0.0,0.0,2.792679012699272e-228,4.239166639435216e-15,7.185861171096579e-266,0.0,0.0,0.0,0.0,0.0,2.0675513986470988e-224,0.003722290727507252,0.0,0.0,0.0,0.0,0.0,0.0,0.0,0.0018728268974272536,1.4038743716957109e-212,0.0,0.0,0.0,0.0,0.0,1.816384544361132e-171,1.556824091107218e-141,2.1052883707884043e-199,0.0,0.0,0.0,0.0,0.0,0.0,1.3667310906596293e-45,9.036464365680485e-211,0.0,0.0,0.0,0.0,0.0,0.001927777097035917,7.431684269149301e-8,0.0,0.0,0.0,0.0,0.0,0.003679707666814466,0.0,0.0,0.0,0.0,0.0,0.0,5.117493794456957e-121,0.0,0.0,0.0,0.0,0.0,0.0,5.2889229968435796e-110,2.6479209366683824e-230,0.0,0.0,0.0,0.0,0.0,2.324033925318392e-78,0.0,0.0,0.0,0.0,0.0,0.0,0.0,0.005071389657599266,1.1392525459033926e-289,0.0,0.0,0.0,0.0,6.2091359806704944e-62,0.0,0.0,0.0,0.0,0.0,0.0,2.026708279596033e-88,0.0,0.0,0.0,0.0,0.0,0.0,3.7718735317432524e-221,0.0,0.0,0.0,0.0,0.0,0.0,1.7724890669042223e-205,1.7799275541452196e-258,0.0,0.0,0.0,0.0,1.0578982665658526e-243,0.0,0.0,0.0,0.0,0.0,0.0,0.0,0.0,0.0,1.4699375460687965e-267
0.0,0.0,0.0,0.0,4.461730465352999e-80,0.08840366981830684,0.0,0.0,0.0,0.0,0.0,0.0,1.0990792826828922e-57,0.8818788977123027,0.0,0.0,0.0,0.0,0.0,0.0,8.112305478028337e-81,0.029717432469390483,0.0,0.0,0.0,0.0,0.0,0.0,0.0,4.7371663312153195e-142,0.0,0.0,0.0,0.0,0.0,0.0,6.692976942636794e-270,1.716832863214192e-153,0.0,0.0,0.0,0.0,0.0,0.0,0.0,4.2620042994425207e-209,0.0,0.0,0.0,0.0,0.0,0.0,0.0,0.0,0.0,0.0,0.0,0.0,0.0,0.0,0.0,0.0,0.0,0.0,0.0,0.0,0.0,0.0,0.0,0.0,0.0,0.0,0.0,0.0,0.0,0.0,0.0,0.0,0.0,0.0,0.0,0.0,0.0,0.0,1.045059134619495e-202,0.0,0.0,0.0,0.0,0.0,0.0,0.0,0.0,0.0,0.0,0.0,0.0,0.0,0.0,0.0,0.0,0.0,0.0,0.0,0.0,0.0,0.0,0.0,0.0,0.0,0.0,0.0,0.0,0.0,0.0,0.0,0.0,0.0,0.0,0.0,0.0,0.0,0.0,0.0,0.0,0.0,0.0,0.0,0.0,0.0,0.0,0.0,0.0,0.0,0.0,0.0,0.0,0.0,0.0,0.0,0.0,0.0,0.0,0.0,0.0,0.0,0.0,0.0,0.0,0.0,0.0,0.0,0.0,0.0,0.0,0.0,0.0,0.0,0.0,0.0,0.0,0.0,0.0,0.0,0.0,0.0,0.0,0.0,0.0,0.0,0.0,0.0,0.0,0.0,0.0,0.0,0.0,0.0,0.0,0.0,0.0,0.0,0.0,0.0,0.0,0.0,0.0,0.0,0.0,0.0,0.0,0.0,0.0,0.0,0.0,0.0,0.0,0.0,0.0,0.0,0.0,0.0,0.0,0.0,0.0,0.0,0.0,0.0,0.0
0.0,0.0,0.0,0.0,0.0,1.0034283305854653e-75,0.00918298109918454,0.0,0.0,0.0,0.0,0.0,0.0,3.5796635809740214e-93,0.9315137000527759,0.0,0.0,0.0,0.0,0.0,0.0,5.03826764676414e-105,0.05733005545598011,0.0,0.0,0.0,0.0,0.0,0.0,4.2128700991214424e-273,1.5553402451788494e-144,0.0,0.0,0.0,0.0,0.0,0.0,3.061189556835423e-256,2.328799326787083e-78,0.0,0.0,0.0,0.0,0.0,0.0,0.0,2.6044179034423427e-12,0.0,0.0,0.0,0.0,0.0,0.0,0.0,0.0,0.0,0.0,0.0,0.0,0.0,0.0,0.0,0.0,0.0,0.0,0.0,0.0,0.0,0.0,0.0,0.0006577544631516974,0.0,0.0,0.0,0.0,0.0,0.0,0.0,7.299219524684578e-171,0.0,0.0,0.0,0.0,0.0,0.0,0.0,0.0,0.0,0.0,0.0,0.0,0.0,0.0,0.0006577544631516974,0.0,0.0,0.0,0.0,0.0,0.0,0.0,1.6959815089310395e-288,0.0,0.0,0.0,0.0,0.0,0.0,0.0,0.0,0.0,0.0,0.0,0.0,0.0,0.0,0.0,0.0006577544631516974,0.0,0.0,0.0,0.0,0.0,0.0,0.0,0.0,0.0,0.0,0.0,0.0,0.0,0.0,0.0,0.0,0.0,0.0,0.0,0.0,0.0,0.0,0.0,0.0,0.0,0.0,0.0,0.0,0.0,0.0,0.0,0.0,0.0,0.0,0.0,0.0,0.0,0.0,0.0,0.0,0.0,0.0,0.0,0.0,0.0,0.0,0.0,0.0,0.0,0.0,0.0,0.0,0.0,0.0,0.0,0.0,0.0,0.0,0.0,0.0,0.0,0.0,0.0,0.0,0.0,0.0,0.0,0.0,0.0,0.0,0.0,0.0,0.0,0.0,0.0,0.0,0.0,0.0,0.0,0.0,0.0,0.0,0.0,0.0,0.0,0.0,0.0,0.0,0.0,0.0,0.0
0.0,1.4385522512421891e-109,0.06668165297516199,2.784284907161867e-96,0.0,0.0,0.0,0.0,0.0,1.5231310182016983e-105,0.9186837991236757,1.1585823629626657e-113,0.0,0.0,0.0,0.0,0.0,3.2043789795698167e-158,0.007103813761784276,4.675591804028978e-165,0.0,0.0,0.0,0.0,0.0,0.0,0.0042011455180087755,1.1963710721085829e-282,0.0,0.0,0.0,0.0,0.0,0.0,9.078505376788842e-145,0.0,0.0,0.0,0.0,0.0,0.0,0.0,0.001665633417200557,0.0,0.0,0.0,0.0,0.0,0.0,0.0,0.0,0.0,0.0,0.0,0.0,0.0,0.0,0.0,4.54156235410864e-72,0.0,0.0,0.0,0.0,0.0,0.0,0.0,7.79127823487634e-14,0.0,0.0,0.0,0.0,0.0,0.0,9.65178595696879e-237,0.0005539740974862494,0.0,0.0,0.0,0.0,0.0,0.0,2.369558438639466e-136,1.9169419068753194e-90,1.1839071272019915e-275,0.0,0.0,0.0,0.0,0.0,2.1448421578504602e-82,0.0,0.0,0.0,0.0,0.0,0.0,0.0,0.0005553643159492238,0.0,0.0,0.0,0.0,0.0,0.0,2.1172562361003256e-271,0.0,0.0,0.0,0.0,0.0,0.0,0.0,0.0,2.7205285511652788e-92,0.0,0.0,0.0,0.0,0.0,0.0,0.0,3.930681951552291e-152,0.0,0.0,0.0,0.0,0.0,0.0,6.818592905207628e-36,0.0,0.0,0.0,0.0,0.0,0.0,0.0,0.0,0.0,0.0,0.0,0.0,0.0,0.0005546167906551321,0.0,0.0,0.0,0.0,0.0,0.0,0.0,0.0,0.0,0.0,0.0,0.0,0.0,0.0,0.0,0.0,0.0,0.0,0.0,0.0,0.0,1.9275040901766014e-40,0.0,0.0,0.0,0.0,0.0,1.0815294874926598e-280,0.0,0.0,0.0,0.0,0.0,0.0,0.0,0.0,0.0,0.0,0.0,0.0,0.0,0.0,0.0,0.0,0.0,0.0,0.0,0.0,0.0,0.0,0.0,0.0,0.0,0.0,0.0,0.0,0.0,0.0,0.0,0.0,0.0,0.0,0.0,0.0,0.0,0.0
1.56922372416881e-107,0.0,0.0,0.0,0.0,0.0,1.2398856196527258e-99,0.03162763456856671,6.762823342168273e-111,0.0,0.0,0.0,0.0,0.0,5.989938523981404e-100,0.8707780801331269,3.423904176644411e-84,0.0,0.0,0.0,0.0,0.0,7.712338570232482e-102,0.01847981689089341,4.473886211567639e-97,0.0,0.0,0.0,0.0,0.0,0.0,0.01637790337333423,1.0441642767269592e-84,0.0,0.0,0.0,0.0,0.0,1.2152044817074172e-57,0.018580215167964233,1.5670102754482653e-88,0.0,0.0,0.0,0.0,0.0,0.0,0.010949329157781424,4.6207386866491737e-66,0.0,0.0,0.0,0.0,0.0,0.0,0.01583149826508836,4.4095907520246917e-197,0.0,0.0,0.0,0.0,0.0,1.3649822569530325e-35,0.011125318100072158,0.0,0.0,0.0,0.0,0.0,0.0,0.0,0.0045880550514376724,0.0,0.0,0.0,0.0,0.0,0.0,0.0,0.000345149317962081,0.0,0.0,0.0,0.0,0.0,0.0,0.0006922536067348017,0.0,0.0,0.0,0.0,0.0,0.0,0.0,2.189624805400731e-306,0.0,0.0,0.0,0.0,0.0,0.0,0.0,1.531217202418144e-62,0.0,0.0,0.0,0.0,0.0,0.0,0.0,1.2261205454126354e-6,0.0,0.0,0.0,0.0,0.0,0.0,0.0,5.4559855548189545e-86,0.0,0.0,0.0,0.0,0.0,0.0,3.4690124202771896e-93,0.0,0.0,0.0,0.0,0.0,0.0,0.00030948317977395906,0.0,0.0,0.0,0.0,0.0,0.0,0.0,0.0,0.0,0.0,0.0,0.0,0.0,1.1614396273730905e-83,0.0,0.0,0.0,0.0,0.0,0.0,7.743383304306119e-56,2.8702467845405952e-295,0.0,0.0,0.0,0.0,0.0,0.0,1.1284616812590266e-71,0.0,0.0,0.0,0.0,0.0,3.81052327028566e-176,0.0,0.0,0.0,0.0,0.0,0.0,0.00031403706671890484,0.0,0.0,0.0,0.0,0.0,0.0,0.0,0.0,0.0,0.0,0.0,0.0,0.0,0.0,0.0,0.0,0.0,0.0,0.0,2.6438527e-316,0.0,0.0,0.0,0.0,0.0,0.0,0.0,0.0,0.0,0.0,0.0,0.0,0.0,0.0
0.0,0.0,0.0,0.0,0.0,0.0,0.0,0.0,0.0,7.272333655031484e-176,1.7779894595484094e-239,0.0,0.0,0.0,0.0,0.0,0.0,8.200579078197807e-138,6.771292197539687e-281,0.0,0.0,0.0,0.0,0.0,2.9833026931980686e-234,8.534675749200894e-32,7.336721156867525e-147,0.0,0.0,0.0,0.0,0.0,3.442958671665934e-154,3.481605947549814e-48,4.0640553081692775e-109,0.0,0.0,0.0,0.0,0.0,6.9006368928779556e-158,1.076468887201634e-46,1.593097550418159e-122,0.0,0.0,0.0,0.0,0.0,1.8276573310725522e-184,0.012554432964990462,8.991372294109363e-109,0.0,0.0,0.0,0.0,0.0,7.437188379594523e-73,0.20570667198165657,3.018010444450283e-87,0.0,0.0,0.0,0.0,0.0,4.9020023810485695e-55,0.22184874253510253,1.3702186152686096e-79,0.0,0.0,0.0,0.0,0.0,1.9073250706486014e-52,0.11140694707350482,4.5835625394415375e-86,0.0,0.0,0.0,0.0,0.0,4.86113370903447e-155,0.04338706910611105,2.2625114394886363e-62,0.0,0.0,0.0,0.0,2.547386459889605e-36,0.006444372981964247,0.0,0.0,0.0,0.0,0.0,0.0,5.696743366775154e-9,0.02193870420289175,5.577763596482207e-50,0.0,0.0,0.0,0.0,0.0,0.0,0.04459107121995203,3.004440341329139e-163,0.0,0.0,0.0,0.0,0.0,3.5154127490839925e-34,0.018839392068084587,0.0,0.0,0.0,0.0,0.0,0.0,5.525575863679395e-8,0.0434966054308989,5.684890585479344e-68,0.0,0.0,0.0,0.0,0.0032444848909460146,0.04619608938372525,0.0,0.0,0.0,0.0,0.0,0.0,0.04245785162064329,0.0,0.0,0.0,0.0,0.0,0.0,0.021858400341813012,4.868857179330914e-129,0.0,0.0,0.0,0.0,1.3419644853030025e-161,0.01078782542484934,0.0,0.0,0.0,0.0,0.0,1.9015525282745078e-66,0.01614775312234073,0.0,0.0,0.0,0.0,0.0,0.0,1.0292597662585315e-279,0.020069188458780193,0.010028480709751871,0.0,0.0,0.0,0.0,2.355920821870769e-34,0.00016560910163874868,0.0,0.0,0.0,0.0,0.0,0.01660493012794668,0.0026912989217857566,0.0,0.0,0.0,0.0,0.0,0.009568251755468018,0.0,0.0,0.0,0.0,0.0,2.47191979439364e-127,0.02691593272731933,0.0,0.0,0.0,0.0,0.0,0.02690027325894134,0.0,0.0,0.0,0.0,0.010766373090927732,0.0,0.0,0.0,0.0,0.005383186545463865,0.0,0.0
7.623310709872572e-271,0.0,0.0,0.0,0.0,0.0,0.0,1.2539061794007636e-163,1.1243312249048857e-95,0.0,0.0,0.0,0.0,0.0,2.7886465609054007e-129,0.03430897541345822,5.416728186528458e-87,0.0,0.0,0.0,0.0,0.0,2.243589628778604e-117,0.3956087626855752,1.898590964871025e-80,0.0,0.0,0.0,0.0,0.0,7.373693877848285e-133,0.2242370864085372,1.8298464143751327e-61,0.0,0.0,0.0,0.0,0.0,2.313630270387569e-75,0.029251531679253102,7.39828028070491e-92,0.0,0.0,0.0,0.0,0.0,1.5144080772624468e-93,0.05646294155514219,5.826842784529032e-98,0.0,0.0,0.0,0.0,0.0,2.0005001672170797e-123,0.08292547954276425,3.0791532015107055e-72,0.0,0.0,0.0,0.0,0.0,0.00016509259794741905,0.04200584586399056,0.0,0.0,0.0,0.0,0.0,0.0,0.0,0.024504368147568983,5.2499878373401676e-110,0.0,0.0,0.0,0.0,0.0,0.0,0.019648378565738814,7.6e-322,0.0,0.0,0.0,0.0,0.0,0.021074232872528315,1.127616539358297e-309,0.0,0.0,0.0,0.0,0.0,0.0,0.0014316405986256801,2.4569144746877324e-227,0.0,0.0,0.0,0.0,0.0,0.0,0.010017623070817487,0.0,0.0,0.0,0.0,0.0,0.0,0.0,0.012353044381517742,4.1526853040440396e-23,0.0,0.0,0.0,0.0,0.0,0.0,0.0042932670303503515,0.0,0.0,0.0,0.0,0.0,0.0,0.005724356040467136,0.0,0.0,0.0,0.0,0.0,0.0,0.0029769366083364883,0.0,0.0,0.0,0.0,0.0,0.0,0.0014310890101167837,0.0,0.0,0.0,0.0,0.0,0.0,0.0042932670303503515,0.0,0.0,0.0,0.0,0.0,0.0,0.001431089010116784,7.02697280049668e-38,0.0,0.0,0.0,0.0,0.0,0.0,0.012879801091051054,1.5607537546502444e-255,0.0,0.0,0.0,0.0,0.007155445050583919,1.8687443218510217e-65,0.0,0.0,0.0,0.0,0.0,0.0029575677249285477,0.0,0.0,0.0,0.0,0.0,0.0,0.001431089010116784,0.0,0.0,0.0,0.0,0.0,0.0,0.0,0.0,0.0,0.0,0.0,0.0,0.001431089010116784,0.0,0.0,0.0,0.0,0.0,0.0,0.0,0.0,0.0,0.0,0.0,0.0,0.0,0.0
0.0,0.0,0.0,0.0,0.0,0.0,0.0,0.0,0.0,0.0,0.0,0.0,0.0,6.786390390313054e-270,0.0,0.0,0.0,0.0,0.0,0.0,0.0,4.18048331093247e-146,0.0,0.0,0.0,0.0,0.0,0.0,2.3469528260148854e-121,3.628853226491283e-64,0.007099370319725957,0.0,0.0,0.0,0.0,0.0,2.788932618105981e-44,0.10738828817747527,0.0,0.0,0.0,0.0,0.0,0.0,1.5880363974290973e-88,0.201877212085238,2.6046009332961675e-87,0.0,0.0,0.0,0.0,0.0,5.924643787490911e-29,0.254560778041531,1.3124885491859327e-90,0.0,0.0,0.0,0.0,0.0,1.2346281696726002e-42,0.14495822082920515,1.0850046549836707e-80,0.0,0.0,0.0,0.0,0.0,3.629551325334556e-78,0.10606699085063791,0.0,0.0,0.0,0.0,0.0,0.0,5.970883567736941e-100,0.0813180263188224,0.0,0.0,0.0,0.0,0.0,0.0,3.028089805388397e-107,0.053033495425318954,0.0,0.0,0.0,0.0,0.0,5.142454440978055e-60,0.004806387973478173,0.01060669908506379,0.0,0.0,0.0,0.0,0.0,1.0723396060942288e-198,0.0035355663616879304,1.8276956368833386e-248,0.0,0.0,0.0,0.0,0.0,0.0,8.889960740850686e-68,0.0035355663616879304,0.0,0.0,0.0,0.0,0.0,0.0,0.007071132723375861,0.0,0.0,0.0,0.0,0.0,0.0,7.644688950310373e-251,0.0,0.0,0.0,0.0,0.0,0.0,1.8831963496492924e-255,0.0,0.0,0.0,0.0,0.0,0.0,1.0515956899099212e-273,0.0035355663616879304,0.0,0.0,0.0,0.0,0.0,0.0,0.0,0.0,0.0,0.0,0.0,0.0,2.298587935003711e-110,0.0,0.0,0.0,0.0,0.0,0.0,1.551514233328304e-238,0.0,0.007071132723375861,0.0,0.0,0.0,0.0,0.0,4.752661861149079e-38,0.0,0.0,0.0,0.0,0.0,5.758831629030137e-38,0.0035355663616879304,0.0,0.0,0.0,0.0,0.0,6.8568428721053e-37,0.0,0.0,0.0,0.0,0.0,0.0,0.0,0.0,0.0,0.0,0.0,0.0,0.0,1.1391023081393559e-210,0.0,0.0,0.0,0.0,0.0,1.9410473309011713e-249,0.0,0.0,0.0,0.0,0.0,0.0,0.0,0.0,0.0
0.0,0.0,0.0,0.0,0.0,0.0,0.0,0.0,0.0,0.0,0.0,0.0,0.0,0.0,9.99471727949194e-236,0.0,0.0,0.0,0.0,0.0,0.0,1.4192733981709119e-131,0.009902338770652823,6.495837971928458e-217,0.0,0.0,0.0,0.0,0.0,1.1902953414075624e-91,0.7145423240458065,2.423706179646559e-109,0.0,0.0,0.0,0.0,0.0,5.928759439483771e-96,0.26163840103918107,8.601676320660139e-105,0.0,0.0,0.0,0.0,0.0,5.942569581043239e-91,0.013916936144359612,0.0,0.0,0.0,0.0,0.0,0.0,0.0,0.0,0.0,0.0,0.0,0.0,0.0,0.0,0.0,0.0,0.0,0.0,0.0,0.0,0.0,0.0,0.0,0.0,0.0,0.0,0.0,0.0,0.0,0.0,0.0,4.687861646702057e-171,0.0,0.0,0.0,0.0,0.0,0.0,0.0,0.0,0.0,0.0,0.0,0.0,0.0,0.0,0.0,0.0,0.0,0.0,0.0,0.0,0.0,0.0,0.0,0.0,0.0,0.0,0.0,0.0,0.0,0.0,1.1011660281728158e-35,0.0,0.0,0.0,0.0,0.0,0.0,0.0,0.0,0.0,0.0,0.0,0.0,0.0,0.0,0.0,0.0,0.0,0.0,0.0,0.0,0.0,0.0,0.0,0.0,0.0,0.0,0.0,0.0,0.0,0.0,0.0,0.0,0.0,0.0,0.0,0.0,0.0,0.0,0.0,0.0,0.0,0.0,0.0,0.0,0.0,0.0,0.0,0.0,0.0,0.0,0.0,0.0,0.0,0.0,0.0,0.0,0.0,0.0,0.0,0.0,0.0,0.0,0.0,0.0,0.0,0.0,0.0,0.0,0.0,0.0,0.0,0.0,0.0,0.0,0.0,0.0,0.0,0.0,0.0,0.0,0.0,0.0,0.0,0.0,0.0,0.0,0.0,0.0,0.0,0.0,0.0,0.0,0.0,0.0,0.0,0.0,0.0,0.0,0.0
0.0,0.0,0.0,4.6978038576586766e-245,1.6705759675639246e-128,0.0,0.0,0.0,0.0,0.0,0.0,3.224745160583056e-100,0.08613195289256757,2.3582174139374934e-118,0.0,0.0,0.0,0.0,0.0,6.356440286997616e-79,0.7453700482886321,1.7399836893176746e-93,0.0,0.0,0.0,0.0,0.0,2.9523267531228313e-113,0.1684979988188002,1.4489942511944235e-111,0.0,0.0,0.0,0.0,0.0,7.347660399655531e-147,1.8476354595513594e-33,1.0315422401948436e-100,0.0,0.0,0.0,0.0,0.0,0.0,1.444287487368517e-69,1.3989980694898868e-82,0.0,0.0,0.0,0.0,0.0,1.005671673387955e-122,9.78821621567185e-114,5.34071461755796e-185,0.0,0.0,0.0,0.0,0.0,0.0,2.5539113185752636e-122,0.0,0.0,0.0,0.0,0.0,0.0,0.0,1.9475153355394265e-19,0.0,0.0,0.0,0.0,0.0,0.0,0.0,0.0,0.0,0.0,0.0,0.0,0.0,0.0,0.0,1.552168577512693e-214,0.0,0.0,0.0,0.0,0.0,0.0,0.0,5.851918367775892e-188,0.0,0.0,0.0,0.0,0.0,0.0,0.0,0.0,0.0,0.0,0.0,0.0,0.0,0.0,0.0,0.0,0.0,0.0,0.0,0.0,0.0,0.0,0.0,0.0,0.0,0.0,0.0,0.0,0.0,0.0,0.0,0.0,0.0,0.0,0.0,0.0,0.0,2.4075877489970712e-262,0.0,0.0,0.0,0.0,0.0,0.0,0.0,0.0,0.0,0.0,0.0,0.0,0.0,5.077908496642231e-32,0.0,0.0,0.0,0.0,0.0,0.0,0.0,0.0,0.0,0.0,0.0,0.0,0.0,0.0,0.0,0.0,0.0,0.0,0.0,0.0,0.0,0.0,0.0,0.0,0.0,0.0,0.0,0.0,0.0,0.0,0.0,0.0,0.0,0.0,7.041764652020041e-115,0.0,0.0,0.0,0.0,0.0,0.0,0.0,0.0,0.0,0.0,0.0,0.0,0.0,0.0,0.0,0.0,0.0,0.0,0.0,0.0,0.0,0.0,0.0,0.0,0.0,0.0,0.0,0.0,0.0
0.0,0.0,0.0,0.0,0.0,2.884244630768587e-297,9.8625394033991e-271,0.0,0.0,0.0,0.0,0.0,0.0,1.141333081280566e-103,0.0770369306905392,9.661065128457229e-123,0.0,0.0,0.0,0.0,0.0,2.2839858574608254e-85,0.7244018250047596,1.7165848738403122e-98,0.0,0.0,0.0,0.0,0.0,1.5557728417977134e-103,0.19856124430470115,9.340704797218446e-110,0.0,0.0,0.0,0.0,0.0,8.140347428229958e-262,5.625129387419718e-94,7.315014679297332e-300,0.0,0.0,0.0,0.0,0.0,0.0,9.107285947017422e-183,0.0,0.0,0.0,0.0,0.0,0.0,0.0,0.0,0.0,0.0,0.0,0.0,0.0,0.0,0.0,4.127375498732171e-112,0.0,0.0,0.0,0.0,0.0,0.0,0.0,4.547893250987507e-203,0.0,0.0,0.0,0.0,0.0,0.0,0.0,1.992867410674168e-70,5.92235664754853e-210,0.0,0.0,0.0,0.0,0.0,0.0,0.0,0.0,0.0,0.0,0.0,0.0,0.0,0.0,0.0,0.0,0.0,0.0,0.0,0.0,0.0,0.0,0.0,0.0,0.0,0.0,0.0,0.0,0.0,0.0,0.0,0.0,0.0,0.0,0.0,0.0,0.0,2.2181288910955043e-301,0.0,0.0,0.0,0.0,0.0,0.0,0.0,0.0,0.0,0.0,0.0,0.0,0.0,0.0,0.0,0.0,0.0,0.0,0.0,0.0,0.0,0.0,0.0,0.0,0.0,0.0,0.0,0.0,0.0,0.0,0.0,0.0,0.0,0.0,0.0,0.0,0.0,0.0,0.0,0.0,0.0,0.0,0.0,0.0,0.0,0.0,0.0,0.0,0.0,0.0,0.0,0.0,0.0,0.0,0.0,0.0,0.0,0.0,0.0,0.0,0.0,0.0,0.0,0.0,0.0,0.0,0.0,0.0,0.0,0.0,0.0,0.0,0.0,0.0,0.0,0.0,0.0,0.0,0.0,0.0,0.0,0.0,0.0,0.0,0.0,0.0,0.0,0.0,0.0,0.0,0.0
0.0,0.0,0.0,0.0,0.0,0.0,0.0,0.0,0.0,0.0,0.0,1.8377174946534166e-248,2.501560328299657e-168,0.0,0.0,0.0,0.0,0.0,0.0,3.6415965066570315e-185,2.6032156144884964e-123,2.7115159955798377e-241,0.0,0.0,0.0,0.0,0.0,5.762079619890271e-166,1.6015063563561226e-29,1.506129250199539e-175,0.0,0.0,0.0,0.0,0.0,4.82936393156046e-128,0.015782393086450623,5.165911647535011e-100,0.0,0.0,0.0,0.0,0.0,3.685789177276579e-85,0.41194229827294215,8.905681929614043e-93,0.0,0.0,0.0,0.0,0.0,2.8473376282989847e-90,0.4974152415320393,4.584344447846156e-101,0.0,0.0,0.0,0.0,0.0,9.071636691289827e-196,0.0704694550751632,5.428694822737726e-125,0.0,0.0,0.0,0.0,0.0,1.5896396488995927e-218,7.827689215269434e-51,3.61322339377076e-151,0.0,0.0,0.0,0.0,0.0,0.0,1.118657360236275e-77,7.364133102547999e-202,0.0,0.0,0.0,0.0,0.0,3.520335599497018e-174,5.852706751021199e-27,1.9713996624262824e-216,0.0,0.0,0.0,0.0,0.0,3.9576262752319626e-104,3.254310333396047e-110,1.0946855601360087e-205,0.0,0.0,0.0,0.0,4.3406244600294646e-194,2.85490558863849e-236,0.0,0.0,0.0,0.0,0.0,0.0,0.0,1.9656006833230737e-20,1.1869524521728612e-179,0.0,0.0,0.0,0.0,0.0,0.0,9.190980635746235e-119,0.0,0.0,0.0,0.0,0.0,0.0,0.0,8.454680266890946e-66,0.0,0.0,0.0,0.0,0.0,0.0,0.001545208348598449,0.0,0.0,0.0,0.0,0.0,5.383968089786426e-236,6.3381846950991244e-18,0.0,0.0,0.0,0.0,0.0,3.051606492762971e-58,1.2002299089146332e-59,0.0,0.0,0.0,0.0,0.0,0.0,2.3179081389671606e-258,0.0,0.0,0.0,0.0,0.0,0.0,6.670283864677388e-109,0.0,0.0,0.0,0.0,0.0,0.0,3.690530194399319e-42,2.0036767412804883e-73,0.0,0.0,0.0,0.0,0.0,1.997461932304363e-126,0.0,0.0,0.0,0.0,0.0,0.0,0.002845403684806267,0.0,0.0,0.0,0.0,0.0,0.0,0.0,0.0,0.0,0.0,0.0,0.0,0.0,5.484051427057662e-72,0.0,0.0,0.0,0.0,0.0,0.0,0.0,0.0,0.0,0.0,0.0,0.0,0.0,0.0,0.0
0.0,0.0,0.0,0.0,0.0,0.0,0.0,0.0,0.0,0.0,6.229295923097948e-219,0.0,0.0,0.0,0.0,0.0,0.0,0.0,0.0,1.661845060852915e-126,0.0,0.0,0.0,0.0,0.0,0.0,5.8975551448930234e-276,8.656968186102628e-146,1.1790497930726565e-116,0.0,0.0,0.0,0.0,0.0,3.11367792336123e-278,2.9254075469839957e-178,2.74916953774481e-208,0.0,0.0,0.0,0.0,0.0,2.836053395889397e-267,2.4015743123371957e-124,6.971890779041005e-122,0.0,0.0,0.0,0.0,0.0,2.9679530286781406e-235,7.011948388522083e-89,1.0526161283945332e-49,0.0,0.0,0.0,0.0,0.0,2.1950581243881872e-150,6.247029276823734e-22,2.059291737071272e-166,0.0,0.0,0.0,0.0,0.0,2.014535356670359e-146,1.1299193158099367e-18,2.7368751538874683e-100,0.0,0.0,0.0,0.0,0.0,1.6713704014111143e-54,0.43870661868843225,2.485531349068399e-89,0.0,0.0,0.0,0.0,0.0,2.3761071031003432e-60,0.46857713400559087,1.3967821329752073e-69,0.0,0.0,0.0,0.0,2.278169269082468e-171,0.06211491706558144,1.5285150660088727e-89,0.0,0.0,0.0,0.0,0.0,1.3534498394862383e-175,1.8258873004143256e-38,1.4842031265709336e-131,0.0,0.0,0.0,0.0,0.0,0.0,0.0019020735041756184,2.8447834040926346e-124,0.0,0.0,0.0,0.0,0.0,5.099552355539413e-124,2.5259369757657814e-38,5.320419027848844e-157,0.0,0.0,0.0,0.0,0.0,0.0,0.009715580780976034,1.1570895717603308e-195,0.0,0.0,0.0,0.0,0.0,2.378014518586272e-133,0.0,0.0,0.0,0.0,0.0,0.0,3.2795629963374774e-66,3.2679612142500255e-225,0.0,0.0,0.0,0.0,0.0,1.4692752542756477e-31,0.0,0.0,0.0,0.0,0.0,0.0,0.0026170571074136135,1.3089187852394649e-107,0.0,0.0,0.0,0.0,0.0,9.211514946118303e-16,4.599458336684913e-189,0.0,0.0,0.0,0.0,0.0,0.002681396739986322,2.3911012594314553e-103,9.455343163259464e-192,0.0,0.0,0.0,0.0,0.002507674878454293,0.0,0.0,0.0,0.0,0.0,0.0,1.927499871456925e-144,0.0,0.0,0.0,0.0,0.0,0.0,8.282632624610158e-82,0.0,0.0,0.0,0.0,0.0,0.0,0.005028845607870009,9.603286732918113e-66,0.0,0.0,0.0,0.0,0.0061487016215185705,0.0,0.0,0.0,0.0,4.690358901452525e-170,0.0,0.0,0.0,0.0,1.2503064269290209e-24
0.0,0.0,0.0,0.0,0.0,0.0,0.0,0.0,0.0,0.0,0.0,6.400115091225044e-69,0.0,0.0,0.0,0.0,0.0,0.0,7.813150865726941e-215,0.006079139170266229,0.0,0.0,0.0,0.0,0.0,0.0,1.238363675801743e-141,5.191317032630237e-97,2.2427388037946926e-226,0.0,0.0,0.0,0.0,0.0,3.465226729433632e-149,6.238873282695395e-37,1.61846934294093e-182,0.0,0.0,0.0,0.0,0.0,7.433722084019447e-120,0.09734056697133152,6.195162527503964e-132,0.0,0.0,0.0,0.0,0.0,1.5226381033226248e-93,0.6557114098751032,2.5060710530886056e-82,0.0,0.0,0.0,0.0,0.0,1.62837726323123e-68,0.22176168835438234,1.1911659935066029e-88,0.0,0.0,0.0,0.0,0.0,5.567590954253407e-102,0.0016907030660477038,3.6816016044147953e-168,0.0,0.0,0.0,0.0,0.0,1.0440306585545416e-160,4.299777082497691e-20,2.3129066223171916e-190,0.0,0.0,0.0,0.0,0.0,4.5671758329912934e-148,3.745703774014804e-20,6.593586173359407e-116,0.0,0.0,0.0,0.0,1.7541630055226084e-204,0.007304545444197467,0.0,0.0,0.0,0.0,0.0,0.0,1.48277111648945e-200,2.4232199997697866e-91,0.0,0.0,0.0,0.0,0.0,0.0,0.0,3.454889102502752e-98,0.0,0.0,0.0,0.0,0.0,0.0,1.4287688981959054e-158,3.841028493998832e-173,1.5671974064633283e-243,0.0,0.0,0.0,0.0,0.0,0.0,2.7359266524820383e-99,0.0,0.0,0.0,0.0,0.0,0.0,4.246959594037733e-117,9.530873443908475e-125,0.0,0.0,0.0,0.0,0.0,3.0918930672235563e-93,0.0,0.0,0.0,0.0,0.0,0.0,0.010111947118671432,0.0,0.0,0.0,0.0,0.0,0.0,1.1223087054381803e-132,2.792917961350071e-144,0.0,0.0,0.0,0.0,0.0,1.559726042466884e-44,0.0,0.0,0.0,0.0,0.0,0.0,0.0,1.1075144039594807e-126,7.036061001152406e-150,0.0,0.0,0.0,0.0,3.3968786052047386e-109,0.0,0.0,0.0,0.0,0.0,0.0,3.7145064768092113e-28,0.0,0.0,0.0,0.0,0.0,0.0,7.233193612214627e-140,0.0,0.0,0.0,0.0,0.0,0.0,3.89519536046397e-179,0.0,0.0,0.0,0.0,0.0,8.841286453693712e-228,0.0,0.0,0.0,0.0,0.0,0.0,0.0,0.0,0.0,1.6473613150623156e-232
0.0,0.0,0.0,0.0,0.0,0.0,0.0,0.0,0.0,1.3203053442907256e-211,2.917427364825897e-240,0.0,0.0,0.0,0.0,0.0,8.750624155502587e-289,1.009178779788051e-51,2.5109443321070376e-237,0.0,0.0,0.0,0.0,0.0,3.915754445564437e-98,0.040758905896137614,2.6433505003030203e-126,0.0,0.0,0.0,0.0,0.0,8.552351376715644e-85,0.7221399454883328,3.409379699964853e-89,0.0,0.0,0.0,0.0,0.0,4.51755025676438e-65,0.20434518889758357,3.1606718300045966e-109,0.0,0.0,0.0,0.0,0.0,2.1930976922071157e-136,7.193819505448573e-19,4.459609859340601e-100,0.0,0.0,0.0,0.0,0.0,3.9049239121199524e-169,1.922866033007131e-15,1.2005788132805127e-187,0.0,0.0,0.0,0.0,0.0,2.326232858864002e-152,0.00841388233137698,5.588614883363297e-169,0.0,0.0,0.0,0.0,0.0,8.462051635337555e-181,2.0996289558336608e-13,3.7496490352715566e-255,0.0,0.0,0.0,0.0,0.0,4.793934790803678e-77,0.009451695188353534,3.691172786153634e-219,0.0,0.0,0.0,0.0,1.998726609253245e-161,0.0066466760710033185,0.0,0.0,0.0,0.0,0.0,0.0,1.1444169673904788e-150,1.0369456260005233e-7,7.421051167839411e-225,0.0,0.0,0.0,0.0,0.0,0.0,1.4188942285288561e-19,6.781791781559933e-147,0.0,0.0,0.0,0.0,0.0,2.447336589013112e-83,0.006987825395836359,0.0,0.0,0.0,0.0,0.0,0.0,1.485910168907656e-140,0.0011986135353106784,2.2219805835507646e-121,0.0,0.0,0.0,0.0,1.017666163520386e-127,5.150840863578516e-60,0.0,0.0,0.0,0.0,0.0,0.0,2.63675448888933e-109,0.0,0.0,0.0,0.0,0.0,0.0,2.654148444279024e-188,1.2943108882302455e-120,0.0,0.0,0.0,0.0,1.4708257165963813e-44,3.7941187298951524e-244,0.0,0.0,0.0,0.0,0.0,8.899458440543503e-99,1.7636827645597356e-170,0.0,0.0,0.0,0.0,0.0,0.0,1.449312193575e-311,4.922621149385293e-5,4.25526687425525e-204,0.0,0.0,0.0,0.0,3.908846552281218e-41,2.60679680417697e-160,0.0,0.0,0.0,0.0,0.0,1.5755515520648438e-71,1.869209715275944e-179,0.0,0.0,0.0,0.0,0.0,1.0501065158792238e-88,0.0,0.0,0.0,0.0,0.0,6.328059349777989e-108,5.194585452922375e-158,0.0,0.0,0.0,0.0,0.0,7.937289796627781e-6,0.0,0.0,0.0,0.0,1.3123934887064926e-111,0.0,0.0,0.0,0.0,2.3392935317367084e-278,0.0,0.0
0.0,0.0,0.0,0.0,0.0,0.0,0.0,0.0,0.0,0.0,0.0,0.0,0.0,0.0,0.0,0.0,0.0,0.0,0.0,2.1404112785245923e-33,0.0,0.0,0.0,0.0,0.0,0.0,1.11028357945e-313,5.192080089012262e-40,5.42369662730116e-67,0.0,0.0,0.0,0.0,0.0,2.6425714622104165e-301,8.856220404393059e-178,1.8946716361290776e-174,0.0,0.0,0.0,0.0,0.0,7.244990054277491e-281,8.53798055465934e-96,0.006343774959988647,0.0,0.0,0.0,0.0,0.0,2.0420821609386184e-283,2.4415300465206673e-86,0.007300456479307972,0.0,0.0,0.0,0.0,0.0,1.1203213309482727e-227,2.192948002496083e-11,2.1176786676104257e-167,0.0,0.0,0.0,0.0,0.0,1.4160771469468416e-216,5.851777775864403e-43,1.933462967061247e-164,0.0,0.0,0.0,0.0,0.0,6.13006507118625e-128,4.3000689630536146e-70,7.073978694133354e-153,0.0,0.0,0.0,0.0,0.0,1.2850421205849175e-40,0.011063260367798288,0.003827723616803826,0.0,0.0,0.0,0.0,9.598214894678796e-70,0.2726928787420019,0.014036647905189449,0.0,0.0,0.0,0.0,0.0,4.7006711153058626e-70,0.2154648000527626,0.030607850706206224,0.0,0.0,0.0,0.0,0.0,0.0,0.12153640741170998,0.03631674817825145,0.0,0.0,0.0,0.0,0.0,5.4099409231070396e-30,0.06564460028615349,0.025528455666837466,0.0,0.0,0.0,0.0,0.0,0.0,0.023264394901250703,0.005970022024959308,0.0,0.0,0.0,0.0,0.0,0.011164133660717036,1.2907637690959189e-129,0.0,0.0,0.0,0.0,0.0,0.025293161111879663,1.6369330562766786e-62,0.0,0.0,0.0,0.0,0.0,0.008208086561619149,0.0,0.0,0.0,0.0,0.0,0.0,0.021850145899319207,0.0066503643309833715,0.0,0.0,0.0,0.0,0.0,0.014587590164114905,1.0389971133968157e-118,0.0,0.0,0.0,0.0,0.0,0.0,0.011027655171463943,0.0,0.0,0.0,0.0,0.0,0.007501398608809024,0.0,0.0,0.0,0.0,0.0,0.0,0.00366668639169674,0.0,0.0,0.0,0.0,0.0,0.0,0.0036469222381196376,0.0,0.0,0.0,0.0,0.0,0.0,0.02598739853789088,1.343737633400008e-67,0.0,0.0,0.0,0.0,0.00987766928787662,0.0,0.0,0.0,0.0,0.007293844476239276,0.0,0.0,0.0,0.0,0.003646922238119638
0.0,0.0,0.0,0.0,0.0,0.011468688453053108,9.238347859458057e-44,0.0,0.0,0.0,0.0,0.0,0.0,0.9306779033905997,9.019816514679405e-79,0.0,0.0,0.0,0.0,0.0,0.0,0.05785340815634707,5.505645705933842e-68,0.0,0.0,0.0,0.0,0.0,0.0,4.094461222434838e-195,0.0,0.0,0.0,0.0,0.0,0.0,0.0,7.788693263423876e-188,0.0,0.0,0.0,0.0,0.0,0.0,0.0,0.0,0.0,0.0,0.0,0.0,0.0,0.0,0.0,0.0,0.0,0.0,0.0,0.0,0.0,0.0,0.0,0.0,0.0,0.0,0.0,0.0,0.0,0.0,0.0,0.0,0.0,0.0,0.0,0.0,0.0,0.0,0.0,0.0,0.0,0.0,0.0,0.0,0.0,0.0,0.0,0.0,0.0,0.0,0.0,0.0,0.0,0.0,0.0,0.0,0.0,0.0,0.0,0.0,0.0,0.0,0.0,0.0,0.0,0.0,0.0,0.0,0.0,0.0,0.0,0.0,0.0,0.0,0.0,0.0,0.0,0.0,0.0,0.0,0.0,0.0,0.0,0.0,0.0,0.0,0.0,0.0,0.0,0.0,0.0,0.0,0.0,0.0,0.0,0.0,0.0,0.0,0.0,0.0,0.0,0.0,0.0,0.0,0.0,0.0,0.0,0.0,0.0,0.0,0.0,0.0,0.0,0.0,0.0,0.0,0.0,0.0,0.0,0.0,0.0,0.0,0.0,0.0,0.0,0.0,0.0,0.0,0.0,0.0,0.0,0.0,0.0,0.0,0.0,0.0,0.0,0.0,0.0,0.0,0.0,0.0,0.0,0.0,0.0,0.0,0.0,0.0,0.0,0.0,0.0,0.0,0.0,0.0,0.0,0.0,0.0,0.0,0.0,0.0,0.0,0.0,0.0,0.0,0.0,0.0,0.0,0.0,0.0,0.0,0.0
0.0,0.0,0.0,0.0,0.0,0.0,0.0,0.0,0.0,0.0,0.0,1.9028606254789432e-182,0.0,0.0,0.0,0.0,0.0,0.0,0.0,6.173227944070032e-65,0.0,0.0,0.0,0.0,0.0,0.0,8.554943521614916e-170,6.711835949710665e-117,9.003318813045288e-141,0.0,0.0,0.0,0.0,0.0,5.213246673177138e-206,5.1267799051352006e-64,1.3325242952573676e-164,0.0,0.0,0.0,0.0,0.0,2.8402762751705594e-197,2.0207722107112037e-73,6.349559190254049e-163,0.0,0.0,0.0,0.0,0.0,3.831201957688674e-123,3.185789262474461e-43,4.953773518307242e-87,0.0,0.0,0.0,0.0,0.0,9.096354474384649e-76,0.3916636983926354,8.067205951872943e-107,0.0,0.0,0.0,0.0,0.0,8.066986615365253e-58,0.5042791604556893,1.4463855809598306e-81,0.0,0.0,0.0,0.0,0.0,4.36735883241106e-86,0.08250965280896404,9.62094944156868e-115,0.0,0.0,0.0,0.0,0.0,9.020485371718783e-84,0.006797050093063361,5.971264852844219e-132,0.0,0.0,0.0,0.0,8.108559752939352e-172,0.002223553639759151,4.4005685633410676e-169,0.0,0.0,0.0,0.0,0.0,1.4634824184807272e-169,3.7104879643840076e-44,4.403572578442198e-264,0.0,0.0,0.0,0.0,0.0,0.0,1.9452519456825007e-133,4.838039243922999e-223,0.0,0.0,0.0,0.0,0.0,1.2843156114446509e-129,1.085425684412453e-40,9.76325176544168e-177,0.0,0.0,0.0,0.0,0.0,0.0,1.9857581892958892e-45,6.587881496099905e-272,0.0,0.0,0.0,0.0,0.0,0.0019251986812197888,1.6710706893525443e-258,0.0,0.0,0.0,0.0,0.0,0.002378872205020951,0.0,0.0,0.0,0.0,0.0,0.0,1.6456021883191565e-35,0.0,0.0,0.0,0.0,0.0,0.0,0.002104953619027232,8.716733180263143e-32,0.0,0.0,0.0,0.0,0.0,5.518287939186668e-8,0.0,0.0,0.0,0.0,0.0,0.0,0.0,4.30591023052838e-204,6.223958217926618e-59,0.0,0.0,0.0,0.0,0.0020545257317670373,0.0,0.0,0.0,0.0,0.0,0.0,0.004063279189974486,0.0,0.0,0.0,0.0,0.0,0.0,1.0070252995908651e-19,0.0,0.0,0.0,0.0,0.0,0.0,1.6987113642943632e-77,2.688199992839286e-171,0.0,0.0,0.0,0.0,1.4577604716157265e-147,0.0,0.0,0.0,0.0,3.4490950116245523e-273,0.0,0.0,0.0,0.0,9.314481222981452e-110
0.0,0.0,0.0,0.0,0.0,0.0,0.0,0.0,3.5484914423417077e-179,2.7089098325467966e-196,0.0,0.0,0.0,0.0,0.0,0.0,0.01178629375950183,1.694435890846433e-179,0.0,0.0,0.0,0.0,0.0,2.840835272036276e-141,0.375661266730707,9.088575992193956e-111,0.0,0.0,0.0,0.0,0.0,1.7011422143102279e-136,0.26131862265132483,6.511530287492329e-102,0.0,0.0,0.0,0.0,0.0,3.6058580736981124e-110,0.09672885762975302,7.595065378152382e-90,0.0,0.0,0.0,0.0,0.0,7.927468108581825e-301,0.05359354690327161,3.6996158099227153e-150,0.0,0.0,0.0,0.0,0.0,9.404687183307938e-144,0.06484221568687082,1.89639239941755e-125,0.0,0.0,0.0,0.0,0.0,2.5851006316315383e-81,0.03714031953044496,3.3701219798559427e-205,0.0,0.0,0.0,0.0,0.0,2.0527686224221417e-60,0.014380039266864502,5.428456854719578e-179,0.0,0.0,0.0,0.0,0.0,9.110422963915766e-51,0.02228672970981115,1.03342119923675e-166,0.0,0.0,0.0,0.0,1.017282063152517e-46,0.008451674849451212,4.536975504572058e-258,0.0,0.0,0.0,0.0,0.0,0.0,0.004289541455059699,4.458372486643615e-94,0.0,0.0,0.0,0.0,0.0,2.321101251522594e-254,0.009895970655135271,0.0,0.0,0.0,0.0,0.0,0.0,2.484368866922128e-100,0.008485860601843677,0.0,0.0,0.0,0.0,0.0,0.0,8.290857025230162e-268,0.004471871664479124,1.264342103943286e-35,0.0,0.0,0.0,0.0,0.0,0.0018364463602543416,6.499643560276506e-136,0.0,0.0,0.0,0.0,1.7987659141775426e-10,0.0010595934494732322,0.0,0.0,0.0,0.0,0.0,3.7904298544392e-185,1.669130381137993e-201,0.0,0.0,0.0,0.0,0.0,4.258860352725009e-269,0.005276476840764068,0.0,0.0,0.0,0.0,0.0,0.0,0.007452372653049684,2.9319730306890536e-96,0.0,0.0,0.0,0.0,0.0,0.0,0.003626107601042039,1.7692128650885984e-142,0.0,0.0,0.0,0.0,1.0376986385678855e-129,6.223048582265696e-78,0.0,0.0,0.0,0.0,2.9697957830051307e-300,2.3291512536756753e-30,0.0,0.0,0.0,0.0,0.0,0.0,0.0,0.0,0.0,0.0,0.0,0.0,0.0,0.006356649525495632,3.753382632015171e-117,0.0,0.0,0.0,0.0,0.0,6.749435690268372e-116,0.0,0.0,0.0,0.0,0.0,0.0,0.0,0.0,0.0010595422955257167,0.0,0.0,0.0
1.0,0.0,0.0,0.0,0.0,0.0,0.0,0.0,0.0,0.0,0.0,0.0,0.0,0.0,0.0,0.0,0.0,0.0,0.0,0.0,0.0,0.0,0.0,0.0,0.0,0.0,0.0,0.0,0.0,0.0,0.0,0.0,0.0,0.0,0.0,0.0,0.0,0.0,0.0,0.0
1703,4003,207,1407,107,805,2504,1305,1204,103,1701,4,2202,1304,2403,307,2007,2305,2005,1001,1607,1406,605,3000,301,101,206,1207,904,1605,906,7,1602,3503,401,2405,1502,700,1103,1801,2300,1005,405,602,2000,202,2002,1,1904,1201,4001,507,2500,204,3502,701,707,606,3001,1702,1603,802,702,2302,2100,1804,1104,603,907,502,406,505,200,1901,1503,800,3004,2203,2001,1303,1401,1202,807,2201,404,501,1501,1403,1907,504,1100,1106,1903,2102,600,4000,205,1805,1800,105,2501,1507,1700,1301,2204,1505,2407,2,804,1300,1105,304,1705,1101,5,1500,801,703,704,1704,1405,2006,1807,2402,1902,1402,2103,2207,3501,1307,3504,203,1000,2303,1404,6,607,102,306,303,604,1004,902,1206,1905,1504,400,1203,1604,1205,4002,1400,201,1600,300,100,900,106,3500,2301,601,905,1102,305,1003,402,803,2507,1601,500,2404,407,2104,2205,503,1306,1707,302,1002,3002,2400,706,806,705,3003,2101,2502,1803,2107,104,1900,2307,2200,403,2304,506,1200,2004,3,2503,1302,903,2401,0,1007,1802,2003,901,1107
402:35,2102:165,1107:95,2004:159,1302:106,501:42,1703:137,1900:148,1100:88,6:7,1106:94,1307:111,2207:175,1503:123,4001:207,2104:167,2302:178,404:37,905:78,2300:176,1406:118,3501:202,1407:119,1704:138,4:5,405:38,1901:149,1700:134,207:24,506:47,2401:184,603:52,104:13,1401:113,1500:120,1501:121,2101:164,2501:191,300:25,607:56,302:27,2307:182,802:67,2500:190,1702:136,801:66,406:39,1602:129,1002:83,103:12,2503:193,702:59,2407:189,2:3,307:32,3003:199,2301:177,1105:93,100:9,1102:90,200:17,1905:153,1202:98,1301:105,0:1,1101:89,2003:158,904:77,1003:84,502:43,1904:152,1103:91,1907:154,2400:183,107:16,1502:122,1404:116,3503:204,2305:181,1803:144,401:34,805:70,3002:198,806:71,1802:143,4003:209,1000:81,1:2,1305:109,201:18,707:64,206:23,604:53,1504:124,1807:147,507:48,601:50,1207:103,2007:162,500:41,1800:141,2403:186,1005:86,602:51,4002:208,400:33,1400:112,403:36,2100:163,1604:131,5:6,2204:173,1104:92,305:30,703:60,1603:130,2002:157,700:57,1801:142,2001:156,1804:145,2202:171,804:69,705:62,1300:104,505:46,704:61,4000:206,606:55,1306:110,205:22,706:63,1203:99,3504:205,1405:117,2205:174,2103:166,1701:135,2304:180,1705:139,2303:179,1200:96,901:74,1903:151,204:21,1004:85,2402:185,907:80,7:8,203:20,2507:195,1001:82,2005:160,903:76,1505:125,2201:170,2107:168,1007:87,304:29,301:26,906:79,202:19,605:54,1206:102,3001:197,2200:169,807:72,803:68,1601:128,1805:146,2006:161,1902:150,1303:107,1507:126,1304:108,1205:101,2000:155,3500:201,503:44,106:15,2405:188,900:73,902:75,2502:192,303:28,600:49,102:11,1707:140,1600:127,3004:200,3502:203,101:10,1607:133,105:14,3000:196,1605:132,2404:187,407:40,1201:97,800:65,3:4,2203:172,306:31,2504:194,701:58,1204:100,504:45,1403:115,1402:114
