10
0.7010110563733674,0.2829245358780874,0.003668556853637027,0.0,0.012395850894908243,0.0,0.0,0.0,0.0,1.088254452077836e-22
0.04383252254645055,0.8344990024511372,0.05629629731951261,0.0,0.06211929552616228,0.0,0.0,0.0,0.0,0.003252882156737453
0.0,0.0,0.7175901341388804,0.0,0.0,0.009631424684835918,0.0,0.0,0.030750083492565326,0.24202835768371828
7.982108307010215e-22,0.012632994572371613,0.0,0.5861954467027348,0.037729875637428155,0.0,0.317053368727013,0.04638831436045259,0.0,0.0
0.050481699550655304,0.109136609691489,0.011004249598670388,0.0,0.8096468924264446,0.0,0.0,0.0,0.0,0.019730548732740782
0.0,0.0,0.0,0.011458556323153889,0.0,0.6946861579774737,0.03018110379086576,0.0006212112070964463,0.26305297070141004,0.0
0.0010338504752568848,0.0011259698357048223,0.0,0.2143597358988812,0.03792571444033527,0.0,0.7256083824950535,0.019946346854768204,0.0,0.0
0.012780421347143342,0.01718212620441309,0.0,0.08374314601874976,0.0012306795609162262,0.0,0.04355182357637564,0.8415118032924018,0.0,0.0
0.0,0.0,0.0,0.020638414042123413,0.0,0.26749675024201097,0.0073510712880769085,0.013083111725489933,0.6914306527022988,0.0
0.0,0.0,0.2373641353153242,0.0,0.0,0.02894380417308407,0.0,0.0,0.014168705689732188,0.7195233548218595
10,111
1.8006426419569547e-128,3.915358425379382e-9,1.7057018218933195e-189,0.0,2.3526372559313392e-108,0.013012163421904876,1.1400910231786673e-135,0.0,1.0688313048128659e-106,0.00036895744165174675,0.0007962483854230058,0.0,4.187840615132163e-112,0.09419470151534341,1.6250071163245057e-118,0.0,2.598502982768806e-133,0.16151650847239513,5.774078221520247e-79,0.0,1.4248066969078935e-95,0.06776896206014006,4.844938231917947e-170,0.0,8.805437996574688e-100,0.05426657780044773,0.0,0.0,0.0,0.059593831744270596,0.0,0.0,7.858278784186458e-125,0.040843884898862634,0.0,0.0,1.153383700504423e-143,0.050863042546014814,0.0,0.0,0.0,0.042269458144374494,0.0,0.0,0.033150262862221815,0.0,0.0,0.0,0.04049664278143527,0.0,0.0,0.027773207416110626,0.0,6.325991716520303e-31,0.03575722673967068,3.3908482600055927e-165,0.0,3.0623431628858267e-118,0.03099086320447823,0.0,2.582304064863888e-108,0.030196225686414686,0.0,0.0,0.0,0.02940158816835114,2.2871792521004801e-7,0.0,0.0,0.027812313132223973,0.0,0.0,2.7802495607572085e-96,0.01986593795158861,0.0,0.0,0.020660575469652154,0.0,0.0,0.0,0.013508837807080254,1.8843412043584213e-103,0.0,0.0,0.015892735719389352,0.0,0.0,0.0,0.01827627488961476,0.0,0.0,2.5429566570261135e-85,0.017482025397397977,0.0,0.0,3.786876890487427e-63,0.027812313132224053,7.851819667590427e-16,0.0,0.0,0.019071300433525066,0.0,8.848296081562542e-99,0.0047678251083812665,0.0,0.0,0.0015892750361270888,0.0,0.0,0.0,0.0
2.4555992576299376e-253,7.908283662057814e-47,5.636036175579567e-206,0.0,1.5690841891626893e-158,1.2554513403232974e-6,2.970521995824747e-92,0.0,6.799754414675233e-131,0.6054889727699395,9.637263197270905e-94,0.0,3.320859767084627e-114,0.3726756637838982,2.3415823605058025e-53,0.0,1.719922520285255e-175,0.011186465099668627,6.866677119658799e-62,0.0,6.591534093310362e-142,0.002528766385240164,4.172092748737905e-122,0.0,4.010174387466742e-102,0.002570254921444999,0.0,0.0,0.0,0.00044196997321881967,0.0,0.0,4.129516700243252e-145,0.0026322204494078454,0.0,0.0,2.319170630711954e-208,0.00026194228822225187,0.0,0.0,0.0,0.001035533113053795,0.0,0.0,0.0005032033802638543,0.0,0.0,0.0,8.287080675237241e-6,0.0,0.0,1.0849189250886425e-5,0.0,6.095285927708027e-175,4.0548762956954235e-7,9.010789374296846e-70,0.0,7.240017907043112e-191,7.020699055505025e-42,0.0,7.998132088470526e-155,3.18046398513255e-44,0.0,0.0,0.0,2.8878876732351563e-19,0.00022039467044337628,0.0,0.0,2.2178229881674687e-17,0.0,0.0,7.251674444011151e-161,4.9012456085878454e-21,0.0,0.0,5.848834318610695e-31,0.0,0.0,0.0,3.9265849017598585e-47,0.00021324611907744208,0.0,0.0,4.06213105282002e-9,0.0,0.0,0.0,1.0765090795261716e-7,0.0,0.0,2.2136957645072467e-157,2.6225667706973897e-29,0.0,0.0,1.2888770930110992e-137,4.7821155079277547e-45,0.00022045812418604546,0.0,0.0,1.3213689752035259e-71,0.0,2.405431405514763e-168,7.254840593249105e-101,0.0,0.0,2.153035815652715e-119,0.0,0.0,0.0,0.0
0.0,7.357841311960307e-140,8.746131362812511e-56,6.335366682912772e-234,0.0,1.599811843537523e-62,3.325245726973964e-5,1.4907426566599836e-97,0.0,9.965323611002965e-81,0.883712638242777,4.2526562477507076e-98,0.0,3.084440529282711e-93,0.1030869038018536,7.35356033987889e-133,0.0,9.379356493532629e-112,0.006799348974164813,0.0,0.0,0.0,0.0024126722166391275,0.0,0.0,1.1209044311662653e-95,0.0017546707030102742,0.0,0.0,2.6554946980700175e-110,0.00043866767575256855,0.0,0.0,0.0,0.00043866767575256855,0.0,0.0,0.0,0.0,0.0,0.0,0.0,0.0,0.0,0.0,0.0,0.0,0.0,0.0,0.0,0.0,0.0,0.0,0.0,0.0,0.00021933383787628427,0.0,0.0,0.0,0.0,0.0,0.0,0.00021933383787628425,0.0,0.0,0.0,2.2334628035038133e-28,0.0,0.0,0.0,0.0,0.0,0.0,0.0,0.0,0.0,0.0,0.00021933383787628427,0.0,0.0,0.0,7.17522552248809e-6,0.0,0.0,0.0,0.0,0.0,0.0,0.0,0.0,0.0,0.0,9.561290055306092e-108,0.0006580015136288528,0.0,0.0,0.0,4.814881694971143e-29,0.0,0.0,0.0,0.0,0.0,0.0,0.0,0.0,0.0,0.0,0.0,0.0,0.0
9.589982726976744e-24,1.7496927853610588e-69,0.0,1.8366823141470838e-128,0.00636093755406397,3.1101998321931297e-77,0.0,2.869323636291871e-110,0.9599500549829675,3.765277639228759e-84,0.0,3.494318866078085e-101,0.02137589060008867,8.126978414819976e-103,0.0,4.593980185722533e-109,7.844957816980167e-6,1.1698096976064984e-96,0.0,2.6291267434099542e-68,0.004490067544343688,2.419582917747857e-258,0.0,0.0,0.0032591656436633406,4.529323375746466e-108,0.0,1.765614127205566e-99,0.00249546144344046,2.379520228522612e-120,0.0,3.5393871376960167e-112,0.0014062261404657493,3.5446653870069177e-158,0.0,6.953977914365956e-92,0.0005231025262578888,1.009548067935071e-87,0.0,3.488745826935216e-198,8.095273294153305e-5,0.0,8.307951861432533e-132,2.4826863569283394e-60,7.68044312135266e-185,0.0,6.008551715274014e-168,1.9437819002059246e-85,1.782317266253232e-177,2.7510555757879833e-139,4.051040229093432e-36,0.0,2.7203153998729895e-184,1.6455611407919915e-41,0.0,0.0,1.8317453059340041e-190,1.0895379497715613e-83,0.0,1.7183102072845582e-180,2.293675977956541e-90,0.0,0.0,0.0,4.307912401675541e-71,0.0,0.0,0.0,1.101810786644043e-81,0.0,0.0,4.6228488883885054e-173,5.029587395032691e-5,0.0,2.135472854539838e-129,1.6397947621154326e-62,0.0,0.0,0.0,1.661155060057905e-126,0.0,0.0,3.164557585480298e-158,1.6742431452832989e-31,0.0,0.0,1.9703126123508708e-160,3.118049383129187e-60,0.0,0.0,1.8333742660922346e-178,6.735484227844253e-88,0.0,0.0,0.0,2.9882380410450635e-27,0.0,0.0,0.0,1.4034855217136016e-214,4.808335909459943e-258,0.0,3.1695076757365345e-140,0.0,0.0,3.3822923042444974e-214,0.0,0.0,7.378941493567593e-209,0.0,0.0
8.872008248810186e-102,0.02155226641903138,1.5054055621347187e-146,0.0,3.457383528726509e-67,0.5097176521708091,2.849618999155314e-142,0.0,3.88710252705952e-64,0.465068431425189,1.345028017417161e-147,0.0,9.445508203823404e-60,6.553186794788915e-7,3.7584216126754907e-150,0.0,8.6021381710448e-167,1.9154032252171207e-12,9.652980900396429e-183,0.0,9.78307616306002e-85,8.305401825869597e-5,4.942027666925944e-118,0.0,1.6995858548432927e-31,1.6944544150728128e-5,0.0,0.0,0.0,7.796656991794776e-8,0.0,0.0,3.1456889394076095e-143,0.0008960467475952288,0.0,0.0,5.104572849441687e-207,0.001617758056885224,0.0,0.0,0.0,0.0010471133306988835,0.0,0.0,2.1706284387471478e-13,0.0,0.0,0.0,1.8715066837546377e-21,0.0,0.0,4.098647440824489e-35,0.0,9.02829129527783e-42,1.0647361791616937e-34,4.208215193681375e-205,0.0,1.269023609058542e-187,3.13058135329882e-58,0.0,7.53533104364161e-169,2.360613096593125e-64,0.0,0.0,0.0,1.3291933872008184e-53,4.563949099633252e-118,0.0,0.0,8.928356364569618e-48,0.0,0.0,3.749685629674099e-163,2.4718199095373637e-24,0.0,0.0,1.9655344227816437e-57,0.0,0.0,0.0,1.7407631440181693e-61,4.045413339776233e-143,0.0,0.0,2.569653428452601e-47,0.0,0.0,0.0,1.881934131964894e-42,0.0,0.0,6.643564811183809e-135,2.1290351331074318e-48,0.0,0.0,2.939181832550236e-133,2.741635663770214e-54,9.983228054913519e-129,0.0,0.0,1.8273637380071097e-76,0.0,1.8780825770446314e-165,2.162080796186267e-112,0.0,0.0,5.0690679838903546e-123,0.0,0.0,0.0,0.0
7.491323072108305e-99,0.0,2.899453345025534e-169,0.05137570166748176,7.656620308967992e-101,0.0,2.8577236609682073e-102,0.9413982006543398,7.728833163570007e-102,0.0,3.217094475364396e-104,0.007125188183164667,8.44035979678556e-175,0.0,4.0189260112634574e-161,6.552472912680125e-36,6.87222230265413e-63,0.0,0.0,1.1693672773317462e-25,8.844826941918375e-117,0.0,0.0,1.0437956605049765e-19,4.8189361891784324e-142,0.0,0.0,2.1509049013178435e-22,3.750250716948072e-136,0.0,0.0,1.0784089281651375e-18,1.0056575597677414e-242,0.0,0.0,6.097448510068581e-17,6.609592963972061e-137,0.0,0.0,2.467863270250143e-32,4.294726876406596e-234,0.0,0.00010090949501359212,3.4112820777416867e-195,0.0,0.0,2.970921069120527e-42,0.0,0.0,7.90715265669136e-37,5.0798586425426996e-82,0.0,4.236492839183653e-65,2.61836316529119e-245,0.0,0.0,1.646004940313909e-50,1.759193198502939e-143,0.0,2.4226163253813137e-70,4.7432170632420854e-263,0.0,0.0,2.086299257163892e-32,2.021899331396266e-231,0.0,0.0,4.5823016757526666e-63,0.0,0.0,0.0,1.6142501691305906e-44,1.104375381110763e-213,0.0,1.2069785927951627e-68,0.0,0.0,0.0,1.240471027990566e-66,0.0,0.0,0.0,4.40922130118137e-68,8.814558320721533e-195,0.0,0.0,3.070185431855923e-75,9.704371810761294e-173,0.0,0.0,5.156100096918955e-69,0.0,0.0,0.0,1.2271631230644074e-68,0.0,0.0,0.0,2.8890660654252125e-62,0.0,0.0,2.2079974664653495e-68,8.651169478028273e-225,0.0,0.0,0.0,0.0,8.885408836804997e-66,0.0,0.0,0.0
0.06306891383360397,5.840317799705868e-75,0.0,7.721642312062134e-81,0.9345471029351187,2.266234329318923e-93,0.0,1.7195577592115561e-97,0.0004797965917288233,5.7180604725967804e-111,0.0,1.886788344277392e-104,1.4818641924508836e-11,3.740616826172938e-136,0.0,1.3468584234035589e-146,5.000403900751179e-10,1.8710176383988802e-119,0.0,7.902969951301092e-52,8.697970354939079e-5,2.2063938021304054e-268,0.0,0.0,0.0010559717978100317,1.5862757537912444e-117,0.0,4.8867955515912e-160,2.565824783364197e-30,1.658504556501387e-166,0.0,1.1452553102715608e-173,1.873995592685526e-8,9.10530190415848e-155,0.0,5.434974393485251e-147,0.0005425655550120224,9.741023580498238e-137,0.0,1.7116422954182875e-139,2.2519982936823634e-9,0.0,4.820531926440416e-184,1.6546015421566223e-58,4.709805167565036e-226,0.0,6.252201456046314e-175,7.187550057279744e-105,1.3760929974988248e-272,5.790386605445916e-112,5.011917643028863e-62,0.0,1.1339896105175942e-182,4.0860597120282186e-42,0.0,0.0,7.389297728721442e-192,6.800263365007807e-87,0.0,4.670247248443724e-180,4.1408285262454444e-103,0.0,0.0,0.0,3.5681079888494573e-81,1.4577769232530783e-231,0.0,0.0,1.838310788904293e-103,0.0,0.0,3.2661832277953615e-174,6.61886937469952e-37,0.0,4.495226016371473e-174,5.3138751062389925e-92,7.771956211576259e-232,0.0,0.0,2.6686671173929298e-101,2.5673118575293284e-214,0.0,3.3133647871368626e-168,6.806358813179168e-40,0.0,0.0,1.2047827967509841e-157,4.165146678397753e-80,0.0,0.0,1.1953164695007518e-178,2.3931641413713996e-118,3.763655183462938e-226,0.0,0.0,0.00021864807636380986,6.315407096066687e-239,0.0,0.0,8.507664065931429e-212,2.7673284856924443e-226,0.0,1.6223532999743859e-186,0.0,0.0,8.368408995299067e-207,0.0,0.0,1.1235645954231995e-208,0.0,0.0
1.2308355496648164e-85,1.4283351003284223e-176,0.0,5.1275416072293487e-231,0.027475833846517146,9.442441988729898e-141,0.0,1.6769607770453227e-98,0.1815098753027932,1.9768681712477882e-112,0.0,1.2209645147214403e-119,0.23589243694172274,9.705276869811971e-99,0.0,1.2519538560887747e-76,0.0822532982759202,2.134854100368331e-95,0.0,7.0407753056357e-51,0.05167982250893014,7.11193022178753e-128,0.0,0.0,0.042169981786710324,9.11738324750884e-86,0.0,4.398994919343723e-48,0.037326805739472925,4.513887951011081e-86,0.0,5.5114122829065e-78,0.03221024822128175,2.0705128205302641e-193,0.0,2.510044064557962e-44,0.040986816926848045,3.701849697833905e-67,0.0,9.820957557795859e-74,0.024604567436426666,0.0,4.483695442597512e-78,0.013231621668027174,6.534994204734575e-82,0.0,6.806951999322001e-33,0.016108061161076558,2.5715565680503616e-82,1.4245657491183817e-53,0.010355182174977788,0.0,4.590763397731118e-35,0.018409212755516068,0.0,0.0,5.171309413182492e-44,0.01955978855273582,0.0,6.0297632542126444e-30,0.02818910703188398,0.0,0.0,0.0,0.014382197465246927,8.729625857704438e-108,0.0,0.0,0.012656333769417296,0.0,0.0,2.721667603763716e-26,0.015450260493647193,0.0,3.1832021121382596e-39,0.01380690956663705,3.7308217951047853e-94,0.0,0.0,0.016108061161076558,5.487693824186199e-83,0.0,5.995034605157363e-22,0.016683349059686436,0.0,0.0,3.719296961477448e-11,0.010930470073587665,0.0,0.0,9.587449437452529e-31,0.012656333769417296,1.11441072578777e-87,0.0,0.0,0.005803635720514026,4.435575672198849e-100,0.0,0.0,0.008054030580538279,1.2316620412204255e-93,0.0,0.008629318479148157,0.0,0.0,0.0005752878986098771,0.0,0.0,0.0023011515944395084,0.0,0.0
5.5282128748797e-137,0.0,6.622019968794443e-223,5.465636542911545e-54,3.2497127767779445e-100,0.0,1.064847956069596e-99,3.298284817854024e-5,1.1764950143221397e-92,0.0,6.132579946020434e-96,0.8599011847407309,7.257495110571714e-115,0.0,2.999459431135168e-116,0.06780051390763797,2.476680963954496e-97,0.0,0.0,0.010501089696132478,4.2344361277587107e-113,0.0,0.0,0.0063919676411241175,6.988185358535033e-93,0.0,0.0,0.007533390434181995,7.474389745967952e-90,0.0,0.0,0.007533390434181995,1.0866343680965932e-131,0.0,0.0,0.009587951461686114,1.1420806556047443e-128,0.0,0.0,0.006848536758347268,4.7569003232953884e-122,0.0,0.004236520051961899,1.1329779704573979e-120,0.0,0.0,0.001369707351669454,0.0,0.0,0.002967699261950483,1.4822182571317376e-75,0.0,0.0015979919102810294,2.5270882943682573e-135,0.0,0.0,0.0020545610275041807,9.457428669154592e-90,0.0,0.0013697073516694537,1.2663207632619606e-148,0.0,0.0,0.0006848536758347269,1.5744557080411567e-126,0.0,0.0,0.0015979919102810294,0.0,0.0,0.0,0.001141422793057878,2.1411395387053135e-108,0.0,0.0015979919102810294,0.0,0.0,0.0,0.0009131382344463025,0.0,0.0,0.0,0.0009131382344463025,4.0342019881913374e-89,0.0,0.0,0.0006848536610758893,1.954463949022448e-93,0.0,0.0,0.0013697073516694537,0.0,0.0,0.0,0.00022828455861157563,0.0,0.0,0.0,0.0006848536758347269,0.0,0.0,0.00022828455861157563,1.2305176204554457e-112,0.0,0.0,0.0,0.0,0.00022828455861157563,0.0,0.0,0.0
0.0,5.023501822685638e-97,0.04790538291946768,1.479672945820531e-166,0.0,4.3049730444758596e-110,0.9196995518111126,1.0743752950585647e-96,0.0,5.324945186484353e-136,0.03239506526941969,3.397092966931057e-95,0.0,3.687566465123522e-179,9.82930673122151e-53,1.4409442228284944e-147,0.0,1.0118013985764286e-209,7.191763558607747e-58,0.0,0.0,0.0,2.328162659313449e-62,0.0,0.0,8.870571433199378e-210,2.1782534778777212e-21,0.0,0.0,9.488030132693286e-180,2.2903871561345113e-64,0.0,0.0,0.0,2.0394685465459842e-67,0.0,0.0,0.0,0.0,0.0,0.0,0.0,0.0,0.0,0.0,0.0,0.0,0.0,0.0,0.0,0.0,0.0,0.0,0.0,0.0,5.030600454576907e-81,0.0,0.0,0.0,0.0,0.0,0.0,4.10110949475116e-68,0.0,0.0,0.0,9.228856986834416e-159,0.0,0.0,0.0,0.0,0.0,0.0,0.0,0.0,0.0,0.0,7.573154971188219e-67,0.0,0.0,0.0,4.007091338395644e-120,0.0,0.0,0.0,0.0,0.0,0.0,0.0,0.0,0.0,0.0,7.81809299034357e-176,1.7030291816829925e-66,0.0,0.0,0.0,4.868048526379408e-103,0.0,0.0,0.0,0.0,0.0,0.0,0.0,0.0,0.0,0.0,0.0,0.0,0.0
1.0,0.0,0.0,0.0,0.0,0.0,0.0,0.0,0.0,0.0
1703,4003,103,1701,4501,2202,2403,1001,3000,301,101,1602,3503,401,700,1103,1801,2300,602,2000,202,2002,1,1201,4001,2500,701,3001,1702,1603,802,702,2302,2100,603,502,200,1901,1503,800,2203,2001,1303,1401,2201,501,1501,1403,1100,1903,2102,600,4000,1800,2501,1700,1301,2,1300,1101,1500,801,703,5000,2402,1402,2103,3501,4500,203,1000,2303,102,303,902,400,1203,1400,201,1600,300,100,900,3500,2301,601,1102,1003,402,803,1601,500,503,302,2400,3003,2101,2502,1803,1900,2200,403,1200,3,2503,903,2401,0,1802,2003,901
402:19,2102:82,501:22,703:32,1603:64,1703:68,700:29,1100:44,1801:70,1900:73,2002:78,2001:77,1503:60,4001:107,4501:110,2302:90,2202:86,2300:88,1300:51,3501:104,1700:65,1901:74,2401:93,4000:106,603:28,1401:55,1500:58,1203:50,1501:59,2101:81,5000:111,2501:97,300:13,302:15,1701:66,2103:83,2303:91,802:35,1200:48,901:38,1702:67,1903:75,2402:94,801:34,2500:96,1602:63,203:12,1001:42,903:40,103:8,2503:99,702:31,2201:85,2:3,301:14,3003:102,2301:89,100:5,202:11,1102:46,200:9,3001:101,803:36,1601:62,2200:84,1301:52,0:1,1101:45,2003:79,1303:53,1003:43,2000:76,3500:103,503:24,502:23,1103:47,900:37,902:39,2400:92,2502:98,303:16,3503:105,600:25,102:7,401:18,1803:72,1600:61,101:6,1802:71,4003:108,3000:100,1000:41,1:2,201:10,601:26,1201:49,3:4,800:33,2203:87,500:21,1800:69,2403:95,602:27,701:30,400:17,1400:54,403:20,4500:109,2100:80,1403:57,1402:56
