15
0.87471090866328,0.0,0.0,0.12494677141503495,0.0,0.0,7.83828180853575e-165,0.0,0.0,0.0,0.0,0.0,1.9387777914352567e-153,0.00034231992168502724,1.7654765002253414e-225
0.0,0.7491248803300217,0.0,0.0,0.0,0.0,0.0,0.0,2.606156133556901e-271,0.0,0.0,0.0,0.0,0.0,0.25087511966997844
0.0,0.0,0.7499895776149836,0.0,1.2628640651864021e-247,0.0,0.0,0.0,0.0,0.0,0.0,0.25001042238501636,0.0,0.0,0.0
1.4610115003528196e-184,0.0,0.0,0.6663092820932384,0.0,4.0761253172144454e-182,0.0,6.03902279361595e-57,0.0,0.0,0.3336907179052965,0.0,0.0,1.4650260260660225e-12,0.0
0.0,0.0,0.124965498986134,0.0,0.750069002027732,0.0,6.598929017962442e-112,0.0,0.0,0.124965498986134,0.0,0.0,0.0,0.0,0.0
0.0,0.0,0.0,0.24897563143232915,0.0,0.7510226465909219,0.0,0.0,0.0,0.0,1.7219767488298644e-6,0.0,1.5120528774338052e-181,0.0,0.0
0.0,0.0,0.0,0.0,0.16684974363419378,0.0,0.8331502563658062,0.0,0.0,5.10259e-318,0.0,0.0,0.0,8.753537976619283e-223,0.0
0.0,0.0,0.0,2.473959864196386e-243,0.0,0.0,0.0,0.7506670051423244,0.0,0.0,1.0529516759939296e-37,0.0,0.24933299485767554,0.0,0.0
0.0,0.24930125281237978,0.0,0.0,0.0,0.0,0.0,0.0,0.7506987471876204,8.532613989752247e-177,0.0,0.0,0.0,0.0,1.484143300399973e-301
0.0,0.0,0.0,0.0,2.9438745986074274e-126,0.0,0.0,0.0,0.12482896769635603,0.875171032303644,0.0,0.0,0.0,0.0,0.0
4.11271308388023e-177,0.0,0.0,2.345669477132582e-33,0.0,9.71895998874745e-289,0.0,0.1670136368852903,0.0,0.0,0.665972726230886,0.0,8.866310862635672e-241,0.1670136368838238,0.0
0.0,0.0,1.0670686321577765e-81,0.0,0.0,0.0,0.0,0.0,0.0,0.0,0.0,0.750523024204217,0.0,0.24947697579578285,0.0
0.08437325930480552,0.0,0.0,0.0,0.0,0.08437325930480552,0.0,7.429309581907066e-65,0.0,0.0,0.0,0.0,0.8312534813903889,0.0,3.2607045254675653e-90
9.122091533314988e-193,0.0,0.0,0.0,0.0,0.0,0.2504289789786484,0.0,0.0,0.0,7.638521027709712e-277,1.1975341261313711e-198,0.0,0.7495710210213516,0.0
4.370612412247734e-24,1.0518900457702323e-152,0.0,0.0,0.0,0.0,0.0,0.0,0.0,0.0,0.0,0.0,0.24144318510397952,0.0,0.7585568148960204
15,521
0.0,0.0,0.0,0.0,0.0,3.291888274074849e-16,0.004107839060220327,0.002738559373480218,8.702382320778346e-37,0.0,0.0,0.0,0.0,0.0,0.0,0.0,0.0,0.0,0.0,0.0,0.0,0.0,0.0,0.0,0.0,0.0,0.0,0.0,0.0,3.862376056629648e-17,0.16636748193892326,0.11844269290301945,7.394394400204802e-21,0.0,0.0,0.0,0.0,0.0,0.0,0.0,0.0,0.0,0.0,0.0,0.0,0.0,0.0,0.0,0.0,0.0,0.0,0.0,0.0,2.000383899069904e-15,0.23585842604098378,0.24065090494457417,3.78381984814895e-22,0.0,0.0,0.0,0.0,0.0,0.0,0.0003429680740633104,0.0,0.0,0.0,0.0,0.0,0.0,0.0,0.0,0.0,0.0,0.0,0.0,0.0,1.6644366598419978e-15,0.05169030817443912,0.07736430230081616,8.202947857361862e-22,0.0,0.0,0.0,0.0,0.0,0.0,0.0,0.0,0.0,0.0,0.0,0.0,0.0,0.0,0.0,0.0,0.0,0.0,0.0,0.0,1.2464867388306335e-24,0.010269597650550818,0.015746716397511254,1.6660022102900762e-20,0.0,0.0,0.0,0.0,0.0,0.0,0.0,0.0,0.0,0.0,0.0,0.0,0.0,0.0,0.0,0.0,0.0,0.0,7.601988373758711e-6,0.0034231992168502726,0.0034231992168502726,2.895756164841598e-27,0.0,0.0,0.0,0.0,0.0,0.0,0.0,0.0,0.0,0.0,0.0,0.0,0.0,0.0,0.0,0.0,0.0,2.8477521759032043e-6,0.0047924789035903815,0.0010269597650550818,1.8169809934993183e-25,0.0,0.0,0.0,0.0,0.0,0.0,0.0,0.0,0.0,0.0,0.0,0.0,0.0,0.0,0.0,0.0,0.0,1.178681508889304e-252,0.002738559373480218,0.004107839060220327,3.66901058240789e-26,0.0,0.0,0.0,0.0,0.0,0.0,0.0,0.0,0.0,0.0,0.0,0.0,0.0,0.0,0.0,2.25848728973209e-15,0.0020539195301101636,0.002738559373480218,2.719793243610609e-35,0.0,0.0,0.0,0.0,0.0,0.0,0.0,0.0,0.0,0.0,0.0,0.0,0.0,0.0,8.949615669709819e-48,0.0017115996084251226,0.0030808792951652455,9.604384073211807e-29,0.0,0.0,0.0,0.0,0.0,0.0,0.0,0.0,0.0,0.0,0.0,0.0,0.0,0.0,0.0,4.550817154457978e-282,0.00034231992168502724,0.004107839060220327,9.94508952493765e-38,0.0,0.0,0.0,0.0,0.0,0.0,0.0,0.0,0.0,0.0,0.0,0.0,0.0,0.0013692796550402854,0.001369279686740109,1.4467506341448368e-25,0.0,0.0,0.0,0.0,0.0,0.0,0.0,0.0,0.0,0.0,0.0,0.0,0.0,0.0,0.0,0.001369279686740109,0.0030808792951652455,7.970542420391455e-44,0.0,0.0,0.0,0.0,0.0,0.0,0.0,0.0,0.0,0.0,0.0,0.0,0.0,0.0,0.0,0.0017115996084251363,1.8669302810430222e-44,0.0,0.0,0.0,0.0,0.0,0.0,0.0,0.0,0.0,0.0,0.0,0.0,0.00033179888675428866,0.001369279686740109,0.002738559373480218,5.396364288727767e-30,0.0,0.0,0.0,0.0,0.0,0.0,0.0,0.0,0.0,0.0,0.0,0.0,0.0,0.0,6.594452247773552e-25,0.0010269597650550818,0.001369279686740109,5.9028815488518396e-36,0.0,0.0,0.0,0.0,0.0,0.0,0.0,0.0,0.0,0.0,0.0,8.260775216116619e-5,0.0023962394517951908,0.0034231992168502544,3.454580636843154e-29,0.0,0.0,0.0,0.0,0.0,0.0,0.0,0.0,0.0,0.0,0.0,0.0,0.0,0.0,1.9427069550101518e-20,0.0020539195301101636,0.002738559373480218,1.885150023860825e-30,0.0,0.0,0.0,0.0,0.0,0.0,0.0,0.0,0.0,0.0,0.0,0.0,0.0,0.0,0.00034231992168502724,0.0017115996084251363,3.0066009148296084e-27,0.0,0.0,0.0,0.0,0.0,0.0,0.0,0.0,0.0,0.0,0.0,0.0,0.0,3.241362518806131e-7,0.0006846398433700545,0.001369279686740109,4.225553117965352e-18,0.0,0.0,0.0,0.0,0.0,0.0,0.0,0.0,0.0,0.0,0.0,1.0256326643630304e-37,0.001369279686740109,0.0006846398433700545,2.4958615944567415e-30,0.0,0.0,0.0,0.0,0.0,0.0,0.0,0.0,0.0,0.0,0.0,0.0,0.001369279686740109,0.00034231992168502724,1.4839995373946445e-26,0.0,0.0,0.0,0.0,0.0,0.0,0.0,0.0,0.0,0.0,0.0,0.0,0.0,0.0,0.0,4.45560835646808e-287,0.0,0.00034231992167777593,1.0575487634776826e-22,0.0,0.0,0.0,0.0,0.0,0.0,0.0,0.0,0.0,0.0,0.0,0.0,0.0,0.00034231992168502724,0.0010269597650550818,7.449167753754838e-25,0.0,0.0,0.0,0.0,0.0,0.0,0.0,0.0,0.0,0.0,0.0,0.0,0.0,1.2147943578419927e-12,0.0006846398433700545,0.0006846398433700545,2.0957872992448036e-30,0.0,0.0,0.0,0.0,0.0,0.0,0.0,0.0,0.0,0.0,0.0,0.0,0.0,8.930622619870967e-14,0.0006846398433700545,0.0020539195301101636,7.261288765599505e-48,0.0,0.0,0.0,0.0,0.0,0.0,0.0,0.0,0.0,0.0,0.0,0.0010269597650550818,0.001369279686740109,5.0970009823273646e-33,0.0,0.0,0.0,0.0,0.0,0.0,0.0,0.0,0.0,3.0205071747154993e-15,0.00034231992168502724,0.0,2.7490475030316594e-23,0.0,0.0,0.0,0.0,0.0,0.0,4.2018803801518195e-11,0.0,0.0,0.0,0.0,0.0,0.0,0.0,0.0,0.0,0.0,0.0
0.0,0.0,5.192190850206055e-25,0.033679125654325875,2.273339982604031e-17,0.0,0.0,0.0,0.0,0.0,0.0,0.0,0.0,0.0,0.0,0.0,0.0,0.0,0.0,0.0,0.0,0.0,0.0,0.0,0.0,0.0,1.534928872841484e-22,0.47700639192045213,2.756914689508932e-21,0.0,0.0,0.0,0.0,0.0,0.0,0.0,0.0,0.0,0.0,0.0,0.0,0.0,0.0,0.0,0.0,0.0,0.0,0.0,0.0,0.0,1.5625399622968446e-22,0.31754604188364394,1.8683759558495034e-19,0.0,0.0,0.0,0.0,0.0,0.0,0.0,0.0,0.0,0.0,0.0,0.0,0.0,0.0,0.0,0.0,0.0,0.0,0.0,0.0,0.0,1.749553187644148e-19,0.046051049364078236,2.864553233810961e-22,0.0,0.0,0.0,0.0,0.0,0.0,0.0,0.0,0.0,0.0,0.0,0.0,0.0,0.0,0.0,0.0,0.0,0.0,0.0,0.0,0.0,5.972479487013673e-26,0.015808569184683464,1.3248986771949598e-20,0.0,0.0,0.0,0.0,0.0,0.0,0.0,0.0,0.0,0.0,0.0,0.0,0.0,0.0,0.0,0.0,0.0,0.0,0.0,2.1514710445295334e-29,0.015808569184683572,6.667851606771458e-24,0.0,0.0,0.0,0.0,0.0,0.0,0.0,0.0,0.0,0.0,0.0,0.0,0.0,0.0,0.0,0.0,0.0,0.0,9.48455163332487e-23,0.010309936424793635,3.762282126377522e-17,0.0,0.0,0.0,0.0,0.0,0.0,0.0,0.0,0.0,0.0,0.0,0.0,0.0,0.0,0.0,0.0,0.0,0.0,4.871285597289127e-29,0.01030993642479363,7.67002996485776e-20,0.0,0.0,0.0,0.0,0.0,0.0,0.0,0.0,0.0,0.0,0.0,0.0,0.0,0.0,0.0,0.0,4.5366064103301844e-36,0.0048113036649034815,1.5572545961466185e-21,0.0,0.0,0.0,0.0,0.0,0.0,0.0,0.0,0.0,0.0,0.0,0.0,0.0,0.0,0.0,1.5412809627328504e-39,0.010309936424793635,3.459834540368352e-12,0.0,0.0,0.0,0.0,0.0,0.0,0.0,0.0,0.0,0.0,0.0,0.0,0.0,0.0,0.0,0.0,1.991250298995933e-25,0.008247949139834473,6.244950346398577e-20,0.0,0.0,0.0,0.0,0.0,0.0,0.0,0.0,0.0,0.0,0.0,0.0,0.0,5.8150951268840306e-21,0.001374658189602119,6.000724678427551e-9,0.0,0.0,0.0,0.0,0.0,0.0,0.0,0.0,0.0,0.0,0.0,0.0,0.0,0.0,0.0,7.628602889803685e-24,0.003436063152229618,5.614425606621579e-230,0.0,0.0,0.0,0.0,0.0,0.0,0.0,0.0,0.0,0.0,0.0,0.0,0.0,0.0,0.0,0.002749316379944969,0.0,0.0,0.0,0.0,0.0,0.0,0.0,0.0,0.0,0.0,0.0,0.0,0.0,0.0,1.5985726922563857e-18,0.004123974569917453,0.0,0.0,0.0,0.0,0.0,0.0,0.0,0.0,0.0,0.0,0.0,0.0,0.0,0.0,0.0,0.0,4.613349631433358e-37,0.006873290949862423,4.4365885266807657e-122,0.0,0.0,0.0,0.0,0.0,0.0,0.0,0.0,0.0,0.0,0.0,0.0,1.9321439537110745e-20,0.0068732909498613924,5.708890876297187e-17,0.0,0.0,0.0,0.0,0.0,0.0,0.0,0.0,0.0,0.0,0.0,0.0,0.0,0.0,0.0,1.778053116132555e-17,0.005498632759889431,5.847633351449383e-22,0.0,0.0,0.0,0.0,0.0,0.0,0.0,0.0,0.0,0.0,0.0,0.0,0.0,0.0,0.0,0.005498632759889938,1.7905573585992778e-15,0.0,0.0,0.0,0.0,0.0,0.0,0.0,0.0,0.0,0.0,0.0,0.0,0.0,0.0,2.8157131098085125e-41,0.0006873290949862423,0.0,0.0,0.0,0.0,0.0,0.0,0.0,0.0,0.0,0.0,0.0,0.0,0.0,0.0,0.002749316379699523,1.2628286415575194e-12,0.0,0.0,0.0,0.0,0.0,0.0,0.0,0.0,0.0,0.0,0.0,0.0,1.1752154738930852e-20,0.0020619872849587267,1.0973246722493028e-9,0.0,0.0,0.0,0.0,0.0,0.0,0.0,0.0,0.0,0.0,0.0,0.0,0.0,0.0,0.0,0.0,1.1671573228857091e-33,0.0013746581899724845,1.8986193433788603e-15,0.0,0.0,0.0,0.0,0.0,0.0,0.0,0.0,0.0,0.0,0.0,0.0,0.0,4.901552383041479e-294,0.0013746581899264237,0.0,0.0,0.0,0.0,0.0,0.0,0.0,0.0,0.0,0.0,0.0,0.0,0.0,0.0,0.0,3.967677005613396e-28,7.289371549762665e-7,4.405072098007383e-11,0.0,0.0,0.0,0.0,0.0,0.0,0.0,0.0,0.0,0.0,0.0,0.0,0.0,0.0,0.0,0.0006233422187193626,0.0,0.0,0.0,0.0,0.0,0.0,0.0,0.0,0.0,0.0,0.0,0.0,0.0,0.0034366454749267363,0.0,0.0,0.0,0.0,0.0,0.0,0.0,0.0,0.0,0.0,0.0,0.0,8.556838459433491e-17,0.0,0.0,0.0,0.0,0.0,0.0,0.0,0.0,0.0,0.0,5.900398328871972e-22,0.0,0.0,0.0,0.0,0.0,0.0,0.0,0.001374658100645474,0.0,0.0,0.0,0.0
0.0,0.0,0.0,0.0,0.0,0.0,0.0,0.0,0.0,0.0,0.0,0.0,0.0,0.0,0.0,0.0,0.0,5.693316794614527e-43,0.006801997770849604,1.4489037865362751e-15,0.0,0.0,0.0,0.0,0.0,0.0,0.0,0.0,0.0,0.0,0.0,0.0,0.0,0.0,0.0,0.0,0.0,0.0,0.0,0.0,0.0,3.375792937378107e-18,0.418510597471904,2.6170561563916806e-17,0.0,0.0,0.0,0.0,0.0,0.0,0.0,0.0,0.0,0.0,0.0,0.0,0.0,0.0,0.0,0.0,0.0,0.0,0.0,0.0,0.0,2.9496513379131606e-15,0.5472830890017207,8.229847238877661e-13,0.0,0.0,0.0,0.0,0.0,0.0,0.0,0.0,0.0,0.0,0.0,0.0,0.0,0.0,0.0,0.0,0.0,0.0,0.0,0.0,0.0,2.6961742336075528e-11,0.026713442391823664,1.2301943952429087e-26,0.0,0.0,0.0,0.0,0.0,0.0,0.0,0.0,0.0,0.0,0.0,0.0,0.0,0.0,0.0,0.0,0.0,0.0,0.0,0.0,0.0,6.184771542132441e-6,0.0,0.0,0.0,0.0,0.0,0.0,0.0,0.0,0.0,0.0,0.0,0.0,0.0,0.0,0.0,0.0,0.0,0.0,0.0,0.0,0.0006846885329276893,0.0,0.0,0.0,0.0,0.0,0.0,0.0,0.0,0.0,0.0,0.0,0.0,0.0,0.0,0.0,0.0,0.0,0.0,0.0,0.0,0.0,0.0,0.0,0.0,0.0,0.0,0.0,0.0,0.0,0.0,0.0,0.0,0.0,0.0,0.0,0.0,0.0,0.0,0.0,4.346729375655508e-15,0.0,0.0,0.0,0.0,0.0,0.0,0.0,0.0,0.0,0.0,0.0,0.0,0.0,0.0,0.0,0.0,0.0,0.0,0.0,0.0,0.0,0.0,0.0,0.0,0.0,0.0,0.0,0.0,0.0,0.0,0.0,0.0,0.0,0.0,0.0,0.0,3.143862237594347e-11,0.0,0.0,0.0,0.0,0.0,0.0,0.0,0.0,0.0,0.0,0.0,0.0,0.0,0.0,0.0,5.49894402210079e-20,0.0,0.0,0.0,0.0,0.0,0.0,0.0,0.0,0.0,0.0,0.0,0.0,0.0,0.0,0.0,0.0,0.0,9.94486838271026e-128,0.0,0.0,0.0,0.0,0.0,0.0,0.0,0.0,0.0,0.0,0.0,0.0,0.0,0.0,0.0,0.0,6.644644097002606e-25,0.0,0.0,0.0,0.0,0.0,0.0,0.0,0.0,0.0,0.0,0.0,0.0,0.0,0.0,0.0,0.0,2.0581462836073376e-131,0.0,0.0,0.0,0.0,0.0,0.0,0.0,0.0,0.0,0.0,0.0,0.0,0.0,0.0,0.0,0.0,0.0,0.0,0.0,0.0,0.0,0.0,0.0,0.0,0.0,0.0,0.0,0.0,0.0,0.0,0.0,0.0,0.0,0.0,0.0,0.0,0.0,0.0,0.0,0.0,0.0,0.0,0.0,0.0,0.0,0.0,0.0,0.0,0.0,0.0,0.0,0.0,0.0,0.0,0.0,0.0,0.0,0.0,0.0,0.0,0.0,0.0,0.0,0.0,0.0,0.0,0.0,0.0,0.0,0.0,0.0,0.0,0.0,0.0,0.0,0.0,0.0,0.0,0.0,0.0,0.0,0.0,0.0,0.0,0.0,0.0,0.0,0.0,0.0,0.0,0.0,0.0,0.0,0.0,0.0,0.0,0.0,0.0,0.0,0.0,0.0,0.0,0.0,0.0,0.0,0.0,0.0,0.0,0.0,0.0,0.0,0.0,0.0,0.0,0.0,0.0,0.0,0.0,0.0,0.0,0.0,0.0,0.0,0.0,0.0,0.0,0.0,0.0,0.0,0.0,0.0,0.0,0.0,0.0,0.0,0.0,0.0,0.0,0.0,0.0,0.0,0.0,0.0,0.0,0.0,0.0,0.0,0.0,0.0,0.0,0.0,0.0,0.0,0.0,0.0,0.0,0.0,0.0,0.0,0.0,0.0,0.0,0.0,0.0,0.0,0.0,0.0,0.0,0.0,0.0,0.0,0.0,0.0,0.0,0.0,0.0,0.0,0.0,0.0,0.0,0.0,0.0,0.0,0.0,0.0,0.0,0.0,0.0,0.0,0.0,0.0,0.0,0.0,0.0,0.0,0.0,0.0,0.0,0.0,0.0,0.0,0.0,0.0,0.0,0.0,0.0,0.0,0.0,0.0,0.0,0.0,0.0,0.0,0.0,0.0,0.0,0.0,0.0,0.0,0.0,0.0,0.0,0.0,0.0,0.0,0.0,0.0,0.0,0.0,0.0,0.0,0.0,0.0,0.0,0.0,0.0,0.0,0.0,0.0,0.0,0.0
0.0,0.0,0.0,0.0,0.0,0.0,0.0,5.316652597803821e-34,0.004571121532141648,4.9681783623934225e-18,0.0,0.0,0.0,7.462152224604469e-16,0.006463022707949325,6.238341516094271e-197,0.0,0.0,0.0,0.0,0.0,0.0,0.0,0.0,0.0,0.0,0.0,0.0,0.0,0.0,0.0,7.308152519208383e-40,0.10787846815854288,9.764567284516854e-20,0.0,0.0,0.0,6.362138722247591e-20,0.15042306828490792,8.720163856920264e-193,0.0,0.0,0.0,0.0,0.0,0.0,0.0,0.0,0.0,0.0,0.0,0.0,0.0,0.0,0.0,7.7076797645419e-37,0.2262705158410055,2.0655223970668532e-19,0.0,0.0,0.0,1.9558112501348888e-22,0.15446786176547983,3.6248510406146694e-180,0.0,0.0,0.0,0.0,0.0,0.0,0.0,0.0,0.0,0.0,0.0,0.0,0.0,0.0,0.0,2.8504962325537963e-33,0.12433450567418099,1.099394388748925e-20,0.0,0.0,0.0,1.9947139822812537e-22,0.018518143083325687,2.6689194230195193e-189,0.0,0.0,0.0,0.0,0.0,0.0,0.0,0.0,0.0,0.0,0.0,0.0,0.0,0.0,0.0,1.0201061207706348e-32,0.03016940211213486,1.0560604572905048e-20,0.0,0.0,0.0,9.465516710613848e-29,0.002285560764636775,0.0,0.0,0.0,0.0,0.0,0.0,0.0,0.0,0.0,0.0,0.0,0.0,0.0,0.0,2.2401402255215102e-45,0.01874159828177878,2.3824244501326297e-20,0.0,0.0,0.0,1.1426796585240323e-22,0.0,0.0,0.0,0.0,0.0,0.0,0.0,0.0,0.0,0.0,0.0,0.0,0.0,0.0,3.999245066967768e-31,0.015084700973532587,8.554235836047995e-17,0.0,0.0,0.0,0.0,1.4925635171741297e-6,0.0,0.0,0.0,0.0,0.0,0.0,0.0,0.0,0.0,0.0,0.0,0.0,0.0,1.9766230260071106e-23,0.011427803830354072,1.045241167399194e-24,0.0,0.0,0.0,0.0,0.0,0.0,0.0,0.0,0.0,0.0,0.0,0.0,0.0,0.0,0.0,0.0,1.6402726931284766e-27,0.012799138623926112,2.169061604317397e-25,0.0,0.0,0.0,0.0,0.0,0.0,0.0,0.0,0.0,0.0,0.0,0.0,0.0,0.0,0.0,8.475190728283223e-33,0.012342028136781594,4.0617572054462962e-16,0.0,0.0,0.0,0.0,0.0,0.0,0.0,0.0,0.0,0.0,0.0,0.0,0.0,0.0,0.0,0.0,2.239098578290225e-33,0.010056467370710868,5.971484316313737e-17,0.0,0.0,0.0,0.0,0.0,0.0,0.0,0.0,0.0,0.0,0.0,0.0,0.0,2.1346591253870646e-35,0.00868512770637327,7.202051673067648e-21,0.0,0.0,0.0,0.0,0.0,0.0,0.0,0.0,0.0,0.0,0.0,0.0,0.0,0.0,0.0,4.42655178386842e-21,0.009599355210179046,4.8403791651281506e-18,0.0,0.0,0.0,0.0,0.0,0.0,0.0,0.0,0.0,0.0,0.0,0.0,0.0,0.0,1.1387328832788114e-30,0.005942457991784142,7.819693198763322e-18,0.0,0.0,0.0,0.0,0.0,0.0,0.0,0.0,0.0,0.0,0.0,0.0,0.0,6.020290468604317e-28,0.008685130911069129,1.9606508317518798e-17,0.0,0.0,0.0,0.0,0.0,0.0,0.0,0.0,0.0,0.0,0.0,0.0,0.0,0.0,0.0,2.2913886430269727e-24,0.0059424579917840455,2.623082476180972e-19,0.0,0.0,0.0,0.0,0.0,0.0,0.0,0.0,0.0,0.0,0.0,0.0,2.4281687726351115e-17,0.003656897225713318,1.56242325778917e-21,0.0,0.0,0.0,0.0,0.0,0.0,0.0,0.0,0.0,0.0,0.0,0.0,0.0,0.0,0.0,1.5501117522773533e-34,0.006856682298212453,7.18930766966004e-15,0.0,0.0,0.0,0.0,0.0,0.0,0.0,0.0,0.0,0.0,0.0,0.0,0.0,0.0,1.1181442631050039e-31,0.0077709066046408,8.565638548339797e-21,0.0,0.0,0.0,0.0,0.0,0.0,0.0,0.0,0.0,0.0,0.0,0.0,0.0,0.0,1.378895132268309e-33,0.005028233685351804,2.069167161786424e-15,0.0,0.0,0.0,0.0,0.0,0.0,0.0,0.0,0.0,0.0,0.0,0.0,9.039206284413556e-23,0.003656897225713318,1.6793562974987588e-233,0.0,0.0,0.0,0.0,0.0,0.0,0.0,0.0,0.0,0.0,0.0,0.0,0.0,0.0027426729192849882,3.02976207614248e-22,0.0,0.0,0.0,0.0,0.0,0.0,0.0,0.0,0.0,0.0,0.0,0.0,0.0,0.0,0.0,0.0,9.682943181489038e-15,0.003656897225713318,1.0826673654584183e-12,0.0,0.0,0.0,0.0,0.0,0.0,0.0,0.0,0.0,0.0,0.0,0.0,0.0,0.0,0.004114009378927482,6.463845059755439e-21,0.0,0.0,0.0,0.0,0.0,0.0,0.0,0.0,0.0,0.0,0.0,0.0,0.0,0.0,0.0,0.0036568972257133153,2.3866115059548357e-19,0.0,0.0,0.0,0.0,0.0,0.0,0.0,0.0,0.0,0.0,0.0,0.0,0.0,0.0,5.034488029531773e-25,0.006399570144998306,4.50653967973521e-17,0.0,0.0,0.0,0.0,0.0,0.0,0.0,0.0,0.0,0.0,0.0,1.8695935975206488e-31,0.0054853458385699765,7.868458934837953e-21,0.0,0.0,0.0,0.0,0.0,0.0,0.0,0.0,0.0,0.0,0.0,0.0013713364596424941,0.0,0.0,0.0,0.0,0.0,0.0,0.0004571120971049386,0.00045711215321416474,0.0,0.0,0.0,0.0,0.0,0.0,0.0,0.0,0.0,0.0
7.836965039034969e-28,0.0,0.0,0.0,0.0,0.0,0.0,0.0,0.0,0.0,0.0,0.0,0.0,0.0,0.0,0.0,6.569944805032839e-18,0.006162682129755189,1.1556703623778813e-29,0.0,0.0,0.0,9.920535638224388e-21,0.020884645036038832,1.0853334670117055e-24,0.0,0.0,0.0,0.0,0.0,0.0,0.0,0.0,0.0,0.0,0.0,0.0,0.0,0.0,0.0,7.470738063503339e-19,0.24068697475959508,1.1511657120735854e-28,0.0,0.0,0.0,2.6594523847729614e-17,0.24376831583048605,2.2419022056507972e-23,0.0,0.0,0.0,0.0,0.0,0.0,0.0,0.0,0.0,0.0,0.0,0.0,0.0,0.0,0.0,3.1638830206133956e-21,0.2417140884498906,5.995742123623671e-31,0.0,0.0,0.0,2.8873875377680836e-16,0.16810427397860767,9.629374927157989e-29,0.0,0.0,0.0,0.0,0.0,0.0,0.0,0.0,0.0,0.0,0.0,0.0,0.0,0.0,0.0,4.2560008693567756e-23,0.011298250579790321,2.7737672417560044e-42,0.0,0.0,0.0,6.260598816566061e-12,0.0249930997972268,4.790634425121302e-19,0.0,0.0,0.0,0.0,0.0,0.0,0.0,0.0,0.0,0.0,0.0,0.0,0.0,0.0,0.0,0.0,0.0,0.0,0.0,4.551544341114338e-12,0.006505053371877516,6.680328697866444e-40,0.0,0.0,0.0,0.0,0.0,0.0,0.0,0.0,0.0,0.0,0.0,0.0,0.0,0.0,0.0,0.0,0.0,0.0,2.022435356717432e-9,0.00376608353108897,5.79652978916416e-21,0.0,0.0,0.0,0.0,0.0,0.0,0.0,0.0,0.0,0.0,0.0,0.0,0.0,0.0,0.0,0.0,0.0,0.0,5.848275135592274e-30,0.0047931972213859616,2.6379117159229e-31,0.0,0.0,0.0,0.0,0.0,0.0,0.0,0.0,0.0,0.0,0.0,0.0,0.0,0.0,0.0,0.0,1.9922059825697335e-17,0.002738969840791978,2.4874758903839567e-36,0.0,0.0,0.0,0.0,0.0,0.0,0.0,0.0,0.0,0.0,0.0,0.0,0.0,0.0,0.0,1.1932055351173286e-30,0.006162682141781924,2.528998598065922e-48,0.0,0.0,0.0,0.0,0.0,0.0,0.0,0.0,0.0,0.0,0.0,0.0,0.0,0.0,0.0,0.0,2.416451649681272e-9,0.003081341070890883,2.419515830838744e-19,0.0,0.0,0.0,0.0,0.0,0.0,0.0,0.0,0.0,0.0,0.0,0.0,0.0,5.172379150687555e-235,0.0020542273805939835,1.1708720171911064e-34,0.0,0.0,0.0,0.0,0.0,0.0,0.0,0.0,0.0,0.0,0.0,0.0,0.0,0.0,0.0,0.0,0.0006847424518130258,0.0,0.0,0.0,0.0,0.0,0.0,0.0,0.0,0.0,0.0,0.0,0.0,0.0,0.0,0.0,1.719676339140529e-9,0.0017118561504947444,4.735392054437678e-22,0.0,0.0,0.0,0.0,0.0,0.0,0.0,0.0,0.0,0.0,0.0,0.0,0.0,1.0381707367928266e-210,0.001369484920395989,1.3974586976453365e-36,0.0,0.0,0.0,0.0,0.0,0.0,0.0,0.0,0.0,0.0,0.0,0.0,0.0,0.0,0.0,5.238221537871777e-10,0.0010271136902964765,9.045203289203178e-27,0.0,0.0,0.0,0.0,0.0,0.0,0.0,0.0,0.0,0.0,0.0,0.0,0.0,0.0013694849203959888,3.812619149411666e-40,0.0,0.0,0.0,0.0,0.0,0.0,0.0,0.0,0.0,0.0,0.0,0.0,0.0,0.0,0.0,0.0,0.00034237123009899726,5.713335945847419e-19,0.0,0.0,0.0,0.0,0.0,0.0,0.0,0.0,0.0,0.0,0.0,0.0,0.0,0.0,0.0009530015040538597,0.0010271136902969917,4.66621263e-316,0.0,0.0,0.0,0.0,0.0,0.0,0.0,0.0,0.0,0.0,0.0,0.0,0.0,0.0,9.155642633647013e-16,0.00034237123009899726,2.5883206958076313e-33,0.0,0.0,0.0,0.0,0.0,0.0,0.0,0.0,0.0,0.0,0.0,0.0,2.3150855342294345e-5,0.001369484920395989,0.0,0.0,0.0,0.0,0.0,0.0,0.0,0.0,0.0,0.0,0.0,0.0,0.0,0.00032689931057273904,0.000684742460197994,0.0,0.0,0.0,0.0,0.0,0.0,0.0,0.0,0.0,0.0,0.0,0.0,0.0,0.0,0.0,0.0,0.0,0.0,0.0006847422579648426,4.5349785836821835e-14,0.0,0.0,0.0,0.0,0.0,0.0,0.0,0.0,0.0,0.0,0.0,0.0,0.0,0.0,7.75179482317583e-18,5.59653806813632e-13,0.0,0.0,0.0,0.0,0.0,0.0,0.0,0.0,0.0,0.0,0.0,0.0,0.0,0.0,1.9094789876778173e-15,0.0006847424563401445,0.0,0.0,0.0,0.0,0.0,0.0,0.0,0.0,0.0,0.0,0.0,0.0,0.0,0.0,0.0,0.0003423712288793614,0.0,0.0,0.0,0.0,0.0,0.0,0.0,0.0,0.0,0.0,0.0,0.0,0.0,1.4910341722614367e-10,0.0003423711288580846,0.0,0.0,0.0,0.0,0.0,0.0,0.0,0.0,0.0,0.0,0.0,0.0,6.363079239285276e-8,1.1086322054043029e-33,0.0,0.0,0.0,0.0,0.0,0.0,0.0,0.0,0.0,0.0,0.0,0.0,0.0,0.0,0.0,0.0,0.0,0.0,4.918782745399568e-259,0.0,0.0,0.0,0.0,0.0,0.0,0.0
0.0,0.0,0.0,0.0,0.0,0.0,0.0,0.0,0.0,0.0,0.0,0.0,6.907399788482505e-10,0.015688983913447637,5.411554121857015e-13,0.0,0.0,0.0,0.0,0.0,0.0,0.0,0.0,0.0,0.0,0.0,0.0,0.0,0.0,0.0,0.0,0.0,0.0,0.0,0.0,0.0,3.062727952529491e-8,0.3628930192154233,1.0451232507596413e-10,0.0,0.0,0.0,0.0,0.0,0.0,0.0,0.0,0.0,0.0,0.0,0.0,0.0,0.0,0.0,0.0,0.0,0.0,0.0,0.0,0.0,1.3670544006891963e-11,0.5286505449096861,1.889382840390809e-12,0.0,0.0,0.0,0.0,0.0,0.0,0.0,0.0,0.0,0.0,0.0,0.0,0.0,0.0,0.0,0.0,0.0,0.0,0.0,0.0,0.0,1.9400628333319344e-18,0.07094149247820304,5.039571736762324e-12,0.0,0.0,0.0,0.0,0.0,0.0,0.0,0.0,0.0,0.0,0.0,0.0,0.0,0.0,0.0,0.0,0.0,0.0,0.0,0.0,0.0,6.600020251925107e-15,0.00886768655977538,2.1399716361327467e-12,0.0,0.0,0.0,0.0,0.0,0.0,0.0,0.0,0.0,0.0,0.0,0.0,0.0,0.0,0.0,0.0,0.0,0.0,0.0,3.752143312610563e-9,0.004774908147571359,0.0,0.0,0.0,0.0,0.0,0.0,0.0,0.0,0.0,0.0,0.0,0.0,0.0,0.0,0.0,0.0,0.0,0.0,0.0,0.0006821297353586361,0.002728518941469348,0.00204416191472542,0.0,0.0,0.0,0.0,0.0,0.0,0.0,0.0,0.0,0.0,0.0,0.0,0.0,0.0,0.0,0.0,0.0,0.0,0.000682129734741649,0.000682129735367337,0.0,0.0,0.0,0.0,0.0,0.0,0.0,0.0,0.0,0.0,0.0,0.0,0.0,0.0,0.0,0.0,0.0,4.553535124348612e-11,0.0,0.0,0.0,0.0,0.0,0.0,0.0,0.0,0.0,0.0,0.0,0.0,0.0,0.0,0.0,0.0,0.0,0.0,0.0,0.0,0.0,0.0,0.0,0.0,0.0,0.0,0.0,0.0,0.0,0.0,0.0,0.0,0.0,0.0,0.0,0.0,0.0,0.0,0.0,0.0,0.0,0.0,0.0,0.0,0.0,0.0,0.0,0.0,0.0,0.0,0.0,0.0,0.0,0.0,0.0,0.0,0.0,0.0,0.0,0.0,0.0,0.0,0.0,0.0,0.0,0.0,0.0,0.0,0.0,0.0,0.0,0.0,0.0,0.0,0.0,0.0,0.0,0.0,0.0,0.0,0.0,0.0,0.0,0.0,0.0,0.0,0.0,0.0,0.0,0.0,0.0,0.0,0.0,0.0,0.0,0.0,0.0,0.0,0.0,0.0,0.0,0.0,0.0,0.0,0.0,0.0,0.0,0.0,0.0,0.0,0.0,0.0,0.0,0.0,0.0,0.0,0.0,0.0,0.0,0.0,0.0,0.0,0.0,0.0,0.0,0.0,0.0,0.0,0.0,0.0,0.0,0.0,0.0,0.0,0.0,0.0,0.000682129735367337,0.0,0.0,0.0,0.0,0.0,0.0,0.0,0.0,0.0,0.0,0.0,0.0,0.0,0.0,0.0,0.0,0.0,0.0,0.0,0.0,0.0,0.0,0.0,0.0,0.0,0.0,0.0,0.0,0.0,0.0,0.0,0.0,0.0,0.0,0.0,0.0,0.0,0.0,0.0,0.0,0.0,0.0,0.0,0.0,0.0,0.0,0.0,0.0,0.0,0.0,0.0,0.0,0.0,0.0,0.0,0.0,0.0,0.0,0.0,0.0,0.0,0.0,0.0,0.0,0.0,1.2036591761501925e-20,0.0,0.0,0.0,0.0,0.0,0.0,0.0,0.0,0.0,0.0,0.0,0.0,0.0,0.0,0.0,0.0,0.0,0.0,0.0,0.0,0.0,0.0,0.0,0.0,0.0,0.0,0.0,0.0,0.0,0.0,0.0,0.0,0.0,0.0,0.0,0.0,0.0,0.0,0.0,0.0,0.0,0.0,0.0,0.0,0.0,0.0,0.0,0.0,0.0,0.0,0.0,0.0,0.0,0.0,0.0,0.0,0.0,0.0,0.0,0.0,0.0,0.0,0.0,0.0,0.0,0.0,0.0,1.1449227255589361e-35,0.0006821297353655954,0.0,0.0,0.0,0.0,0.0,0.0,0.0,0.0,0.0,0.0,0.0,0.0,0.0,0.0,0.0,0.0,0.0,0.0,0.0,0.0,0.0,0.0,0.0,0.0,0.0,0.0,0.0,0.0,0.0,0.0,0.0,0.0,0.0,0.0,0.0,0.0,0.0,0.0,0.0,0.0,0.0,0.0,0.0,0.0,0.0,0.0,0.0,0.0,0.0,0.0,0.0,0.0,0.0,0.0,0.0,0.0,0.0
0.0,0.0,0.0,0.0,0.0,0.0,0.0,0.0,0.0,0.0,0.0,0.0,0.0,0.0,0.0,3.08219165766925e-26,0.012570871095726924,8.028864636504286e-12,0.0,0.0,5.3129909530327595e-25,0.012570871095726929,0.00845676782803448,1.6874845285117886e-41,0.0,0.0,0.0,0.0,0.0,0.0,0.0,0.0,0.0,0.0,0.0,0.0,0.0,0.0,0.0,6.698212707153162e-26,0.1867345760947073,1.0279968505749258e-27,0.0,0.0,5.780825244575301e-28,0.16067858873265511,0.16067858873265511,1.1534736184993247e-29,0.0,0.0,0.0,0.0,0.0,0.0,0.0,0.0,0.0,0.0,0.0,0.0,0.0,0.0,0.0,3.9724704261549295e-26,0.13119418198085922,1.946739944486335e-29,0.0,0.0,5.818944632835131e-26,0.13987951110154329,0.12936569163966236,8.81733264654607e-31,0.0,0.0,0.0,0.0,0.0,0.0,0.0,0.0,0.0,0.0,0.0,0.0,0.0,0.0,0.0,1.2485901251804684e-28,0.0031998580970941273,8.484709978362713e-61,0.0,0.0,1.787352511582014e-24,0.009371012998632801,0.011199503335649976,1.070193673839716e-30,0.0,0.0,0.0,0.0,0.0,0.0,0.0,0.0,0.0,0.0,0.0,0.0,0.0,0.0,0.0,0.0,0.0,0.0,0.0,0.0015999290485470637,0.003199858094055592,2.963776890220262e-38,0.0,0.0,0.0,0.0,0.0,0.0,0.0,0.0,0.0,0.0,0.0,0.0,0.0,0.0,0.0,0.0,0.0,0.0,0.0006856838779486878,0.002742734161651032,4.726940484562113e-36,0.0,0.0,0.0,0.0,0.0,0.0,0.0,0.0,0.0,0.0,0.0,0.0,0.0,0.0,0.0,0.0,0.0,0.0,0.0015999290485470637,0.0025141742191453855,0.0,0.0,0.0,0.0,0.0,0.0,0.0,0.0,0.0,0.0,0.0,0.0,0.0,0.0,0.0,0.0,0.0,0.0022856129264958052,0.0018284903411966307,4.150097908488911e-41,0.0,0.0,0.0,0.0,0.0,0.0,0.0,0.0,0.0,0.0,0.0,0.0,0.0,0.0,0.0,0.0013713677558974831,0.0036569806823932884,4.072254359550687e-32,0.0,0.0,0.0,0.0,0.0,0.0,0.0,0.0,0.0,0.0,0.0,0.0,0.0,0.0,0.0,1.1602457751912541e-34,0.00045712237855619303,0.002285611313313201,3.857737356780362e-29,0.0,0.0,0.0,0.0,0.0,0.0,0.0,0.0,0.0,0.0,0.0,0.0,0.0,0.0006856838779487416,0.0011428064632479026,6.999605232437291e-30,0.0,0.0,0.0,0.0,0.0,0.0,0.0,0.0,0.0,0.0,0.0,0.0,0.0,0.0,0.0,0.0,0.00022856129264958052,0.0,0.0,0.0,0.0,0.0,0.0,0.0,0.0,0.0,0.0,0.0,0.0,0.0,0.0,0.0,0.0006856838779487416,0.000457121437272071,3.101319174589874e-41,0.0,0.0,0.0,0.0,0.0,0.0,0.0,0.0,0.0,0.0,0.0,0.0,0.0,0.00022856129264958052,0.00022856129264958052,2.1780312574719633e-31,0.0,0.0,0.0,0.0,0.0,0.0,0.0,0.0,0.0,0.0,0.0,0.0,0.0,0.0,0.0,0.00022856129264958052,0.0011428061135530156,2.308904964332177e-214,0.0,0.0,0.0,0.0,0.0,0.0,0.0,0.0,0.0,0.0,0.0,0.0,0.00045712221741143046,0.0,3.8278018432484604e-36,0.0,0.0,0.0,0.0,0.0,0.0,0.0,0.0,0.0,0.0,0.0,0.0,0.0,0.0,0.0,0.00022856129264958052,0.00022856129264958052,0.0,0.0,0.0,0.0,0.0,0.0,0.0,0.0,0.0,0.0,0.0,0.0,0.0,0.0,0.0,0.00022856129264958052,4.947605289123952e-5,1.5808785986895338e-37,0.0,0.0,0.0,0.0,0.0,0.0,0.0,0.0,0.0,0.0,0.0,0.0,0.0,0.0,0.0,0.0006856838779481303,0.0,0.0,0.0,0.0,0.0,0.0,0.0,0.0,0.0,0.0,0.0,0.0,0.0,0.0,0.0006702287550943819,1.0140035949393061e-31,0.0,0.0,0.0,0.0,0.0,0.0,0.0,0.0,0.0,0.0,0.0,0.0,0.0,0.00023889008670645653,4.534675517539326e-19,0.0,0.0,0.0,0.0,0.0,0.0,0.0,0.0,0.0,0.0,0.0,0.0,0.0,0.0,0.0,0.0,0.00022856129264958052,0.0,7.623100982517155e-18,0.0,0.0,0.0,0.0,0.0,0.0,0.0,0.0,0.0,0.0,0.0,0.0,0.0,0.0,0.00022856129264958052,0.0,0.0,0.0,0.0,0.0,0.0,0.0,0.0,0.0,0.0,0.0,0.0,0.0,0.0,0.0,0.00022856129264958052,0.0006856838779474668,0.0,0.0,0.0,0.0,0.0,0.0,0.0,0.0,0.0,0.0,0.0,0.0,0.0,0.0,0.0,0.0,8.142085099809406e-13,0.0,0.0,0.0,0.0,0.0,0.0,0.0,0.0,0.0,0.0,0.0,0.0,0.0,0.0004571224857602197,6.758673580416169e-11,0.0,0.0,0.0,0.0,0.0,0.0,0.0,0.0,0.0,0.0,0.0,0.0,0.0,0.0,0.0,0.0,0.0,0.0,0.0,0.0,0.0,0.0,0.0,0.0,0.0,0.0,0.0,0.0,0.0,0.0,0.0,0.0,0.00022856129264958052,0.0,0.0,0.0,0.0,0.0,0.0,0.0
0.0,0.0,0.0,0.0,0.0,0.0,0.0,0.0,0.0,1.160207040669857e-10,0.010246561432507214,2.523571881113872e-31,0.0,0.0,0.0,0.0,0.0,0.0,0.0,0.0,0.0,0.0,0.0,0.0,0.0,0.0,0.0,0.0,0.0,0.0,0.0,0.0,1.2949107376709017e-249,4.310585364922683e-6,0.07992317917355628,3.989362672136418e-44,0.0,0.0,0.0,0.0,0.0,0.0,0.0,0.0,0.0,0.0,0.0,0.0,0.0,0.0,0.0,0.0,0.0,0.0,0.0,0.0,5.612864090304668e-211,0.00030565197447558794,0.5437508600103901,3.818521182224427e-45,0.0,0.0,0.0,0.0,0.0,0.0,0.0,0.0,0.0,0.0,0.0,0.0,0.0,0.0,0.0,0.0,0.0,0.0,0.0,0.0,1.4361699542260053e-203,0.00015009623642716044,0.29783338563127837,3.7225559591100315e-72,0.0,0.0,0.0,0.0,0.0,0.0,0.0,0.0,0.0,0.0,0.0,0.0,0.0,0.0,0.0,0.0,0.0,0.0,0.0,0.0,3.627628136266151e-200,5.1568996878229946e-5,0.03142278839302212,3.25938400300259e-35,0.0,0.0,0.0,0.0,0.0,0.0,0.0,0.0,0.0,0.0,0.0,0.0,0.0,0.0,0.0,0.0,0.0,0.0,1.9308988933909236e-219,9.360340153892568e-10,0.006147936859502509,2.1088252773563767e-111,0.0,0.0,0.0,0.0,0.0,0.0,0.0,0.0,0.0,0.0,0.0,0.0,0.0,0.0,0.0,0.0,0.0,2.6985244607501458e-217,5.877743420570998e-10,0.002049110257056793,1.2465786690752907e-76,0.0,0.0,0.0,0.0,0.0,0.0,0.0,0.0,0.0,0.0,0.0,0.0,0.0,0.0,0.0,0.0,0.0,1.5843725495319245e-188,4.676577535606068e-8,0.004098624573002886,0.0,0.0,0.0,0.0,0.0,0.0,0.0,0.0,0.0,0.0,0.0,0.0,0.0,0.0,0.0,0.0,3.5111313737150045e-250,7.071502684818068e-21,0.0027324163820019237,1.25236291431064e-107,0.0,0.0,0.0,0.0,0.0,0.0,0.0,0.0,0.0,0.0,0.0,0.0,0.0,0.0,1.5245192611367356e-235,0.0007867283296117542,0.0013662081908283547,0.0,0.0,0.0,0.0,0.0,0.0,0.0,0.0,0.0,0.0,0.0,0.0,0.0,0.0,0.0,0.0,6.866072677791515e-244,1.286814961198511e-7,0.0027324163820019237,0.0,0.0,0.0,0.0,0.0,0.0,0.0,0.0,0.0,0.0,0.0,0.0,0.0,9.10655819092412e-252,7.918498164615848e-12,0.0,0.0,0.0,0.0,0.0,0.0,0.0,0.0,0.0,0.0,0.0,0.0,0.0,0.0,0.0,0.0,3.3167006049265065e-259,1.8525819523540597e-10,0.001366208191000674,0.0,0.0,0.0,0.0,0.0,0.0,0.0,0.0,0.0,0.0,0.0,0.0,0.0,0.0,1.2097795323922232e-249,1.4167877871017281e-8,0.0,0.0,0.0,0.0,0.0,0.0,0.0,0.0,0.0,0.0,0.0,0.0,0.0,0.0,5.571175204969459e-266,4.409202370087562e-7,0.0013662081910009618,0.0,0.0,0.0,0.0,0.0,0.0,0.0,0.0,0.0,0.0,0.0,0.0,0.0,0.0,0.0,3.377537423913117e-274,1.0409686903410395e-9,0.0006831040955004809,9.061448050251733e-103,0.0,0.0,0.0,0.0,0.0,0.0,0.0,0.0,0.0,0.0,0.0,0.0,3.4023728727244772e-12,0.0006831040955004809,0.0,0.0,0.0,0.0,0.0,0.0,0.0,0.0,0.0,0.0,0.0,0.0,0.0,0.0,0.0,1.8965171676257307e-264,0.0006835280664284959,0.0006831040955004809,0.0,0.0,0.0,0.0,0.0,0.0,0.0,0.0,0.0,0.0,0.0,0.0,0.0,0.0,4.947667795467563e-292,7.822386167268043e-37,0.0013662081910009618,0.0,0.0,0.0,0.0,0.0,0.0,0.0,0.0,0.0,0.0,0.0,0.0,0.0,0.0,5.162427176777531e-274,2.2790504405312817e-43,2.8423488006912354e-80,4.890518635484163e-76,0.0,0.0,0.0,0.0,0.0,0.0,0.0,0.0,0.0,0.0,0.0,0.0,3.041899886597728e-7,0.002049296884557353,0.0,0.0,0.0,0.0,0.0,0.0,0.0,0.0,0.0,0.0,0.0,0.0,8.954965667035799e-175,8.6176449469760075e-19,0.0006831040955004809,0.0,0.0,0.0,0.0,0.0,0.0,0.0,0.0,0.0,0.0,0.0,0.0,0.0,0.0,0.0,0.0,2.7744888202489355e-287,1.328319642808287e-8,0.0006831040955004809,0.0,0.0,0.0,0.0,0.0,0.0,0.0,0.0,0.0,0.0,0.0,0.0,0.0,1.1e-322,1.5732441766862258e-8,0.0027324163820019215,0.0,0.0,0.0,0.0,0.0,0.0,0.0,0.0,0.0,0.0,0.0,0.0,0.0,0.0,1.6610269570215677e-274,1.1286718005945014e-22,0.0006831040955004809,0.0,0.0,0.0,0.0,0.0,0.0,0.0,0.0,0.0,0.0,0.0,0.0,0.0,0.0,1.286850470193365e-238,8.694317245103098e-7,0.0013662081910009618,0.0,0.0,0.0,0.0,0.0,0.0,0.0,0.0,0.0,0.0,0.0,4.898459351416592e-251,1.419062869570914e-6,0.0,0.0,0.0,0.0,0.0,0.0,0.0,0.0,0.0,0.0,0.0,0.0,0.0013662028091156423,0.0,0.0,0.0,0.0,0.0,0.0,0.0,0.0,0.0,0.0,0.0,0.0,0.0,0.0,0.0,0.0,0.0
0.0,5.481616257420582e-15,0.03346783941864824,1.278253199997976e-21,0.0,0.0,0.0,0.0,0.0,0.0,0.0,0.0,0.0,0.0,0.0,0.0,0.0,0.0,0.0,0.0,0.0,0.0,0.0,0.0,0.0,5.511586445994564e-16,0.4384969980973913,2.7677904118097176e-25,0.0,0.0,0.0,0.0,0.0,0.0,0.0,0.0,0.0,0.0,0.0,0.0,0.0,0.0,0.0,0.0,0.0,0.0,0.0,0.0,0.0,2.0235015260970124e-14,0.3305802914005255,2.13645491831096e-25,0.0,0.0,0.0,0.0,0.0,0.0,0.0,0.0,0.0,0.0,0.0,0.0,0.0,0.0,0.0,0.0,0.0,0.0,0.0,0.0,0.0,3.3794282263145646e-15,0.05327533621744006,1.1190831804080961e-27,0.0,0.0,0.0,0.0,0.0,0.0,0.0,0.0,0.0,0.0,0.0,0.0,0.0,0.0,0.0,0.0,0.0,0.0,0.0,0.0,0.0,5.2665700832131014e-14,0.019124479667798996,3.1781412701422047e-20,0.0,0.0,0.0,0.0,0.0,0.0,0.0,0.0,0.0,0.0,0.0,0.0,0.0,0.0,0.0,0.0,0.0,0.0,0.0,1.2483851814313582e-23,0.011611291226877962,1.3909973865382094e-19,0.0,0.0,0.0,0.0,0.0,0.0,0.0,0.0,0.0,0.0,0.0,0.0,0.0,0.0,0.0,0.0,0.0,0.0,1.1681457174826449e-26,0.011611291226877962,5.017768666588932e-27,0.0,0.0,0.0,0.0,0.0,0.0,0.0,0.0,0.0,0.0,0.0,0.0,0.0,0.0,0.0,0.0,0.0,0.0,2.4958840644367154e-23,0.011611291226877962,4.444908893321886e-18,0.0,0.0,0.0,0.0,0.0,0.0,0.0,0.0,0.0,0.0,0.0,0.0,0.0,0.0,0.0,0.0,5.343672333031145e-21,0.006147154178935389,2.1305282221240517e-16,0.0,0.0,0.0,0.0,0.0,0.0,0.0,0.0,0.0,0.0,0.0,0.0,0.0,0.0,0.0,2.4997115952410637e-35,0.008196205571913856,2.633821648458187e-19,0.0,0.0,0.0,0.0,0.0,0.0,0.0,0.0,0.0,0.0,0.0,0.0,0.0,0.0,0.0,0.0,5.855490971863004e-16,0.00546413704794257,4.318071323404316e-16,0.0,0.0,0.0,0.0,0.0,0.0,0.0,0.0,0.0,0.0,0.0,0.0,0.0,2.029408431046969e-27,0.002049051392978464,0.0,0.0,0.0,0.0,0.0,0.0,0.0,0.0,0.0,0.0,0.0,0.0,0.0,0.0,0.0,0.0,6.802541890342756e-7,0.006147154178935392,4.1890442072731036e-65,0.0,0.0,0.0,0.0,0.0,0.0,0.0,0.0,0.0,0.0,0.0,0.0,0.0,0.0,2.1701426012511152e-10,0.0034150856549641064,3.0172596314391727e-26,0.0,0.0,0.0,0.0,0.0,0.0,0.0,0.0,0.0,0.0,0.0,0.0,0.0,6.755729877088334e-26,0.00614715417893539,4.162928813983111e-30,0.0,0.0,0.0,0.0,0.0,0.0,0.0,0.0,0.0,0.0,0.0,0.0,0.0,0.0,0.0,4.707347871629605e-19,0.004781119916949749,1.6852430986991056e-24,0.0,0.0,0.0,0.0,0.0,0.0,0.0,0.0,0.0,0.0,0.0,0.0,2.5152620030305182e-22,0.0075131884409210346,1.0244813053608571e-15,0.0,0.0,0.0,0.0,0.0,0.0,0.0,0.0,0.0,0.0,0.0,0.0,0.0,0.0,0.0,0.0,0.003415085654964089,5.040746910786563e-16,0.0,0.0,0.0,0.0,0.0,0.0,0.0,0.0,0.0,0.0,0.0,0.0,0.0,0.0,0.0,0.0034150856549641064,3.0536521604357732e-22,0.0,0.0,0.0,0.0,0.0,0.0,0.0,0.0,0.0,0.0,0.0,0.0,0.0,0.0,4.097293455501748e-17,0.006147154178935392,0.0,0.0,0.0,0.0,0.0,0.0,0.0,0.0,0.0,0.0,0.0,0.0,0.0,1.7987744261457275e-12,0.0034150856549640955,5.376677823074384e-265,0.0,0.0,0.0,0.0,0.0,0.0,0.0,0.0,0.0,0.0,0.0,0.0,6.155438611308063e-194,0.006147154178935392,2.503742145242052e-297,0.0,0.0,0.0,0.0,0.0,0.0,0.0,0.0,0.0,0.0,0.0,0.0,0.0,0.0,0.0,0.0,1.6590671381993888e-14,0.0034150856549641064,2.686470164828564e-187,0.0,0.0,0.0,0.0,0.0,0.0,0.0,0.0,0.0,0.0,0.0,0.0,0.0,5.436312660921172e-11,0.002049051392978464,0.0,0.0,0.0,0.0,0.0,0.0,0.0,0.0,0.0,0.0,0.0,0.0,0.0,0.0,0.0,5.485085976920338e-20,0.004781119916949749,0.0,0.0,0.0,0.0,0.0,0.0,0.0,0.0,0.0,0.0,0.0,0.0,0.0,0.0,0.0,4.381365056083636e-208,0.002049051392978464,6.358545414096218e-5,0.0,0.0,0.0,0.0,0.0,0.0,0.0,0.0,0.0,0.0,0.0,4.033961783503506e-14,0.0006830155895210352,4.447549144940496e-15,0.0,0.0,0.0,0.0,0.0,0.0,0.0,0.0,0.0,0.0,0.0,0.0013660342619856425,0.0027320685239712005,0.0,0.0,0.0,0.0,0.0,0.0,0.0,0.0,0.0,0.0,0.0,0.0,0.0,0.0,0.0,0.0,0.0,0.0006816729173217103,0.0,0.0,0.0,0.0,0.0
0.016073867073229407,0.01402188404260163,5.067373145799389e-29,0.0,0.0,0.0,0.0,0.0,0.0,0.0,0.0,0.0,0.0,0.0,0.0,0.0,0.0,0.0,0.0,0.0,0.0,0.0,0.0,3.247357045507174e-24,0.2188781899333366,0.2335840683194824,1.0454404215484214e-30,0.0,0.0,0.0,0.0,0.0,0.0,0.0,0.0,0.0,0.0,0.0,0.0,0.0,0.0,0.0,0.0,0.0,0.0,0.0,0.0,4.104507442969452e-25,0.18536246709979443,0.16005467638874224,2.1817914120883366e-26,0.0,0.0,0.0,0.0,0.0,0.0,0.0,0.0,0.0,0.0,0.0,0.0,0.0,0.0,0.0,0.0,0.0,0.0,0.0,0.0,2.4787126047457288e-23,0.02359780485218785,0.020861827478019453,1.4063718199740728e-35,0.0,0.0,0.0,0.0,0.0,0.0,0.0,0.0,0.0,0.0,0.0,0.0,0.0,0.0,0.0,0.0,0.0,0.0,0.0,0.0,2.3464623074682605e-21,0.005129957576562576,0.010601912324869622,5.8757928305165665e-28,0.0,0.0,0.0,0.0,0.0,0.0,0.0,0.0,0.0,0.0,0.0,0.0,0.0,0.0,0.0,0.0,0.0,0.0,3.4282125972573536e-15,0.005813951920104254,0.006155949091875092,1.684017436202954e-30,0.0,0.0,0.0,0.0,0.0,0.0,0.0,0.0,0.0,0.0,0.0,0.0,0.0,0.0,0.0,0.0,0.0,8.060217420663428e-175,0.003761968889479223,0.0054719547483334146,7.175257131673499e-37,0.0,0.0,0.0,0.0,0.0,0.0,0.0,0.0,0.0,0.0,0.0,0.0,0.0,0.0,0.0,0.0,0.0,1.903294151529186e-19,0.003761968889479223,0.004787960404791738,2.7118082444619007e-25,0.0,0.0,0.0,0.0,0.0,0.0,0.0,0.0,0.0,0.0,0.0,0.0,0.0,0.0,0.0,6.1619062396120855e-22,0.0054719547483334146,0.004787960404791738,1.0426477549326896e-18,0.0,0.0,0.0,0.0,0.0,0.0,0.0,0.0,0.0,0.0,0.0,0.0,0.0,0.0,2.7291162712259435e-17,0.00649794626364593,0.004787960404791738,1.956287261531564e-22,0.0,0.0,0.0,0.0,0.0,0.0,0.0,0.0,0.0,0.0,0.0,0.0,0.0,0.0,0.0,9.280467860634158e-17,0.0017099858588541918,0.0013679886870830607,1.106127678915048e-29,0.0,0.0,0.0,0.0,0.0,0.0,0.0,0.0,0.0,0.0,0.0,0.0,2.4091918943967244e-27,0.002393980202395869,0.002393980202395869,7.192498869620446e-99,0.0,0.0,0.0,0.0,0.0,0.0,0.0,0.0,0.0,0.0,0.0,0.0,0.0,0.0,8.375807770703246e-12,0.0013679886870833536,0.0027356367604424265,3.8386556473408764e-21,0.0,0.0,0.0,0.0,0.0,0.0,0.0,0.0,0.0,0.0,0.0,0.0,0.0,2.4170012918114506e-16,0.0010259915153125153,0.0017099857501918175,8.153940543391622e-25,0.0,0.0,0.0,0.0,0.0,0.0,0.0,0.0,0.0,0.0,0.0,0.0,1.8968233228602927e-20,0.0020519830306250306,0.002393980202395869,4.108817783946695e-43,0.0,0.0,0.0,0.0,0.0,0.0,0.0,0.0,0.0,0.0,0.0,0.0,0.0,0.0,5.14575276415258e-16,0.0013679886870833536,0.0013679886870833534,4.691891065119568e-39,0.0,0.0,0.0,0.0,0.0,0.0,0.0,0.0,0.0,0.0,0.0,1.8178510944446845e-19,0.0020519830306250306,0.0020519830306250306,2.80694005216976e-35,0.0,0.0,0.0,0.0,0.0,0.0,0.0,0.0,0.0,0.0,0.0,0.0,0.0,0.0,7.938296820354442e-89,0.0006839943435416763,0.0017099858588541922,0.0,0.0,0.0,0.0,0.0,0.0,0.0,0.0,0.0,0.0,0.0,0.0,0.0,0.0,0.0,0.0017099858588541922,0.0006839943435416768,0.0,0.0,0.0,0.0,0.0,0.0,0.0,0.0,0.0,0.0,0.0,0.0,0.0,0.0,0.0003419971717708384,0.0020519830306250306,0.0023939802023958483,2.6900877352127324e-32,0.0,0.0,0.0,0.0,0.0,0.0,0.0,0.0,0.0,0.0,0.0,5.334429066087428e-20,0.0010259915153125153,0.0027359773732660336,5.6273855435020805e-18,0.0,0.0,0.0,0.0,0.0,0.0,0.0,0.0,0.0,0.0,0.0,0.0,0.0006839943435416768,0.0027359773741667073,7.948926713243358e-23,0.0,0.0,0.0,0.0,0.0,0.0,0.0,0.0,0.0,0.0,0.0,0.0,0.0,0.0,0.0,2.0201219034302125e-10,0.002393980202350569,0.0034199717177000773,5.101852656774704e-33,0.0,0.0,0.0,0.0,0.0,0.0,0.0,0.0,0.0,0.0,0.0,0.0,0.0006839943435416691,0.0010259915147534729,0.0023939801751754163,0.0,0.0,0.0,0.0,0.0,0.0,0.0,0.0,0.0,0.0,0.0,0.0,0.0,0.0,3.853635182412407e-12,0.0003419971717708384,0.0020519830306250306,1.166135083834923e-37,0.0,0.0,0.0,0.0,0.0,0.0,0.0,0.0,0.0,0.0,0.0,0.0,0.0,0.0,0.0003419971717708384,0.0003419971717708384,2.6699209691649406e-44,0.0,0.0,0.0,0.0,0.0,0.0,0.0,0.0,0.0,0.0,0.0,0.0010259915153125153,0.0010259915152923166,7.718386073661735e-10,0.0,0.0,0.0,0.0,0.0,0.0,0.0,0.0,0.0,0.00034193361049838686,0.0017099858588541922,0.0003419971717708384,0.0,0.0,0.0,0.0,0.0,0.0,0.0,0.0,0.0,0.0,0.0,0.0,0.0,0.0,0.0,0.0,0.0,0.0,0.0003419971717708384,6.730684384261598e-7,0.0,0.0,0.0,0.0,0.0
0.0,0.0,0.0,0.0,0.0,0.0,0.0,0.0,6.444303878989075e-23,0.005490859217143349,9.828607031947483e-38,0.0,0.0,9.370363061882065e-118,0.012290917072383561,1.9065201841112888e-20,0.0,0.0,0.0,0.0,0.0,0.0,0.0,0.0,0.0,0.0,0.0,0.0,0.0,0.0,0.0,0.0,2.1578957565319043e-18,0.07778428593400945,2.2803589446094958e-48,0.0,0.0,1.2285549046242535e-129,0.1710985780690187,4.887409544413781e-21,0.0,0.0,0.0,0.0,0.0,0.0,0.0,0.0,0.0,0.0,0.0,0.0,0.0,0.0,0.0,0.0,6.0240237605257306e-15,0.26244136449953853,1.0036591631295433e-48,0.0,0.0,7.550170203824555e-135,0.14462871034833438,7.291365567128458e-20,0.0,0.0,0.0,0.0,0.0,0.0,0.0,0.0,0.0,0.0,0.0,0.0,0.0,0.0,0.0,0.0,7.189295212254844e-14,0.16187980848031866,1.2614135061426247e-58,0.0,0.0,2.283984519204018e-139,0.006172110698165324,2.985891851035335e-18,0.0,0.0,0.0,0.0,0.0,0.0,0.0,0.0,0.0,0.0,0.0,0.0,0.0,0.0,0.0,0.0,1.2428839534518035e-17,0.024216752154476755,5.222350927040255e-49,0.0,0.0,3.9413561185136383e-165,8.489718981491752e-27,0.0,0.0,0.0,0.0,0.0,0.0,0.0,0.0,0.0,0.0,0.0,0.0,0.0,0.0,0.0,1.978197350142496e-15,0.010066574746913293,1.0042602388912302e-69,0.0,0.0,1.542426800653571e-140,0.0,0.0,0.0,0.0,0.0,0.0,0.0,0.0,0.0,0.0,0.0,0.0,0.0,0.0,0.0,8.261780521697264e-11,0.01098171819600187,0.0,0.0,0.0,0.0,8.540714794247476e-116,0.0,0.0,0.0,0.0,0.0,0.0,0.0,0.0,0.0,0.0,0.0,0.0,0.0,0.0,4.713863642580164e-17,0.0109816872640513,1.4184388971172706e-60,0.0,0.0,0.0,0.0,0.0,0.0,0.0,0.0,0.0,0.0,0.0,0.0,0.0,0.0,0.0,0.0,1.6677451078808215e-9,0.008236288942288289,3.1820453761109284e-44,0.0,0.0,0.0,0.0,0.0,0.0,0.0,0.0,0.0,0.0,0.0,0.0,0.0,0.0,0.0,8.532736084686565e-16,0.010912306756685525,0.0,0.0,0.0,0.0,0.0,0.0,0.0,0.0,0.0,0.0,0.0,0.0,0.0,0.0,0.0,0.0,0.0,7.571648878822853e-16,0.01006648917767586,8.906523088196634e-54,0.0,0.0,0.0,0.0,0.0,0.0,0.0,0.0,0.0,0.0,0.0,0.0,0.0,3.207916980012457e-9,0.007778717329079243,0.0,0.0,0.0,0.0,0.0,0.0,0.0,0.0,0.0,0.0,0.0,0.0,0.0,0.0,0.0,0.0,7.325770442937543e-12,0.006406002386575,1.927953882354496e-62,0.0,0.0,0.0,0.0,0.0,0.0,0.0,0.0,0.0,0.0,0.0,0.0,0.0,0.0,6.721453614589737e-27,0.007778707844147992,0.0,0.0,0.0,0.0,0.0,0.0,0.0,0.0,0.0,0.0,0.0,0.0,0.0,0.0,1.0161164664184118e-21,0.005490563948098171,8.800716870301169e-49,0.0,0.0,0.0,0.0,0.0,0.0,0.0,0.0,0.0,0.0,0.0,0.0,0.0,0.0,0.0,9.585310419995632e-17,0.007778716637099147,0.0,0.0,0.0,0.0,0.0,0.0,0.0,0.0,0.0,0.0,0.0,0.0,0.0,5.063816253757644e-184,0.005033287684674904,1.2306611776262437e-76,0.0,0.0,0.0,0.0,0.0,0.0,0.0,0.0,0.0,0.0,0.0,0.0,0.0,0.0,0.0,1.82438686205413e-17,0.0027451456540154968,1.2568920800778703e-66,0.0,0.0,0.0,0.0,0.0,0.0,0.0,0.0,0.0,0.0,0.0,0.0,0.0,0.0,1.903178814857975e-21,0.0036605728632392396,2.243628185706254e-81,0.0,0.0,0.0,0.0,0.0,0.0,0.0,0.0,0.0,0.0,0.0,0.0,0.0,0.0,4.006743757825658e-15,0.0022878580395224537,0.0,0.0,0.0,0.0,0.0,0.0,0.0,0.0,0.0,0.0,0.0,0.0,0.0,6.687359908007344e-33,0.00411794071200533,6.533053469865416e-57,0.0,0.0,0.0,0.0,0.0,0.0,0.0,0.0,0.0,0.0,0.0,0.0,2.3017389859003636e-22,0.002287858039524524,0.0,0.0,0.0,0.0,0.0,0.0,0.0,0.0,0.0,0.0,0.0,0.0,0.0,0.0,0.0,0.0,0.0,1.7004226829602633e-31,0.004575707180326431,3.512262307062317e-67,0.0,0.0,0.0,0.0,0.0,0.0,0.0,0.0,0.0,0.0,0.0,0.0,0.0,6.677420177758146e-22,0.0022878475012790022,6.486156919288233e-71,0.0,0.0,0.0,0.0,0.0,0.0,0.0,0.0,0.0,0.0,0.0,0.0,0.0,0.0,2.2768978330148103e-18,0.0032030012553343344,1.0356413441951498e-39,0.0,0.0,0.0,0.0,0.0,0.0,0.0,0.0,0.0,0.0,0.0,0.0,0.0,0.0,6.23018140869109e-20,0.0050327053053304234,7.837612426125094e-40,0.0,0.0,0.0,0.0,0.0,0.0,0.0,0.0,0.0,0.0,0.0,1.092118928225652e-27,0.0022869074920410224,0.0,0.0,0.0,0.0,0.0,0.0,0.0,0.0,0.0,0.0,0.0,5.0627467535655327e-20,3.6050112061263876e-9,0.0,0.0,0.0,0.0,0.0,0.0,3.7433121010996506e-274,0.0,0.0,0.0,0.0,0.0,0.0,0.0,0.0,0.0,0.0
0.0,0.0,0.0,0.0,0.0,0.0,0.0,0.0,0.0,0.0,0.0,0.0,0.0,0.0,0.0,0.0,0.0,0.0,0.0007309998362012398,0.016403965531776057,1.1843675212702503e-28,0.0,0.0,0.0,0.0,0.0,0.0,0.0,0.0,0.0,0.0,0.0,0.0,0.0,0.0,0.0,0.0,0.0,0.0,0.0,0.0,0.0,2.0865935197789818e-20,0.4743480032938995,2.95639243669671e-12,0.0,0.0,0.0,0.0,0.0,0.0,0.0,0.0,0.0,0.0,0.0,0.0,0.0,0.0,0.0,0.0,0.0,0.0,0.0,0.0,0.0,2.7787023146760826e-24,0.46751301765483766,2.2415223034253852e-13,0.0,0.0,0.0,0.0,0.0,0.0,0.0,0.0,0.0,0.0,0.0,0.0,0.0,0.0,0.0,0.0,0.0,0.0,0.0,0.0,0.0,3.018096039861224e-23,0.026656443989138443,1.6529278208333597e-14,0.0,0.0,0.0,0.0,0.0,0.0,0.0,0.0,0.0,0.0,0.0,0.0,0.0,0.0,0.0,0.0,0.0,0.0,0.0,0.0,0.0020443241163610394,1.1814446044011275e-10,0.0,0.0,0.0,0.0,0.0,0.0,0.0,0.0,0.0,0.0,0.0,0.0,0.0,0.0,0.0,0.0,0.0,0.0,0.0,2.709490416779692e-7,0.0006834985638240624,0.0,0.0,0.0,0.0,0.0,0.0,0.0,0.0,0.0,0.0,0.0,0.0,0.0,0.0,0.0,0.0,0.0,0.0,0.0,0.0,0.0006834985638231986,0.0,0.0,0.0,0.0,0.0,0.0,0.0,0.0,0.0,0.0,0.0,0.0,0.0,0.0,0.0,0.0,0.0,0.002733994255291913,3.899231004449018e-10,0.0,0.0,0.0,0.0,0.0,0.0,0.0,0.0,0.0,0.0,0.0,0.0,0.0,0.0,0.0,0.0,0.0,1.6564834666735926e-189,0.0,0.0,0.0,0.0,0.0,0.0,0.0,0.0,0.0,0.0,0.0,0.0,0.0,0.0,0.0,0.0,0.0,0.0013669970962765833,7.523103346646275e-14,0.0,0.0,0.0,0.0,0.0,0.0,0.0,0.0,0.0,0.0,0.0,0.0,0.0,0.0,0.003417492819120313,0.0,0.0,0.0,0.0,0.0,0.0,0.0,0.0,0.0,0.0,0.0,0.0,0.0,0.0,0.0,0.0,0.0,0.0006834985638240626,9.504030038143215e-189,0.0,0.0,0.0,0.0,0.0,0.0,0.0,0.0,0.0,0.0,0.0,0.0,0.0,0.0,0.0,0.0013669971276481251,3.5906351015746897e-194,0.0,0.0,0.0,0.0,0.0,0.0,0.0,0.0,0.0,0.0,0.0,0.0,0.0,0.0,0.0,0.0006834985638240626,0.0,0.0,0.0,0.0,0.0,0.0,0.0,0.0,0.0,0.0,0.0,0.0,0.0,0.0,0.0,0.0,0.0,0.0,0.0,0.0,0.0,0.0,0.0,0.0,0.0,0.0,0.0,0.0,0.0,0.0,0.0,0.0,0.0,0.0,0.0,0.0,0.0,0.0,0.0,0.0,0.0,0.0,0.0,0.0,0.0,0.0,0.0,0.0,0.0,0.0,0.0,0.0,0.0,0.0,0.0,0.0,0.0,0.0,0.0,0.0,0.0,0.0,0.0,0.0,0.0,0.0,0.0,0.0,0.0,0.0,0.0,0.0,0.0,0.0,0.0,0.0,0.0,0.0,0.0,0.0,0.0,0.0,0.0,0.0,0.0,0.0,0.0,0.0,0.0,0.0,0.0,0.0,0.0,0.0,0.0,0.0,0.0,0.0,0.0,0.0,0.0,0.0,0.0,0.0,0.0,0.0,0.0,0.0,0.0,0.0,0.0,0.0,0.0,0.0,0.0,0.0,0.0,0.0,0.0,0.0,0.0,0.0,0.0,0.0,0.0,0.0,0.0,0.0,0.0,0.0,0.0,0.0,0.0,0.0006834985637721845,0.0,0.0,0.0,0.0,0.0,0.0,0.0,0.0,0.0,0.0,0.0,0.0,0.0,0.0,0.0,0.0,0.0,0.0,0.0,0.0,0.0,0.0,0.0,0.0,0.0,0.0,0.0,0.0,0.0,0.0,0.0,0.0,0.0,0.0,0.0,0.0,0.0,0.0,0.0,0.0,0.0,0.0,0.0,0.0,0.0,0.0,0.0,0.0,0.0,0.0,0.0,0.0,0.0,0.0,0.0,0.0,0.0,0.0,0.0,0.0,0.0,0.0,0.0,0.0,0.0,0.0,0.0,0.0,0.0,0.0,0.0,0.0,0.0,0.0,0.0,0.0,0.0,0.0,0.0,0.0,0.0,0.0,0.0,0.0,0.0,0.0,0.0,0.0,0.0,0.0,0.0,0.0,0.0,0.0,0.0,0.0,0.0,0.0,0.0,0.0,0.0,0.0,0.0,0.0,0.0,0.0,0.0
0.0,0.0,0.0,0.0,3.626745747750318e-40,0.007859426894145852,1.9350658575060293e-26,0.0,0.0,0.0,4.845813275973919e-32,0.0016181173017359963,0.004854351671130542,7.506000100496543e-53,0.0,0.0,0.0,0.0,0.0,0.0,0.0,0.0,0.0,0.0,0.0,0.0,0.0,0.0,6.692452344401076e-37,0.1511783878881752,2.8375513310701907e-30,0.0,0.0,0.0,2.5959643808033462e-20,0.040452932543399905,0.07443338550090625,4.266310989204845e-38,0.0,0.0,0.0,0.0,0.0,0.0,0.0,0.0,0.0,0.0,0.0,0.0,0.0,0.0,3.3942883562831335e-38,0.12921822379695244,5.6384547782751774e-33,0.0,0.0,8.565146155086819e-277,2.704742331766086e-12,0.20134002425886469,0.1944052358182206,3.1358888140547116e-34,0.0,0.0,0.0,0.0,0.0,0.0,0.0,0.0,0.0,0.0,0.0,0.0,0.0,0.0,6.963445484638226e-47,0.023110535247310608,4.911585123044103e-33,0.0,0.0,1.0e-323,2.3455245259764823e-12,0.08552905737747409,0.05732758440436101,1.0373150140227449e-32,0.0,0.0,0.0,0.0,0.0,0.0,0.0,0.0,0.0,0.0,0.0,0.0,0.0,0.0,1.0281117578372764e-44,0.003381632114672116,1.992006621671034e-31,0.0,0.0,0.0,2.625821946597778e-27,0.003005074988938279,0.0027739153744023286,1.1132759937519809e-28,0.0,0.0,0.0,0.0,0.0,0.0,0.0,0.0,0.0,0.0,0.0,0.0,2.477228628364985e-41,0.0014181696805723929,2.9274773116602043e-33,0.0,0.0,0.0,6.159539626981442e-16,0.0011557980726685688,0.0009246371866113356,2.7784767247541574e-35,0.0,0.0,0.0,0.0,0.0,0.0,0.0,0.0,0.0,0.0,0.0,1.8120025803906904e-54,0.002309662131010768,4.992704616830842e-36,0.0,0.0,0.0,6.836593259699031e-8,0.0006934788436011413,2.948495592631998e-15,4.666202205875208e-26,0.0,0.0,0.0,0.0,0.0,0.0,0.0,0.0,0.0,0.0,0.0,3.88052906284106e-55,0.00037455242254803985,2.607166229775257e-32,0.0,0.0,0.0,4.7917594428820475e-117,0.0004623192290674275,2.120326627076877e-13,4.8597806622197797e-178,0.0,0.0,0.0,0.0,0.0,0.0,0.0,0.0,0.0,1.2490288202969734e-49,0.001090970851820958,2.6856446425226587e-37,0.0,0.0,0.0,5.657727793342753e-250,0.0004623192290674275,0.00046231921363644175,0.0,0.0,0.0,0.0,0.0,0.0,0.0,0.0,0.0,3.966770582084412e-43,0.0009582651267622473,9.203741777493738e-18,0.0,0.0,0.0,5.840952446484086e-14,0.0004623192290674275,0.0,0.0,0.0,0.0,0.0,0.0,0.0,0.0,0.0,0.0,0.0,2.3677523007534007e-40,1.4296371368033978e-37,0.0,0.0,0.0,0.0,6.00860582494477e-169,0.0,0.0,0.0,0.0,0.0,0.0,0.0,0.0,0.0,0.0,2.270156632929256e-21,2.1406054871651772e-11,0.0,0.0,2.069446069941064e-288,0.0,0.0,0.0,0.0,0.0,0.0,0.0,0.0,0.0,0.0,0.0,0.0,0.0,0.00023114961734497656,4.429860481113107e-24,0.0,0.0,0.0,9.742720850696828e-17,0.00023115961453371375,0.0,0.0,0.0,0.0,0.0,0.0,0.0,0.0,0.0,0.0,6.6945568009312504e-21,0.0,0.0,0.0,0.0,0.0,0.0,0.0,0.0,0.0,0.0,0.0,0.0,0.0,0.0,0.0,8.698525548684699e-6,9.841971405536272e-296,0.0,0.0,0.0,1.9276875533068057e-271,0.0,0.00023115961453371375,0.0,0.0,0.0,0.0,0.0,0.0,0.0,0.0,0.0,3.028777638407968e-54,0.000423953284431139,0.0,0.0,0.0,0.0,1.3136221830273884e-30,0.00023115961453371375,0.0,0.0,0.0,0.0,0.0,0.0,0.0,5.152452144663616e-280,0.0008104083080942493,0.0,0.0,0.0,0.0,1.8060130277587363e-290,0.00023115961453371375,6.472073661999774e-29,0.0,0.0,0.0,0.0,0.0,0.0,0.0,0.0,0.0,3.7866913494469674e-51,0.00023115961453371373,2.6884275570249798e-52,0.0,0.0,1.965053e-317,0.0,0.0,0.00023115961453371375,0.0,0.0,0.0,0.0,0.0,0.0,0.0,0.0,0.0,0.0,0.0,0.0,0.0,0.0,3.540344908365719e-89,0.0004623192290674275,0.0,0.0,0.0,0.0,0.0,0.0,0.0,0.0,0.0,0.0,0.0005740359785978317,0.0,0.0,0.0,0.0,0.00023115961453371375,0.0004623192290674275,0.0,0.0,0.0,0.0,0.0,0.0,0.0,0.0,0.00046229533315754505,4.218420547659784e-23,0.0,0.0,0.0,5.211954491721157e-9,0.00023115961453371375,0.0,0.0,0.0,0.0,0.0,0.0,0.0,0.0,4.503194115182596e-37,8.477608628556038e-31,0.0,0.0,0.0,4.611516599385208e-97,0.0,0.00023115961453371375,0.0,0.0,0.0,0.0,0.0,0.0,0.0,0.0,0.0,0.0,0.0,6.490727094009344e-17,0.0,0.0,0.0,0.0,0.0,0.0,0.0,0.0,0.0,0.0,0.0,0.0,0.0,0.0,0.0,2.802914632043903e-22,0.0,0.0,0.0,0.0,7.396333838457028e-19,0.00023115961453371375,0.0,0.0,0.0,0.0,0.0,0.0,0.0,0.0,0.0,0.0,0.0006530454090102661,1.8199683255543146e-27,0.0,0.0,0.0,0.0,0.0004623192290674275,0.0004623192290674275,5.901613938514289e-16,0.0,0.0,0.0,0.0,0.0,0.0,0.0,6.891850980641106e-83,0.0009246384580745489,7.816949067382029e-40,0.0,0.0,0.0,3.2042883844608594e-305,0.00023115961453371375,0.0,0.0,0.0,0.0,0.0,0.0,0.0,4.723432614959165e-40,4.6962590931285953e-23,0.0,0.0,0.0,0.0,0.0,0.0,0.0,0.0,0.0,0.0,1.9210248762619046e-43,0.0002569724078578642,0.0,0.0,0.0,0.0,0.0,0.0,0.0,0.0,0.0,0.0,0.0,0.0,0.0,0.0,0.0,0.0,0.0,0.0,0.0,0.0,0.0
0.0,0.0,0.0,0.0,0.0,0.0,0.0,0.0,0.0,0.0,0.0,0.0,0.0,0.0,2.6995207331694576e-17,0.014751296022029974,1.5286257980687138e-25,0.0,0.0,7.335531224738061e-35,0.012692975646863001,2.239829104046567e-22,0.0,0.0,0.0,0.0,0.0,0.0,0.0,0.0,0.0,0.0,0.0,0.0,0.0,0.0,0.0,0.0,9.538963118783272e-20,0.26826775556342886,1.0111062483359236e-22,0.0,0.0,7.360927218729622e-27,0.2401373771013297,1.6750904757786365e-18,0.0,0.0,0.0,0.0,0.0,0.0,0.0,0.0,0.0,0.0,0.0,0.0,0.0,0.0,0.0,0.0,2.0018238632081427e-18,0.21097718891346823,2.7030473799276096e-21,0.0,0.0,1.9142619070858428e-31,0.2216124937261982,3.3752769634521466e-20,0.0,0.0,0.0,0.0,0.0,0.0,0.0,0.0,0.0,0.0,0.0,0.0,0.0,0.0,0.0,0.0,1.2005613053951753e-20,0.005831907729639755,1.2623956957520082e-32,0.0,0.0,1.1831963021756639e-33,0.019210990168216785,1.434445707605345e-18,0.0,0.0,0.0,0.0,0.0,0.0,0.0,0.0,0.0,0.0,0.0,0.0,0.0,0.0,0.0,0.0,0.0,0.00034305339586116217,0.0,0.0,0.001029160128285837,0.0,0.0,0.0,0.0,0.0,0.0,0.0,0.0,0.0,0.0,0.0,0.0,0.0,0.0,0.0,0.0,0.0,0.0,0.0,0.0,8.478918662579729e-20,8.06882739433946e-17,0.0,0.0,0.0,0.0,0.0,0.0,0.0,0.0,0.0,0.0,0.0,0.0,0.0,0.0,0.0,0.0,0.0,0.0,0.0,4.3366171803582176e-16,4.323505005290271e-28,0.0,0.0,0.0,0.0,0.0,0.0,0.0,0.0,0.0,0.0,0.0,0.0,0.0,0.0,0.0,0.0,5.7743451052689524e-213,0.0010291599918779639,1.1713348838106401e-23,0.0,0.0,0.0,0.0,0.0,0.0,0.0,0.0,0.0,0.0,0.0,0.0,0.0,0.0,0.0,0.0,0.0006861067917223243,1.6638545766073594e-30,0.0,0.0,0.0,0.0,0.0,0.0,0.0,0.0,0.0,0.0,0.0,0.0,0.0,0.0,0.0,0.0,0.0,0.002401373770990376,3.1030572330104947e-10,0.0,0.0,0.0,0.0,0.0,0.0,0.0,0.0,0.0,0.0,0.0,0.0,0.0,0.0,0.0,0.0,0.0,0.0,0.0,0.0,0.0,0.0,0.0,0.0,0.0,0.0,0.0,0.0,0.0,0.0,0.0,0.0,0.0006861067917223243,0.0,0.0,0.0,0.0,0.0,0.0,0.0,0.0,0.0,0.0,0.0,0.0,0.0,0.0,0.0,0.0,0.00034305339586116217,0.0,0.0,0.0,0.0,0.0,0.0,0.0,0.0,0.0,0.0,0.0,0.0,0.0,0.0,0.0,0.0,1.0899021737870491e-100,0.0,0.0,0.0,0.0,0.0,0.0,0.0,0.0,0.0,0.0,0.0,0.0,0.0,0.0,0.0,0.0,0.0,0.0,0.0,0.0,0.0,0.0,0.0,0.0,0.0,0.0,0.0,0.0,0.0,0.0,0.0,0.0,5.521719526739903e-10,0.0,0.0,0.0,0.0,0.0,0.0,0.0,0.0,0.0,0.0,0.0,0.0,0.0,0.0,0.0,0.0,0.0,1.5710235987965886e-255,0.0,0.0,0.0,0.0,0.0,0.0,0.0,0.0,0.0,0.0,0.0,0.0,0.0,0.0,0.0,0.0,0.0,0.0,0.0,0.0,0.0,0.0,0.0,0.0,0.0,0.0,0.0,0.0,0.0,0.0,0.0,0.0,0.0,0.0,0.0,0.0,0.0,0.0,0.0,0.0,0.0,0.0,0.0,0.0,0.0,0.0,0.0,0.0,0.0,0.0,0.0,0.0,0.0,0.0,0.0,0.0,0.0,0.0,0.0,0.0,0.0,0.0,0.0,0.0,0.0,0.0,0.0,0.0,0.0,0.0,0.0,0.0,0.0,0.0,0.0,0.0,0.0,0.0,0.0,0.0,0.0,2.6038032736024e-14,0.0,0.0,0.0,0.0,0.0,0.0,0.0,0.0,0.0,0.0,0.0,0.0,0.0,0.0,0.0,0.0,0.0,0.0,0.0,0.0,0.0,0.0,0.0,0.0,0.0,0.0,0.0,0.0,0.0,0.0,0.0,0.0,0.0,0.0,0.0,0.0,0.0,0.0,0.0,0.0,0.0,0.0,0.0,0.0,0.0,0.0,0.0,0.0,0.0,0.0,0.0,0.0,0.0,0.0,0.0,0.0,0.0,0.0,0.0,0.0,0.0,0.0,0.0,0.0,0.0,0.0,0.0,0.0,0.0,0.0,0.0,0.0,0.0,0.0,0.0,0.0,0.0,0.0,0.0,0.0,0.0,0.0,0.0,0.0,0.0,0.0,0.0,0.0,0.0,0.0,0.0,0.0,0.0,0.0,0.0,0.0,0.0,0.0,0.0,0.0,0.0,0.0,0.0,0.0,0.0,0.0,0.0
0.0,0.0,0.0,9.165391129488291e-21,0.028443991669783873,5.553841614840025e-16,0.0,0.0,0.0,0.0,0.0,0.0,0.0,0.0,0.0,0.0,0.0,0.0,0.0,0.0,0.0,0.0,0.0,0.0,0.0,0.0,0.0,1.3748016796533765e-20,0.4299673159385938,4.8285570830143325e-11,0.0,0.0,0.0,0.0,0.0,0.0,0.0,0.0,0.0,0.0,0.0,0.0,0.0,0.0,0.0,0.0,0.0,0.0,0.0,0.0,0.0,3.09045465663337e-21,0.3572036163182163,2.0815112868893517e-9,0.0,0.0,0.0,0.0,0.0,0.0,0.0,0.0,0.0,0.0,0.0,0.0,0.0,0.0,0.0,0.0,0.0,0.0,0.0,0.0,0.0,7.574622664348992e-21,0.06350286512323845,1.552767410985576e-5,0.0,0.0,0.0,0.0,0.0,0.0,0.0,0.0,0.0,0.0,0.0,0.0,0.0,0.0,0.0,0.0,0.0,0.0,0.0,0.0,0.0,1.0728717118807663e-16,0.013229763567341344,0.007521787474181889,0.0,0.0,0.0,0.0,0.0,0.0,0.0,0.0,0.0,0.0,0.0,0.0,0.0,0.0,0.0,0.0,0.0,0.0,0.0,2.359269849105835e-24,0.013229763567341344,0.0012189700283873352,0.0,0.0,0.0,0.0,0.0,0.0,0.0,0.0,0.0,0.0,0.0,0.0,0.0,0.0,0.0,0.0,0.0,0.0,1.6336398358279353e-21,0.011906787210607174,3.148452768083537e-8,0.0,0.0,0.0,0.0,0.0,0.0,0.0,0.0,0.0,0.0,0.0,0.0,0.0,0.0,0.0,0.0,0.0,0.0,3.0912617725309363e-21,0.006614881783670672,0.0022356187217125365,0.0,0.0,0.0,0.0,0.0,0.0,0.0,0.0,0.0,0.0,0.0,0.0,0.0,0.0,0.0,0.0,1.326967738343381e-30,0.005291905426936538,0.000846998265466743,0.0,0.0,0.0,0.0,0.0,0.0,0.0,0.0,0.0,0.0,0.0,0.0,0.0,0.0,0.0,7.840453007214061e-25,0.005291905423606779,0.0018882381946145393,0.0,0.0,0.0,0.0,0.0,0.0,0.0,0.0,0.0,0.0,0.0,0.0,0.0,0.0,0.0,0.0,5.4113650537414505e-28,0.00463041724856947,0.00463041724856947,0.0,0.0,0.0,0.0,0.0,0.0,0.0,0.0,0.0,0.0,0.0,0.0,0.0,3.564413361919089e-13,0.0019844587599805712,0.0006614881783670672,0.0,0.0,0.0,0.0,0.0,0.0,0.0,0.0,0.0,0.0,0.0,0.0,0.0,0.0,0.0,5.60429619389758e-7,0.0006614881783670672,2.860803423595657e-8,0.0,0.0,0.0,0.0,0.0,0.0,0.0,0.0,0.0,0.0,0.0,0.0,0.0,0.0,9.305434847363547e-252,0.0,0.0006614881783670672,0.0,0.0,0.0,0.0,0.0,0.0,0.0,0.0,0.0,0.0,0.0,0.0,0.0,8.634787899237509e-29,0.0,0.001979903280491127,0.0,0.0,0.0,0.0,0.0,0.0,0.0,0.0,0.0,0.0,0.0,0.0,0.0,0.0,0.0,4.3562596329243206e-20,0.003968929070202403,0.0007712764685058229,0.0,0.0,0.0,0.0,0.0,0.0,0.0,0.0,0.0,0.0,0.0,0.0,1.1565306289161594e-27,0.005291905426936483,0.0028132060080686035,0.0,0.0,0.0,0.0,0.0,0.0,0.0,0.0,0.0,0.0,0.0,0.0,0.0,0.0,0.0,4.73394035573792e-33,0.002645952713468269,8.562394325278421e-228,0.0,0.0,0.0,0.0,0.0,0.0,0.0,0.0,0.0,0.0,0.0,0.0,0.0,0.0,1.841174103686643e-95,0.0013229763567324112,0.0,0.0,0.0,0.0,0.0,0.0,0.0,0.0,0.0,0.0,0.0,0.0,0.0,0.0,0.0,1.05451219219039e-268,0.0,0.001002660473444408,0.0,0.0,0.0,0.0,0.0,0.0,0.0,0.0,0.0,0.0,0.0,0.0,2.362179319613972e-13,0.0013229763555187833,6.83807244205947e-8,2.878934910133168e-298,0.0,0.0,0.0,0.0,0.0,0.0,0.0,0.0,0.0,0.0,0.0,2.829783369583309e-158,0.003307439835765829,0.0006614881783670672,0.0,0.0,0.0,0.0,0.0,0.0,0.0,0.0,0.0,0.0,0.0,0.0,0.0,0.0,0.0,0.0,5.4897840674947025e-286,0.0019844645350993746,0.0013229763567339488,0.0,0.0,0.0,0.0,0.0,0.0,0.0,0.0,0.0,0.0,0.0,0.0,0.0,4.4329135837942155e-14,0.0006614881783670672,0.0019844645351012016,0.0,0.0,0.0,0.0,0.0,0.0,0.0,0.0,0.0,0.0,0.0,0.0,0.0,0.0,0.0006607866464309006,0.0013229763143395503,0.001438680990106025,0.0,0.0,0.0,0.0,0.0,0.0,0.0,0.0,0.0,0.0,0.0,0.0,0.0,0.0,0.0,0.0006614881783670672,5.7653652841454544e-33,0.0,0.0,0.0,0.0,0.0,0.0,0.0,0.0,0.0,0.0,0.0,2.1358325159274515e-23,0.0,0.0013229763567341344,0.0,0.0,0.0,0.0,0.0,0.0,0.0,0.0,0.0,0.0,0.0,0.0006614881783670672,0.0005876220851468055,0.0,0.0,0.0,0.0,0.0,0.0,0.0,0.0,0.0006614881783670672,0.0,0.0,0.0,0.0,0.0,0.0,0.0,8.596866047988113e-11,0.0,0.0,0.0,0.0
1.0,0.0,0.0,0.0,0.0,0.0,0.0,0.0,0.0,0.0,0.0,0.0,0.0,0.0,0.0
1703,422,316,214,207,1407,414,1409,318,107,2210,1220,121,805,2009,2504,2223,1305,15,210,523,1610,1909,1204,3023,1219,3523,103,2112,608,1701,4,2310,4501,2202,1304,10,308,2023,2403,307,2007,2305,2005,3005,211,1001,1607,1310,618,1406,1408,1709,605,1111,514,3000,2111,920,301,115,101,8,206,2421,923,509,1207,1420,320,904,521,1605,2308,2322,1608,906,7,614,819,1602,3503,401,419,110,2405,620,2022,1502,4010,511,700,1103,1813,1911,518,2012,1801,2300,1421,4503,1210,2222,1005,1821,405,602,2000,2219,1723,202,2002,216,1,1710,921,16,1904,1711,412,908,312,1308,1808,1201,1208,720,1110,4510,2121,4001,12,1611,122,215,507,2500,2512,23,4004,621,1122,4022,204,3502,701,707,2406,14,606,3001,609,2221,721,1702,809,1603,1020,802,702,2302,2100,1804,112,811,1104,603,2412,907,502,406,1506,505,220,612,111,200,722,3008,1901,409,1503,800,1609,1521,3004,2203,1722,2523,1022,711,1509,2001,2206,1303,1401,413,411,2410,1202,2413,807,4508,218,1321,2201,18,1908,404,501,1501,313,1403,113,519,21,1907,504,2306,2119,118,1100,1106,1922,1903,2010,2102,2106,600,1810,810,219,918,205,522,1805,1712,1800,105,823,2501,1621,212,2008,1123,1507,1700,1301,1211,1411,2204,321,1505,2407,2,1311,1209,909,804,719,610,1319,2313,3509,709,1323,1300,120,315,1105,712,2522,2108,304,1705,2113,1101,5,1606,1500,1923,919,801,309,703,704,17,1108,623,1704,1906,408,710,2123,4009,1721,1822,1405,3007,114,1419,1708,2006,116,1807,1120,2411,310,2402,1902,1402,2103,2207,1309,3501,1006,108,3009,418,5005,1307,3504,3022,1921,203,1000,820,2408,421,2021,2303,1404,1622,322,1010,6,1820,1412,613,607,2208,102,306,19,303,2309,3506,604,510,1004,902,812,1623,1206,222,1905,1504,4007,317,400,1613,1203,1823,1604,117,1205,9,2423,4502,4002,1119,109,1400,2109,323,201,1410,3006,1612,1600,1720,300,100,1510,2209,922,900,3508,106,1223,619,423,3500,2301,601,905,1322,1422,520,213,314,13,1102,305,1003,402,2509,1706,2105,803,208,2507,1809,1601,500,1811,808,3505,912,911,2404,407,2505,2104,209,2205,503,22,1306,2120,1511,822,1910,1221,217,2409,2510,2312,910,1508,1707,1619,622,302,420,2110,1002,1523,3002,1023,2400,821,1109,706,2321,806,4008,319,4507,1021,705,415,1423,1008,3003,2311,3507,1806,2101,1222,1121,2502,1803,2107,104,1522,2508,2122,1900,513,20,2307,2200,403,2304,2323,311,506,1200,713,1019,508,708,2004,2506,2212,11,3,2503,512,221,1302,723,903,2401,410,119,0,1009,1007,1802,3522,2422,2003,1112,901,223,123,3010,1107,611
1813:364,1107:240,2108:407,2004:388,711:172,220:69,308:81,719:175,1010:227,1703:338,1900:369,1422:300,2312:446,808:188,215:64,3505:500,319:92,115:40,1503:305,112:37,823:197,1722:350,4001:507,420:115,1123:250,404:101,905:203,2300:434,3006:488,612:152,2123:417,3501:496,1619:331,1704:339,1901:370,207:56,422:117,506:125,518:134,603:143,1609:326,1401:285,1823:368,2119:413,1501:303,12:13,2523:481,2101:400,23:24,111:36,2501:469,607:147,523:139,802:182,1702:337,801:181,1223:267,810:190,1002:219,4502:516,103:28,208:57,521:137,2506:474,1109:242,211:60,2411:462,414:111,1712:347,116:41,100:25,1105:238,1102:235,1905:374,920:213,1202:253,1510:312,1301:269,912:210,904:202,1022:231,2009:393,222:71,502:121,918:211,3010:492,107:32,1404:288,2305:439,619:156,511:130,1803:355,1720:348,805:185,3002:484,806:186,610:150,812:192,2023:398,4008:511,809:189,1000:217,1:2,609:149,22:23,1305:273,313:86,509:128,1922:382,707:168,4507:518,1006:223,206:55,604:144,1504:306,1807:359,507:126,4508:519,1207:258,1523:316,500:119,2413:464,1800:352,909:207,2403:454,911:209,1308:276,4002:508,400:97,522:138,113:38,709:170,1604:321,309:82,1111:244,1706:341,2212:429,5:6,1906:375,114:39,2204:422,519:135,703:164,1603:320,2002:386,2120:414,1119:246,117:42,1221:265,1621:332,418:113,4501:515,2202:420,804:184,4009:512,1300:268,1521:314,704:165,821:195,1808:360,1310:278,218:67,706:167,1203:254,1610:327,3022:493,3504:499,2206:424,2311:445,1921:381,3507:502,1810:362,2103:402,2105:404,623:160,1701:336,2304:438,2505:473,1705:340,2303:437,901:199,118:43,1321:281,1004:221,1903:372,7:8,203:52,2507:475,1001:218,1721:349,2005:389,2321:448,1623:334,1505:307,2201:419,1622:333,2107:406,304:77,18:19,906:204,2221:431,16:17,415:112,514:133,1612:329,622:159,2110:409,2408:459,2200:418,807:187,19:20,712:173,217:66,708:169,1205:256,811:191,1303:271,1304:272,1507:309,2000:384,4007:510,2421:465,2405:456,412:109,513:132,900:198,3008:490,212:61,303:76,2012:395,3004:486,101:26,1019:228,105:30,223:72,4510:520,1023:232,3000:482,922:215,2010:394,1605:322,17:18,421:116,1021:230,1211:262,2122:416,2222:432,1822:367,214:63,520:136,800:180,1201:252,1219:263,1606:323,1709:344,3522:505,2504:472,618:155,508:127,1204:255,15:16,908:206,2022:397,2113:412,2209:427,2210:428,1120:247,1908:377,2409:460,402:99,1923:383,2102:401,413:110,110:35,1020:229,1302:270,501:120,723:179,1910:379,1100:233,419:114,6:7,1106:239,1419:297,614:154,219:68,1307:275,2208:426,2309:443,2207:425,2104:403,1411:295,2302:436,2406:457,1820:365,1208:259,1406:290,1811:363,1407:291,1710:345,4:5,13:14,405:102,1700:335,2401:452,104:29,1220:264,819:193,1500:302,316:89,410:107,1522:315,300:73,302:75,11:12,921:214,1323:283,2307:441,1408:292,2500:468,119:44,406:103,1602:319,216:65,2422:466,108:33,4004:509,4022:514,2503:471,702:163,2407:458,2:3,10:11,307:80,1322:282,3003:485,2301:435,200:49,312:85,20:21,721:177,1506:308,1311:279,0:1,213:62,1101:234,2003:387,2306:440,1110:243,9:10,1003:220,512:131,1611:328,2112:411,109:34,2323:450,1904:373,409:106,1103:236,1907:376,1911:380,1319:280,1502:304,1409:293,1511:313,2219:430,2400:451,3503:498,401:98,1412:296,1420:298,209:58,120:45,2021:396,323:96,2121:415,2509:477,2512:479,1802:354,2510:478,2412:463,1806:358,8:9,1009:226,4010:513,201:50,1209:260,1421:299,121:46,601:141,311:84,14:15,1708:343,2007:391,620:157,1005:222,602:142,4503:517,314:87,1509:311,1400:284,403:100,1423:301,2313:447,2100:399,3005:487,1723:351,322:95,1210:261,608:148,315:88,1104:237,123:48,305:78,2308:442,3009:491,720:176,3509:504,423:118,700:161,1801:353,1222:266,910:208,3506:501,510:129,2001:385,1121:248,1809:361,320:93,408:105,2423:467,1804:356,2310:444,210:59,705:166,505:124,2522:480,5005:521,606:146,1306:274,205:54,1112:245,2008:392,1410:294,2223:433,3508:503,122:47,1405:289,2106:405,2205:423,621:158,710:171,204:53,1200:251,3523:506,2402:453,907:205,411:108,1821:366,310:83,321:94,2508:476,903:201,1508:310,318:91,1007:224,301:74,317:90,722:178,202:51,605:145,1206:257,1613:330,3001:483,1909:378,3023:494,803:183,1601:318,1805:357,2006:390,1902:371,3500:495,503:122,106:31,902:200,2502:470,600:140,102:27,21:22,1707:342,820:194,1600:317,3502:497,1607:324,1108:241,221:70,3007:489,2410:461,1122:249,2404:455,407:104,611:151,3:4,613:153,1008:225,306:79,2203:421,713:174,822:196,923:216,1309:277,1608:325,2109:408,701:162,2111:410,2322:449,1711:346,504:123,1403:287,919:212,1402:286
