50
0.6025220092782595,0.0,0.0,3.626065774085306e-15,0.0,6.7882169776561766e-43,0.10384493339396428,3.228049421322153e-125,0.0,0.0,0.0,0.0,0.0,0.0,2.9801935033487286e-42,0.0,0.0,0.0,0.0,1.574671657804661e-18,0.0,0.0,0.27509789572226606,0.0,0.0,0.0,0.0,0.0,0.0,0.0,0.0,0.0,0.0,0.0,0.0,0.0,0.0,0.0,0.0,0.009267580802755325,0.0,0.0,0.0,0.009267580802751195,0.0,0.0,1.477571477693501e-38,0.0,0.0,0.0
0.0,0.48636448767291773,0.0,0.0,0.0,0.0,0.0,0.0,0.005785591975439948,0.0,0.0,0.0,0.0,0.04331809845274276,0.0,0.0,0.0,0.0,2.3816511953613006e-7,0.0,0.0,0.0,0.0,0.0,0.0,7.913450956159029e-56,0.0,4.798291312871107e-16,0.0,0.0,1.202873259961541e-90,0.0,0.009160751255035364,0.0,0.0,0.0036688955923099248,0.0,7.665758460711493e-17,0.33952584340669045,0.0,2.6893525290043523e-62,0.03383801943709613,0.0,0.0,0.0,0.07833807404264748,0.0,3.710217957051109e-89,0.0,0.0
0.0,0.0,0.47234269846563337,0.0181637690698669,6.890894737548633e-5,0.0005161903256315324,0.0,0.0,0.0,0.1588263811444996,0.0,0.0,0.0,0.0,0.009671331917245151,0.0,0.0,0.19080400734658043,0.0,0.0012360899380941361,0.014418956881205935,0.0021223948015896906,6.022075394676755e-76,0.0,0.0,0.0,0.0,0.0,0.0,0.0,0.0,0.027634843450224978,0.0,0.0,0.0,0.0,0.0,0.0,0.0,0.0,0.0,0.0,0.0,0.0,0.013075750101559733,0.0,0.0911186776104932,0.0,0.0,0.0
0.003104168027106026,0.0,0.0,0.5643947836009147,0.0,0.02431309930191647,6.502823181155781e-10,0.09297080364474264,0.0,0.0,0.0,0.0,0.0,0.0,0.0064502967278481016,0.0,0.0,0.0,0.0,0.004928002821438459,0.0,0.0,2.5177338095514422e-12,0.0,0.0,0.0,0.0,0.0,0.0,0.0,0.0,0.0,0.0,0.0,0.0,0.0,0.0,0.0,0.0,0.0,0.0,0.0,0.0,0.0,0.0,0.0,0.30383884522323357,0.0,0.0,0.0
0.002362488629539772,0.0,0.04325752914288464,0.016351174542289928,0.7217521500749895,0.018115238608444603,0.0,0.0,0.0,1.0244267839150986e-8,0.0,0.0,0.0,0.0,1.6824483803648876e-16,0.0,0.0,0.09114031628953537,0.0,0.02094507840822935,0.04831210159768364,0.003988893640102862,6.248824658531085e-27,0.0,0.0,0.0,0.0,0.0,0.0,0.0,0.0,0.019094884955195877,0.0,0.0,0.0,0.0,0.0,0.0,0.0,0.0,0.0,0.0,0.0,0.0,0.002048671950095794,0.0,0.012631461916740819,0.0,0.0,0.0
0.013812523010613168,0.0,0.0,0.1294090803753733,0.0,0.6640983229225326,0.06733854456552268,0.04107143419780962,0.0,0.0,0.0,0.0,0.0,0.0,6.958893874223916e-10,0.0,0.0,0.0,0.0,0.058894639057173674,0.0,0.0,3.0870473984225985e-27,0.0,0.0,0.0,0.0,0.0,0.0,0.0,0.0,0.0,0.0,0.0,0.0,0.0,0.0,0.0,0.0,0.0,0.0,0.0,0.0,0.0,0.0,0.0,0.025375455175085593,0.0,0.0,0.0
0.0,0.028430204413822168,0.0,0.0,0.0,0.0,0.7903839319462191,0.057488275619563205,0.054755957013546484,0.0,0.0,0.0,0.0,0.0,0.0,0.0,0.0,0.0,0.0,0.0,0.0,0.0,0.0,0.0,0.0,0.0,0.0,0.0,0.0,0.0,0.0,0.0,0.0,0.0,0.0,0.02389776554478629,0.0,0.004043924224977508,0.007117577560215613,0.0,3.5859373589264277e-22,0.0,0.0,0.0,0.0,0.03388236367686964,0.0,0.0,0.0,0.0
0.0,0.0010535161061228033,0.0,0.0,0.0,0.0,0.11598588047811502,0.8445416249978308,0.002949586367600768,0.0,0.0,0.0,0.0,0.0,0.0,0.0,0.0,0.0,0.0,0.0,0.0,0.0,0.0,0.0,0.0,0.0,0.0,0.0,0.0,0.0,0.0,0.0,0.0,0.0,0.0,0.00348736552094007,0.0,0.026196426065579575,2.2943290714463812e-9,0.0,0.005785312635313677,0.0,0.0,0.0,0.0,2.8553416812323045e-7,0.0,0.0,0.0,0.0
0.0,0.24210602555072422,0.0,0.0,0.0,0.0,0.0,0.0,0.5715325905344844,0.0,0.0,0.0,0.0,0.00742416315503842,0.0,0.0,0.0,0.0,7.48086630994032e-132,0.0,0.0,0.0,0.0,0.0,0.0,1.9328460789150416e-149,0.0,9.373175223536746e-80,0.0,0.0,5.922747988726877e-208,0.0,0.00432562230636552,0.0,0.0,4.947669690950366e-14,0.0,0.012477987445140724,0.1426930804824501,0.0,8.057954258816055e-20,5.991393738949756e-82,0.0,0.0,0.0,0.019440530525747207,0.0,7.311094386643501e-168,0.0,0.0
9.29598375513906e-15,0.0,0.000775349693010339,2.5974605911514034e-7,0.11493760096443853,1.1515417575415612e-35,0.0,0.0,0.0,0.11980231705585745,0.0,0.0,0.0,0.0,8.455513528288479e-30,0.0,0.0,3.131138374253124e-8,0.0,1.4495875583457885e-25,2.8440993811682877e-10,0.005542399120374915,2.495440553524231e-86,0.0,0.0,0.0,0.0,0.0,0.0,0.0,0.0,0.7559198393262292,0.0,0.0,0.0,0.0,0.0,0.0,0.0,0.0,0.0,0.0,0.0,0.0,0.003022202498227459,0.0,3.3335977243413887e-22,0.0,0.0,0.0
0.0,0.0,1.4173573705252099e-15,0.0,1.8909757240994446e-9,0.0,0.0,0.0,0.0,2.641428816256123e-12,0.3970006608354192,0.0,0.0,0.0,0.0,2.1973862603605157e-5,0.008644129671728508,1.1869056157291763e-36,0.0,0.0,0.003383564938553476,0.06005434275685255,0.0,0.0,0.0,0.0,0.0,0.0,0.0,1.370399060083367e-20,0.0,0.05109825129869332,0.0,0.0,0.0,0.0,0.0,0.0,0.0,0.0,0.0,0.0,6.544680126011648e-9,0.0,0.0018585656131948195,0.0,0.0,0.0,0.4383846655494926,0.039553837035163186
0.0,0.0,0.0,0.0,0.0,0.0,0.0,0.0,0.0,0.0,2.700778386195645e-110,0.6320331381056886,8.398683221152506e-13,0.0,0.0,5.041055401022425e-105,1.7723270189025036e-104,0.0,0.0,0.0,0.0,0.0,0.0,0.36796686173360527,0.0,0.0,0.0,0.0,6.806182770080163e-19,4.46226930121809e-84,0.0,0.0,0.0,0.0,1.459598512703924e-21,0.0,1.598661962018121e-10,0.0,0.0,0.0,0.0,0.0,3.694916444095544e-93,0.0,0.0,0.0,0.0,0.0,1.5084121193855819e-90,6.720738103607894e-95
0.0,0.0,0.0,0.0,0.0,0.0,0.0,0.0,0.0,0.0,2.7374262872449416e-24,3.240641512824675e-11,0.5621742012620604,0.0,0.0,5.385026673552881e-21,3.266937548175724e-28,0.0,0.0,0.0,0.0,0.0,0.0,1.124779295492737e-6,0.0,0.0,0.0,0.0,0.4372493010761112,0.00017020052008119834,0.0,0.0,0.0,0.0,8.048601365121434e-42,0.0,0.00040358857034780346,0.0,0.0,0.0,0.0,0.0,8.83529639918202e-11,0.0,0.0,0.0,0.0,0.0,1.5836713445471149e-6,8.22581038216019e-31
0.0,0.0,0.0,0.0,0.0,0.0,0.0,0.0,0.0,0.0,0.0,0.0,0.0,0.36113065999386995,0.0,0.0,0.0,0.0,2.4446611271427766e-8,0.0,0.0,0.0,0.0,0.0,7.382611203862527e-146,1.2833824388105617e-6,0.0,0.4683819312739516,0.0,0.0,1.881271711176747e-30,0.0,0.00016623796707632507,0.0,2.21599513504e-313,0.0,0.0,0.0,0.0,3.7078028376556083e-219,0.0,0.17031986293605184,0.0,3.1858749201533384e-55,0.0,0.0,0.0,3.522642324393204e-23,0.0,0.0
2.1781330202396036e-29,0.0,2.598707934224901e-97,0.13558686100234238,9.551338208567098e-67,0.20325122720918876,2.6957147405234187e-135,6.318785768566022e-161,0.0,1.1902065897672794e-113,0.0,0.0,0.0,0.0,2.0124414167666167e-17,0.0,0.0,5.485324075483248e-85,0.0,0.0701465776961641,8.315956655133185e-45,4.565519177118214e-92,0.5910153340923046,0.0,0.0,0.0,0.0,0.0,0.0,0.0,0.0,1.5199830964652653e-82,0.0,0.0,0.0,0.0,0.0,0.0,0.0,0.0,0.0,0.0,0.0,0.0,2.501829337794289e-69,0.0,7.89894305561654e-44,0.0,0.0,0.0
0.0,0.0,4.714370019458304e-28,0.0,0.0049267474307880185,0.0,0.0,0.0,0.0,7.926684539591276e-5,0.409205506282963,0.0,0.0,0.0,0.0,0.3480468811501859,1.4346964265323909e-5,1.3514226030728108e-41,0.0,0.0,8.798231994684451e-17,9.160256661753949e-6,0.0,0.0,0.0,0.0,0.0,0.0,0.0,9.938816271037325e-13,0.0,0.0803743488686029,0.0,0.0,0.0,0.0,0.0,0.0,0.0,0.0,0.0,0.0,3.2347657408176054e-5,0.0,0.0019326183527124767,0.0,0.0,0.0,0.12560549562710996,0.029773280562912684
0.0,0.0,1.526174003483355e-7,0.0,1.022090229992698e-102,0.0,0.0,0.0,0.0,0.0012968785768362242,0.0003922793626394621,0.0,0.0,0.0,0.0,0.009910685074580787,0.5314351561198591,1.01994631377867e-78,0.0,0.0,6.275029850951624e-109,0.11443052758300201,0.0,0.0,0.0,0.0,0.0,0.0,0.0,4.966774603348567e-11,0.0,0.0056975512562582875,0.0,0.0,0.0,0.0,0.0,0.0,0.0,0.0,0.0,0.0,1.636782437514733e-9,0.0,0.02785055755518903,0.0,0.0,0.0,0.30898621016778444,2.8101620479594656e-24
0.0019116047496359246,0.0,2.4099024611129005e-7,0.16008791337105502,0.09709064222339596,3.6183569482948494e-8,0.0,0.0,0.0,9.626064464451948e-15,0.0,0.0,0.0,0.0,0.03523544153096288,0.0,0.0,0.579575022561817,0.0,1.4740824876861802e-5,0.002306987419209547,9.402819539252223e-9,1.6701248470423457e-23,0.0,0.0,0.0,0.0,0.0,0.0,0.0,0.0,3.348418341312894e-9,0.0,0.0,0.0,0.0,0.0,0.0,0.0,0.0,0.0,0.0,0.0,0.0,0.0016450043765686591,0.0,0.12213235301741501,0.0,0.0,0.0
0.0,0.0,0.0,0.0,0.0,0.0,0.0,0.0,0.0,0.0,0.0,0.0,0.0,7.680834624246186e-36,0.0,0.0,0.0,0.0,0.6578086132994241,0.0,0.0,0.0,0.0,0.0,1.4822978133362527e-36,0.02239614045847141,1.589967869227244e-20,0.3186795705993987,0.0,0.0,0.0011156756427058996,0.0,6.862672813236171e-86,1.1383986631234501e-205,0.0,0.0,0.0,0.0,0.0,3.4627501631794255e-27,0.0,5.399847466703357e-21,0.0,1.0545673223280973e-71,0.0,0.0,0.0,2.62730592674729e-38,0.0,0.0
0.052237417081061784,0.0,0.0,0.049622108653076945,0.0,0.2058816195520999,0.03181523610223703,1.7203146230044102e-10,0.0,0.0,0.0,0.0,0.0,0.0,1.885238949816494e-22,0.0,0.0,0.0,0.0,0.6259097048281672,0.0,0.0,3.407328218213037e-12,0.0,0.0,0.0,0.0,0.0,0.0,0.0,0.0,0.0,0.0,0.0,0.0,0.0,0.0,0.0,0.0,0.0,0.0,0.0,0.0,0.0,0.0,0.0,0.03453391360791839,0.0,0.0,0.0
0.04618754467546072,0.0,0.028584988378006645,2.8070964170308593e-15,0.19277374127576463,1.787117300809927e-64,0.0,0.0,0.0,8.832161290706726e-19,0.0,0.0,0.0,0.0,4.8600411565357106e-42,0.0,0.0,9.443901124053378e-6,0.0,0.036497233313888024,0.6959408355336523,6.212911300517512e-6,1.0800360473856187e-11,0.0,0.0,0.0,0.0,0.0,0.0,0.0,0.0,1.1623384990971632e-17,0.0,0.0,0.0,0.0,0.0,0.0,0.0,0.0,0.0,0.0,0.0,0.0,8.303890762267898e-57,0.0,4.346481273138984e-55,0.0,0.0,0.0
1.407694032800254e-115,0.0,0.30944147279534134,1.181005897571244e-20,0.0034910668153918002,4.791066351826941e-17,0.0,0.0,0.0,0.09225275897937335,0.0,0.0,0.0,0.0,9.49614358517832e-6,0.0,0.0,2.9610664029510327e-9,0.0,1.2677563358625825e-18,1.336582304073495e-9,0.4723518152506077,1.6750857455308847e-76,0.0,0.0,0.0,0.0,0.0,0.0,0.0,0.0,0.00563615709694912,0.0,0.0,0.0,0.0,0.0,0.0,0.0,0.0,0.0,0.0,0.0,0.0,0.08579720820263179,0.0,0.03102002041847083,0.0,0.0,0.0
0.06607070570793487,0.0,0.0,1.430171106732887e-6,0.0,0.46177606737090127,7.496963689644109e-30,7.155079222974282e-163,0.0,0.0,0.0,0.0,0.0,0.0,2.060003814593638e-33,0.0,0.0,0.0,0.0,0.17817194451572704,0.0,0.0,0.11746630959525779,0.0,0.0,0.0,0.0,0.0,0.0,0.0,0.0,0.0,0.0,0.0,0.0,0.0,0.0,0.0,0.0,0.0,0.0,0.0,0.0,0.0,0.0,0.0,0.17651354263907237,0.0,0.0,0.0
0.0,0.0,0.0,0.0,0.0,0.0,0.0,0.0,0.0,0.0,1.5683895166672377e-50,8.494396352168524e-5,0.2874547008899638,0.0,0.0,1.6366635571335562e-65,5.269854624206085e-93,0.0,0.0,0.0,0.0,0.0,0.0,0.6969473722280842,0.0,0.0,0.0,0.0,4.369371438560985e-5,1.1682442356134453e-69,0.0,0.0,0.0,0.0,6.579869348032329e-29,0.0,0.015469289204044823,0.0,0.0,0.0,0.0,0.0,8.079450005592492e-49,0.0,0.0,0.0,0.0,0.0,1.2108189111075554e-54,5.555151980226209e-78
0.0,0.0,0.0,0.0,0.0,0.0,0.0,0.0,0.0,0.0,0.0,2.1687298959324826e-9,1.0681621311850074e-45,0.0,0.0,0.0,0.0,0.0,0.0,0.0,0.0,0.0,0.0,0.006938107853706481,0.6607359487329747,0.0,0.011072416612714357,0.0,2.3224397763593252e-37,0.0,0.0,0.0,0.0,1.6865978798737074e-7,0.0100478735702593,0.0,3.718364894410368e-40,0.0,0.0,0.01854598763509426,0.0,0.0,0.0,0.2926594947667331,0.0,0.0,0.0,0.0,0.0,0.0
0.0,0.0,0.0,0.0,0.0,0.0,0.0,0.0,0.0,0.0,0.0,0.0,0.0,3.494481907082881e-8,0.0,0.0,0.0,0.0,5.536040790692889e-10,0.0,0.0,0.0,0.0,0.0,0.0026452764863495273,0.3924940665717323,1.2553769523079814e-78,0.03051730806903841,0.0,0.0,0.5025011095406693,0.0,0.002835022533392371,3.646400068091854e-218,2.5879605707074954e-133,0.0,0.0,0.0,0.0,2.095309786881031e-43,0.0,5.257931002036793e-25,0.0,2.5997405222890503e-23,0.0,0.0,0.0,0.06900718130039492,0.0,0.0
0.0,0.0,0.0,0.0,0.0,0.0,0.0,0.0,0.0,0.0,0.0,2.928128269923871e-35,2.3491491535785156e-137,0.0,0.0,0.0,0.0,0.0,0.0,0.0,0.0,0.0,0.0,1.1184953596635837e-105,0.7879758740247976,0.0,0.1487245347343333,0.0,1.1655765908981925e-93,0.0,0.0,0.0,0.0,4.643080026697013e-28,5.707411125794186e-222,0.0,4.756874357562569e-281,0.0,0.0,3.5077819367040806e-11,0.0,0.0,0.0,0.0632995912057913,0.0,0.0,0.0,0.0,0.0,0.0
0.0,0.0,0.0,0.0,0.0,0.0,0.0,0.0,0.0,0.0,0.0,0.0,0.0,0.007634939038686077,0.0,0.0,0.0,0.0,0.0021945847647815275,0.0,0.0,0.0,0.0,0.0,9.874066267103744e-22,0.38570317430581114,7.629302407055939e-210,0.6015978600830031,0.0,0.0,1.2505144284158953e-5,0.0,0.0027845647135544822,3.32049803815014e-222,1.2879449733302813e-139,0.0,0.0,0.0,0.0,5.30005137450167e-65,0.0,2.1644786799019267e-19,0.0,4.045610621537202e-27,0.0,0.0,0.0,7.237194987952412e-5,0.0,0.0
0.0,0.0,0.0,0.0,0.0,0.0,0.0,0.0,0.0,0.0,9.732398062960013e-12,8.283644418938104e-32,2.164205313370192e-6,0.0,0.0,3.063706112484316e-10,2.249471278444348e-14,0.0,0.0,0.0,0.0,0.0,0.0,2.1295085463187905e-12,0.0,0.0,0.0,0.0,0.3315615120831967,0.04731500803854432,0.0,0.0,0.0,0.0,5.931567802925417e-47,0.0,0.4094238186519124,0.0,0.0,0.0,0.0,0.0,0.07041356917759871,0.0,0.0,0.0,0.0,0.0,0.14128392752517946,8.78970504034059e-27
0.0,0.0,3.6030770402304094e-196,0.0,1.068909760560663e-309,0.0,0.0,0.0,0.0,4.432065364765701e-224,2.652432525105364e-8,2.3938791992059097e-303,3.288153097389827e-252,0.0,0.0,0.035898400904151334,3.64127703938535e-9,1.8915378634871733e-254,0.0,0.0,0.0,3.818703429917936e-173,0.0,0.0,0.0,0.0,0.0,0.0,6.229340271321786e-286,0.5521317764372509,0.0,8.154878196333257e-224,0.0,0.0,0.0,0.0,9.3257e-319,0.0,0.0,0.0,0.0,0.0,2.4507580244559124e-5,0.0,4.680918335351158e-144,0.0,0.0,0.0,0.41194528491275123,1.1228589561443717e-32
0.0,0.0,0.0,0.0,0.0,0.0,0.0,0.0,0.0,0.0,0.0,0.0,0.0,2.10838921650216e-23,0.0,0.0,0.0,0.0,1.3907708377612783e-27,0.0,0.0,0.0,0.0,0.0,0.15632679891966375,0.00053662709994014,0.020865836371137057,0.00033760656219487253,0.0,0.0,0.5933956789008564,0.0,1.3197911092563132e-71,1.80330926711517e-194,1.3486740140081224e-281,0.0,0.0,0.0,0.0,2.42662052404042e-5,0.0,1.8154099814263475e-34,0.0,0.040935815569730735,0.0,0.0,0.0,0.18757737037123665,0.0,0.0
4.294203493646229e-43,0.0,0.0009228173238650624,8.257908142076801e-16,0.046341721161893404,1.5200676408784326e-34,0.0,0.0,0.0,1.1456727621970477e-7,0.0,0.0,0.0,0.0,1.5579308383754623e-45,0.0,0.0,6.548397864761581e-6,0.0,6.043185610063197e-50,6.722737261626885e-8,0.487372182722653,6.452645111685229e-53,0.0,0.0,0.0,0.0,0.0,0.0,0.0,0.0,0.46494486941709845,0.0,0.0,0.0,0.0,0.0,0.0,0.0,0.0,0.0,0.0,0.0,0.0,0.000411647958635068,0.0,3.122334051776266e-8,0.0,0.0,0.0
0.0,0.0,0.0,0.0,0.0,0.0,0.0,0.0,0.0,0.0,0.0,0.0,0.0,0.07097532692450285,0.0,0.0,0.0,0.0,7.913667997940892e-45,0.0,0.0,0.0,0.0,0.0,2.668703874498302e-114,2.4626951455252683e-17,6.25974677171e-312,0.0005039273541146812,0.0,0.0,0.0002490633121329957,0.0,0.8083890851859398,0.0,0.0,0.0,0.0,0.0,0.0,1.0145599599964347e-201,0.0,5.2011935605782895e-8,0.0,0.010577578717449422,0.0,0.0,0.0,0.10930496649392435,0.0,0.0
0.0,0.0,0.0,0.0,0.0,0.0,0.0,0.0,0.0,0.0,0.0,0.4043130618230562,2.384437219373219e-28,0.0,0.0,0.0,0.0,0.0,0.0,0.0,0.0,0.0,0.0,0.0013680947264847123,0.005443556570753934,0.0,6.817615729726868e-17,0.0,6.390775861490566e-30,0.0,0.0,0.0,0.0,0.5887827795682737,9.195111987193574e-5,0.0,5.22404294343804e-48,0.0,0.0,5.56191534229544e-7,0.0,0.0,0.0,2.519561607316062e-14,0.0,0.0,0.0,0.0,0.0,0.0
0.0,0.0,0.0,0.0,0.0,0.0,0.0,0.0,0.0,0.0,0.0,0.522841492742692,2.9834233596268225e-29,0.0,0.0,0.0,0.0,0.0,0.0,0.0,0.0,0.0,0.0,0.4771246021088403,4.922462828790392e-40,0.0,5.933418640616437e-55,0.0,4.009479246048722e-42,0.0,0.0,0.0,0.0,2.6222617163099527e-27,3.390514846776901e-5,0.0,4.639608306607398e-46,0.0,0.0,8.876104401667348e-33,0.0,0.0,0.0,3.504981212826761e-41,0.0,0.0,0.0,0.0,0.0,0.0
0.0,0.09604860616533581,0.0,0.0,0.0,0.0,4.0671516873275127e-258,0.0,0.3718189595933903,0.0,0.0,0.0,0.0,1.7716044933072302e-249,0.0,0.0,0.0,0.0,0.0,0.0,0.0,0.0,0.0,0.0,0.0,0.0,0.0,0.0,0.0,0.0,0.0,0.0,1.119471074734147e-309,0.0,0.0,0.532132434241274,0.0,4.402128748742695e-37,2.55567195354455e-32,0.0,1.975348924436438e-79,2.0667e-320,0.0,0.0,0.0,1.6147010561012886e-20,0.0,0.0,0.0,0.0
0.0,0.0,0.0,0.0,0.0,0.0,0.0,0.0,0.0,0.0,6.18086306624747e-8,6.482193118971849e-47,7.888544962185229e-7,0.0,0.0,2.045011446023901e-12,1.1542028264917696e-38,0.0,0.0,0.0,0.0,0.0,0.0,1.1768202716581055e-19,0.0,0.0,0.0,0.0,0.1721225905893762,2.8224694593318428e-21,0.0,0.0,0.0,0.0,8.448805257568985e-58,0.0,0.6160707531012205,0.0,0.0,0.0,0.0,0.0,0.14453897338620905,0.0,0.0,0.0,0.0,0.0,0.05890801789910452,0.008358814358917778
0.0,7.036264689492886e-11,0.0,0.0,0.0,0.0,0.0,0.0,0.059150003959498106,0.0,0.0,0.0,0.0,7.118437984343013e-21,0.0,0.0,0.0,0.0,0.07833139059174578,0.0,0.0,0.0,0.0,0.0,0.0,1.8591739589196793e-27,0.0,1.833961939845813e-11,0.0,0.0,3.2362460016276363e-54,0.0,3.4772665243840825e-65,0.0,0.0,0.02143194519919676,0.0,0.5522390231816035,0.013540115254784588,0.0,0.06407319040540439,0.041458410933894976,0.0,0.0,0.0,0.16977592038516975,0.0,1.8105676818461508e-93,0.0,0.0
0.0,0.044938189219861736,0.0,0.0,0.0,0.0,0.0,0.0,1.4402059191891017e-12,0.0,0.0,0.0,0.0,0.005909189705785324,0.0,0.0,0.0,0.0,0.01721545700114898,0.0,0.0,0.0,0.0,0.0,0.0,7.711791913611091e-55,0.0,4.705238712479867e-16,0.0,0.0,3.3123679050583136e-71,0.0,1.0832626426215362e-34,0.0,0.0,2.3797470650418316e-35,0.0,0.014258105290136568,0.40364535587554284,0.0,5.457433150751613e-11,0.10777580256988971,0.0,0.0,0.0,0.4062579002816198,0.0,3.449759953890585e-89,0.0,0.0
7.738464778606521e-299,0.0,0.0,0.0,0.0,0.0,0.0,0.0,0.0,0.0,0.0,0.02716549110816531,2.238721350163472e-87,0.0,0.0,0.0,0.0,0.0,0.0,2.232872053798776e-98,0.0,0.0,0.019326694579762386,4.527489722163465e-36,0.0007617807236153826,0.0,0.6622678916453718,0.0,6.490740833747314e-50,0.0,0.0,0.0,0.0,0.07529466531724849,6.5844572300528475e-52,0.0,7.046435050547532e-88,0.0,0.0,0.20110039113850928,0.0,0.0,0.0,0.014083085487327344,0.0,0.0,0.0,0.0,0.0,0.0
0.0,2.0987780257379263e-30,0.0,0.0,0.0,0.0,0.0,0.0,1.459061447391787e-11,0.0,0.0,0.0,0.0,5.608375933872596e-103,0.0,0.0,0.0,0.0,0.06240596367691982,0.0,0.0,0.0,0.0,0.0,0.0,4.239041157579535e-20,0.0,2.5791263005925857e-20,0.0,0.0,1.3075027967071978e-35,0.0,5.3561184508341184e-145,0.0,0.0,3.797070265457858e-21,0.0,0.1997504458890963,0.056188900075910084,0.0,0.6697934925874848,4.0709643254895265e-10,0.0,0.0,0.0,0.011861197348901982,0.0,1.0868766485736507e-107,0.0,0.0
0.0,5.14835004979633e-215,0.0,0.0,0.0,0.0,0.0,0.0,1.3713469534356426e-220,0.0,0.0,0.0,0.0,0.144149605758185,0.0,0.0,0.0,0.0,0.17503384223055904,0.0,0.0,0.0,0.0,0.0,0.0,8.788808683440808e-24,0.0,0.09829695505638499,0.0,0.0,7.312608441557637e-48,0.0,2.8155004344068123e-16,0.0,0.0,2.7496669876721795e-211,0.0,8.714568253067675e-194,1.0187293273785703e-192,0.0,2.920241593092953e-200,0.5825195969548709,0.0,0.0,0.0,5.158564475589801e-192,0.0,3.1235567363308495e-60,0.0,0.0
0.0,0.0,8.336191225155094e-142,0.0,1.3162299641418685e-121,0.0,0.0,0.0,0.0,4.327361367151196e-119,0.00015476801471915155,0.0,0.0,0.0,0.0,3.3900314449123244e-7,2.475264894943213e-31,6.747584217462035e-147,0.0,0.0,8.71705759273041e-141,1.6312190261228805e-123,0.0,0.0,0.0,0.0,0.0,0.0,0.0,1.7554638953082877e-15,0.0,1.433686201680428e-116,0.0,0.0,0.0,0.0,0.0,0.0,0.0,0.0,0.0,0.0,0.6484358546514492,0.0,4.8910339886362114e-127,0.0,0.0,0.0,0.291967396444497,0.05944164188618859
0.0,0.0,0.0,0.0,0.0,0.0,0.0,0.0,0.0,0.0,0.0,0.00012929311061371927,9.828658856045916e-42,0.0,0.0,0.0,0.0,0.0,0.0,0.0,0.0,0.0,0.0,1.149652047377343e-6,0.21117379536081238,0.0,5.0275696577294215e-25,0.0,1.502948106357327e-50,0.0,0.0,0.0,0.0,0.08670288131007547,0.09161661964044433,0.0,5.7011808439451325e-59,0.0,0.0,0.0026476303928112065,0.0,0.0,0.0,0.6077286305331956,0.0,0.0,0.0,0.0,0.0,0.0
0.0,0.0,0.25634166488987964,2.691235564508339e-50,5.6710759838094225e-37,4.40800252217086e-54,0.0,0.0,0.0,0.03917432751130289,0.0,0.0,0.0,0.0,1.6399307378144145e-33,0.0,0.0,8.98727563651833e-18,0.0,1.4711528432817008e-65,4.522976588399316e-48,0.1279168661756818,9.825674433168559e-139,0.0,0.0,0.0,0.0,0.0,0.0,0.0,0.0,7.994560706417907e-6,0.0,0.0,0.0,0.0,0.0,0.0,0.0,0.0,0.0,0.0,0.0,0.0,0.4949067694857081,0.0,0.0816523773767211,0.0,0.0,0.0
0.0,0.3277785562241786,0.0,0.0,0.0,0.0,0.0,0.0,0.0024810429081714453,0.0,0.0,0.0,0.0,0.021522512468874246,0.0,0.0,0.0,0.0,8.263024748567784e-7,0.0,0.0,0.0,0.0,0.0,0.0,4.355170973679547e-54,0.0,1.114061349670556e-16,0.0,0.0,4.450123383236267e-71,0.0,8.872220498696919e-38,0.0,0.0,4.549336434105635e-32,0.0,0.1636065341292141,0.2772309770962834,0.0,2.06933621364866e-9,0.026418639836023754,0.0,0.0,0.0,0.1809609089654431,0.0,1.0231245625925115e-88,0.0,0.0
0.0020043134471429006,0.0,0.0,0.2163771090050692,0.0,0.001252302509676159,0.0014176584498558815,0.07849093794009411,0.0,0.0,0.0,0.0,0.0,0.0,5.955454747435209e-22,0.0,0.0,0.0,0.0,0.008569373575983448,0.0,0.0,1.662365850501109e-11,0.0,0.0,0.0,0.0,0.0,0.0,0.0,0.0,0.0,0.0,0.0,0.0,0.0,0.0,0.0,0.0,0.0,0.0,0.0,0.0,0.0,0.0,0.0,0.6918883050555548,0.0,0.0,0.0
0.0,0.0,0.0,0.0,0.0,0.0,0.0,0.0,0.0,0.0,0.0,0.0,0.0,4.6252571631927186e-36,0.0,0.0,0.0,0.0,3.403327760629889e-51,0.0,0.0,0.0,0.0,0.0,0.12073035285606401,3.5935789797173084e-5,1.3948031664941331e-95,1.1113908068322948e-12,0.0,0.0,2.7008309215915378e-5,0.0,4.683014701614995e-41,2.3416826147100396e-199,5.497484763786075e-195,0.0,0.0,0.0,0.0,1.2785782462086359e-34,0.0,1.3816164274982253e-55,0.0,0.2231997028107862,0.0,0.0,0.0,0.656007000233025,0.0,0.0
0.0,0.0,2.7569266698871277e-8,0.0,8.093176912443216e-52,0.0,0.0,0.0,0.0,0.034819153545810805,0.0003312885836823672,0.0,0.0,0.0,0.0,0.19684915388290455,0.04417662496745827,2.5810607172604987e-46,0.0,0.0,2.197639142447111e-59,0.03803719236783675,0.0,0.0,0.0,0.0,0.0,0.0,0.0,1.276562041559595e-10,0.0,0.0003852844984273076,0.0,0.0,0.0,0.0,0.0,0.0,0.0,0.0,0.0,0.0,0.00013085118532070285,0.0,0.004594780087023037,0.0,0.0,0.0,0.6596903229316737,0.02098532025293962
0.0,0.0,5.735907759026711e-11,0.0,0.09485374931474806,0.0,0.0,0.0,0.0,0.004921426052253005,0.05023899931598229,0.0,0.0,0.0,0.0,0.027792206883778637,4.759065136880554e-28,5.030646641833819e-21,0.0,0.0,0.022832728863812952,0.0009650399775057132,0.0,0.0,0.0,0.0,0.0,0.0,0.0,1.0134626102819432e-27,0.0,0.011219137512580243,0.0,0.0,0.0,0.0,0.0,0.0,0.0,0.0,0.0,0.0,1.6916669092852584e-5,0.0,1.5671404255790785e-58,0.0,0.0,0.0,0.021916478294625,0.7652433170582619
50,196
0.0,2.9555080098908476e-252,0.0,0.0,0.0,0.0,0.0,0.0,2.1107858861884222e-134,6.039689818265578e-51,1.1788907119451635e-222,0.0,0.0,0.0,0.0,0.0,2.0438939574076386e-157,2.440028643742729e-39,6.003420103074535e-190,0.0,0.0,0.00935721350497223,0.0,0.0,6.754975947224427e-119,2.856538227648467e-22,1.378130544078023e-138,0.0,0.0,0.0,0.0,0.0,1.1265376500769657e-170,2.5034623291481027e-70,8.073693684465677e-102,0.0,0.0,0.0,0.0,0.0,0.0,3.950800299703494e-56,4.411205151719148e-75,0.0,0.0,0.0,0.0,0.0,0.0009895217246409106,7.818482635535902e-44,0.0,0.0,0.0,0.0,0.0,1.346020902051583e-71,1.5096220027296023e-149,0.0,0.0,0.0,0.0,0.0,1.4038576845444738e-25,6.498201838561555e-145,0.0,0.0,0.0,0.0,2.693091676878403e-187,3.0472287406374623e-11,6.438524752711951e-65,0.0,0.0,0.0,0.0,4.990556386879243e-66,0.01308335675900546,0.0,0.0,0.0,0.0,3.40249509168021e-49,2.0132700984250992e-18,2.060828553686963e-34,0.0,0.0,0.0,0.0,5.360326651683413e-51,0.03946380698936318,2.110133309629029e-62,0.0,0.0,0.0,0.0,3.0578881310516077e-115,0.0,0.0,0.0,0.0,1.3931109179891824e-76,0.029700269081190108,0.0,0.0,0.0,0.0,0.0,1.1437614355885746e-157,0.07210195489775902,0.0,0.0,0.0,6.7362421118554604e-40,0.23053092423831395,0.0,0.0,0.0,0.0,0.0,1.261305151253966e-274,0.08318299280910414,2.5536759552082864e-67,0.0,0.0,0.0,0.0,0.0,0.06651973385713943,0.0,0.0,0.0,0.0,0.0,5.489391484451469e-131,0.0463379040137663,0.0,0.0,0.0,0.0,0.025871819546234794,1.8815251385350735e-22,0.0,0.0,0.0,2.8911056599433453e-37,0.067269861979363,1.2908320787598008e-13,0.0,0.0,0.0,0.0,0.0,0.043892982106595015,0.0,0.0,0.0,0.0,0.0,5.1534040020590714e-77,0.0385698225811255,0.0,0.0,0.0,0.0,1.42346281385105e-60,0.04777621982576051,7.306336595908861e-21,0.0,0.0,0.0,0.0,0.055605484816519564,1.9499246019857854e-44,0.0,0.0,0.0,0.0,0.06487306561927282,1.0730597913566636e-36,0.0,0.0,0.0,0.06487306561927282,0.0,0.0,0.0,0.0,0.0,0.0,0.0,0.0,0.0,1.9649627634926853e-38,0.0,0.0,0.0
0.0,0.0,0.0,1.988419055752535e-235,0.0,0.0,0.0,0.0,0.0,0.0,4.3942558938887653e-185,1.5217740947542097e-26,4.171071278035039e-186,0.0,0.0,0.0,0.0,0.0,1.7995984882513373e-115,0.0002969522324042775,1.9112415859716748e-105,0.0,0.0,0.0,0.0,0.0,1.0960917159983776e-115,0.9723462150770276,8.848292041721815e-92,0.0,0.0,0.0,0.0,0.0,1.101788473529536e-143,0.025269640961472776,3.366753905635598e-76,0.0,0.0,0.0,0.0,0.0,1.3500152601068308e-115,0.002086575651111282,0.0,0.0,0.0,0.0,0.0,1.3093406128473703e-102,6.084495728284679e-7,0.0,0.0,0.0,0.0,0.0,4.4679898884779336e-107,2.4980878297289827e-37,0.0,0.0,0.0,0.0,0.0,1.0459667103159185e-102,1.7514616932317462e-31,0.0,0.0,0.0,0.0,0.0,4.3613248436699665e-112,1.6706545382179643e-25,0.0,0.0,0.0,0.0,0.0,2.6634639183900392e-170,3.753294740809467e-24,0.0,0.0,0.0,0.0,2.6955570456987446e-113,2.840065296391535e-66,0.0,0.0,0.0,0.0,0.0,6.191419717408969e-99,7.699534701999616e-27,0.0,0.0,0.0,0.0,4.095950620207778e-247,1.518764640926637e-26,0.0,0.0,0.0,0.0,5.193690512356934e-150,1.8566259666145578e-13,2.23492247938294e-154,0.0,0.0,0.0,0.0,8.576157596200035e-266,9.974435972451942e-73,0.0,0.0,0.0,0.0,1.6358746504558592e-85,0.0,0.0,0.0,0.0,0.0,1.9415757280491225e-273,1.5952758003323861e-84,7.028812238872517e-41,0.0,0.0,0.0,0.0,5.812752568002633e-252,1.0874837094998715e-31,0.0,0.0,0.0,0.0,0.0,1.5393358143807047e-268,7.627450287127279e-9,0.0,0.0,0.0,7.605009998558397e-265,1.512693797670916e-56,0.0,0.0,0.0,0.0,4.9206902244218415e-118,3.3930106914145575e-144,7.589536367015163e-13,0.0,0.0,0.0,0.0,1.756752785323001e-238,2.6114653973863527e-21,0.0,0.0,0.0,0.0,0.0,2.102486693694808e-220,1.7394680282663643e-18,0.0,0.0,0.0,0.0,6.494418805945392e-221,1.3187880460833819e-75,0.0,0.0,0.0,0.0,1.123627579121859e-253,1.466286304917383e-110,1.6385511678223568e-14,0.0,0.0,0.0,9.110398654350686e-269,4.84140704973407e-149,0.0,0.0,0.0,4.94580287988732e-297,2.4535320973832163e-301,0.0,0.0,0.0,0.0,0.0,0.0,0.0,0.0,0.0,0.0,0.0
2.1586307349385573e-6,2.3792803444547057e-62,0.0,0.0,0.0,0.0,0.0,0.0,0.9968824405767723,4.9893324567783364e-92,0.0,0.0,0.0,0.0,0.0,0.0,3.1028158875138026e-8,4.5217596929330456e-100,0.0,0.0,0.0,0.0,0.0,0.0,1.6423330504337864e-30,1.1175803456064852e-137,0.0,0.0,0.0,0.0,0.0,0.0,8.544214827184205e-83,1.4350448152373174e-83,0.0,0.0,0.0,0.0,0.0,0.0,0.001782619897170998,0.0,0.0,0.0,0.0,0.0,0.0,2.149392264774467e-27,2.18180252434822e-204,0.0,0.0,0.0,0.0,0.0,4.557167089810247e-105,3.666481514364831e-298,0.0,0.0,0.0,0.0,0.0,1.6432932827538485e-44,5.067926405047151e-193,0.0,0.0,0.0,0.0,0.0,1.918834751192688e-89,2.295668117316586e-130,0.0,0.0,0.0,0.0,0.0,6.41050788932094e-135,1.991639436735469e-281,0.0,0.0,0.0,0.0,2.6968224564092544e-124,0.0,0.0,0.0,0.0,0.0,0.0,1.140518228867326e-180,0.0,0.0,0.0,0.0,0.0,7.12006603382373e-136,0.0,0.0,0.0,0.0,0.0,1.6425346997344082e-132,0.0,0.0,0.0,0.0,0.0,0.0,2.359856255236671e-172,0.0,0.0,0.0,0.0,4.4225193679332756e-190,0.0,0.0,0.0,0.0,0.0,0.0,4.799453727878131e-162,6.861296617320868e-262,0.0,0.0,0.0,0.0,0.0,6.411117940039097e-172,0.0,0.0,0.0,0.0,0.0,0.0,5.759771366092928e-152,0.0,0.0,0.0,0.0,1.4368688628867938e-134,0.0,0.0,0.0,0.0,0.0,1.5030356326352537e-246,0.0,0.0,0.0,0.0,0.0,0.0,8.523042496516531e-124,0.0,0.0,0.0,0.0,0.0,0.0,9.012312285042567e-156,0.0,0.0,0.0,0.0,0.0,3.3381781183796926e-206,0.0,0.0,0.0,0.0,0.0,0.0013327498671631827,0.0,0.0,0.0,0.0,0.0,7.8848223331e-313,0.0,0.0,0.0,0.0,0.0,0.0,0.0,0.0,0.0,0.0,0.0,0.0,0.0,0.0,0.0,0.0,0.0,0.0,0.0
6.0433554853713165e-220,9.483433482741265e-58,1.4879619359468573e-103,0.0,0.0,0.0,0.0,0.0,6.928598510603563e-127,1.8857555323493308e-5,7.287861478402903e-101,0.0,0.0,0.0,0.0,0.0,4.0896561446232415e-117,0.9704937087533965,3.7032933771594757e-100,0.0,0.0,0.0,0.0,0.0,1.0621033337001815e-103,0.018962040675488227,4.763694567191639e-87,0.0,0.0,0.0,0.0,0.0,4.576216484161754e-80,0.0017175978849088313,5.675605516625834e-50,0.0,0.0,0.0,0.0,0.0,2.450748939506391e-115,0.0037800075162192823,0.0,0.0,0.0,0.0,0.0,5.066616744859402e-111,0.0017259796737106043,5.992575088824554e-97,0.0,0.0,0.0,0.0,2.436832863487108e-100,0.0007253758019845928,2.6367705469266146e-109,0.0,0.0,0.0,0.0,2.7502277894572106e-193,0.0016650509941869788,9.532251870896004e-143,0.0,0.0,0.0,0.0,0.0,3.552597147065375e-19,6.483577727695196e-63,0.0,0.0,0.0,0.0,1.0678582971679668e-296,0.0009113811447817232,0.0,0.0,0.0,0.0,1.0993073410693403e-225,1.3309367211286473e-40,1.2732307628959747e-274,0.0,0.0,0.0,0.0,8.280170644176612e-228,8.981030113296733e-224,0.0,0.0,0.0,0.0,0.0,2.063869408991895e-144,0.0,0.0,0.0,0.0,1.2093290614449466e-205,3.5082114160874105e-110,0.0,0.0,0.0,0.0,0.0,1.6538543272506856e-245,1.794522526892381e-279,0.0,0.0,0.0,5.207610408708718e-157,7.688905837656715e-132,0.0,0.0,0.0,0.0,0.0,1.4894105973905652e-96,3.210157480557225e-53,0.0,0.0,0.0,0.0,0.0,0.0,3.5536020346771235e-106,0.0,0.0,0.0,0.0,0.0,0.0,1.6480733700205817e-237,0.0,0.0,0.0,0.0,2.838969433724291e-135,0.0,0.0,0.0,0.0,9.55845524e-315,1.9094053104224587e-222,0.0,0.0,0.0,0.0,0.0,0.0,2.706652236293354e-58,0.0,0.0,0.0,0.0,0.0,0.0,2.424556003189408e-58,0.0,0.0,0.0,0.0,0.0,2.16930406719845e-309,0.0,0.0,0.0,0.0,0.0,8.346366801418281e-293,0.0,0.0,0.0,0.0,0.0,5.805039603938676e-309,0.0,0.0,0.0,0.0,0.0,0.0,0.0,0.0,0.0,0.0,0.0,0.0,0.0,0.0,0.0,0.0,0.0,0.0
1.473943509829593e-59,3.2198112205409286e-258,0.0,0.0,0.0,0.0,0.0,0.0,0.0225530847512845,6.042407131902903e-120,0.0,0.0,0.0,0.0,0.0,5.507267894107405e-127,0.27280977829238223,1.2407385602982544e-104,0.0,0.0,0.0,0.0,0.0,4.711962031877342e-115,0.25538658699685,1.948917926004465e-92,0.0,0.0,0.0,0.0,0.0,1.1075204786700787e-122,0.05778377082312774,6.621333518754419e-96,0.0,0.0,0.0,0.0,0.0,6.28426695269649e-115,0.041712806732486195,6.083513564920583e-115,0.0,0.0,0.0,0.0,0.0,0.0404821138453323,1.8914583252181304e-106,0.0,0.0,0.0,0.0,5.342793027625092e-115,0.032631298380299906,6.63385861462348e-126,0.0,0.0,0.0,0.0,1.6149431350656186e-125,0.02701365114635893,7.962551167446898e-110,0.0,0.0,0.0,0.0,3.4043829657766945e-114,0.048521184879431405,1.0219202662329128e-127,0.0,0.0,0.0,0.0,8.632647653202665e-177,0.010940071528471354,1.4456138638401119e-111,0.0,0.0,0.0,1.2110169693579612e-130,0.011975288330904594,0.0,0.0,0.0,0.0,0.0,2.448639707109122e-78,0.027443276314391873,0.0,0.0,0.0,0.0,2.9242154711708355e-128,0.01434836432462142,5.63e-322,0.0,0.0,0.0,1.58749853594194e-100,0.020269599519859634,3.9564345566093724e-202,0.0,0.0,0.0,0.0,1.6426678070970483e-139,0.008676671501104766,1.28240713978922e-193,0.0,0.0,4.0174358789361226e-106,0.019566229956992046,1.292688456236123e-151,0.0,0.0,0.0,0.0,0.0,0.007965986289309787,1.2360789715399143e-30,0.0,0.0,0.0,0.0,0.0,0.00996750727634791,1.3871975571819e-222,0.0,0.0,0.0,0.0,2.5094680542348996e-101,0.014478508581160924,0.0,0.0,0.0,1.240347993192336e-108,0.016315271192861663,0.0,0.0,0.0,0.0,0.0,0.011648153828201033,0.0,0.0,0.0,0.0,0.0,2.059487873682678e-73,0.01631758841162919,0.0,0.0,0.0,0.0,0.0,1.784123488225845e-81,0.011193207096590685,0.0,0.0,0.0,0.0,3.0081519721635896e-105,1.1050231052483472e-35,0.0,0.0,0.0,0.0,0.0,1.075981668240868e-36,3.0935384071108337e-188,0.0,0.0,0.0,0.0,9.115536487844e-25,9.847157170847107e-148,0.0,0.0,0.0,1.2953684478812452e-28,1.43793851770242e-207,0.0,0.0,0.0,0.0,0.0,0.0,0.0,0.0,1.9610729284365542e-115,0.0,0.0,0.0,0.0
0.0,3.873676966142096e-142,2.4191955043576003e-306,0.0,0.0,0.0,0.0,0.0,7.197796145333051e-206,1.0031384484750104e-15,3.0024347793960976e-209,0.0,0.0,0.0,0.0,0.0,6.468417524915929e-139,0.3432824510523532,2.768210296676031e-116,0.0,0.0,0.0,0.0,0.0,4.115128050239813e-110,0.567125670062954,2.0725117515699777e-71,0.0,0.0,0.0,0.0,0.0,5.09214710809084e-148,0.028975252581678847,4.843722271475466e-77,0.0,0.0,0.0,0.0,0.0,3.774485458197688e-163,6.715053403240487e-10,3.9920114524047534e-141,0.0,0.0,0.0,0.0,1.5702757294118499e-235,0.02836862105228542,1.6641217129330801e-205,0.0,0.0,0.0,0.0,2.1180295129595956e-196,0.015963920388352974,2.387136299024587e-50,0.0,0.0,0.0,0.0,9.030472454024716e-188,0.015044146257677032,3.334548318453651e-229,0.0,0.0,0.0,0.0,8.736985675687397e-244,3.952480854929481e-5,1.0198774725260507e-88,0.0,0.0,0.0,0.0,5.390588e-317,1.0380175586588538e-6,0.0,0.0,0.0,0.0,5.666405397417953e-214,4.34399674547959e-45,1.927910174968012e-91,0.0,0.0,0.0,0.0,7.646862979228991e-200,6.792752941567649e-54,0.0,0.0,0.0,0.0,0.0,1.3034693984039665e-111,0.0,0.0,0.0,0.0,1.3106689159162624e-139,5.460016440805458e-28,0.0,0.0,0.0,0.0,0.0,6.448784601447795e-233,5.598048198814976e-81,0.0,0.0,0.0,2.2969027316455202e-156,2.200282679216728e-79,0.0,0.0,0.0,0.0,0.0,1.2793570271312192e-114,2.556976140163897e-7,5.84541161022907e-169,0.0,0.0,0.0,0.0,0.0,9.274526524980783e-101,0.0,0.0,0.0,0.0,0.0,0.0,5.053743242377191e-65,0.0,0.0,0.0,0.0,3.7976350961994e-46,0.0,0.0,0.0,0.0,3.701328327606693e-203,1.0915869080874049e-96,0.0,0.0,0.0,0.0,0.0,0.0,1.906977040571412e-18,0.0,0.0,0.0,0.0,0.0,1.0070574420343554e-277,5.865285238205225e-140,0.0,0.0,0.0,0.0,6.832842677164565e-239,0.0011991194094701663,1.3388370327871497e-181,0.0,0.0,0.0,0.0,2.213994945843482e-154,0.0,0.0,0.0,0.0,0.0,7.77793699228045e-212,0.0,0.0,0.0,0.0,4.067655034720375e-191,0.0,0.0,0.0,0.0,0.0,0.0,0.0,0.0,0.0,0.0,0.0,0.0,0.0
0.0,0.0,0.0005740239361673105,4.798631295623128e-153,0.0,0.0,0.0,0.0,0.0,3.1752919149716034e-256,0.003714028691911962,1.2968145359686655e-77,0.0,0.0,0.0,0.0,0.0,5.1218122361358845e-194,0.24538431914800396,5.325597082466246e-63,0.0,0.0,0.0,0.0,0.0,1.0835103043807131e-184,0.327020453663959,9.129938917414715e-73,0.0,0.0,0.0,0.0,0.0,4.711804529234841e-165,0.08208294216023475,2.412602453498266e-97,0.0,0.0,0.0,0.0,0.0,2.8235918626984374e-169,0.034415067261187225,1.882297658797402e-83,0.0,0.0,0.0,0.0,2.5078669558398473e-178,0.02704803131352842,7.883418589075697e-48,0.0,0.0,0.0,0.0,0.0,0.024427380452731233,5.0320450448959315e-71,0.0,0.0,0.0,0.0,3.574507765567212e-123,0.02306270225205136,9.504921525628334e-63,0.0,0.0,0.0,0.0,3.8894352240481697e-184,0.021461789761304192,2.722121486967426e-58,0.0,0.0,0.0,0.0,0.0,0.01929066032969981,2.386756480774586e-56,0.0,0.0,0.0,0.0,0.015822669430451606,1.9439445208197451e-62,0.0,0.0,0.0,0.0,0.0,0.019924842986494617,1.3777111440301568e-67,0.0,0.0,0.0,0.0,0.010548446286967737,9.512041783389087e-79,0.0,0.0,0.0,9.148560324230314e-254,0.018166768605333325,1.749202384124411e-42,0.0,0.0,0.0,0.0,5.4418887704201696e-188,0.01043003539146041,4.376588310090441e-105,0.0,0.0,4.975650550879962e-180,0.014650619843010746,1.3184065869397737e-93,0.0,0.0,0.0,0.0,0.0,0.016994719017892467,1.0472825210020207e-109,0.0,0.0,0.0,0.0,0.0,0.013478570255569887,2.620648935055339e-124,0.0,0.0,0.0,0.0,1.2221463447013683e-108,0.00995187117928851,9.464311949187574e-19,0.0,0.0,0.0,0.008204347112086018,0.0,0.0,0.0,0.0,0.0,0.006446272730916567,4.4125138142812533e-129,0.0,0.0,0.0,0.0,0.0,0.005274223143483869,5.665644411830043e-82,0.0,0.0,0.0,0.0,0.0,0.007618322318365589,7.946495097747707e-102,0.0,0.0,0.0,1.2920478527040042e-64,0.006796521933790622,5.147027054410853e-94,0.0,0.0,0.0,1.8589721913117133e-140,0.012891178802107535,3.671520873245361e-127,0.0,0.0,0.0,0.0,0.011134471080688168,7.898579071174292e-134,0.0,0.0,2.7143411813867505e-173,0.0020126713238722348,0.0,0.0,0.0,0.0,0.0011720495874408597,0.0,0.0,0.0,0.0,0.0,0.0,0.0
0.0,1.3924280161313793e-114,0.0108674760201301,6.110851353772895e-137,0.0,0.0,0.0,0.0,0.0,3.3948596302196947e-84,0.397567187056114,6.642712884850862e-123,0.0,0.0,0.0,0.0,0.0,1.464940612400762e-89,0.5498332233340636,3.383068287828033e-123,0.0,0.0,0.0,0.0,0.0,3.572020704990754e-98,0.03406542890033462,1.5670742311428886e-165,0.0,0.0,0.0,0.0,0.0,7.201191583240516e-246,0.000723729813989291,1.4538944059977508e-176,0.0,0.0,0.0,0.0,0.0,1.625801439504637e-91,0.0008514467154395951,1.161640036890117e-234,0.0,0.0,0.0,0.0,2.7516182530814062e-40,0.0014398242656879924,5.5885644243391695e-132,0.0,0.0,0.0,0.0,0.0,0.001242067637568225,3.6332421909896063e-243,0.0,0.0,0.0,0.0,5.391984143168794e-131,0.0009906832677953603,6.602914956761718e-164,0.0,0.0,0.0,0.0,1.883186e-318,0.0016392073683473573,1.1401430273333511e-128,0.0,0.0,0.0,0.0,0.0,0.0007797256205298071,1.4105516746833044e-154,0.0,0.0,0.0,0.0,4.935927307141622e-45,8.19958941906397e-213,0.0,0.0,0.0,0.0,0.0,6.966530865140602e-56,1.0348575022303828e-249,0.0,0.0,0.0,0.0,7.386166769588345e-76,3.2068019223904366e-180,0.0,0.0,0.0,6.836595914473329e-57,1.9226219966240003e-54,2.444710723278206e-120,0.0,0.0,0.0,0.0,0.0,2.5224687984802137e-107,8.73086501452828e-194,0.0,0.0,0.0,5.067404330426958e-115,6.282532976499327e-249,0.0,0.0,0.0,0.0,0.0,4.901581258371e-121,3.483e-321,0.0,0.0,0.0,0.0,0.0,9.824152712980265e-86,0.0,0.0,0.0,0.0,0.0,1.407173928555343e-309,1.5662400265396475e-91,5.428630439694056e-98,0.0,0.0,0.0,3.0282863769151754e-139,0.0,0.0,0.0,0.0,0.0,6.993905340610453e-126,0.0,0.0,0.0,0.0,0.0,0.0,7.99416117919898e-81,9.314148791712679e-226,0.0,0.0,0.0,0.0,0.0,1.233013841318367e-97,1.974003803723841e-150,0.0,0.0,0.0,5.758299626592393e-154,1.47465517865053e-93,2.8107833065177494e-302,0.0,0.0,0.0,0.0,4.273729224338771e-92,3.516904147588e-311,0.0,0.0,0.0,0.0,1.922904495622869e-131,0.0,0.0,0.0,0.0,1.8256625278717451e-177,0.0,0.0,0.0,0.0,4.0051044934481426e-217,0.0,0.0,0.0,0.0,0.0,0.0,0.0
0.0,0.0,0.0,6.706424667040853e-196,0.0,0.0,0.0,0.0,0.0,0.0,5.345107613336299e-68,2.895344982586588e-12,0.0,0.0,0.0,0.0,0.0,0.0,1.7165891237594144e-67,0.12392484597534723,1.4282359029760626e-208,0.0,0.0,0.0,0.0,0.0,1.4757593731457473e-75,0.22458288109673102,3.231289697961279e-179,0.0,0.0,0.0,0.0,0.0,4.8160733602782085e-77,0.18194483875172626,1.134858579063069e-171,0.0,0.0,0.0,0.0,0.0,1.478858554584788e-68,0.04590147737627987,0.0,0.0,0.0,0.0,0.0,1.0385951533109756e-55,0.04910216659866509,0.0,0.0,0.0,0.0,0.0,9.211394488706496e-62,0.06905674827626145,0.0,0.0,0.0,0.0,0.0,5.382663046715796e-42,0.039539653363820225,0.0,0.0,0.0,0.0,0.0,7.0158015510458865e-50,0.04371630395919324,0.0,0.0,0.0,0.0,0.0,3.5108614019248814e-65,0.04744174773855066,0.0,0.0,0.0,0.0,6.700110466430872e-50,0.004113868214059455,0.0,0.0,0.0,0.0,0.0,6.055409527543031e-54,0.02960831971001183,0.0,0.0,0.0,0.0,2.5599693509552194e-57,0.019391497350723923,0.0,0.0,0.0,0.0,3.4085346262069542e-74,0.021587033281774783,0.0,0.0,0.0,0.0,0.0,1.8528944262478599e-84,0.007610524991730908,0.0,0.0,0.0,0.0,8.131169519883038e-7,0.0,0.0,0.0,0.0,0.0,2.4445211291528144e-84,1.9207799913487642e-18,1.407487629730125e-142,0.0,0.0,0.0,0.0,2.205724396637473e-65,0.0133244624131391,0.0,0.0,0.0,0.0,0.0,6.645285357064084e-86,0.00834464906072637,0.0,0.0,0.0,6.610552127546858e-86,0.010118116620764627,0.0,0.0,0.0,0.0,4.049782294026715e-75,0.005718532654431174,1.1421696851330829e-153,0.0,0.0,0.0,0.0,8.27519984047695e-70,0.012752199323792337,0.0,0.0,0.0,0.0,0.0,1.3747490015363876e-57,0.016047796397832343,0.0,0.0,0.0,0.0,2.4443092724044486e-48,0.021570211676797988,0.0,0.0,0.0,0.0,7.508047387812018e-65,0.004601312047787931,4.8211468405844e-15,0.0,0.0,0.0,3.4160699068415246e-77,2.7367822795063296e-31,0.0,0.0,0.0,2.0602005305267255e-138,6.633309600027142e-90,0.0,0.0,0.0,0.0,0.0,0.0,0.0,0.0,0.0,0.0,0.0
6.1730680274044314e-46,0.0,0.0,0.0,0.0,0.0,0.0,5.315079714482965e-185,0.35056782248204743,0.0,0.0,0.0,0.0,0.0,0.0,4.872711290593903e-63,0.6199094080834846,0.0,0.0,0.0,0.0,0.0,0.0,1.5593308909311222e-68,0.008640035490851555,1.8268142869180698e-298,0.0,0.0,0.0,0.0,0.0,5.484642069400746e-127,9.539054438238897e-23,0.0,0.0,0.0,0.0,0.0,0.0,2.5570570071233877e-84,0.012028302282858767,0.0,0.0,0.0,0.0,0.0,0.0,5.126874644987554e-38,4.4e-323,0.0,0.0,0.0,0.0,2.589075102474421e-171,2.6724048593177724e-44,0.0,0.0,0.0,0.0,0.0,1.0478389739879743e-176,0.0018072385002912276,0.0,0.0,0.0,0.0,0.0,6.761232076671965e-149,0.007047193160466558,7.077746853275067e-284,0.0,0.0,0.0,0.0,1.491503404205111e-157,1.0395715363985256e-115,0.0,0.0,0.0,0.0,2.6005733415332572e-173,3.288914279909179e-53,0.0,0.0,0.0,0.0,0.0,6.2463430016582804e-217,3.3928586030164756e-161,0.0,0.0,0.0,0.0,2.0684036220273597e-79,6.838973456124158e-115,0.0,0.0,0.0,0.0,2.353131749328509e-259,3.583648461226526e-122,0.0,0.0,0.0,0.0,0.0,0.0,1.5895388616623462e-84,0.0,0.0,0.0,1.5440283755585115e-272,1.6059631564675226e-165,0.0,0.0,0.0,0.0,0.0,0.0,6.249553461285503e-150,0.0,0.0,0.0,0.0,0.0,0.0,1.0843074085277184e-219,0.0,0.0,0.0,0.0,0.0,5.288723797502248e-276,1.3079841488953792e-95,0.0,0.0,0.0,6.037142858513273e-233,5.0426647560306334e-141,0.0,0.0,0.0,0.0,0.0,4.909750409701725e-141,0.0,0.0,0.0,0.0,0.0,2.003966929705786e-223,3.673531012959059e-108,0.0,0.0,0.0,0.0,0.0,2.1199856791864406e-241,2.262008847318407e-138,0.0,0.0,0.0,0.0,5.027587037578902e-211,4.002931700834643e-244,0.0,0.0,0.0,0.0,0.0,1.4057475976044623e-67,0.0,0.0,0.0,0.0,0.0,4.792679084120575e-302,0.0,0.0,0.0,0.0,0.0,0.0,0.0,0.0,0.0,0.0,0.0,0.0,0.0,0.0,0.0,0.0,0.0,0.0,0.0
1.0241990799769165e-134,0.0,0.0,0.0,0.0,0.0,0.0,3.7554107267522015e-56,3.188077947377019e-115,0.0,0.0,0.0,0.0,0.0,4.8078e-320,2.5293544473301717e-6,1.1909419948069e-103,0.0,0.0,0.0,0.0,0.0,7.68e-321,0.9585356753371714,5.879122638077913e-220,0.0,0.0,0.0,0.0,0.0,0.0,0.02412012499295239,5.175823639967106e-212,0.0,0.0,0.0,0.0,0.0,0.0,0.0036753292047083785,3.786259295003376e-170,0.0,0.0,0.0,0.0,0.0,0.006694031052302001,2.455642586657033e-58,0.0,0.0,0.0,0.0,0.0,5.16306231108048e-10,1.3266050390523777e-61,0.0,0.0,0.0,0.0,0.0,6.313139287526398e-8,1.2650240343500353e-297,0.0,0.0,0.0,0.0,0.0,0.004258224098873856,1.4393784164579382e-242,0.0,0.0,0.0,0.0,0.0,8.237205420423411e-84,7.273479882833595e-208,0.0,0.0,0.0,0.0,0.002714022311845428,4.594182996915886e-86,0.0,0.0,0.0,0.0,0.0,3.3590027993611173e-220,0.0,0.0,0.0,0.0,0.0,4.09908713427495e-62,5.221494408045575e-169,0.0,0.0,0.0,0.0,2.0285488935945343e-107,0.0,0.0,0.0,0.0,0.0,0.0,1.5153519421148517e-97,0.0,0.0,0.0,0.0,3.2923108366629404e-224,0.0,0.0,0.0,0.0,0.0,0.0,2.968364111934558e-141,1.0334684504039967e-225,0.0,0.0,0.0,0.0,0.0,2.6072291011817967e-78,0.0,0.0,0.0,0.0,0.0,0.0,7.681036538653e-197,6.439534417e-314,0.0,0.0,0.0,6.96664907764435e-179,0.0,0.0,0.0,0.0,0.0,6.879571886405567e-229,0.0,0.0,0.0,0.0,0.0,0.0,2.1674900102841377e-76,6.027579412209819e-197,0.0,0.0,0.0,0.0,0.0,8.918613916267188e-238,1.8523973812368599e-239,0.0,0.0,0.0,0.0,3.285298430913727e-146,0.0,0.0,0.0,0.0,0.0,2.553057011054032e-243,0.0,0.0,0.0,0.0,0.0,1.753801924659066e-80,0.0,0.0,0.0,0.0,7.07173406395549e-238,0.0,0.0,0.0,0.0,0.0,0.0,0.0,0.0,0.0,1.4523086521083215e-239,0.0,0.0,0.0,0.0,0.0
0.0,0.0,0.0,0.0,0.0,3.6968393629538e-63,0.007084373608224922,0.0,0.0,0.0,0.0,0.0,0.0,1.6698721528687758e-36,0.742526371814058,0.0,0.0,0.0,0.0,0.0,0.0,2.5635842769350174e-45,0.25038925457771705,0.0,0.0,0.0,0.0,0.0,0.0,1.81639454906995e-92,8.1844129714703575e-50,0.0,0.0,0.0,0.0,0.0,0.0,0.0,1.7937639114049788e-210,0.0,0.0,0.0,0.0,0.0,0.0,0.0,0.0,0.0,0.0,0.0,0.0,0.0,0.0,0.0,0.0,0.0,0.0,0.0,0.0,1.827179569793526e-85,0.0,0.0,0.0,0.0,0.0,0.0,1.3558072981589606e-243,0.0,0.0,0.0,0.0,0.0,0.0,1.3774654095271883e-41,0.0,0.0,0.0,0.0,0.0,9.674897540593592e-92,0.0,0.0,0.0,0.0,0.0,0.0,4.9305385956685335e-149,0.0,0.0,0.0,0.0,0.0,0.0,0.0,0.0,0.0,0.0,0.0,2.765785041208975e-94,0.0,0.0,0.0,0.0,0.0,0.0,0.0,0.0,0.0,0.0,0.0,0.0,0.0,0.0,0.0,0.0,0.0,0.0,0.0,0.0,0.0,0.0,0.0,0.0,0.0,0.0,0.0,0.0,0.0,0.0,0.0,0.0,0.0,0.0,0.0,0.0,0.0,0.0,0.0,0.0,0.0,0.0,0.0,0.0,0.0,0.0,0.0,0.0,0.0,0.0,0.0,0.0,0.0,0.0,0.0,0.0,0.0,0.0,0.0,0.0,0.0,0.0,0.0,0.0,0.0,0.0,0.0,0.0,0.0,0.0,0.0,0.0,0.0,0.0,0.0,0.0,0.0,0.0,0.0,0.0,0.0,0.0,0.0,0.0,0.0,0.0,0.0,0.0,0.0,0.0,0.0,0.0,0.0,0.0,0.0,0.0,0.0
0.0,0.0,0.0,0.0,0.0,0.0,0.06446777695108762,7.295964351870092e-179,0.0,0.0,0.0,0.0,0.0,0.0,0.9353757442970574,1.237626075389797e-162,0.0,0.0,0.0,0.0,0.0,0.0,2.5689705854242792e-9,7.973534907988381e-176,0.0,0.0,0.0,0.0,0.0,0.0,7.52337505625895e-51,0.0,0.0,0.0,0.0,0.0,0.0,0.0,0.0,0.0,0.0,0.0,0.0,0.0,0.0,0.0,2.032318822004442e-208,0.0,0.0,0.0,0.0,0.0,0.0,0.0,0.0,0.0,0.0,0.0,0.0,2.5960661817530736e-39,0.0,0.0,0.0,0.0,0.0,0.0,5.8538950847282786e-24,0.0,0.0,0.0,0.0,0.0,0.0,8.580834419312442e-78,0.0,0.0,0.0,0.0,0.0,0.0001564761828846212,0.0,0.0,0.0,0.0,0.0,0.0,8.823990853942465e-40,0.0,0.0,0.0,0.0,0.0,0.0,0.0,0.0,0.0,0.0,0.0,3.979136271501885e-300,0.0,0.0,0.0,0.0,0.0,0.0,0.0,0.0,0.0,0.0,0.0,0.0,0.0,0.0,0.0,0.0,0.0,0.0,0.0,0.0,0.0,0.0,0.0,0.0,0.0,0.0,0.0,0.0,0.0,0.0,0.0,0.0,0.0,0.0,0.0,0.0,0.0,0.0,0.0,0.0,0.0,0.0,0.0,0.0,0.0,0.0,0.0,0.0,0.0,0.0,0.0,0.0,0.0,0.0,0.0,0.0,0.0,0.0,0.0,0.0,0.0,0.0,0.0,0.0,0.0,0.0,0.0,0.0,0.0,0.0,0.0,0.0,0.0,0.0,0.0,0.0,0.0,0.0,0.0,0.0,0.0,0.0,0.0,0.0,0.0,0.0,0.0,0.0,0.0,0.0,0.0,0.0,0.0,0.0,0.0,0.0,0.0
0.0,0.0,0.0,0.0,0.0,0.0,0.0,0.0,0.0,0.0,0.0,1.7796827223527994e-46,1.0635056392661708e-33,0.0,0.0,0.0,0.0,0.0,0.0,2.0965120292489172e-61,0.010685056313235238,0.0,0.0,0.0,0.0,0.0,0.0,6.484540950197181e-54,0.9457397303598702,0.0,0.0,0.0,0.0,0.0,0.0,9.141210939866446e-37,0.012704424922866745,0.0,0.0,0.0,0.0,0.0,0.0,0.0,5.325020628406328e-7,0.0,0.0,0.0,0.0,0.0,0.0034736608846567445,1.9604341900720167e-12,0.0,0.0,0.0,0.0,0.0,2.6912381399292263e-48,0.005785464904400415,0.0,0.0,0.0,0.0,0.0,0.0,6.4327585696037805e-37,0.0,0.0,0.0,0.0,0.0,0.0,0.0,0.0,0.0,0.0,0.0,0.0,0.0,0.0,0.0,0.0,0.0,0.0,0.0,0.0,0.0,0.0,0.0,0.0,0.0,7.320927589491939e-100,0.0,0.0,0.0,0.0,0.0,0.0,0.0,0.0,0.0,0.0,0.0,0.0,0.0037310127538720105,0.0,0.0,0.0,0.0,0.0,0.0,0.0,0.0,0.0,0.0,0.0,0.0037310127538720092,0.0,0.0,0.0,0.0,0.0,0.0,0.0037310127538720097,0.0,0.0,0.0,0.0,0.0,0.0,0.0,0.0,0.0,0.0,0.0,0.0,0.0029560663444823916,0.0,0.0,0.0,0.0,0.0,1.518821273241692e-46,0.0,0.0,0.0,0.0,0.0,0.0037310127510460744,0.0,0.0,0.0,0.0,0.0,0.0,0.0,0.0,0.0,0.0,0.0,0.0,0.0,0.0,0.0,0.0,0.0,0.0,9.040894585713735e-83,2.3738732121815906e-54,0.0,0.0,0.0,0.0,0.0,0.0037310127538026628,0.0,0.0,0.0,0.0,0.0,0.0,0.0,0.0,0.0,0.0,0.0,0.0,0.0,0.0,0.0,0.0,0.0,0.0,0.0,0.0,0.0
1.9188072636104603e-287,3.3709986976969907e-246,0.0,0.0,0.0,0.0,0.0,0.0,8.08173004148201e-28,0.0823403602374952,0.0,0.0,0.0,0.0,0.0,0.0,4.267667724948206e-22,1.1381345280511824e-12,0.0,0.0,0.0,0.0,0.0,0.0,0.09385597227028361,0.026330684904315137,0.0,0.0,0.0,0.0,0.0,0.0,1.0539210404951258e-61,0.15068526810576655,0.0,0.0,0.0,0.0,0.0,0.0,6.402365811859939e-70,0.03511045131493695,0.0,0.0,0.0,0.0,0.0,2.5654484112715876e-25,0.0036420507461342967,0.0,0.0,0.0,0.0,0.0,0.03573194847282741,0.28064352198803066,0.0,0.0,0.0,0.0,0.0,6.417933927722743e-281,0.03232450632962076,0.0,0.0,0.0,0.0,0.0,0.0,0.09574881065270169,0.0,0.0,0.0,0.0,0.0,0.024967216282636272,9.560310202673868e-58,0.0,0.0,0.0,0.0,0.0,3.6272224337735146e-86,0.0,0.0,0.0,0.0,0.0,1.9969104143520933e-278,4.107458025107324e-300,0.0,0.0,0.0,0.0,0.0,0.029403147150486753,0.0,0.0,0.0,0.0,0.08082309469290937,0.02839296685071385,0.0,0.0,0.0,0.0,0.0,3.279166566189354e-15,5.445007220741524e-270,0.0,0.0,0.0,2.359522580388228e-56,6.0988078883314e-73,0.0,0.0,0.0,0.0,0.0,0.0,3.703085999449283e-110,0.0,0.0,0.0,0.0,0.0,0.0,1.3691224809310302e-185,0.0,0.0,0.0,0.0,0.0,0.0,8.100717592719511e-43,0.0,0.0,0.0,0.0,7.216079164680326e-77,0.0,0.0,0.0,0.0,0.0,1.2101939400226523e-281,0.0,0.0,0.0,0.0,0.0,0.0,1.5522202473030373e-78,0.0,0.0,0.0,0.0,0.0,0.0,1.2969573389092914e-38,0.0,0.0,0.0,0.0,0.0,0.0,0.0,0.0,0.0,0.0,0.0,0.0,0.0,0.0,0.0,0.0,0.0,0.0,0.0,0.0,0.0,0.0,0.0,0.0,0.0,0.0,0.0,0.0,0.0,0.0,0.0,0.0,0.0,0.0,0.0,0.0
7.822428105576904e-241,0.0,0.0,0.0,0.0,0.0,0.0,1.2728782753537695e-58,3.129463631247903e-118,0.0,0.0,0.0,0.0,0.0,1.3874776e-317,0.0011863671651571046,5.217260930611823e-100,0.0,0.0,0.0,0.0,0.0,5.49286842115202e-286,0.9880090920644163,1.2390119991348133e-207,0.0,0.0,0.0,0.0,0.0,0.0,3.5435576019432377e-22,6.326186355435751e-196,0.0,0.0,0.0,0.0,0.0,0.0,7.16036745729619e-14,0.0,0.0,0.0,0.0,0.0,0.0,3.9662297778133355e-13,1.990861869958404e-94,0.0,0.0,0.0,0.0,0.0,0.004542421790004082,8.401870374632993e-102,0.0,0.0,0.0,0.0,0.0,0.006262118979954391,3.3253736461044906e-270,0.0,0.0,0.0,0.0,0.0,1.2957936313968635e-34,0.0,0.0,0.0,0.0,0.0,0.0,4.036661985322836e-65,8.036693249260959e-274,0.0,0.0,0.0,0.0,9.846431259468526e-49,1.653259619932579e-71,0.0,0.0,0.0,0.0,0.0,1.3371206057789202e-202,0.0,0.0,0.0,0.0,0.0,7.27783174833827e-46,4.7238446e-317,0.0,0.0,0.0,0.0,3.1131757941388367e-156,0.0,0.0,0.0,0.0,0.0,0.0,5.264703479891479e-111,3.078672626646256e-268,0.0,0.0,0.0,1.8924543255585508e-258,0.0,0.0,0.0,0.0,0.0,0.0,2.427468405482096e-83,2.1473567780564343e-175,0.0,0.0,0.0,0.0,0.0,2.6379415905037693e-98,0.0,0.0,0.0,0.0,0.0,0.0,2.3880889304027753e-107,1.8934064354505043e-286,0.0,0.0,0.0,1.5080724541509204e-176,0.0,0.0,0.0,0.0,0.0,3.928005062282915e-226,0.0,0.0,0.0,0.0,0.0,0.0,1.4941504485030859e-108,1.1930341346763465e-169,0.0,0.0,0.0,0.0,0.0,3.0548962944517764e-254,2.450032476486233e-218,0.0,0.0,0.0,0.0,2.076150236417233e-186,0.0,0.0,0.0,0.0,0.0,2.1133684242305217e-256,0.0,0.0,0.0,0.0,0.0,1.116996886372636e-111,0.0,0.0,0.0,0.0,8.68834267054195e-255,0.0,0.0,0.0,0.0,0.0,0.0,0.0,0.0,0.0,8.46967009891612e-251,0.0,0.0,0.0,0.0,0.0
3.1297960305328655e-63,0.0,0.0,0.0,0.0,0.0,0.0,0.6071505160437487,1.180854415475159e-74,0.0,0.0,0.0,0.0,0.0,0.0,0.38848213551587996,5.863950916419695e-78,0.0,0.0,0.0,0.0,0.0,0.0,3.2220731827989925e-16,0.0,0.0,0.0,0.0,0.0,0.0,0.0,1.5151531923678028e-164,5.995224542534118e-20,0.0,0.0,0.0,0.0,0.0,0.0,1.2165423111691386e-61,7.38051823e-316,0.0,0.0,0.0,0.0,0.0,1.1041187404109253e-14,3.5703584801028904e-217,0.0,0.0,0.0,0.0,0.0,0.0043673484403597695,7.444199453814881e-207,0.0,0.0,0.0,0.0,0.0,2.7492881592041206e-64,0.0,0.0,0.0,0.0,0.0,0.0,6.422285334331976e-74,0.0,0.0,0.0,0.0,0.0,0.0,4.3149603801800074e-237,0.0,0.0,0.0,0.0,0.0,2.2901886871317964e-53,6.767822021497053e-245,0.0,0.0,0.0,0.0,0.0,0.0,0.0,0.0,0.0,0.0,0.0,5.140603207604486e-153,0.0,0.0,0.0,0.0,0.0,0.0,0.0,0.0,0.0,0.0,0.0,0.0,0.0,0.0,0.0,0.0,0.0,0.0,0.0,0.0,0.0,0.0,0.0,0.0,0.0,0.0,0.0,0.0,0.0,0.0,0.0,0.0,0.0,0.0,0.0,0.0,0.0,0.0,1.1636573360068785e-280,0.0,0.0,0.0,0.0,0.0,0.0,0.0,0.0,0.0,0.0,0.0,0.0,0.0,0.0,0.0,0.0,0.0,0.0,7.149084345308876e-235,0.0,0.0,0.0,0.0,0.0,0.0,0.0,0.0,0.0,0.0,0.0,0.0,0.0,0.0,0.0,0.0,0.0,0.0,0.0,0.0,0.0,0.0,0.0,0.0,0.0,0.0,0.0,0.0,0.0,0.0,0.0,0.0,0.0,0.0,0.0,0.0,0.0,0.0,0.0,0.0,0.0,0.0,0.0,0.0
7.3268332456179275e-19,9.312410775707107e-72,0.0,0.0,0.0,0.0,0.0,0.0,0.25536837471134444,1.2335438270380817e-42,0.0,0.0,0.0,0.0,0.0,0.0,0.7179013545568133,7.741754920204306e-42,0.0,0.0,0.0,0.0,0.0,0.0,4.862586611710045e-7,1.8298534450137336e-33,0.0,0.0,0.0,0.0,0.0,0.0,0.0030487779892280687,6.746766869313331e-26,0.0,0.0,0.0,0.0,0.0,0.0,2.671486348676039e-11,3.404321844757311e-107,0.0,0.0,0.0,0.0,0.0,0.014471009196419731,1.1036803438134421e-26,0.0,0.0,0.0,0.0,0.0,0.009209996461828688,1.5502301010360065e-94,0.0,0.0,0.0,0.0,0.0,2.147230994793482e-32,9.78901850511671e-92,0.0,0.0,0.0,0.0,0.0,7.543633450405278e-45,7.356756993318908e-45,0.0,0.0,0.0,0.0,0.0,4.243953468399607e-25,2.895557987076325e-161,0.0,0.0,0.0,0.0,7.722565519181846e-51,0.0,0.0,0.0,0.0,0.0,0.0,1.0349512376570879e-61,0.0,0.0,0.0,0.0,0.0,2.0718333691601708e-34,1.0138980430944207e-289,0.0,0.0,0.0,0.0,8.573381151057766e-65,1.584121785001926e-210,0.0,0.0,0.0,0.0,0.0,5.549330201584084e-58,2.3184927891873418e-302,0.0,0.0,0.0,1.5968615778647305e-46,2.7650008037385287e-216,0.0,0.0,0.0,0.0,0.0,3.504146135333995e-30,7.989897934570318e-10,0.0,0.0,0.0,0.0,0.0,1.270099548741099e-69,5.518266686963259e-290,0.0,0.0,0.0,0.0,0.0,5.118338594441665e-22,0.0,0.0,0.0,0.0,5.819764116134078e-41,0.0,0.0,0.0,0.0,0.0,1.9202845370125156e-74,0.0,0.0,0.0,0.0,0.0,0.0,6.315755253907977e-69,0.0,0.0,0.0,0.0,0.0,0.0,1.5283861374238156e-65,0.0,0.0,0.0,0.0,0.0,9.875948439760371e-160,0.0,0.0,0.0,0.0,0.0,6.84489373627824e-91,4.224326372354467e-273,0.0,0.0,0.0,0.0,3.9229258815612156e-163,1.0679575193647258e-237,0.0,0.0,0.0,3.9901980179632465e-175,1.00997185e-315,0.0,0.0,0.0,0.0,0.0,0.0,0.0,0.0,0.0,0.0,0.0,0.0,0.0
0.0,0.0,0.0,1.1032604855519494e-107,0.05270928555351088,0.0,0.0,0.0,0.0,0.0,0.0,3.540551425769602e-61,0.8664656157353525,0.0,0.0,0.0,0.0,0.0,0.0,9.899029673503437e-86,0.08082509871113659,0.0,0.0,0.0,0.0,0.0,0.0,1.5088322317150988e-121,4.084631995748831e-49,0.0,0.0,0.0,0.0,0.0,0.0,2.3018065344088177e-209,8.781608331101025e-124,0.0,0.0,0.0,0.0,0.0,0.0,0.0,3.257785908404052e-35,0.0,0.0,0.0,0.0,0.0,1.4563210621613776e-282,7.477947561962837e-83,0.0,0.0,0.0,0.0,0.0,2.407059792611992e-247,0.0,0.0,0.0,0.0,0.0,0.0,0.0,0.0,0.0,0.0,0.0,0.0,0.0,0.0,0.0,0.0,0.0,0.0,0.0,0.0,0.0,0.0,0.0,0.0,0.0,0.0,0.0,0.0,0.0,0.0,0.0,0.0,0.0,0.0,0.0,0.0,0.0,0.0,0.0,0.0,0.0,0.0,0.0,0.0,0.0,0.0,0.0,0.0,0.0,0.0,0.0,0.0,0.0,0.0,0.0,0.0,0.0,0.0,0.0,0.0,0.0,0.0,0.0,0.0,0.0,0.0,0.0,0.0,0.0,0.0,0.0,0.0,0.0,0.0,0.0,0.0,0.0,0.0,0.0,0.0,0.0,0.0,0.0,0.0,0.0,0.0,0.0,0.0,0.0,0.0,0.0,0.0,0.0,0.0,0.0,0.0,0.0,0.0,0.0,0.0,0.0,0.0,0.0,0.0,0.0,0.0,0.0,0.0,0.0,0.0,0.0,0.0,0.0,0.0,0.0,0.0,0.0,0.0,0.0,0.0,0.0,0.0,0.0,0.0,0.0,0.0,0.0,0.0,0.0,0.0,0.0,0.0,0.0,0.0,0.0,0.0,0.0,0.0
0.0,2.415506253953721e-129,0.0,0.0,0.0,0.0,0.0,0.0,2.476511873803983e-137,0.03301011660952516,1.028159207781988e-252,0.0,0.0,0.0,0.0,0.0,3.764024088619053e-101,0.09112617810053279,5.47130156871788e-222,0.0,0.0,0.0,0.0,0.0,1.4720807155315703e-80,0.049941734235842555,1.779164242228171e-145,0.0,0.0,0.0,0.0,0.0,1.0104417715516557e-94,0.2195462554104727,5.359976899210654e-125,0.0,0.0,0.0,0.0,0.0,6.283237169248491e-103,0.19398642862294938,3.606637955113323e-238,0.0,0.0,0.0,0.0,1.2283250026681616e-58,0.07447334881929861,1.0106927894158573e-253,0.0,0.0,0.0,0.0,1.0966561587696732e-198,0.044270492115907556,2.273385321669058e-198,0.0,0.0,0.0,0.0,2.2094409913543147e-137,0.04775900763770065,3.497931870071855e-186,0.0,0.0,0.0,0.0,1.1804703695912875e-119,0.09743954711796146,1.9926692088713785e-142,0.0,0.0,0.0,0.0,7.282029906175766e-125,0.07347594060278645,0.0,0.0,0.0,0.0,1.5479114070799514e-121,0.017566608286786883,6.232487926051404e-110,0.0,0.0,0.0,0.0,6.286940688079419e-51,1.9961692880063085e-37,0.0,0.0,0.0,0.0,0.0,1.665116421791987e-44,0.0,0.0,0.0,0.0,1.945017042928681e-63,0.013881531266793427,0.0,0.0,0.0,0.0,0.0,1.0092189120524185e-77,2.3232431341996306e-60,0.0,0.0,0.0,1.8796436400310458e-85,2.518984950050028e-68,0.0,0.0,0.0,0.0,0.0,2.4490439843918876e-95,0.01407676174730554,1.7618853345321885e-220,0.0,0.0,0.0,0.0,0.0,1.8416067223701625e-74,0.0,0.0,0.0,0.0,0.0,7.055834923685445e-103,8.477853078711573e-63,0.0,0.0,0.0,0.0,0.008551398126877297,0.0,0.0,0.0,0.0,9.79491876685546e-80,0.007649240966887213,0.0,0.0,0.0,0.0,0.0,1.4503721877143334e-109,0.009944112173286924,0.0,0.0,0.0,0.0,0.0,8.746763344115591e-167,0.0033012981590854118,0.0,0.0,0.0,0.0,2.422043637598296e-104,5.503950832344048e-20,3.2604334301533676e-290,0.0,0.0,0.0,0.0,1.0301484779460577e-98,0.0,0.0,0.0,0.0,0.0,4.118334166580382e-125,0.0,0.0,0.0,0.0,7.280495907207012e-150,0.0,0.0,0.0,0.0,0.0,0.0,0.0,0.0,0.0,0.0,0.0,0.0,0.0
3.132303478363535e-91,0.0,0.0,0.0,0.0,0.0,0.0,0.0,1.3809683519560771e-19,2.6930919088837038e-185,0.0,0.0,0.0,0.0,0.0,6.30794172835685e-126,2.975192631989921e-15,1.515149518952946e-105,0.0,0.0,0.0,0.0,0.0,6.162791219891577e-121,1.4794288432372954e-5,2.6921705770920893e-86,0.0,0.0,0.0,0.0,0.0,9.179713463314754e-156,0.1390000116754352,7.754135539323774e-169,0.0,0.0,0.0,0.0,0.0,2.1430054676012952e-114,0.0673466423467087,8.245250268012537e-100,0.0,0.0,0.0,0.0,0.0,0.022608675429517378,1.6538676336108545e-142,0.0,0.0,0.0,0.0,3.020390583669601e-114,0.04680259965133632,2.7633817257567464e-213,0.0,0.0,0.0,0.0,3.919789400138824e-177,0.08544111709634257,3.5649746973536167e-129,0.0,0.0,0.0,0.0,5.013027047368814e-124,0.030434448286910224,5.64023602791439e-88,0.0,0.0,0.0,0.0,4.106952747498646e-201,0.03930492330777663,7.071211130060922e-42,0.0,0.0,0.0,1.6399961374942373e-216,0.03964553548772483,0.0,0.0,0.0,0.0,0.0,2.4324894504446115e-115,0.00151092268924489,0.0,0.0,0.0,0.0,1.0739754358167874e-168,0.010841675753782433,2.8763954385022887e-280,0.0,0.0,0.0,8.543756126231144e-117,0.019725145615353084,2.1233699169558893e-255,0.0,0.0,0.0,0.0,4.917137360033098e-90,0.04207160499464508,7.003994143599584e-110,0.0,0.0,4.70474694817524e-99,0.0410151901202134,1.4202464482577829e-114,0.0,0.0,0.0,0.0,0.0,0.025446678831517123,3.939239936035226e-104,0.0,0.0,0.0,0.0,0.0,0.022303297326251796,3.0977883798580142e-114,0.0,0.0,0.0,0.0,3.685523877896652e-81,0.055128919126194546,0.0,0.0,0.0,6.133349898576617e-149,0.0183871520464531,0.0,0.0,0.0,0.0,0.0,0.050823041246174525,0.0,0.0,0.0,0.0,0.0,4.829981024526742e-116,0.045249994921606876,0.0,0.0,0.0,0.0,0.0,5.6909645422363465e-77,0.022679613547689208,0.0,0.0,0.0,0.0,1.3014502996439972e-135,0.06965083358048146,0.0,0.0,0.0,0.0,0.0,0.019991170425335023,1.8290821032526333e-107,0.0,0.0,0.0,0.0,0.03482541679024073,1.5805246467734046e-71,0.0,0.0,0.0,0.039800476331703694,1.5485827613993074e-69,0.0,0.0,0.0,0.0,0.0,0.0,0.0,0.0,0.009950119082925923,0.0,0.0,0.0,0.0
1.117553403229853e-22,2.496522469042349e-140,0.0,0.0,0.0,0.0,0.0,2.436753183124006e-136,0.9392832445679538,1.7224725106772263e-139,0.0,0.0,0.0,0.0,0.0,4.132292366466867e-82,0.05969673159378037,1.4382793062848374e-141,0.0,0.0,0.0,0.0,0.0,1.3657307305328605e-103,2.073182617288214e-12,1.9337477068380578e-131,0.0,0.0,0.0,0.0,0.0,7.094361848886894e-226,0.0010200238361923863,1.2927570777445536e-141,0.0,0.0,0.0,0.0,0.0,2.5567706468947995e-36,2.0828894012035456e-16,0.0,0.0,0.0,0.0,0.0,0.0,1.4816149650727108e-34,1.489786230882784e-286,0.0,0.0,0.0,0.0,3.8690329337465486e-296,9.312621654445605e-73,0.0,0.0,0.0,0.0,0.0,9.795868102037826e-294,6.177691504728382e-77,0.0,0.0,0.0,0.0,0.0,4.359148750214741e-154,7.894181989461312e-63,9.218638445448322e-301,0.0,0.0,0.0,0.0,2.2172289997789213e-244,3.5765600425322477e-34,0.0,0.0,0.0,0.0,1.7663711186245772e-294,3.1059901442709036e-94,0.0,0.0,0.0,0.0,0.0,3.151197455391557e-266,8.25400364965347e-180,0.0,0.0,0.0,0.0,2.720648028089305e-197,2.0356471036783166e-89,0.0,0.0,0.0,0.0,0.0,1.0316653495582968e-110,0.0,0.0,0.0,0.0,0.0,0.0,8.067988996673301e-204,0.0,0.0,0.0,0.0,1.897262317751068e-104,0.0,0.0,0.0,0.0,0.0,0.0,1.5476997481114101e-174,0.0,0.0,0.0,0.0,0.0,0.0,3.5397394700206625e-173,0.0,0.0,0.0,0.0,0.0,0.0,6.093407402839957e-124,0.0,0.0,0.0,0.0,5.942324185125056e-83,0.0,0.0,0.0,0.0,0.0,9.141795805369157e-173,0.0,0.0,0.0,0.0,0.0,0.0,5.375441551997091e-23,0.0,0.0,0.0,0.0,0.0,0.0,1.3259935438192053e-154,0.0,0.0,0.0,0.0,4.663380073308249e-298,3.00635985679574e-109,0.0,0.0,0.0,0.0,0.0,1.8266898743060395e-64,0.0,0.0,0.0,0.0,0.0,0.0,0.0,0.0,0.0,0.0,0.0,0.0,0.0,0.0,0.0,0.0,0.0,0.0,0.0,0.0,0.0,0.0,0.0,0.0,0.0
0.0,3.208798913169162e-113,0.0,0.0,0.0,0.0,0.0,0.0,1.4500177136531638e-152,0.03391835182828452,0.0,0.0,0.0,0.0,0.0,0.0,1.0686007866787412e-131,1.145029378916463e-19,0.0,0.0,0.0,0.0,0.0,0.0,1.8736028847691877e-87,5.878344327275206e-24,0.0,0.0,0.0,0.0,0.0,0.0,1.8297921326242668e-294,2.5380628659269434e-30,0.0,0.0,0.0,0.0,0.0,0.0,0.0,1.0488477488549462e-8,0.0,0.0,0.0,0.0,0.0,0.0,0.14307480239725154,0.0,0.0,0.0,0.0,0.0,0.0,0.05285045771541401,0.0,0.0,0.0,0.0,0.0,0.0,3.2445648838064215e-121,0.0,0.0,0.0,0.0,0.0,0.0,0.04830440355929754,0.0,0.0,0.0,0.0,0.0,0.0,0.11367457380143439,0.0,0.0,0.0,0.0,0.0,0.034771127100048434,0.0,0.0,0.0,0.0,0.0,0.0,0.047645285719319905,0.0,0.0,0.0,0.0,0.0,0.06951037135496312,0.0,0.0,0.0,0.0,3.0822304369357514e-31,0.046387949520516406,0.0,0.0,0.0,0.0,0.0,0.0,0.19497837384166034,0.0,0.0,0.0,0.0,0.01955028172555747,0.0,0.0,0.0,0.0,0.0,0.015251014641600509,0.014242390570887362,0.0,0.0,0.0,0.0,0.0,0.0,0.04904565085095274,0.0,0.0,0.0,0.0,0.0,0.0,5.963470639355553e-121,0.0,0.0,0.0,0.0,0.05667927588667882,0.0,0.0,0.0,0.0,0.0,9.849720299505695e-16,0.0,0.0,0.0,0.0,0.0,0.0,2.642192097604944e-68,0.0,0.0,0.0,0.0,0.0,0.0,0.018883506137379536,0.0,0.0,0.0,0.0,0.0,0.04123217189434428,0.0,0.0,0.0,0.0,0.0,5.92756275686222e-112,0.0,0.0,0.0,0.0,0.0,1.9652710268136805e-64,0.0,0.0,0.0,0.0,1.8259519715879291e-38,0.0,0.0,0.0,0.0,9.659306732215197e-10,0.0,0.0,0.0,0.0,0.0,0.0,0.0,0.0
0.0,0.0,0.0,0.0,0.0,3.2322019770110106e-224,8.304632494237457e-61,0.0,0.0,0.0,0.0,0.0,0.0,3.384196261816627e-123,0.0595278264449732,0.0,0.0,0.0,0.0,0.0,0.0,2.0996767591457553e-123,0.8769347168915039,0.0,0.0,0.0,0.0,0.0,0.0,2.5952010279725543e-109,0.05420398600933754,0.0,0.0,0.0,0.0,0.0,0.0,0.0,3.319662669539218e-91,0.0,0.0,0.0,0.0,0.0,0.0,2.0183373357476887e-107,0.0,0.0,0.0,0.0,0.0,0.0,2.9245512012709407e-231,0.0,0.0,0.0,0.0,0.0,0.0,0.0020700564126365237,0.0,0.0,0.0,0.0,0.0,0.0,0.0006490618753938449,0.0,0.0,0.0,0.0,0.0,0.0,4.102560994313083e-31,0.0,0.0,0.0,0.0,0.0,0.004047496957779719,0.0,0.0,0.0,0.0,0.0,0.0,0.0017368089826178244,0.0,0.0,0.0,0.0,0.0,1.1681429368455835e-135,0.0,0.0,0.0,0.0,0.0,0.0008300464257576429,0.0,0.0,0.0,0.0,0.0,0.0,0.0,0.0,0.0,0.0,0.0,0.0,0.0,0.0,0.0,0.0,0.0,0.0,0.0,0.0,0.0,0.0,0.0,0.0,0.0,0.0,0.0,0.0,0.0,0.0,0.0,0.0,0.0,0.0,0.0,0.0,0.0,0.0,0.0,0.0,0.0,0.0,0.0,0.0,0.0,0.0,0.0,0.0,0.0,0.0,0.0,0.0,0.0,0.0,0.0,0.0,0.0,0.0,0.0,0.0,0.0,0.0,0.0,0.0,0.0,0.0,0.0,0.0,0.0,0.0,0.0,0.0,0.0,0.0,0.0,0.0,0.0,0.0,0.0,0.0,0.0,0.0,0.0,0.0,0.0,0.0,0.0,0.0,0.0,0.0,0.0,0.0,0.0,0.0,0.0,0.0,0.0
0.0,0.0,0.0,0.0,3.3312381189241084e-109,2.6509959156182025e-15,2.5150782121922684e-251,0.0,0.0,0.0,0.0,0.0,4.371414699077423e-99,0.9999925824388394,5.327428553860926e-159,0.0,0.0,0.0,0.0,0.0,1.036821580436744e-114,7.417561158159898e-6,4.54121944659563e-148,0.0,0.0,0.0,0.0,0.0,2.25161831220847e-171,9.610630569482936e-43,1.3547373492132143e-167,0.0,0.0,0.0,0.0,0.0,0.0,8.268643632691744e-77,0.0,0.0,0.0,0.0,0.0,0.0,0.0,0.0,0.0,0.0,0.0,0.0,0.0,0.0,0.0,0.0,0.0,0.0,0.0,0.0,0.0,0.0,0.0,0.0,0.0,0.0,0.0,0.0,0.0,0.0,0.0,0.0,0.0,0.0,0.0,0.0,0.0,0.0,0.0,0.0,0.0,0.0,0.0,0.0,0.0,0.0,0.0,0.0,0.0,0.0,0.0,0.0,0.0,0.0,0.0,0.0,0.0,0.0,0.0,0.0,0.0,0.0,0.0,0.0,0.0,0.0,0.0,0.0,0.0,0.0,0.0,0.0,0.0,0.0,0.0,0.0,0.0,0.0,0.0,0.0,0.0,0.0,0.0,0.0,0.0,0.0,0.0,0.0,0.0,0.0,0.0,0.0,0.0,0.0,0.0,0.0,0.0,0.0,0.0,0.0,0.0,0.0,0.0,0.0,0.0,0.0,0.0,0.0,0.0,0.0,0.0,0.0,0.0,0.0,0.0,0.0,0.0,0.0,0.0,0.0,0.0,0.0,0.0,0.0,0.0,0.0,0.0,0.0,0.0,0.0,0.0,0.0,0.0,0.0,0.0,0.0,0.0,0.0,0.0,0.0,0.0,0.0,0.0,0.0,0.0,0.0,0.0,0.0,0.0,0.0,0.0,0.0,0.0,0.0,2.079208408757052e-305,0.0,0.0,0.0
0.0,0.0,0.0,0.0,8.20453777649772e-69,0.0,0.0,0.0,0.0,0.0,0.0,0.0,0.48872590615907874,2.975441762333991e-241,0.0,0.0,0.0,0.0,0.0,0.0,0.5112734529986289,4.785500511760413e-248,0.0,0.0,0.0,0.0,0.0,0.0,3.403423209921972e-13,0.0,0.0,0.0,0.0,0.0,0.0,0.0,3.9863988462452747e-22,0.0,0.0,0.0,0.0,0.0,0.0,0.0,5.030796839550445e-47,0.0,0.0,0.0,0.0,0.0,0.0,6.408419522486048e-7,0.0,0.0,0.0,0.0,0.0,0.0,0.0,0.0,0.0,0.0,0.0,0.0,0.0,0.0,0.0,0.0,0.0,0.0,0.0,0.0,0.0,0.0,0.0,0.0,0.0,0.0,0.0,0.0,0.0,0.0,0.0,0.0,0.0,0.0,0.0,0.0,0.0,0.0,0.0,0.0,0.0,0.0,0.0,0.0,0.0,0.0,0.0,0.0,0.0,0.0,0.0,0.0,0.0,0.0,0.0,0.0,0.0,0.0,0.0,0.0,0.0,0.0,0.0,0.0,0.0,0.0,0.0,0.0,0.0,0.0,0.0,0.0,0.0,0.0,0.0,0.0,0.0,0.0,0.0,0.0,0.0,0.0,0.0,0.0,0.0,0.0,0.0,0.0,0.0,0.0,0.0,0.0,0.0,0.0,0.0,0.0,0.0,0.0,0.0,0.0,0.0,0.0,0.0,0.0,0.0,0.0,0.0,0.0,0.0,0.0,0.0,0.0,0.0,0.0,0.0,0.0,1.1169055297164451e-283,0.0,0.0,0.0,0.0,0.0,0.0,0.0,0.0,0.0,0.0,0.0,0.0,0.0,0.0,0.0,0.0,0.0,0.0,0.0,0.0,0.0,0.0,0.0,0.0,0.0,0.0,0.0
0.0,0.0,0.0,0.0,9.485601814868822e-32,0.9998113981138947,0.0,0.0,0.0,0.0,0.0,0.0,1.4992387661491466e-74,0.0001885988234081195,0.0,0.0,0.0,0.0,0.0,0.0,1.865228357253195e-110,3.062697133875258e-9,0.0,0.0,0.0,0.0,0.0,0.0,0.0,9.268418935295003e-149,0.0,0.0,0.0,0.0,0.0,0.0,0.0,0.0,0.0,0.0,0.0,0.0,0.0,0.0,0.0,0.0,0.0,0.0,0.0,0.0,0.0,0.0,0.0,0.0,0.0,0.0,0.0,0.0,0.0,0.0,0.0,0.0,0.0,0.0,0.0,0.0,0.0,0.0,0.0,0.0,0.0,0.0,0.0,0.0,0.0,0.0,0.0,0.0,0.0,0.0,0.0,0.0,0.0,0.0,0.0,0.0,0.0,0.0,0.0,0.0,0.0,0.0,0.0,0.0,0.0,0.0,0.0,0.0,0.0,0.0,0.0,0.0,0.0,0.0,0.0,0.0,0.0,0.0,0.0,0.0,0.0,0.0,0.0,0.0,0.0,0.0,0.0,0.0,0.0,0.0,0.0,0.0,0.0,0.0,0.0,0.0,0.0,0.0,0.0,0.0,0.0,0.0,0.0,0.0,0.0,0.0,0.0,0.0,0.0,0.0,0.0,0.0,0.0,0.0,0.0,0.0,0.0,0.0,0.0,0.0,0.0,0.0,0.0,0.0,0.0,0.0,0.0,0.0,0.0,0.0,0.0,0.0,0.0,0.0,0.0,0.0,0.0,0.0,0.0,0.0,0.0,0.0,0.0,0.0,0.0,0.0,0.0,0.0,0.0,0.0,0.0,0.0,0.0,0.0,0.0,0.0,0.0,0.0,0.0,0.0,0.0,0.0,0.0,0.0,0.0,0.0
0.0,0.0,0.0,0.0,1.5749278166307371e-105,0.0,0.0,0.0,0.0,0.0,0.0,1.787569143982953e-269,3.885710747900577e-5,0.0,0.0,0.0,0.0,0.0,0.0,4.393773132732326e-309,0.9069965221231635,0.0,0.0,0.0,0.0,0.0,0.0,7.008097569558571e-262,0.07528907102807726,0.0,0.0,0.0,0.0,0.0,0.0,0.0,0.0030861972685735425,0.0,0.0,0.0,0.0,0.0,0.0,0.0,0.007111065105865782,0.0,0.0,0.0,0.0,0.0,0.0,0.0074782873668409276,0.0,0.0,0.0,0.0,0.0,0.0,9.224162160510661e-147,0.0,0.0,0.0,0.0,0.0,0.0,1.699474915245396e-238,0.0,0.0,0.0,0.0,0.0,0.0,0.0,0.0,0.0,0.0,0.0,0.0,0.0,0.0,0.0,0.0,0.0,0.0,0.0,0.0,0.0,0.0,0.0,0.0,0.0,0.0,0.0,0.0,0.0,0.0,0.0,0.0,0.0,0.0,0.0,0.0,0.0,0.0,1.1464961482346825e-153,0.0,0.0,0.0,0.0,0.0,0.0,0.0,0.0,0.0,0.0,0.0,5.781544395498209e-177,0.0,0.0,0.0,0.0,0.0,0.0,1.7018144242320978e-164,0.0,0.0,0.0,0.0,0.0,0.0,0.0,0.0,0.0,0.0,0.0,0.0,0.0,0.0,0.0,0.0,0.0,0.0,3.177967773342414e-300,0.0,0.0,0.0,0.0,0.0,0.0,0.0,0.0,0.0,0.0,0.0,0.0,0.0,0.0,0.0,0.0,0.0,0.0,0.0,0.0,0.0,0.0,0.0,0.0,0.0,9.63348826413709e-239,0.0,0.0,0.0,0.0,0.0,0.0,0.0,0.0,0.0,0.0,0.0,0.0,0.0,0.0,0.0,0.0,0.0,0.0,0.0,0.0,0.0,0.0,0.0,0.0,0.0,0.0,0.0
0.0,0.0,0.0,0.0,0.0,0.0,2.259683270076822e-30,3.1446067060647445e-133,0.0,0.0,0.0,0.0,0.0,0.0,0.9110202588221278,1.4825488116917655e-57,0.0,0.0,0.0,0.0,0.0,0.0,0.08897974107754023,4.808613166325553e-66,0.0,0.0,0.0,0.0,0.0,0.0,1.0317211166556702e-14,2.971375077622352e-97,0.0,0.0,0.0,0.0,0.0,0.0,7.673315212403736e-66,0.0,0.0,0.0,0.0,0.0,0.0,2.248566240180385e-59,5.277149424908257e-53,0.0,0.0,0.0,0.0,0.0,1.906020392747367e-12,0.0,0.0,0.0,0.0,0.0,0.0,8.492080574821877e-11,8.516897273769172e-107,0.0,0.0,0.0,0.0,0.0,4.1492784093749434e-23,0.0,0.0,0.0,0.0,0.0,0.0,8.949691180947633e-25,3.2634036224689836e-77,0.0,0.0,0.0,0.0,1.349475884957244e-11,0.0,0.0,0.0,0.0,0.0,0.0,5.508276757203871e-32,0.0,0.0,0.0,0.0,0.0,2.14800164988011e-62,0.0,0.0,0.0,0.0,0.0,3.881586130852713e-135,0.0,0.0,0.0,0.0,0.0,0.0,0.0,0.0,0.0,0.0,0.0,0.0,0.0,0.0,0.0,0.0,0.0,0.0,0.0,0.0,0.0,0.0,0.0,0.0,0.0,0.0,0.0,0.0,0.0,0.0,0.0,0.0,0.0,0.0,0.0,0.0,0.0,0.0,0.0,0.0,0.0,0.0,0.0,0.0,0.0,0.0,0.0,0.0,0.0,0.0,2.222333035582802e-73,0.0,0.0,0.0,0.0,0.0,0.0,0.0,0.0,0.0,0.0,0.0,0.0,0.0,0.0,0.0,0.0,0.0,0.0,0.0,0.0,0.0,0.0,0.0,0.0,0.0,0.0,0.0,0.0,0.0,0.0,0.0,0.0,0.0,0.0,0.0,0.0,0.0,0.0,0.0,0.0,0.0,0.0,0.0,0.0,0.0,0.0
0.0,0.0,0.0,0.0,0.0,0.0,0.20606565634235732,0.4121631804466822,0.0,0.0,0.0,0.0,0.0,0.0,7.644214471559026e-30,0.3817705409853624,0.0,0.0,0.0,0.0,0.0,0.0,9.312013221246335e-50,6.222255982851668e-7,0.0,0.0,0.0,0.0,0.0,0.0,5.086734933952218e-143,5.90791374267887e-184,0.0,0.0,0.0,0.0,0.0,0.0,0.0,6.056466645067544e-98,0.0,0.0,0.0,0.0,0.0,0.0,2.3402034627824034e-103,0.0,0.0,0.0,0.0,0.0,0.0,2.4376730604776343e-118,0.0,0.0,0.0,0.0,0.0,0.0,1.3742903316922152e-197,0.0,0.0,0.0,0.0,0.0,0.0,2.5178083801303048e-106,0.0,0.0,0.0,0.0,0.0,0.0,3.458135766063345e-177,0.0,0.0,0.0,0.0,0.0,1.309118625518254e-297,0.0,0.0,0.0,0.0,0.0,0.0,0.0,0.0,0.0,0.0,0.0,0.0,0.0,0.0,0.0,0.0,0.0,0.0,0.0,0.0,0.0,0.0,0.0,0.0,0.0,0.0,0.0,0.0,0.0,0.0,0.0,0.0,0.0,0.0,0.0,0.0,0.0,0.0,0.0,0.0,0.0,0.0,0.0,0.0,0.0,0.0,0.0,0.0,0.0,0.0,0.0,0.0,0.0,0.0,0.0,0.0,0.0,0.0,0.0,0.0,0.0,0.0,0.0,0.0,0.0,0.0,0.0,0.0,0.0,0.0,0.0,0.0,0.0,0.0,0.0,0.0,0.0,0.0,0.0,0.0,0.0,0.0,0.0,0.0,0.0,0.0,0.0,0.0,0.0,0.0,0.0,0.0,0.0,0.0,0.0,0.0,0.0,0.0,0.0,0.0,0.0,0.0,0.0,0.0,0.0,0.0,0.0,0.0,0.0,0.0,0.0,0.0,0.0,0.0,0.0
0.0,0.0,0.0,0.0,0.07384111029149072,8.677423481910871e-87,0.0,0.0,0.0,0.0,0.0,0.0,0.9232112730175065,1.9295107490648316e-72,0.0,0.0,0.0,0.0,0.0,0.0,0.0029476166910028115,1.3401099571733007e-79,0.0,0.0,0.0,0.0,0.0,0.0,2.6161868186540763e-51,4.545800446135383e-181,0.0,0.0,0.0,0.0,0.0,0.0,9.810083182386782e-84,0.0,0.0,0.0,0.0,0.0,0.0,0.0,4.2298675360673234e-97,0.0,0.0,0.0,0.0,0.0,0.0,2.2399573518347778e-150,0.0,0.0,0.0,0.0,0.0,0.0,8.43595932022417e-278,0.0,0.0,0.0,0.0,0.0,0.0,0.0,0.0,0.0,0.0,0.0,0.0,0.0,0.0,0.0,0.0,0.0,0.0,0.0,0.0,0.0,0.0,0.0,0.0,0.0,0.0,0.0,0.0,0.0,0.0,0.0,0.0,0.0,0.0,0.0,0.0,0.0,0.0,0.0,0.0,0.0,0.0,0.0,0.0,0.0,0.0,0.0,0.0,0.0,0.0,0.0,0.0,0.0,0.0,0.0,0.0,0.0,0.0,0.0,0.0,0.0,0.0,0.0,0.0,0.0,0.0,0.0,0.0,0.0,0.0,0.0,0.0,0.0,0.0,0.0,0.0,0.0,0.0,0.0,0.0,0.0,0.0,0.0,0.0,0.0,0.0,0.0,0.0,0.0,0.0,0.0,0.0,0.0,0.0,0.0,0.0,0.0,0.0,0.0,0.0,0.0,0.0,0.0,0.0,0.0,0.0,0.0,0.0,0.0,0.0,0.0,0.0,0.0,0.0,0.0,0.0,0.0,0.0,0.0,0.0,0.0,0.0,0.0,0.0,0.0,0.0,0.0,0.0,0.0,0.0,0.0,0.0,0.0,0.0,0.0,0.0,0.0
1.4362665964563453e-80,0.0,0.0,0.0,0.0,0.0,0.0,2.2483433375249247e-266,2.226051669357081e-5,0.0,0.0,0.0,0.0,0.0,0.0,1.9769090785519288e-100,0.9759719651509525,0.0,0.0,0.0,0.0,0.0,0.0,1.9002725903142996e-91,0.013629376560167926,4.0e-323,0.0,0.0,0.0,0.0,0.0,6.8145868904155255e-152,2.886113042425013e-57,0.0,0.0,0.0,0.0,0.0,0.0,5.172719704876568e-58,0.0025861001989046107,0.0,0.0,0.0,0.0,0.0,0.0,0.0024980901321372804,0.0,0.0,0.0,0.0,0.0,5.5781957385104135e-171,0.0031671322109809857,0.0,0.0,0.0,0.0,0.0,1.8084376885818588e-167,0.0012566606726550358,0.0,0.0,0.0,0.0,0.0,3.881514063880984e-84,1.6169609187145393e-24,0.0,0.0,0.0,0.0,0.0,5.051247844793515e-150,1.0327138980269228e-30,0.0,0.0,0.0,0.0,4.592936597574521e-183,4.4001746389550455e-12,0.0,0.0,0.0,0.0,0.0,7.932566266030468e-151,2.2926812834413905e-79,0.0,0.0,0.0,0.0,1.26422177665271e-105,2.933265940489392e-46,0.0,0.0,0.0,0.0,9.414165662162925e-256,2.1747991687753006e-79,0.0,0.0,0.0,0.0,0.0,0.0,2.268562077635292e-107,0.0,0.0,0.0,9.456490616772712e-267,2.0326478463332194e-83,0.0,0.0,0.0,0.0,0.0,0.0,4.71560563086387e-69,0.0,0.0,0.0,0.0,0.0,0.0,1.0325040299497957e-110,0.0,0.0,0.0,0.0,0.0,3.7526118301017795e-274,1.3113505543265058e-39,0.0,0.0,0.0,8.566604091347202e-241,2.7831543217275138e-33,0.0,0.0,0.0,0.0,0.0,1.397542574336054e-67,0.0,0.0,0.0,0.0,0.0,5.32738935314679e-220,0.0008684145531078344,0.0,0.0,0.0,0.0,0.0,4.2384617541486795e-236,5.6320589066888865e-71,0.0,0.0,0.0,0.0,6.689539272157053e-204,4.6802002996861443e-85,0.0,0.0,0.0,0.0,0.0,2.1319237716585033e-106,0.0,0.0,0.0,0.0,0.0,1.9897271890760542e-225,0.0,0.0,0.0,0.0,7.2255337633743175e-236,0.0,0.0,0.0,0.0,0.0,0.0,0.0,0.0,0.0,0.0,0.0,0.0,0.0,0.0
0.0,0.0,0.0,0.0,0.0,0.0,0.0,0.0,0.0,0.0,0.0,2.0165019286112828e-293,2.27628504657622e-63,5.0e-324,0.0,0.0,0.0,0.0,0.0,6.185517132375412e-235,0.04758535810724174,1.2185833659836388e-170,0.0,0.0,0.0,0.0,0.0,3.070552264674812e-187,0.5555845310131546,4.222569e-317,0.0,0.0,0.0,0.0,0.0,5.906884253928093e-125,0.2915306328837075,0.0,0.0,0.0,0.0,0.0,0.0,0.0,0.014180773364419124,0.0,0.0,0.0,0.0,0.0,6.270833332282537e-174,0.011743643632457406,0.0,0.0,0.0,0.0,0.0,4.539178303069012e-139,0.0055304453730042604,0.0,0.0,0.0,0.0,0.0,0.0,0.02461487187533829,0.0,0.0,0.0,0.0,0.0,0.0,0.0,0.0,0.0,0.0,0.0,0.0,0.0,0.0,0.0,0.0,0.0,0.0,0.0,0.0,0.0,0.0,0.0,0.0,0.0,8.976099697405344e-241,0.0,0.0,0.0,0.0,0.0,0.0,0.0,0.0,0.0,0.0,0.0,0.0,1.1799347088520515e-255,0.0,0.0,0.0,0.0,0.0,0.0,0.0,0.0,0.0,0.0,0.0,1.9839168693074305e-38,0.0,0.0,0.0,0.0,0.0,0.0,1.6334982144862738e-204,0.0,0.0,0.0,0.0,0.0,0.0,0.0,0.0,0.0,0.0,0.0,0.0,1.8878045412942375e-147,0.0,0.0,0.0,0.0,0.0,0.012307435937669146,0.0,0.0,0.0,0.0,0.0,9.801946309832078e-197,0.0,0.0,0.0,0.0,0.0,0.0,0.0,0.0,0.0,0.0,0.0,0.0,0.0,0.0,0.0,0.0,0.0,0.0,7.148310683654714e-131,0.036922307813007434,0.0,0.0,0.0,0.0,0.0,3.028563314845844e-93,0.0,0.0,0.0,0.0,0.0,0.0,0.0,0.0,0.0,0.0,0.0,0.0,0.0,0.0,0.0,0.0,0.0,0.0,0.0,0.0,0.0
0.0,0.0,0.0,0.0,0.0,3.7005958024775976e-9,3.462436045696538e-30,0.0,0.0,0.0,0.0,0.0,0.0,0.9405421016330616,5.385919821172808e-17,0.0,0.0,0.0,0.0,0.0,0.0,0.059457894666342485,5.342366875674003e-21,0.0,0.0,0.0,0.0,0.0,0.0,2.244102234916375e-84,1.6444769511146342e-34,0.0,0.0,0.0,0.0,0.0,0.0,0.0,0.0,0.0,0.0,0.0,0.0,0.0,0.0,0.0,0.0,0.0,0.0,0.0,0.0,0.0,0.0,0.0,0.0,0.0,0.0,0.0,0.0,0.0,0.0,0.0,0.0,0.0,0.0,0.0,0.0,0.0,0.0,0.0,0.0,0.0,0.0,0.0,0.0,0.0,0.0,0.0,0.0,0.0,0.0,0.0,0.0,0.0,0.0,0.0,0.0,0.0,0.0,0.0,0.0,0.0,0.0,0.0,0.0,0.0,0.0,0.0,0.0,0.0,0.0,0.0,0.0,0.0,0.0,0.0,0.0,0.0,0.0,0.0,0.0,0.0,0.0,0.0,0.0,0.0,0.0,0.0,0.0,0.0,0.0,0.0,0.0,0.0,0.0,0.0,0.0,0.0,0.0,0.0,0.0,0.0,0.0,0.0,0.0,0.0,0.0,0.0,0.0,0.0,0.0,0.0,0.0,0.0,0.0,0.0,0.0,0.0,0.0,0.0,0.0,0.0,0.0,0.0,0.0,0.0,0.0,0.0,0.0,0.0,0.0,0.0,0.0,0.0,0.0,0.0,0.0,0.0,0.0,0.0,0.0,0.0,0.0,0.0,0.0,0.0,0.0,0.0,0.0,0.0,0.0,0.0,0.0,0.0,0.0,0.0,0.0,0.0,0.0,0.0,0.0,0.0,0.0,0.0,0.0,0.0
0.0,0.0,0.0,0.0,0.0,1.0150786728449698e-87,1.4898158193616672e-96,0.0,0.0,0.0,0.0,0.0,0.0,1.569970224713681e-8,5.840297859604504e-6,0.0,0.0,0.0,0.0,0.0,0.0,0.44561952123293774,0.5075673479712509,0.0,0.0,0.0,0.0,0.0,0.0,0.03361788412755343,0.013189390670696084,0.0,0.0,0.0,0.0,0.0,0.0,0.0,0.0,0.0,0.0,0.0,0.0,0.0,0.0,0.0,0.0,0.0,0.0,0.0,0.0,0.0,0.0,0.0,0.0,0.0,0.0,0.0,0.0,0.0,0.0,0.0,0.0,0.0,0.0,0.0,0.0,0.0,0.0,0.0,0.0,0.0,0.0,0.0,0.0,0.0,0.0,0.0,0.0,0.0,0.0,0.0,0.0,0.0,0.0,0.0,0.0,0.0,0.0,0.0,0.0,0.0,0.0,0.0,0.0,0.0,0.0,0.0,0.0,0.0,0.0,0.0,0.0,0.0,0.0,0.0,0.0,0.0,0.0,0.0,0.0,0.0,0.0,0.0,0.0,0.0,0.0,0.0,0.0,0.0,0.0,0.0,0.0,0.0,0.0,0.0,0.0,0.0,0.0,0.0,0.0,0.0,0.0,0.0,0.0,0.0,0.0,0.0,0.0,0.0,0.0,0.0,0.0,0.0,0.0,0.0,0.0,0.0,0.0,0.0,0.0,0.0,0.0,0.0,0.0,0.0,0.0,0.0,0.0,0.0,0.0,0.0,0.0,0.0,0.0,0.0,0.0,0.0,0.0,0.0,0.0,0.0,0.0,0.0,0.0,0.0,0.0,0.0,0.0,0.0,0.0,0.0,0.0,0.0,0.0,0.0,0.0,0.0,0.0,0.0,0.0,0.0,0.0,0.0,0.0,0.0
0.0,0.0,0.0,4.67729810466629e-260,0.0,0.0,0.0,0.0,0.0,0.0,1.3939048389032357e-49,6.367155209326125e-20,0.0,0.0,0.0,0.0,0.0,0.0,4.952291716559608e-53,3.853809161932242e-14,0.0,0.0,0.0,0.0,0.0,0.0,5.095174107733511e-61,2.2194970070335955e-14,0.0,0.0,0.0,0.0,0.0,0.0,6.440325613499213e-54,3.767089902972736e-36,0.0,0.0,0.0,0.0,0.0,0.0,2.897043355463334e-38,0.05159940578053634,0.0,0.0,0.0,0.0,0.0,8.393622923797776e-66,0.044191114128966674,0.0,0.0,0.0,0.0,0.0,9.067181456550603e-74,2.900695487206717e-29,0.0,0.0,0.0,0.0,0.0,6.290709857338257e-39,0.03973199320250661,0.0,0.0,0.0,0.0,0.0,3.4496278606966136e-42,0.041561659686412455,0.0,0.0,0.0,0.0,0.0,9.86989716538378e-33,0.028103666197620426,0.0,0.0,0.0,0.0,2.5510453702805536e-17,0.09809270303311468,0.0,0.0,0.0,0.0,0.0,5.678676912881425e-36,0.022951787697923737,0.0,0.0,0.0,0.0,4.715047538989301e-40,0.05608145142502308,0.0,0.0,0.0,0.0,4.561203598112177e-23,0.027968881385709046,0.0,0.0,0.0,0.0,0.0,0.015409411428020424,0.10827858394900024,0.0,0.0,0.0,0.0,0.09096788475125504,0.0,0.0,0.0,0.0,0.0,3.2284002596620206e-20,0.05598185933026501,0.0,0.0,0.0,0.0,0.0,1.1681760650232938e-18,0.040766110483426043,0.0,0.0,0.0,0.0,0.0,0.00012598148539542277,0.023378685457630995,0.0,0.0,0.0,1.3349365152372115e-70,0.051163194249651996,0.0,0.0,0.0,0.0,3.8955316177373035e-83,0.02344314717564718,0.0,0.0,0.0,0.0,0.0,2.79104927852207e-48,0.03562403171822693,0.0,0.0,0.0,0.0,0.0,7.356391969526347e-38,0.012722477699367025,0.0,0.0,0.0,0.0,0.0028154004963110925,3.249843871261713e-5,0.0,0.0,0.0,0.0,1.631930812578862e-5,0.0760500387522082,0.0,0.0,0.0,0.0,1.2447200583280612e-46,0.034988662081415635,0.0,0.0,0.0,0.003957585824900357,0.013995464832566255,0.0,0.0,0.0,0.0,0.0,0.0,0.0,0.0,0.0,0.0,0.0
0.0,0.0,0.0,0.0,0.0,0.0,6.2264715540706565e-114,1.2058828593431613e-198,0.0,0.0,0.0,0.0,0.0,0.0,1.8232397175637072e-10,7.127736593605373e-70,0.0,0.0,0.0,0.0,0.0,0.0,0.8855662982965334,1.872587590098826e-71,0.0,0.0,0.0,0.0,0.0,0.0,0.07988855904072252,5.29603577424754e-69,0.0,0.0,0.0,0.0,0.0,0.0,0.0072392054884362735,0.0,0.0,0.0,0.0,0.0,0.0,0.0024130684961454246,1.3191983894159964e-43,0.0,0.0,0.0,0.0,0.0,0.0012065342463918511,1.0888595905736334e-142,0.0,0.0,0.0,0.0,0.0,0.005436758621783789,9.828253132713029e-67,0.0,0.0,0.0,0.0,0.0,0.001469608760063588,7.127968682779424e-163,0.0,0.0,0.0,0.0,0.0,0.01085880823265441,1.023530448147079e-55,0.0,0.0,0.0,0.0,2.7816723806935423e-68,0.0,0.0,0.0,0.0,0.0,0.0,0.00109502164265385,0.0,0.0,0.0,0.0,0.0,0.0036196027442181367,0.0,0.0,0.0,0.0,0.0,5.382164962641549e-86,0.0,0.0,0.0,0.0,0.0,0.0,0.0,0.0,0.0,0.0,0.0,0.0,5.431349943610853e-82,0.0,0.0,0.0,0.0,0.0,0.0,0.0,0.0,0.0,0.0,0.0,0.0,0.0,0.0,0.0,0.0,0.0,0.0,0.0,0.0,0.0,0.0,0.0,0.0,0.0,0.0,0.0,0.0,0.0,0.0,0.0,0.0,0.0,0.0,0.0,0.0,0.0,0.0012065342480727123,0.0,0.0,0.0,0.0,0.0,0.0,0.0,0.0,0.0,0.0,0.0,0.0,0.0,0.0,0.0,0.0,0.0,0.0,0.0,0.0,0.0,0.0,0.0,0.0,0.0,0.0,0.0,0.0,0.0,0.0,0.0,0.0,0.0,0.0,0.0,0.0,0.0,0.0,0.0,0.0,0.0,0.0,0.0,0.0,0.0,0.0
0.0,0.0,2.4035334322623842e-79,5.263427489708977e-51,1.15025943041723e-107,0.0,0.0,0.0,0.0,0.0,4.735136244327591e-106,0.5264399998975271,2.1731423113326883e-94,0.0,0.0,0.0,0.0,0.0,1.431400236301674e-111,0.471682991552086,6.093894684385758e-93,0.0,0.0,0.0,0.0,0.0,1.1321141649669486e-153,3.724514345685719e-23,1.4973542216007967e-92,0.0,0.0,0.0,0.0,0.0,3.066472601308687e-211,0.00011765155590020131,9.894059376895484e-277,0.0,0.0,0.0,0.0,0.0,1.7901348496851726e-189,1.8814390114343515e-20,7.011482184787634e-51,0.0,0.0,0.0,0.0,1.8524682672369978e-98,1.740579646193431e-49,0.0,0.0,0.0,0.0,0.0,1.8377123834715441e-183,4.156509844981258e-58,0.0,0.0,0.0,0.0,0.0,4.345373542652478e-100,7.041733025217887e-18,0.0,0.0,0.0,0.0,0.0,8.191989646755136e-157,1.718008034997944e-21,0.0,0.0,0.0,0.0,0.0,9.130973606523186e-197,4.463772560193316e-86,0.0,0.0,0.0,0.0,1.214033543968128e-107,0.0017593569944867403,0.0,0.0,0.0,0.0,0.0,3.4592191509555397e-211,1.4704098467600374e-117,0.0,0.0,0.0,0.0,9.045741325170934e-165,2.6511391381403503e-45,0.0,0.0,0.0,0.0,1.3189195383863276e-195,4.216814050601184e-45,0.0,0.0,0.0,0.0,0.0,9.568216099873748e-220,1.0811809166584801e-128,0.0,0.0,0.0,0.0,3.4518107952448645e-227,0.0,0.0,0.0,0.0,0.0,7.571392019460811e-191,4.240404034167035e-163,1.096966357641069e-229,0.0,0.0,0.0,0.0,2.3691452474336693e-172,1.6629625087566538e-42,0.0,0.0,0.0,0.0,0.0,8.945326881535016e-277,3.244453119625813e-29,0.0,0.0,0.0,2.983793102551881e-298,4.374575687836723e-96,0.0,0.0,0.0,0.0,0.0,9.490122576452181e-80,0.0,0.0,0.0,0.0,0.0,6.56498374539806e-289,7.42253776397103e-193,0.0,0.0,0.0,0.0,0.0,1.88851109828538e-269,1.68624552444316e-77,0.0,0.0,0.0,0.0,1.7582077145880712e-255,2.10132215122133e-67,0.0,0.0,0.0,0.0,5.866034131620014e-232,4.78132903219078e-142,0.0,0.0,0.0,0.0,3.457583881294008e-254,9.77570934949221e-235,0.0,0.0,0.0,3.5981230997266245e-239,0.0,0.0,0.0,0.0,0.0,0.0,0.0,0.0,0.0,0.0,0.0,0.0
0.0,0.0,0.0,2.3028875219861787e-201,2.603239752160758e-279,0.0,0.0,0.0,0.0,0.0,1.6995780832500032e-201,0.01008564408454213,1.5507251746441148e-110,0.0,0.0,0.0,0.0,0.0,3.3355763523571384e-159,0.9152758195025222,3.40807143221277e-86,0.0,0.0,0.0,0.0,0.0,2.2663377648766723e-175,0.07369100123624804,1.4158427450304388e-84,0.0,0.0,0.0,0.0,0.0,9.643767089832834e-221,7.669048223856718e-10,3.351918043655965e-100,0.0,0.0,0.0,0.0,0.0,1.0257050998340076e-201,0.00028910473219571073,1.8343699315454103e-118,0.0,0.0,0.0,0.0,2.718416950215362e-141,8.738330017308806e-32,0.0,0.0,0.0,0.0,0.0,1.059469768132082e-192,1.4178012531496318e-79,0.0,0.0,0.0,0.0,0.0,1.0169773722017261e-152,2.4953076864332737e-18,0.0,0.0,0.0,0.0,0.0,1.642696876295831e-198,5.404462255431655e-62,0.0,0.0,0.0,0.0,0.0,4.244562954352327e-262,6.463380755738943e-41,0.0,0.0,0.0,0.0,3.141585355203595e-158,1.3283714093729696e-102,0.0,0.0,0.0,0.0,0.0,5.347876858589127e-169,4.557409109023278e-49,0.0,0.0,0.0,0.0,0.0,1.6551271548286882e-17,0.0,0.0,0.0,0.0,1.5253010816887325e-286,6.325831692306363e-87,3.7974153267780816e-156,0.0,0.0,0.0,0.0,0.0,1.7369697259077776e-173,0.0,0.0,0.0,0.0,2.812883607664316e-200,0.0,0.0,0.0,0.0,0.0,0.0,4.907030195011521e-137,4.272675627640739e-46,0.0,0.0,0.0,0.0,0.0,1.340963748849013e-97,0.0,0.0,0.0,0.0,0.0,0.0,1.7944425780299085e-55,0.0,0.0,0.0,0.0,3.5628612927110553e-94,0.0,0.0,0.0,0.0,3.976534734227768e-249,1.958720307268772e-276,5.980674417376361e-106,0.0,0.0,0.0,0.0,0.0,3.480664991249939e-47,0.0,0.0,0.0,0.0,0.0,3.4357968735e-314,0.0006584296775871016,0.0,0.0,0.0,0.0,0.0,6.0316722227693705e-121,0.0,0.0,0.0,0.0,0.0,5.3491753253597425e-192,6.661957516801636e-96,0.0,0.0,0.0,0.0,8.126023378786692e-215,0.0,0.0,0.0,0.0,0.0,0.0,0.0,0.0,0.0,0.0,0.0,0.0,0.0,0.0,0.0,0.0
0.0,0.0,0.0,0.0,1.2781772540653114e-94,0.6210035789671218,1.5264927552336166e-180,0.0,0.0,0.0,0.0,0.0,8.53952574207887e-166,0.3210163383678507,1.396820528836937e-204,0.0,0.0,0.0,0.0,0.0,3.0183661816461384e-242,1.2267976917025158e-42,1.1828312428454584e-198,0.0,0.0,0.0,0.0,0.0,0.0,3.91238281619701e-117,0.0,0.0,0.0,0.0,0.0,0.0,0.0,1.9276920971355286e-251,0.0,0.0,0.0,0.0,0.0,0.0,0.0,0.0,0.0,0.0,0.0,0.0,0.0,0.0,0.0,0.0,0.0,0.0,0.0,0.0,0.0,0.0,0.0,0.0,0.0,0.0,0.0,0.0,0.0,0.0,0.0,0.0,0.0,0.0,0.0,0.0,0.0,0.0,0.0,0.0,0.0,0.0,0.0,0.0,0.0,0.0,0.0,0.0,0.0,0.0,0.0,0.0,0.0,0.0,0.0,0.0,0.0,0.0,0.0,0.0,0.0,0.0,0.0,0.0,0.0,0.0,0.0,0.0,0.0,0.0,0.0,0.0,0.0,0.0,0.0,0.0,0.0,0.0,0.0,0.0,0.0,0.0,0.0,0.0,0.0,0.0,0.0,0.0,0.0,0.0,0.0,0.0,0.0,0.0,0.0,0.0,0.0,0.0,0.0,0.0,0.0,0.0,0.0,0.0,0.0,0.0,0.0,0.0,0.0,0.0,0.0,0.0,0.0,0.0,0.0,0.0,0.0,0.0,0.0,0.0,0.0,0.0,0.0,0.0,0.0,0.0,0.0,0.0,0.0,0.0,0.0,0.0,0.0,0.0,0.0,0.0,0.0,0.0,0.0,3.1022374709147416e-107,0.0,0.0,0.0,0.0,0.0,0.0,0.0,0.0,0.0,0.01932669350550285,0.0,0.0,0.0,0.0,0.03865338915952477,0.0,0.0,0.0
0.0,0.0,2.191658168232318e-22,0.20550312331306722,4.148335056479554e-99,0.0,0.0,0.0,0.0,0.0,1.1060101100691006e-93,0.7775541338292369,2.4145988189048992e-110,0.0,0.0,0.0,0.0,0.0,2.8203363417349735e-131,4.541438332370034e-8,5.45548437868515e-105,0.0,0.0,0.0,0.0,0.0,2.650656455219782e-202,9.258960873809454e-71,5.452029106196219e-161,0.0,0.0,0.0,0.0,0.0,0.0,3.992077722507317e-45,0.0,0.0,0.0,0.0,0.0,0.0,0.0,3.803351964233059e-100,4.4410263406292056e-128,0.0,0.0,0.0,0.0,3.13669394281538e-164,2.924454332530136e-132,0.0,0.0,0.0,0.0,0.0,7.357884032010062e-212,2.970411803980637e-14,0.0,0.0,0.0,0.0,0.0,5.545522067955086e-132,1.2879800589568034e-75,0.0,0.0,0.0,0.0,0.0,6.01354422367251e-300,0.016942697443282962,0.0,0.0,0.0,0.0,0.0,7.715165354734913e-228,2.5196261214748407e-174,0.0,0.0,0.0,0.0,8.268961206150013e-153,9.056614622317417e-99,0.0,0.0,0.0,0.0,0.0,4.977894040538187e-287,2.2407754206783016e-228,0.0,0.0,0.0,0.0,3.770781695554392e-249,5.651115671977225e-177,0.0,0.0,0.0,0.0,0.0,2.1134584262991065e-120,0.0,0.0,0.0,0.0,0.0,0.0,1.258207762618687e-258,0.0,0.0,0.0,0.0,0.0,0.0,0.0,0.0,0.0,0.0,0.0,6.203261151040737e-252,0.0,0.0,0.0,0.0,0.0,2.51522735706892e-243,0.0,0.0,0.0,0.0,0.0,0.0,0.0,1.9150502028367464e-120,0.0,0.0,0.0,0.0,0.0,0.0,0.0,0.0,0.0,0.0,1.5411298734966425e-286,0.0,0.0,0.0,0.0,0.0,0.0,0.0,0.0,0.0,0.0,0.0,0.0,0.0,1.0432342403505517e-262,0.0,0.0,0.0,0.0,0.0,0.0,0.0,0.0,0.0,0.0,0.0,0.0,0.0,0.0,0.0,0.0,3.2969274049087114e-279,0.0,0.0,0.0,0.0,0.0,0.0,0.0,0.0,0.0,0.0,0.0,0.0,0.0,0.0,0.0,0.0,0.0
0.0,0.0,0.0,1.8809514145093195e-181,4.40991701908973e-155,0.0,0.0,0.0,0.0,0.0,0.0,4.1026271308090977e-7,1.6721540515737407e-13,0.0,0.0,0.0,0.0,0.0,0.0,6.8360148187444375e-18,0.9825713112063718,0.0,0.0,0.0,0.0,0.0,0.0,1.577338456944561e-17,0.013078698905636302,0.0,0.0,0.0,0.0,0.0,0.0,8.955279715898342e-55,2.4473435386334112e-82,0.0,0.0,0.0,0.0,0.0,0.0,0.0,0.004349579625111677,0.0,0.0,0.0,0.0,0.0,3.4141962262245452e-56,8.221343369822635e-167,0.0,0.0,0.0,0.0,0.0,3.45926590444877e-49,0.0,0.0,0.0,0.0,0.0,0.0,0.0,0.0,0.0,0.0,0.0,0.0,0.0,0.0,0.0,0.0,0.0,0.0,0.0,0.0,0.0,0.0,0.0,0.0,0.0,0.0,0.0,0.0,0.0,0.0,0.0,0.0,0.0,8.208755775849933e-171,0.0,0.0,0.0,0.0,0.0,0.0,0.0,0.0,0.0,0.0,0.0,0.0,4.665679878434828e-114,0.0,0.0,0.0,0.0,0.0,0.0,0.0,0.0,0.0,0.0,0.0,0.0,0.0,0.0,0.0,0.0,0.0,0.0,3.8368906536254553e-153,0.0,0.0,0.0,0.0,0.0,0.0,0.0,0.0,0.0,0.0,0.0,0.0,3.009412067405115e-79,0.0,0.0,0.0,0.0,0.0,0.0,0.0,0.0,0.0,0.0,0.0,2.720289918722842e-70,0.0,0.0,0.0,0.0,0.0,0.0,0.0,0.0,0.0,0.0,0.0,0.0,0.0,0.0,0.0,0.0,0.0,0.0,0.0,3.7136601596528063e-234,0.0,0.0,0.0,0.0,0.0,0.0,0.0,0.0,0.0,0.0,0.0,0.0,0.0,0.0,0.0,0.0,0.0,0.0,0.0,0.0,0.0,0.0,0.0,0.0,0.0,0.0,0.0
0.0,0.0,0.0,0.0,0.0,0.0,1.0261561022051295e-120,2.193345169618289e-113,0.0,0.0,0.0,0.0,0.0,0.0,1.9720265137733475e-29,0.10801974499887995,0.0,0.0,0.0,0.0,0.0,0.0,1.0331934660337058e-27,0.8344995346423253,0.0,0.0,0.0,0.0,0.0,0.0,5.784756816460028e-32,0.04315962877424717,0.0,0.0,0.0,0.0,0.0,0.0,0.0,7.008863790038579e-22,0.0,0.0,0.0,0.0,0.0,0.0,0.00094951887017297,0.0,0.0,0.0,0.0,0.0,0.0,0.0007564706782702064,0.0,0.0,0.0,0.0,0.0,0.0,0.010833121663930034,0.0,0.0,0.0,0.0,0.0,0.0,5.2856098232207135e-59,0.0,0.0,0.0,0.0,0.0,3.311015140353227e-70,0.0017819803721745436,0.0,0.0,0.0,0.0,0.0,1.2223113759190521e-43,0.0,0.0,0.0,0.0,0.0,0.0,1.6336773233951507e-298,0.0,0.0,0.0,0.0,0.0,7.051241515624244e-107,0.0,0.0,0.0,0.0,0.0,1.0970243140884407e-218,0.0,0.0,0.0,0.0,0.0,0.0,3.987295005411057e-133,0.0,0.0,0.0,0.0,1.2178741469379136e-73,0.0,0.0,0.0,0.0,0.0,0.0,1.2397446084418379e-120,0.0,0.0,0.0,0.0,0.0,0.0,2.854803676669266e-169,0.0,0.0,0.0,0.0,0.0,0.0,3.516834787952652e-213,0.0,0.0,0.0,0.0,1.312167273569419e-249,0.0,0.0,0.0,0.0,0.0,0.0,0.0,0.0,0.0,0.0,0.0,0.0,3.4101805581860535e-201,0.0,0.0,0.0,0.0,0.0,0.0,0.0,0.0,0.0,0.0,0.0,0.0,3.5219699163941102e-124,0.0,0.0,0.0,0.0,0.0,0.0,0.0,0.0,0.0,0.0,0.0,5.1731448037813276e-216,0.0,0.0,0.0,0.0,0.0,0.0,0.0,0.0,0.0,0.0,0.0,0.0,0.0,0.0,0.0,0.0,0.0,0.0,0.0,0.0
0.0,0.0,0.0,0.0,5.796142513596589e-191,2.8189702578577326e-50,5.58616017811139e-276,0.0,0.0,0.0,0.0,0.0,1.0387050724221512e-107,2.8442162229066466e-7,1.4343034083552317e-131,0.0,0.0,0.0,0.0,0.0,1.6927459135945384e-107,0.9682187736876825,2.1137619744665445e-112,0.0,0.0,0.0,0.0,0.0,3.753584181482817e-115,0.03123923027665729,9.729421856521927e-106,0.0,0.0,0.0,0.0,0.0,0.0,0.0005417116140378984,0.0,0.0,0.0,0.0,0.0,0.0,0.0,0.0,0.0,0.0,0.0,0.0,0.0,0.0,0.0,0.0,0.0,0.0,0.0,0.0,0.0,0.0,0.0,0.0,0.0,0.0,0.0,0.0,0.0,0.0,0.0,0.0,0.0,0.0,0.0,0.0,0.0,0.0,0.0,0.0,0.0,0.0,0.0,0.0,0.0,0.0,0.0,0.0,0.0,0.0,0.0,0.0,0.0,0.0,0.0,0.0,0.0,0.0,0.0,0.0,0.0,0.0,0.0,0.0,0.0,0.0,0.0,0.0,0.0,0.0,0.0,0.0,0.0,0.0,0.0,0.0,0.0,0.0,0.0,0.0,0.0,0.0,0.0,0.0,0.0,0.0,0.0,0.0,0.0,0.0,0.0,0.0,0.0,0.0,0.0,0.0,0.0,0.0,0.0,0.0,0.0,0.0,0.0,0.0,0.0,0.0,0.0,0.0,0.0,0.0,0.0,0.0,0.0,0.0,0.0,0.0,0.0,0.0,0.0,0.0,0.0,0.0,0.0,0.0,0.0,0.0,0.0,0.0,0.0,0.0,0.0,0.0,0.0,0.0,0.0,0.0,0.0,0.0,0.0,0.0,0.0,0.0,0.0,0.0,0.0,0.0,0.0,0.0,0.0,0.0,0.0,0.0,0.0,0.0,0.0,0.0,0.0,0.0
0.6210200251406682,4.629846227411257e-131,0.0,0.0,0.0,0.0,0.0,3.044068248558729e-110,0.3789799748583752,3.3498521566835295e-192,0.0,0.0,0.0,0.0,0.0,4.755695469332453e-92,9.56594548737365e-13,1.6997762081468865e-220,0.0,0.0,0.0,0.0,0.0,3.381203658293573e-115,7.495765188683245e-22,1.5227443519205445e-291,0.0,0.0,0.0,0.0,0.0,0.0,2.8500014454627776e-36,1.0643777643798792e-212,0.0,0.0,0.0,0.0,0.0,8.15029246036087e-77,4.636612738210333e-43,0.0,0.0,0.0,0.0,0.0,0.0,2.5624279860511333e-86,0.0,0.0,0.0,0.0,0.0,0.0,2.2982268108330043e-184,0.0,0.0,0.0,0.0,0.0,0.0,3.8882267346810967e-137,0.0,0.0,0.0,0.0,0.0,1.2726753821135877e-221,7.717525339752827e-137,0.0,0.0,0.0,0.0,0.0,0.0,9.647260330828802e-151,0.0,0.0,0.0,0.0,0.0,1.7751585620039947e-235,0.0,0.0,0.0,0.0,0.0,0.0,2.1466436458202408e-280,0.0,0.0,0.0,0.0,2.898205e-317,1.7828277490576476e-175,0.0,0.0,0.0,0.0,0.0,1.1211312432593306e-186,0.0,0.0,0.0,0.0,0.0,0.0,0.0,0.0,0.0,0.0,0.0,3.3781765806350386e-234,0.0,0.0,0.0,0.0,0.0,0.0,9.064894337179642e-255,0.0,0.0,0.0,0.0,0.0,0.0,2.491144467489135e-239,0.0,0.0,0.0,0.0,0.0,0.0,6.069423173114804e-221,0.0,0.0,0.0,0.0,6.118581506854144e-182,0.0,0.0,0.0,0.0,0.0,0.0,0.0,0.0,0.0,0.0,0.0,0.0,1.0861260559416029e-123,0.0,0.0,0.0,0.0,0.0,0.0,2.6520785721133417e-187,0.0,0.0,0.0,0.0,0.0,1.1596097770238442e-177,0.0,0.0,0.0,0.0,0.0,8.02284915764457e-70,0.0,0.0,0.0,0.0,0.0,0.0,0.0,0.0,0.0,0.0,0.0,0.0,0.0,0.0,0.0,0.0,0.0,0.0,0.0,0.0,0.0,0.0,0.0,0.0,0.0
0.0,0.0,0.0,1.9893957062221913e-194,0.0,0.0,0.0,0.0,0.0,0.0,6.069324908946086e-116,4.98659079331729e-9,6.5691327555438374e-155,0.0,0.0,0.0,0.0,0.0,3.537719910001039e-90,0.9891070677106178,5.323084147593475e-127,0.0,0.0,0.0,0.0,0.0,1.7540340306782355e-106,0.002429585409810595,2.2017139529436834e-139,0.0,0.0,0.0,0.0,0.0,6.697498602923367e-144,0.0027638651179276445,4.778388853759982e-184,0.0,0.0,0.0,0.0,0.0,9.816351188776474e-118,0.005699475515221649,0.0,0.0,0.0,0.0,0.0,1.4619602340739128e-66,1.259831362875177e-9,0.0,0.0,0.0,0.0,0.0,2.5391602693196872e-107,2.285995988957477e-65,0.0,0.0,0.0,0.0,0.0,9.346143305848026e-83,2.0188040400757494e-18,0.0,0.0,0.0,0.0,0.0,9.957629181547313e-119,1.3057201595346312e-28,0.0,0.0,0.0,0.0,0.0,1.4293015035567047e-160,6.2226333166387306e-40,0.0,0.0,0.0,0.0,8.486886143949705e-90,1.0138259617113499e-45,0.0,0.0,0.0,0.0,0.0,1.194737568541932e-101,6.946380671175768e-39,0.0,0.0,0.0,0.0,6.464161642317046e-241,1.59412286985942e-32,0.0,0.0,0.0,0.0,5.809367611220699e-171,2.7838752764750117e-55,9.243303877117815e-248,0.0,0.0,0.0,0.0,4.569460641669799e-289,7.598403435003892e-157,0.0,0.0,0.0,0.0,7.535273713309641e-129,0.0,0.0,0.0,0.0,0.0,2.67747613107738e-286,3.380707713137352e-62,2.9840240302851926e-131,0.0,0.0,0.0,0.0,1.4431520622808125e-244,5.322286060505474e-77,0.0,0.0,0.0,0.0,0.0,4.606949806769845e-296,4.524582224965649e-30,0.0,0.0,0.0,3.856120846961926e-290,4.257812790189697e-117,0.0,0.0,0.0,0.0,8.799693486133245e-138,1.682710349679756e-140,6.286210168881978e-159,0.0,0.0,0.0,0.0,3.3128162945231265e-266,7.562150014924403e-86,0.0,0.0,0.0,0.0,0.0,7.966206340992427e-224,9.907091091785619e-57,0.0,0.0,0.0,0.0,7.070896145457797e-244,1.869795140372851e-143,0.0,0.0,0.0,0.0,1.3821768047846661e-276,2.9629018378563164e-179,1.4286640855060258e-174,0.0,0.0,0.0,8.465088063340949e-287,8.849150362386466e-196,0.0,0.0,0.0,0.0,0.0,0.0,0.0,0.0,0.0,0.0,0.0,0.0,0.0,0.0,0.0,0.0
1.9277431259995706e-120,0.05947981480774849,2.137195146209369e-77,0.0,0.0,0.0,0.0,0.0,5.584673135007883e-106,0.9373761472946586,1.1940781700816291e-95,0.0,0.0,0.0,0.0,0.0,4.351836894512936e-114,5.376712419505058e-5,1.9122693454814933e-120,0.0,0.0,0.0,0.0,0.0,3.237813002025218e-131,1.7408923243311737e-9,1.777007092455063e-138,0.0,0.0,0.0,0.0,0.0,4.997416848637382e-93,1.483520941186533e-36,4.0996798911040017e-54,0.0,0.0,0.0,0.0,0.0,7.291094829739672e-170,8.10882703945625e-5,0.0,0.0,0.0,0.0,0.0,1.703312230632038e-85,0.0018477786165414882,1.7037220754207446e-78,0.0,0.0,0.0,0.0,4.59481857205114e-148,1.4840333083209237e-66,4.46015873176837e-204,0.0,0.0,0.0,0.0,2.550722696363196e-258,0.00032786312089552754,3.795057896993482e-114,0.0,0.0,0.0,0.0,0.0,0.0008335390224704413,2.772355798664659e-118,0.0,0.0,0.0,0.0,0.0,2.2036381233789027e-12,0.0,0.0,0.0,0.0,2.2320175983447498e-288,4.095460469870327e-56,3.8367e-319,0.0,0.0,0.0,0.0,2.4935888702985274e-295,4.200342635861152e-303,0.0,0.0,0.0,0.0,0.0,5.162112097156106e-115,0.0,0.0,0.0,0.0,9.99838449203e-313,5.944658402988658e-153,0.0,0.0,0.0,0.0,0.0,8.950606960128672e-273,1.0229939328423625e-288,0.0,0.0,0.0,5.243726477799197e-210,2.2223506243924805e-159,0.0,0.0,0.0,0.0,0.0,3.528839180542154e-139,3.8925905936265675e-69,0.0,0.0,0.0,0.0,0.0,0.0,2.1726754666879385e-143,0.0,0.0,0.0,0.0,0.0,0.0,6.861142534095663e-306,0.0,0.0,0.0,0.0,1.5831676530592355e-180,0.0,0.0,0.0,0.0,0.0,2.1283230148371163e-211,0.0,0.0,0.0,0.0,0.0,0.0,7.827452609984007e-136,0.0,0.0,0.0,0.0,0.0,0.0,5.467855785898043e-57,0.0,0.0,0.0,0.0,0.0,0.0,0.0,0.0,0.0,0.0,0.0,0.0,0.0,0.0,0.0,0.0,0.0,0.0,0.0,0.0,0.0,0.0,0.0,0.0,0.0,0.0,0.0,0.0,0.0,0.0,0.0,0.0,0.0,0.0,0.0,0.0
0.0,0.0,0.0,0.0,6.823325957957958e-102,7.772140243101955e-92,0.0,0.0,0.0,0.0,0.0,0.0,0.1408368913537682,7.337736274859712e-59,0.0,0.0,0.0,0.0,0.0,0.0,0.8078076017882286,1.9020884165726574e-47,0.0,0.0,0.0,0.0,0.0,0.0,0.05039376783301974,2.1822429931690127e-44,0.0,0.0,0.0,0.0,0.0,0.0,1.1089506959164229e-103,0.0,0.0,0.0,0.0,0.0,0.0,0.0,0.0009617390249832177,0.0,0.0,0.0,0.0,0.0,0.0,1.4792753874955291e-149,0.0,0.0,0.0,0.0,0.0,0.0,1.60829664242193e-99,0.0,0.0,0.0,0.0,0.0,0.0,3.8900331735683364e-222,0.0,0.0,0.0,0.0,0.0,0.0,0.0,0.0,0.0,0.0,0.0,0.0,0.0,0.0,0.0,0.0,0.0,0.0,0.0,0.0,0.0,0.0,0.0,0.0,0.0,0.0,0.0,0.0,0.0,0.0,0.0,0.0,0.0,0.0,0.0,0.0,0.0,0.0,0.0,0.0,0.0,0.0,0.0,0.0,0.0,0.0,0.0,0.0,0.0,0.0,3.8090587555108674e-177,0.0,0.0,0.0,0.0,0.0,0.0,0.0,0.0,0.0,0.0,0.0,0.0,0.0,0.0,0.0,0.0,0.0,0.0,0.0,0.0,0.0,0.0,0.0,0.0,0.0,0.0,0.0,0.0,0.0,0.0,0.0,0.0,0.0,0.0,0.0,0.0,0.0,0.0,0.0,0.0,0.0,0.0,0.0,0.0,0.0,0.0,0.0,0.0,0.0,0.0,0.0,0.0,0.0,0.0,0.0,0.0,0.0,0.0,0.0,0.0,0.0,0.0,0.0,0.0,0.0,0.0,0.0,0.0,0.0,0.0,0.0,0.0,0.0,0.0,0.0,0.0,0.0,0.0,0.0
8.818260190940472e-140,0.0,0.0,0.0,0.0,0.0,3.1364198099827705e-123,5.489433796163571e-24,4.2302506564360427e-110,0.0,0.0,0.0,0.0,0.0,3.047240923473207e-106,0.9624839423875566,1.7801868021329477e-118,0.0,0.0,0.0,0.0,0.0,3.449750432671246e-119,0.03539246302820169,3.05358329993e-312,0.0,0.0,0.0,0.0,0.0,6.360261889655744e-140,5.644574217114027e-59,1.3163468928056077e-34,0.0,0.0,0.0,0.0,0.0,0.0,5.750039368427582e-32,3.5096444292784816e-238,0.0,0.0,0.0,0.0,0.0,0.00139754570000888,1.0523064046861168e-184,0.0,0.0,0.0,0.0,0.0,7.015830356636953e-19,4.737380256057639e-173,0.0,0.0,0.0,0.0,0.0,6.2999054041297865e-15,0.0,0.0,0.0,0.0,0.0,0.0,3.6556918788265104e-21,5.937204068666205e-274,0.0,0.0,0.0,0.0,2.7485835290935855e-152,7.170655806177693e-91,0.0,0.0,0.0,0.0,0.0,0.000726048884226545,1.6128871185471073e-179,0.0,0.0,0.0,0.0,0.0,1.1285507e-317,0.0,0.0,0.0,0.0,0.0,1.2688420277197355e-63,9.120927366328823e-197,0.0,0.0,0.0,0.0,8.287728027434205e-201,0.0,0.0,0.0,0.0,0.0,0.0,9.875115562116172e-138,0.0,0.0,0.0,0.0,9.914876052659052e-198,0.0,0.0,0.0,0.0,0.0,0.0,5.50904929524105e-105,0.0,0.0,0.0,0.0,0.0,0.0,4.036335710935258e-151,0.0,0.0,0.0,0.0,0.0,0.0,2.7395505847804304e-131,0.0,0.0,0.0,0.0,8.203074709287625e-253,0.0,0.0,0.0,0.0,0.0,1.5551211811892983e-270,0.0,0.0,0.0,0.0,0.0,0.0,1.0702907606911001e-186,9.54478015159327e-125,0.0,0.0,0.0,0.0,0.0,0.0,0.0,0.0,0.0,0.0,0.0,1.3942627748705205e-210,0.0,0.0,0.0,0.0,0.0,0.0,0.0,0.0,0.0,0.0,0.0,1.7979565824655754e-189,0.0,0.0,0.0,0.0,0.0,0.0,0.0,0.0,0.0,0.0,0.0,0.0,0.0,0.0,0.0,0.0,0.0,0.0,0.0,0.0
2.2943093368425078e-275,0.0,0.0,0.0,0.0,0.0,0.0,7.895203830000007e-105,1.0900703665539591e-46,0.0,0.0,0.0,0.0,0.0,1.5960601278351344e-238,0.02421664902902055,1.01153131882117e-89,0.0,0.0,0.0,0.0,0.0,4.866523644502456e-183,0.20777745512014847,8.813752213623257e-84,0.0,0.0,0.0,0.0,0.0,2.4673332141407633e-154,0.26355836239000247,6.109948399046158e-91,0.0,0.0,0.0,0.0,0.0,0.0,0.07727650899989565,6.665532816496033e-108,0.0,0.0,0.0,0.0,0.0,0.039446039855474936,1.1238837119359128e-77,0.0,0.0,0.0,0.0,0.0,0.056282538071357524,4.512569226362354e-90,0.0,0.0,0.0,0.0,0.0,0.03376651887797556,1.0165890297261382e-105,0.0,0.0,0.0,0.0,0.0,0.0767158965893043,1.482918008224093e-142,0.0,0.0,0.0,0.0,0.0,0.040669153202769044,2.913893382936348e-78,0.0,0.0,0.0,0.0,0.022708764115146003,2.1054009370902174e-110,0.0,0.0,0.0,0.0,0.0,0.006060850528804054,0.0,0.0,0.0,0.0,0.0,0.020202835096013512,2.6005768816042345e-63,0.0,0.0,0.0,0.0,0.01212170105760811,2.109926913496036e-101,0.0,0.0,0.0,0.0,0.0,0.01818255158641216,1.7112168991571613e-99,0.0,0.0,0.0,0.012121701057608106,1.3914910829048364e-118,0.0,0.0,0.0,0.0,0.0,0.006060850528804054,1.23067478828554e-75,0.0,0.0,0.0,0.0,0.0,0.01414198456720946,0.0,0.0,0.0,0.0,0.0,0.0,0.010101417548006756,4.4618106698796653e-91,0.0,0.0,0.0,0.014141984567209458,0.0,0.0,0.0,0.0,0.0,0.008081134038405406,0.0,0.0,0.0,0.0,0.0,0.0,0.006060850528804054,2.18167197084593e-36,0.0,0.0,0.0,0.0,0.0,0.006060850528804054,5.976839992966945e-55,0.0,0.0,0.0,0.0,0.012121701057608108,0.0,0.0,0.0,0.0,0.0,0.0020202835096013515,0.0,0.0,0.0,0.0,0.0,0.006060850528804054,0.0,0.0,0.0,0.0,0.0020202835096013515,1.6720019347952387e-117,0.0,0.0,0.0,0.0,0.0,0.0,0.0,0.0,0.002020283509601351,0.0,0.0,0.0,0.0,0.0
1.0,0.0,0.0,0.0,0.0,0.0,0.0,0.0,0.0,0.0,0.0,0.0,0.0,0.0,0.0,0.0,0.0,0.0,0.0,0.0,0.0,0.0,0.0,0.0,0.0,0.0,0.0,0.0,0.0,0.0,0.0,0.0,0.0,0.0,0.0,0.0,0.0,0.0,0.0,0.0,0.0,0.0,0.0,0.0,0.0,0.0,0.0,0.0,0.0,0.0
1703,4003,207,1407,107,2504,103,1701,4,4501,2202,2403,307,2007,1001,1607,1406,3000,301,101,206,1207,904,906,7,1602,3503,401,1502,700,1103,1801,2300,4503,405,602,2000,202,2002,1,1201,4001,507,2500,204,3502,701,707,606,3001,1702,1603,802,5001,702,2302,2100,1804,1104,603,907,502,406,200,1901,1503,800,2203,2001,2206,1303,1401,1202,807,2201,404,501,1501,1403,1907,504,1100,1106,1903,2102,2106,600,4000,205,1800,105,2501,1507,1700,1301,2204,2407,2,804,1300,304,1101,5,1606,1500,801,703,704,1704,3007,1807,2402,1902,1402,2103,2207,3501,1006,4500,1307,203,1000,2303,1404,6,607,102,306,303,604,902,1206,4007,400,1203,1604,4502,4002,1400,201,1600,300,100,900,106,3500,2301,601,1102,305,1003,402,1706,803,2507,1601,500,2404,407,2104,503,1306,1707,302,1002,3002,2400,706,806,3003,3507,1806,2101,2502,1803,2107,104,1900,2307,2200,403,2304,506,1200,2004,3,2503,1302,903,2401,0,1007,1802,2003,901,1107
402:35,2102:147,1107:88,2004:143,1302:97,501:42,1703:123,1900:134,1100:82,6:7,1106:87,1307:100,2207:158,1503:111,4001:188,2104:149,2302:161,404:37,2300:159,1406:106,3501:183,1407:107,1704:124,4:5,405:38,1901:135,1700:120,207:24,506:46,2401:166,603:51,104:13,1401:102,1500:108,1501:109,2101:146,2501:172,300:25,607:54,302:27,2307:164,802:64,2500:171,1702:122,801:63,406:39,1602:115,1002:78,4502:194,103:12,2503:174,702:57,2407:170,2:3,307:32,3003:180,2301:160,100:9,1102:84,200:17,1202:91,1301:96,0:1,1101:83,2003:142,904:73,5001:196,1003:79,502:43,1103:85,1907:138,2400:165,107:16,1502:110,1404:105,3503:185,1803:130,401:34,3002:179,806:67,1802:129,4003:190,1806:132,1000:76,1:2,201:18,707:61,1006:80,206:23,604:52,601:49,1807:133,507:47,1207:94,2007:144,500:41,1800:127,2403:168,602:50,4503:195,4002:189,400:33,1400:101,403:36,4500:192,2100:145,1604:117,1706:125,5:6,2204:156,1104:86,305:30,703:58,1603:116,2002:141,700:55,1801:128,2001:140,4501:193,1804:131,2202:154,804:66,1300:95,704:59,4000:187,606:53,1306:99,205:22,706:60,1203:92,2206:157,2106:150,3507:186,2103:148,1701:121,2304:163,2303:162,1200:89,204:21,901:70,1903:137,2402:167,907:75,7:8,203:20,2507:176,1001:77,903:72,2201:153,2107:151,1007:81,304:29,301:26,906:74,202:19,1206:93,3001:178,2200:152,807:68,803:65,1601:114,1902:136,1303:98,1507:112,3500:182,2000:139,503:44,106:15,4007:191,900:69,902:71,2502:173,303:28,600:48,102:11,1707:126,1600:113,3502:184,101:10,1607:119,105:14,3000:177,3007:181,2404:169,407:40,1201:90,1606:118,800:62,3:4,2203:155,306:31,2504:175,701:56,504:45,1403:104,1402:103
