30
0.6563022469437625,0.0,0.0,0.0,0.0,0.21951689326230134,0.0,1.3454644061018255e-18,0.0,0.0,0.0,0.0,0.0,0.0,0.0,0.0,0.0,0.0,0.0,0.0,0.0,0.0,0.1241808597939362,0.0,0.0,0.0,0.0,0.0,0.0,0.0
0.0,0.6773698275545925,0.0,0.0,1.2231831700689955e-209,0.0,0.0,0.0,0.0,6.145714169800779e-47,0.03913438334434258,0.0023277953410125577,0.0,4.094064395289167e-11,0.0,0.0,0.0,0.000876358694305163,3.034863463429599e-5,0.0,0.0773617608211853,0.0,0.0,2.25997241245074e-40,0.003991456399917871,0.016656072843819678,0.0,0.0,0.18225199632524938,0.0
9.469880557771494e-110,0.0,0.547506639985103,0.0,0.0,3.0479789492250726e-5,0.4027972206030947,0.018620457996119645,0.0,0.0,0.0,0.0,0.0,0.0,0.029867132128423596,0.0,0.0,0.0,0.0,7.68773338668869e-13,0.0,3.300675220426945e-13,0.0,0.0,0.0,0.0,0.001178069496668011,0.0,0.0,1.5302734622304446e-27
0.0,0.0,0.0,2.0065578653473233e-26,1.1181793474424473e-59,0.0,0.0,0.0,0.0,0.0,0.0,0.0,0.12228838468620475,0.0,0.0,0.009784988276085855,0.0346694291589495,0.0,0.0,0.0,0.0,0.0,0.0,0.0,0.0,0.0,0.0,0.8332571978787598,0.0,0.0
0.0,5.186566443491982e-13,0.0,0.0,0.07101844219116327,0.0,0.0,0.0,0.0,0.0,0.0,0.0,0.014389460144190278,0.0,0.0,0.26213587198858074,0.06590133682745797,0.00035413803565622915,0.0,0.0,0.0,0.0,0.0,0.0,2.139628963333137e-15,0.061080014143222956,0.0,0.0,0.5251207366692078,0.0
0.2344015884831125,0.0,0.0,0.0,0.0,0.637113152791091,0.0,0.0607421029401698,0.0,2.166668363658259e-273,0.0,0.0,0.0,0.0,0.0,0.0,0.0,0.0,0.0,0.0,0.0,0.0,0.06774315578562642,0.0,0.0,0.0,0.0,0.0,0.0,0.0
4.002653519868325e-19,0.0,0.055834039061947595,0.0,0.0,1.7259903215756492e-14,0.6136125954938451,1.6069589842646176e-29,0.0,0.0,0.0,0.0,0.0,0.0,4.256061264416006e-25,0.0,0.0,0.0,0.0,6.791841128662637e-12,0.0,0.0051701199468102725,0.0,0.0,0.0,0.0,0.24400456625074518,0.0,0.0,0.08137867923984292
0.010477106954012863,0.0,0.0,0.0,0.0,0.5001864958929119,0.0,0.4841806586241037,0.0,0.0022581127279691655,0.0,0.0,0.0,0.0,0.0,0.0,0.0,0.0,0.0,0.0,0.0,0.0,0.0028976258010022958,0.0,0.0,0.0,0.0,0.0,0.0,0.0
0.0,0.0,0.0,2.406263091855988e-25,0.0,0.0,0.0,0.0,0.9166666666666666,0.0,0.0,0.0,0.0,0.0,0.0,0.0,0.0,0.0,0.0,0.0,0.0,0.0,0.0,0.0,0.0,0.0,0.0,0.08333333333333333,0.0,0.0
2.900071041229758e-141,0.0,0.02443543387185653,0.0,0.0,0.0020115198459279664,1.3616750591225582e-27,7.773704478111029e-135,0.0,0.6504664122089718,2.260542237070769e-13,5.651938988868819e-7,0.0,8.634411059444467e-16,0.11423572237113576,0.0,0.0,0.0,1.0237713180856105e-20,2.602677807123372e-16,9.614921053893672e-32,2.693406393941113e-90,0.0,0.20885034650798162,0.0,0.0,2.775372307915665e-69,0.0,0.0,3.4555084920461733e-53
0.0,0.0,2.4824871026763122e-8,0.0,0.0,0.0,1.6973367433594442e-14,0.0,0.0,0.012428368969707188,0.4475797024557344,0.11553195233730683,0.0,0.25315762274947395,8.099696738827165e-6,0.0,0.0,0.0,0.1610520224535507,0.00019960440462334447,0.010038256026616853,4.098073126505357e-94,0.0,4.345716285732122e-6,0.0,0.0,2.1138457185453202e-70,0.0,0.0,3.6507415890729884e-10
0.0,0.0,1.136572097125563e-5,0.0,0.0,0.0,4.398768297889742e-26,0.0,0.0,0.059052553159838886,0.29306725189161587,0.4551513670434053,0.0,0.05530328018001482,0.00818506017757983,0.0,0.0,0.0,0.014971568992817505,2.182731677103807e-22,0.005909854008381939,1.067729808678658e-93,0.0,0.10834769882537458,0.0,0.0,9.115289944567483e-65,0.0,0.0,8.128951630178176e-48
0.0,3.9944694039510846e-11,0.0,0.0,0.03806029490531335,0.0,0.0,0.0,0.0,0.0,0.0,0.0,0.8893945276320574,0.0,0.0,0.00018544099592994505,0.012195284323428498,0.06013996980291802,0.0,0.0,0.0,0.0,0.0,0.0,1.0195985956529613e-26,2.446606671043231e-5,0.0,0.0,1.6233697547810334e-8,0.0
0.0,0.0,0.001509368389861445,0.0,0.0,0.0,1.4101385236335589e-12,0.0,0.0,0.0671232648685902,0.024575691779038556,0.10006096286263706,0.0,0.4768748429784689,0.016885231613505754,0.0,0.0,0.0,0.17307419952982372,0.022375513672241207,0.0008094280787867723,1.585529164623126e-91,0.0,0.09578861971647439,0.0,0.0,1.9892295914806876e-67,0.0,0.0,0.020922876509161675
1.5661529637475515e-203,0.0,0.28743252140154024,0.0,0.0,8.735294024208972e-92,0.10580124373420455,0.010347225276143356,0.0,0.0,0.0,0.0,0.0,0.0,0.5751858519877292,0.0,0.0,0.0,0.0,0.01739246670499674,0.0,8.597529957973129e-19,0.0,0.0,0.0,0.0,7.505921823295247e-26,0.0,0.0,0.003840690895385857
0.0,2.1104364297126494e-41,0.0,0.0,3.9518637005029736e-10,0.0,0.0,0.0,0.0,0.0,0.0,0.0,1.9598313290554086e-6,0.0,0.0,0.7665249993585777,0.1550182744987212,1.0996975567677076e-32,0.0,0.0,0.0,0.0,0.0,0.0,0.04477130527839746,0.02566866462914745,0.0,0.0,0.008014796008640723,0.0
0.0,6.0568673476293495e-6,0.0,0.0,0.006681975423482687,0.0,0.0,0.0,0.0,0.0,0.0,0.0,0.062027114555170314,0.0,0.0,0.029360769537335265,0.8125683692723813,0.024773464935119248,0.0,0.0,0.0,0.0,0.0,0.0,0.009125168645332953,0.04441645796380615,0.0,0.0,0.011040622800024553,0.0
0.0,0.0423902467899283,0.0,0.0,3.6236831651704517e-213,0.0,0.0,0.0,0.0,6.587698463499031e-146,7.523716942771935e-71,8.506137494604618e-49,1.0290247130683079e-294,5.185680748046452e-81,0.0,2.8719381067545e-278,2.1582162961660527e-221,0.717269733176949,7.846041006000149e-72,0.0,3.6254483777297086e-67,0.0,0.0,3.0896058908001077e-110,0.004762200568486458,0.005343990508342167,0.0,0.0,0.23023382895629405,0.0
0.0,0.0,1.845842458162999e-67,0.0,0.0,0.0,5.747372410998851e-19,0.0,0.0,0.058107411291805425,0.005420742134120158,1.5592701228923697e-16,0.0,0.2768284173927581,0.016773489083462587,0.0,0.0,0.0,0.3441134866553017,0.018399432568491157,0.23308966598770883,9.343507137074355e-146,0.0,0.010813411076617324,0.0,0.0,1.1960260911787293e-129,0.0,0.0,0.03645394380973467
3.6267379925461392e-56,0.0,0.17571932624314646,0.0,0.0,1.5384356804653627e-59,0.07349951690547003,5.5493694333577296e-61,0.0,0.0,0.0,0.0,0.0,0.0,0.11828665151592115,0.0,0.0,0.0,0.0,0.6196848538278565,0.0,1.405757649439738e-32,0.0,0.0,0.0,0.0,1.3149671381671799e-23,0.0,0.0,0.012809651507605881
0.0,0.0,0.002709892079868988,0.0,0.0,0.0,1.0903965123413734e-10,0.0,0.0,0.01134230239453434,0.30542859017000984,0.04033174452444887,0.0,0.057483579344657997,1.4093395450573509e-5,0.0,0.0,0.0,0.009316048237973645,0.011462951245493099,0.5502364713439019,5.342250865006108e-117,0.0,3.3154829772113314e-7,0.0,0.0,1.4401277290410564e-92,0.0,0.0,0.011673995606323418
0.07252929062118675,0.0,3.8216878583081017e-19,0.0,0.0,0.4267593908677224,2.4641332939759885e-13,0.02378878744114598,0.0,0.0,0.0,0.0,0.0,0.0,2.809357028275805e-48,0.0,0.0,0.0,0.0,1.0671063339076655e-30,0.0,0.4136460455029302,0.0,0.0,0.0,0.0,0.06327285870250145,0.0,0.0,3.6268642666913323e-6
0.0,0.0,0.0,0.0,0.0,0.0,0.0,0.0,0.0833738738608854,0.0,0.0,0.0,0.0,0.0,0.0,0.0,0.0,0.0,0.0,0.0,0.0,0.0,0.9166261261391145,0.0,0.0,0.0,0.0,0.0,0.0,0.0
0.0,0.0,0.07931950797321163,0.0,0.0,0.0,4.4837354454062824e-8,0.0,0.0,0.05142983966683641,3.2496519738470738e-6,0.00327928632909171,0.0,0.0015814829312205698,0.03864808171198671,0.0,0.0,0.0,0.014152707844909927,0.18839570372697884,0.0002481915240884707,2.9362309023822898e-74,0.0,0.6229419038023475,0.0,0.0,1.6218031484647e-51,0.0,0.0,2.9785725477376186e-27
0.0,0.007466190372896255,0.0,0.0,5.112642674768269e-164,0.0,0.0,0.0,0.0,0.06657999608183356,1.85712354043673e-68,6.650451093873786e-102,0.0,3.087868860548783e-59,0.0,0.0,0.0,0.04434948100530494,2.55513499494596e-309,0.0,2.0539003580149634e-120,0.0,0.0,6.138084762058954e-19,0.6641628783174548,0.21744145398463896,0.0,0.0,2.3787137581075627e-10,0.0
0.0,0.02658210378004067,0.0,0.0,1.904089068406174e-216,0.0,0.0,0.0,0.0,7.646874813468434e-13,0.02966849905727575,0.043206608307637596,0.0,0.002905096355118603,0.0,0.0,0.0,2.0756634343234713e-6,6.271487535601594e-61,0.0,5.689957560445674e-68,0.0,0.0,2.0293753866702386e-32,0.045566199161397834,0.753746828179445,0.0,0.0,0.09832258949488544,0.0
1.3493715610056239e-15,0.0,1.3824096663970505e-10,0.0,0.0,0.0003760439880336338,2.1147116953561476e-12,0.08901649450182224,0.0,0.0,0.0,0.0,0.0,0.0,2.4354288336229444e-40,0.0,0.0,0.0,0.0,1.7591985011348154e-27,0.0,0.29622246561049476,0.0,0.0,0.0,0.0,0.6142294274522978,0.0,0.0,0.00015556830699455033
0.0,0.0,0.0,0.9999999970395954,1.0521245952837238e-184,0.0,0.0,0.0,0.0,0.0,0.0,0.0,3.0678691641851497e-133,0.0,0.0,2.9604047287720636e-9,1.5570040791095563e-113,0.0,0.0,0.0,0.0,0.0,0.0,0.0,0.0,0.0,0.0,4.479849390613322e-25,0.0,0.0
0.0,0.2997501093828114,0.0,0.0,1.1231506017707686e-265,0.0,0.0,0.0,0.0,1.3760900752112523e-157,0.06403411951887522,0.004842838039741619,0.0,0.0020676554915573645,0.0,0.0,0.0,1.850418185109288e-5,0.00015141250131821098,0.0,0.027045290324700474,0.0,0.0,5.655961304295392e-50,0.001473286272577965,0.023990708422271034,0.0,0.0,0.5766260758642957,0.0
0.07730971788922258,0.0,1.3370463552269857e-25,0.0,0.0,0.02346880161802051,0.08720555061933385,1.0287533534990442e-40,0.0,0.0,0.0,0.0,0.0,0.0,6.035191204785906e-5,0.0,0.0,0.0,0.0,0.009918550712757877,0.0,0.03962977848649634,0.0,0.0,0.0,0.0,0.0025075038104063075,0.0,0.0,0.7598997449517149
30,196
0.0,0.0,0.0,1.186784610474964e-162,0.04897770091270698,1.4005354248037788e-62,0.0,0.0,0.0,0.0,0.0,5.943452876024571e-111,0.8965013398195938,5.750261163439855e-87,0.0,0.0,0.0,0.0,0.0,1.575932066433872e-143,0.05386997415995741,0.0006509851077372718,0.0,0.0,0.0,0.0,0.0,9.929094330249375e-198,1.27786930400996e-39,4.011295124873786e-88,0.0,0.0,0.0,0.0,0.0,2.98083e-318,4.5697514958753014e-15,0.0,0.0,0.0,0.0,0.0,0.0,0.0,1.0580985033791569e-63,0.0,0.0,0.0,0.0,0.0,0.0,1.3139010394392274e-71,0.0,0.0,0.0,0.0,0.0,0.0,2.118085159775405e-289,0.0,0.0,0.0,0.0,0.0,0.0,0.0,0.0,0.0,0.0,0.0,0.0,0.0,0.0,0.0,0.0,0.0,0.0,0.0,0.0,0.0,0.0,0.0,0.0,0.0,0.0,0.0,0.0,0.0,0.0,0.0,0.0,0.0,0.0,0.0,0.0,0.0,0.0,0.0,0.0,0.0,0.0,0.0,0.0,0.0,0.0,0.0,0.0,0.0,0.0,0.0,0.0,0.0,0.0,0.0,0.0,0.0,0.0,0.0,0.0,0.0,0.0,0.0,0.0,0.0,0.0,0.0,0.0,0.0,0.0,0.0,0.0,0.0,0.0,0.0,0.0,0.0,0.0,0.0,0.0,0.0,0.0,0.0,0.0,0.0,0.0,0.0,0.0,0.0,0.0,0.0,0.0,0.0,0.0,0.0,0.0,0.0,0.0,0.0,0.0,0.0,0.0,0.0,0.0,0.0,0.0,0.0,0.0,0.0,0.0,0.0,0.0,0.0,0.0,0.0,0.0,0.0,0.0,0.0,0.0,0.0,0.0,0.0,0.0,0.0,0.0,0.0,0.0,0.0,0.0,0.0,0.0,0.0,0.0,0.0,0.0,0.0
1.3943e-320,0.04912224527070548,1.257160982222831e-97,0.0,0.0,0.0,0.0,0.0,1.0499469051788231e-214,0.9446987526605208,5.542921619727663e-97,0.0,0.0,0.0,0.0,0.0,2.3636262625899442e-234,5.384636244364052e-6,9.206429674031131e-100,0.0,0.0,0.0,0.0,0.0,1.478791440080071e-221,7.213461914645068e-14,1.2836232769451353e-158,0.0,0.0,0.0,0.0,0.0,4.287514206982989e-205,1.0031560439083668e-38,1.6706324838062498e-41,0.0,0.0,0.0,0.0,0.0,4.049218232481125e-242,0.0012336800012156615,0.0,0.0,0.0,0.0,0.0,9.311159211885055e-279,0.0028382188241916095,3.594652437578187e-74,0.0,0.0,0.0,0.0,5.443942732098573e-266,3.0226457534157987e-57,4.3965656987812994e-173,0.0,0.0,0.0,0.0,2.78468481507e-313,0.0008734665675282669,2.0289988051239367e-178,0.0,0.0,0.0,0.0,0.0,0.0012281321107912777,3.1201559574765485e-129,0.0,0.0,0.0,0.0,0.0,1.1992873022334037e-7,0.0,0.0,0.0,0.0,0.0,6.703396553578087e-65,0.0,0.0,0.0,0.0,0.0,0.0,1.668551356312193e-228,2.0040135600654944e-283,0.0,0.0,0.0,0.0,3.607083735693238e-139,0.0,0.0,0.0,0.0,0.0,3.162687223370958e-165,0.0,0.0,0.0,0.0,0.0,0.0,3.292670322456463e-173,0.0,0.0,0.0,2.9951126333946862e-239,2.2794897590458556e-170,0.0,0.0,0.0,0.0,0.0,1.156623517841101e-154,7.29284651612903e-88,0.0,0.0,0.0,0.0,0.0,0.0,6.094363629840671e-99,0.0,0.0,0.0,0.0,0.0,0.0,4.038712686090521e-221,0.0,0.0,0.0,0.0,1.1229286969428667e-159,0.0,0.0,0.0,0.0,0.0,7.38835223193374e-171,0.0,0.0,0.0,0.0,0.0,0.0,4.248023789058388e-124,0.0,0.0,0.0,0.0,0.0,0.0,1.5820662509669175e-42,0.0,0.0,0.0,0.0,0.0,4.824026773518997e-240,0.0,0.0,0.0,0.0,0.0,0.0,0.0,0.0,0.0,0.0,0.0,0.0,0.0,0.0,0.0,0.0,0.0,0.0,0.0,0.0,0.0,0.0,0.0,0.0,0.0,0.0,0.0,0.0,0.0,0.0
0.0,0.0,0.0,6.4817918530410445e-236,0.0,0.0,0.0,0.0,0.0,0.0,3.6650581875382524e-168,1.6755980063486474e-36,5.535235442880038e-302,0.0,0.0,0.0,0.0,0.0,1.0874727438384167e-99,0.0010476667693879085,5.167612298566673e-133,0.0,0.0,0.0,0.0,0.0,1.311206778749581e-103,0.9412691282886253,1.0636310203217135e-141,0.0,0.0,0.0,0.0,0.0,1.2026591649585425e-104,0.04599113873030882,3.1803012044573456e-155,0.0,0.0,0.0,0.0,0.0,1.0298323064387004e-122,0.00069800802715967,0.0,0.0,0.0,0.0,0.0,5.436074006183163e-103,3.1858377200682377e-5,0.0,0.0,0.0,0.0,0.0,4.662298849644231e-100,2.5010138419931573e-8,0.0,0.0,0.0,0.0,0.0,2.002120681477564e-110,7.77471871915059e-23,0.0,0.0,0.0,0.0,0.0,5.3887642704897214e-105,8.862051405909479e-40,0.0,0.0,0.0,0.0,0.0,8.957343985358211e-119,0.006367318001997826,0.0,0.0,0.0,0.0,1.5439389612694855e-126,1.110418828447224e-77,0.0,0.0,0.0,0.0,0.0,4.977640368846736e-97,9.310036452118359e-7,0.0,0.0,0.0,0.0,1.1413759518525687e-232,7.027264338118426e-15,0.0,0.0,0.0,0.0,2.027653841848858e-167,6.430167328974581e-5,2.049679797815892e-114,0.0,0.0,0.0,0.0,1.0187796670548539e-201,5.419718104910921e-62,0.0,0.0,0.0,0.0,1.0205035373795182e-57,6.107800876145291e-150,0.0,0.0,0.0,0.0,4.224028159014268e-234,2.3453700543888515e-58,1.3416636394422317e-130,0.0,0.0,0.0,0.0,3.0778398380069866e-257,1.6545462050192877e-5,0.0,0.0,0.0,0.0,0.0,4.6882707207382907e-281,0.00043969987248614143,0.0,0.0,0.0,1.5393589693916038e-239,3.2242581469706623e-40,0.0,0.0,0.0,0.0,2.3088647873772796e-89,9.77557524009769e-114,2.0280384811674445e-6,0.0,0.0,0.0,0.0,2.048160107481739e-243,0.0020960051851103413,0.0,0.0,0.0,0.0,0.0,1.409363950589055e-262,0.0019753058715603474,0.0,0.0,0.0,0.0,1.3223671315325744e-155,6.404989215752636e-23,0.0,0.0,0.0,0.0,7.191676717649442e-243,7.216591119509804e-80,3.968855097794652e-8,0.0,0.0,0.0,6.437716444883628e-273,5.828226356972929e-102,0.0,0.0,0.0,5.651296425631531e-274,1.0304119400710983e-162,0.0,0.0,0.0,0.0,0.0,0.0,0.0,0.0,0.0,0.0,0.0
5.199379567752127e-231,0.0,0.0,0.0,0.0,0.0,2.468184748107189e-274,0.037460027442999665,6.217124312233688e-217,0.0,0.0,0.0,0.0,0.0,1.0662706106724063e-303,0.47830059430269084,2.9048796748534475e-196,0.0,0.0,0.0,0.0,0.0,1.155429024778969e-305,0.38190954807741123,6.527263155264314e-209,0.0,0.0,0.0,0.0,0.0,1.3161965528271545e-287,0.03837368664892649,1.2116258811609763e-231,0.0,0.0,0.0,0.0,0.0,0.0,0.010507080868158443,8.965213206539625e-137,0.0,0.0,0.0,0.0,0.0,0.005025125632597516,1.0573274103626649e-198,0.0,0.0,0.0,0.0,0.0,0.005938784838524337,1.8061726501253592e-224,0.0,0.0,0.0,0.0,0.0,0.006852444044451158,2.007406461978488e-295,0.0,0.0,0.0,0.0,0.0,0.00913659205926821,0.0,0.0,0.0,0.0,0.0,2.811813581836911e-293,0.003654635936721606,1.8768592617301256e-277,0.0,0.0,0.0,0.0,0.0027409776177804634,1.7177372655526452e-268,0.0,0.0,0.0,0.0,0.0,0.00045682960296341055,0.0,0.0,0.0,0.0,0.0,0.0031978072207438737,5.968927840247913e-216,0.0,0.0,0.0,0.0,0.0018273184118536422,1.185497268118792e-267,0.0,0.0,0.0,0.0,0.0,0.0009136592059268211,6.94643900243055e-292,0.0,0.0,0.0,0.0013704888088902317,0.0,0.0,0.0,0.0,0.0,0.0,0.00045682960296341055,1.031961601271919e-271,0.0,0.0,0.0,0.0,0.0,0.0022841480148170527,0.0,0.0,0.0,0.0,0.0,0.0,0.0013704888088901287,1.04e-322,0.0,0.0,0.0,0.0022841480148170527,0.0,0.0,0.0,0.0,0.0,0.0009136592059268211,0.0,0.0,0.0,0.0,0.0,0.0,0.0009136592059268211,5.705837597645588e-240,0.0,0.0,0.0,0.0,0.0,8.010545385984295e-14,1.0413848431926335e-248,0.0,0.0,0.0,0.0,0.0018273184118536422,0.0,0.0,0.0,0.0,0.0,0.00045682960296341055,0.0,0.0,0.0,0.0,0.0,0.0009136592059268211,0.0,0.0,0.0,0.0,0.00045682960296341055,9.518572875587156e-297,0.0,0.0,0.0,0.0,0.0,0.0,0.0,0.0,0.00045682960296341055,0.0,0.0,0.0,0.0,0.0
7.976428518474642e-81,4.171776842659093e-192,0.0,0.0,0.0,0.0,0.0,0.0,0.34576303626624233,5.687619960386634e-23,0.0,0.0,0.0,0.0,0.0,0.0,0.5960026228838212,4.332114331947597e-21,0.0,0.0,0.0,0.0,0.0,0.0,0.01346354505420795,2.3990445541362887e-28,0.0,0.0,0.0,0.0,0.0,0.0,1.7666559806383078e-42,2.690175731985909e-30,0.0,0.0,0.0,0.0,0.0,0.0,8.883010689801822e-16,8.188642810438361e-54,0.0,0.0,0.0,0.0,0.0,0.011019353578265145,0.004948995519810504,0.0,0.0,0.0,0.0,0.0,0.01146057535325043,9.676686540760584e-34,0.0,0.0,0.0,0.0,0.0,1.4128584136897171e-18,5.330919864491136e-38,0.0,0.0,0.0,0.0,0.0,1.2231802935361095e-29,0.017341862514544854,0.0,0.0,0.0,0.0,0.0,6.598382587927677e-51,3.692481563420963e-173,0.0,0.0,0.0,0.0,7.074283001631584e-33,0.0,0.0,0.0,0.0,0.0,0.0,8.664355646851717e-70,0.0,0.0,0.0,0.0,0.0,8.016349199694862e-92,0.0,0.0,0.0,0.0,0.0,2.6596811826884484e-37,1.4582745872467503e-161,0.0,0.0,0.0,0.0,0.0,1.7294168206495625e-62,0.0,0.0,0.0,0.0,6.4395316004802585e-37,4.7324978805427556e-94,0.0,0.0,0.0,0.0,0.0,5.34194879943874e-18,8.829856778900096e-9,0.0,0.0,0.0,0.0,0.0,7.752978282944627e-114,1.09305179392201e-101,0.0,0.0,0.0,0.0,0.0,1.2368030996654137e-73,0.0,0.0,0.0,0.0,4.0672796240170034e-65,0.0,0.0,0.0,0.0,0.0,3.375122700884104e-85,0.0,0.0,0.0,0.0,0.0,0.0,8.703146932784873e-67,0.0,0.0,0.0,0.0,0.0,0.0,5.2439839169075674e-126,0.0,0.0,0.0,0.0,0.0,3.6194595553547523e-112,0.0,0.0,0.0,0.0,0.0,6.243321080134278e-61,0.0,0.0,0.0,0.0,0.0,3.8340842249173544e-178,0.0,0.0,0.0,0.0,5.356886925309319e-184,0.0,0.0,0.0,0.0,0.0,0.0,0.0,0.0,0.0,1.0157930253063593e-263,0.0,0.0,0.0,0.0
0.0,0.0,0.0,6.3450927649365984e-233,7.5639958255326e-91,7.720164881466904e-162,0.0,0.0,0.0,0.0,0.0,7.799236245480685e-81,0.0005160396489405876,2.956869644695016e-143,0.0,0.0,0.0,0.0,0.0,1.4197687797423457e-98,0.9672414603561822,1.0043538262366988e-113,0.0,0.0,0.0,0.0,0.0,4.49232696788323e-106,0.02721648161950491,3.805099598062387e-110,0.0,0.0,0.0,0.0,0.0,1.9234700216139446e-160,9.830646496343169e-5,0.0,0.0,0.0,0.0,0.0,0.0,0.0,0.0012954426708922705,0.0,0.0,0.0,0.0,0.0,2.4031969377000145e-135,0.0036322692395164345,0.0,0.0,0.0,0.0,0.0,5.048569554021269e-240,1.5167766132040411e-40,0.0,0.0,0.0,0.0,0.0,0.0,1.5014165754507308e-76,0.0,0.0,0.0,0.0,0.0,0.0,0.0,0.0,0.0,0.0,0.0,0.0,0.0,0.0,0.0,0.0,0.0,0.0,0.0,0.0,0.0,0.0,0.0,0.0,0.0,0.0,0.0,0.0,0.0,0.0,0.0,0.0,0.0,0.0,0.0,0.0,0.0,0.0,8.84057902209559e-183,0.0,0.0,0.0,0.0,0.0,0.0,0.0,0.0,0.0,0.0,0.0,5.989827924421045e-63,0.0,0.0,0.0,0.0,0.0,0.0,2.2616169965699597e-238,0.0,0.0,0.0,0.0,0.0,0.0,0.0,0.0,0.0,0.0,0.0,0.0,0.0,0.0,0.0,0.0,0.0,0.0,0.0,0.0,0.0,0.0,0.0,0.0,8.029324031163136e-244,0.0,0.0,0.0,0.0,0.0,0.0,0.0,0.0,0.0,0.0,0.0,0.0,0.0,0.0,0.0,0.0,0.0,0.0,0.0,5.740717075402956e-101,0.0,0.0,0.0,0.0,0.0,0.0,0.0,0.0,0.0,0.0,0.0,0.0,0.0,0.0,0.0,0.0,0.0,0.0,0.0,0.0,0.0,0.0,0.0,0.0,0.0,0.0,0.0
0.0,0.0,1.4637850817e-314,3.346676099770928e-167,0.0,0.0,0.0,0.0,0.0,0.0,1.4165817513225445e-285,0.0026217704192560854,0.0,0.0,0.0,0.0,0.0,0.0,6.057328264569621e-248,0.9842205730711197,0.0,0.0,0.0,0.0,0.0,0.0,2.998739527495636e-265,0.013153132977230475,0.0,0.0,0.0,0.0,0.0,0.0,2.234596258587921e-295,4.358724577205452e-14,0.0,0.0,0.0,0.0,0.0,0.0,0.0,4.519561284856088e-6,0.0,0.0,0.0,0.0,0.0,5.1642502238680915e-248,3.971065338358707e-9,0.0,0.0,0.0,0.0,0.0,1.4977198617022078e-280,1.2730005896542406e-63,0.0,0.0,0.0,0.0,0.0,5.450310979840376e-268,2.75598951369294e-48,0.0,0.0,0.0,0.0,0.0,6.67e-322,7.726856106771561e-73,0.0,0.0,0.0,0.0,0.0,0.0,9.71355940241757e-30,0.0,0.0,0.0,0.0,5.0938285820870884e-278,1.8968153822788965e-152,0.0,0.0,0.0,0.0,0.0,8.7039957951747e-309,4.0244543131771537e-22,0.0,0.0,0.0,0.0,0.0,2.7467237414345595e-46,0.0,0.0,0.0,0.0,0.0,4.450272115477309e-78,0.0,0.0,0.0,0.0,0.0,0.0,2.2190231353521117e-176,0.0,0.0,0.0,0.0,3.112409541540583e-188,0.0,0.0,0.0,0.0,0.0,0.0,6.93994067338418e-159,0.0,0.0,0.0,0.0,0.0,0.0,4.071204767658622e-42,0.0,0.0,0.0,0.0,0.0,0.0,3.0433526286844165e-59,0.0,0.0,0.0,0.0,5.731525015279747e-87,0.0,0.0,0.0,0.0,5.0e-322,8.734052001310047e-187,0.0,0.0,0.0,0.0,0.0,0.0,8.413658813539943e-43,0.0,0.0,0.0,0.0,0.0,0.0,1.2696876473312366e-37,0.0,0.0,0.0,0.0,0.0,4.3504781240175867e-94,0.0,0.0,0.0,0.0,0.0,3.814081567487617e-185,0.0,0.0,0.0,0.0,0.0,1.6066777160497218e-199,0.0,0.0,0.0,0.0,0.0,0.0,0.0,0.0,0.0,0.0,0.0,0.0,0.0,0.0,0.0,0.0
0.0,0.0,0.0,0.0,0.0,0.0,0.0,0.0,0.0,0.0,0.0,2.1646699028812267e-96,1.7787812088361025e-28,2.20824211e-315,0.0,0.0,0.0,0.0,0.0,6.172428348322243e-76,0.10427888370514157,6.77972187188637e-237,0.0,0.0,0.0,0.0,0.0,9.610772141076979e-56,0.781434014182739,2.564375501995701e-271,0.0,0.0,0.0,0.0,0.0,4.764938341913622e-58,0.06725445975726746,0.0,0.0,0.0,0.0,0.0,0.0,0.0,0.018396423375740347,0.0,0.0,0.0,0.0,0.0,0.0020619385085384823,2.929648057246473e-17,0.0,0.0,0.0,0.0,0.0,0.0017383234263220514,0.004516225455938331,0.0,0.0,0.0,0.0,0.0,0.0,0.004516225455938331,0.0,0.0,0.0,0.0,0.0,0.0,0.0,0.0,0.0,0.0,0.0,0.0,0.0,0.0,0.0,0.0,0.0,0.0,0.0,0.0,0.0,0.0,0.0,0.0,0.0,9.865861126790077e-44,0.0,0.0,0.0,0.0,0.0,0.0,0.0,0.0,0.0,0.0,0.0,0.0,0.0022581127279691655,0.0,0.0,0.0,0.0,0.0,0.0,0.0,0.0,0.0,0.0,0.0,0.0,0.0,0.0,0.0,0.0,0.0,0.0,0.002258112727969165,0.0,0.0,0.0,0.0,0.0,0.0,0.0,0.0,0.0,0.0,0.0,0.0,4.091658623560888e-8,0.0,0.0,0.0,0.0,0.0,9.916115598040395e-17,0.0,0.0,0.0,0.0,0.0,0.002254852647487396,0.0,0.0,0.0,0.0,0.0,0.0,0.0,0.0,0.0,0.0,0.0,0.0,0.0,0.0,0.0,0.0,0.0,0.0,1.3433632441751856e-108,0.0067743381839074955,0.0,0.0,0.0,0.0,0.0,0.002258048928454711,0.0,0.0,0.0,0.0,0.0,0.0,0.0,0.0,0.0,0.0,0.0,0.0,0.0,0.0,0.0,0.0,0.0,0.0,0.0,0.0,0.0
0.0,0.0,0.0,0.0,0.0,9.610654950770214e-205,0.01643835616438356,3.6674662950011046e-185,0.0,0.0,0.0,0.0,0.0,3.600703860794798e-114,0.4577625570776256,7.198010944350071e-128,0.0,0.0,0.0,0.0,0.0,2.1998478310100086e-102,0.4860730593607306,5.47121806313769e-141,0.0,0.0,0.0,0.0,0.0,2.900152702833044e-78,0.030593607305936073,7.687537995905207e-188,0.0,0.0,0.0,0.0,0.0,0.0,0.0013698630136986301,0.0,0.0,0.0,0.0,0.0,0.0,0.00045662100456621003,4.82200309860896e-299,0.0,0.0,0.0,0.0,0.0,0.00022831050228310502,4.0171042396614493e-284,0.0,0.0,0.0,0.0,0.0,0.0015981735159817352,4.909050866502124e-243,0.0,0.0,0.0,0.0,0.0,0.00045662100456621003,1.1327780298922265e-290,0.0,0.0,0.0,0.0,0.0,0.002054794520547945,2.4603664592053e-279,0.0,0.0,0.0,0.0,0.001141552511415525,0.0,0.0,0.0,0.0,0.0,0.0,0.0006849315068493151,0.0,0.0,0.0,0.0,0.0,0.0006849315068493151,0.0,0.0,0.0,0.0,0.0,0.00022831050228310502,0.0,0.0,0.0,0.0,0.0,0.0,0.0,0.0,0.0,0.0,0.0,0.0,5.717670793439202e-152,0.0,0.0,0.0,0.0,0.0,0.0,0.0,0.0,0.0,0.0,0.0,0.0,0.0,0.0,0.0,0.0,0.0,0.0,0.0,0.0,0.0,0.0,0.0,0.0,0.0,0.0,0.0,0.0,0.0,0.0,0.0,0.0,0.0,0.0,0.0,0.0,0.0,0.00022831050228310502,0.0,0.0,0.0,0.0,0.0,0.0,0.0,0.0,0.0,0.0,0.0,0.0,0.0,0.0,0.0,0.0,0.0,0.0,0.0,0.0,0.0,0.0,0.0,0.0,0.0,0.0,0.0,0.0,0.0,0.0,0.0,0.0,0.0,0.0,0.0,0.0,0.0,0.0,0.0,0.0,0.0,0.0,0.0,0.0,0.0,0.0
0.0,0.0,1.0939180995363348e-83,0.0,0.0,0.0,0.0,0.0,0.0,0.0,1.749682606829033e-6,5.347706963711348e-82,0.0,0.0,0.0,0.0,0.0,0.0,4.316668836336348e-12,4.2536802780250054e-78,8.934384302953946e-255,0.0,0.0,0.0,0.0,5.407e-320,9.359419123042526e-7,3.0880045784549508e-78,0.0,0.0,0.0,0.0,0.0,0.0,0.133600919521485,8.724325943149027e-105,2.1057309415349188e-135,0.0,0.0,0.0,0.0,0.0,0.08497521743935078,2.8898082766318147e-80,0.0,0.0,0.0,0.0,0.0,0.027459102597205503,1.6886391836358024e-61,0.0,0.0,0.0,0.0,0.0,0.04348550360838094,1.597555639357293e-119,0.0,0.0,0.0,0.0,0.0,0.023990398948644645,1.0351888051413826e-89,0.0,0.0,0.0,0.0,3.513306686042526e-156,0.028146062517304712,3.011415411804227e-67,0.0,0.0,0.0,0.0,0.0,0.03875587714743046,2.002327117215827e-64,0.0,0.0,0.0,0.0,0.027701175982871293,7.10876730217795e-67,0.0,0.0,0.0,0.0,0.0,0.048645801692873955,3.2673613988879254e-55,0.0,0.0,0.0,0.0,0.036207357226703395,1.4345230913664014e-62,0.0,0.0,0.0,0.0,0.06047249189290494,9.842910010238295e-68,0.0,0.0,0.0,0.0,7.911809483949348e-166,0.04023039691855933,5.134673135700196e-58,0.0,0.0,1.4625545065480802e-122,0.05028799614819916,3.845846114582365e-79,0.0020115198459279664,0.0,0.0,0.0,0.0,0.05833407553191103,3.047809134470329e-45,0.0,0.0,0.0,0.0,0.0,0.04626495645634323,3.9648482347295185e-61,0.0,0.0,0.0,0.0,6.56666607136724e-107,0.03419583738077543,1.6677071286597928e-50,0.0,0.0,0.0,0.02816127784299153,0.0,0.0020115198459278783,0.0,0.0,0.0,0.02212671830520763,2.276082582566742e-71,0.0,0.0,0.0,0.0,0.0,0.018103678613351697,8.055989267223922e-41,0.0,0.0,0.0,0.0,0.0,0.026149757997063563,8.848210404291765e-87,0.0,0.0,0.0,3.0761371642088825e-130,0.024138238151135596,3.1383284168668506e-75,0.0,0.0,0.0,5.04495209810671e-97,0.04425343661041526,4.780429181768285e-59,0.0,0.0,0.0,0.0,0.038218877072631365,5.3781666605773945e-62,0.0,0.0,5.260054176363947e-129,0.008046079383711865,0.0,0.0,0.0,0.0,0.004023039691855933,0.0,0.0,0.0,0.0,0.0,0.0,0.0
0.0,2.9447702687869158e-182,5.162870117923682e-29,7.410126918646137e-218,0.0,0.0,0.0,0.0,0.0,1.2330434998177037e-91,0.00010273716932209454,3.795200403859401e-173,0.0,0.0,0.0,0.0,0.0,3.9411349424328315e-79,0.9791626853124363,1.449133966629077e-186,0.0,0.0,0.0,0.0,0.0,3.392707759107325e-78,0.0031955668872117324,5.279289927116403e-179,0.0,0.0,0.0,0.0,0.0,3.623238558530485e-202,1.069814795965328e-5,2.20467534461206e-238,0.0,0.0,0.0,0.0,0.0,9.179270172301503e-66,5.587350316257868e-5,1.6210790984949872e-233,0.0,0.0,0.0,0.0,1.80584015231647e-28,0.006886791189158264,6.493331213953152e-145,0.0,0.0,0.0,0.0,0.0,0.000699944167084473,6.799159276848392e-230,0.0,0.0,0.0,0.0,4.702798491000937e-161,0.008103361144855964,2.5599802342706867e-230,0.0,0.0,0.0,0.0,0.0,0.0017823417719916872,8.347775222522609e-225,0.0,0.0,0.0,0.0,0.0,7.068171030974092e-10,9.306534616449144e-188,0.0,0.0,0.0,0.0,3.646741882626898e-21,7.868579176662808e-216,0.0,0.0,0.0,0.0,0.0,7.287902841333234e-56,3.0281615335350865e-264,0.0,0.0,0.0,0.0,1.595753592307871e-120,5.715349159165607e-215,0.0,0.0,0.0,1.1653072663160347e-124,6.941620035677397e-22,5.998660950182002e-150,0.0,0.0,0.0,0.0,0.0,3.0815494531728106e-123,8.924383780442383e-206,0.0,0.0,0.0,4.63415090217156e-147,3.1473145645886424e-219,0.0,0.0,0.0,0.0,0.0,7.433713078413937e-90,1.4773561799672018e-229,0.0,0.0,0.0,0.0,0.0,1.1610801199079715e-121,0.0,0.0,0.0,0.0,0.0,6.776004858635171e-188,3.0223850688167064e-136,9.002425339447411e-141,0.0,0.0,0.0,8.70416418683348e-123,0.0,0.0,0.0,0.0,0.0,1.8197661297140837e-159,0.0,0.0,0.0,0.0,0.0,0.0,2.0405621195288275e-194,3.5544532008635716e-206,0.0,0.0,0.0,0.0,0.0,4.187313852003249e-118,4.3276706132788945e-181,0.0,0.0,0.0,1.7310142179310772e-202,9.281693670476146e-127,1.7928698310082244e-248,0.0,0.0,0.0,0.0,7.708293544766737e-119,3.9626619091186975e-230,0.0,0.0,0.0,0.0,2.092474525677613e-171,5.36695843e-316,0.0,0.0,0.0,1.4696909170999489e-213,0.0,0.0,0.0,0.0,0.0,0.0,0.0,0.0,0.0,0.0,0.0,0.0
0.0,0.0,1.5000631878792137e-71,0.0,0.0,0.0,0.0,0.0,0.0,3.9810166514253778e-168,1.005934767354418e-15,1.0853034587982802e-222,0.0,0.0,0.0,0.0,0.0,1.3054247730874342e-123,0.0005369558410248407,5.90967417352692e-231,0.0,0.0,0.0,0.0,0.0,7.151477822532095e-118,0.8963902010103053,1.0202662219127919e-187,0.0,0.0,0.0,0.0,0.0,1.3381400776750544e-126,0.07059126104866868,4.638972458160926e-308,0.0,0.0,0.0,0.0,0.0,1.0846667918569505e-128,0.009576909078770532,2.58255119326772e-223,0.0,0.0,0.0,0.0,2.081417143734562e-112,0.0060118149227676105,1.9521877167517172e-182,0.0,0.0,0.0,0.0,0.0,0.010873932816222771,3.1456803525826875e-261,0.0,0.0,0.0,0.0,5.362432474834695e-91,4.6897393423829546e-6,3.1617894224887223e-252,0.0,0.0,0.0,0.0,1.1840538492900763e-268,6.985219237969564e-5,2.4669834528347366e-222,0.0,0.0,0.0,0.0,0.0,0.005944383350517013,8.953492721650898e-187,0.0,0.0,0.0,0.0,9.30685524300968e-22,1.3747584049711632e-196,0.0,0.0,0.0,0.0,0.0,3.4618551062067836e-21,1.4205101902338952e-268,0.0,0.0,0.0,0.0,1.687477294676273e-78,4.940510750605081e-201,0.0,0.0,0.0,1.6026463455566652e-203,2.6246855866372234e-39,9.815846703045975e-303,0.0,0.0,0.0,0.0,0.0,6.079368966539913e-73,4.5799768341365205e-245,0.0,0.0,1.339609413122415e-291,5.04529286917399e-78,3.369808661640645e-219,0.0,0.0,0.0,0.0,0.0,2.446378878567219e-23,2.2934030106671676e-175,0.0,0.0,0.0,0.0,0.0,1.9565380441063806e-66,0.0,0.0,0.0,0.0,0.0,5.760329092195541e-107,1.553221976804453e-103,6.573775388089478e-210,0.0,0.0,0.0,2.5567158115662355e-43,0.0,0.0,0.0,0.0,0.0,1.515173188394803e-83,0.0,0.0,0.0,0.0,0.0,0.0,8.03324909135151e-150,3.6145077279982073e-245,0.0,0.0,0.0,0.0,0.0,8.742357429072877e-71,3.300100667845253e-259,0.0,0.0,0.0,1.8392648086380462e-137,3.8036359984247186e-54,8.47850608806851e-214,0.0,0.0,0.0,0.0,3.1831159710803704e-36,6.933544248122028e-219,0.0,0.0,0.0,0.0,4.8482470360049026e-86,3.67956498985237e-285,0.0,0.0,0.0,5.125508533223737e-141,0.0,0.0,0.0,0.0,0.0,0.0,0.0,0.0,0.0,0.0,0.0,0.0
0.046247748211672164,4.072037577631329e-115,0.0,0.0,0.0,0.0,0.0,5.05182048625391e-234,0.6112089494855452,2.384571493742347e-120,0.0,0.0,0.0,0.0,0.0,1.988494889287777e-180,0.3382266434681453,5.4547581906090095e-114,0.0,0.0,0.0,0.0,0.0,2.229955409956701e-189,0.0019641753508693634,4.876128122495853e-105,0.0,0.0,0.0,0.0,0.0,1.0192957446875158e-189,3.417529731957454e-109,5.47191917336621e-91,0.0,0.0,0.0,0.0,0.0,1.4603422080603748e-195,0.0013677275716049728,0.0,0.0,0.0,0.0,0.0,0.0,2.7960147090875604e-28,5.935684294285127e-185,0.0,0.0,0.0,0.0,3.1446637129170773e-230,2.039089105330358e-49,1.723e-320,0.0,0.0,0.0,0.0,2.0326393611559255e-284,7.3952396544334e-43,7.986017159235115e-294,0.0,0.0,0.0,0.0,1.7700984408195964e-285,0.0005073186116420928,2.2360469098537464e-253,0.0,0.0,0.0,0.0,1.785272505580443e-218,1.8128958705298622e-94,0.0,0.0,0.0,0.0,9.398124764188645e-207,1.1065912047505243e-94,0.0,0.0,0.0,0.0,0.0,2.5251839184266122e-279,5.815606933815775e-173,0.0,0.0,0.0,0.0,0.0,5.505973194982509e-78,0.0,0.0,0.0,0.0,3.721276020200522e-296,1.60101155926933e-154,0.0,0.0,0.0,0.0,0.0,0.0,8.250122941216815e-155,0.0,0.0,0.0,4.78683250181062e-306,1.253647785129367e-150,0.0,0.0,0.0,0.0,0.0,0.0,2.363289737438593e-151,4.007138654256044e-292,0.0,0.0,0.0,0.0,0.0,2.384652996102313e-125,0.0,0.0,0.0,0.0,0.0,0.0,0.0001839567615626967,0.0,0.0,0.0,1.3114618190475134e-285,6.564816970888428e-133,0.0,0.0,0.0,0.0,0.0,3.909065211505655e-158,0.0,0.0,0.0,0.0,0.0,5.73e-322,7.9100936823742e-74,0.0,0.0,0.0,0.0,0.0,4.047574840343231e-265,3.7606361704057066e-107,0.0,0.0,0.0,0.0,0.0,1.4259503471239245e-77,0.0,0.0,0.0,0.0,0.0,0.0002934805389582959,0.0,0.0,0.0,0.0,0.0,9.258204786433457e-293,0.0,0.0,0.0,0.0,2.6103414170581492e-285,0.0,0.0,0.0,0.0,0.0,0.0,0.0,0.0,0.0,0.0,0.0,0.0,0.0,0.0
0.0,0.0,2.3979930645581414e-9,4.226111028667516e-155,0.0,0.0,0.0,0.0,0.0,1.9485802242708564e-148,0.01945159190120621,2.757539465433808e-97,0.0,0.0,0.0,0.0,0.0,2.588999106917569e-142,0.9593080474834083,7.688460428968174e-105,0.0,0.0,0.0,0.0,0.0,2.7622643246796507e-144,1.4691106263916969e-6,2.5512130641575864e-124,0.0,0.0,0.0,0.0,0.0,3.131233729920612e-245,7.211966656960693e-16,1.0622362764524802e-168,0.0,0.0,0.0,0.0,0.0,1.9262209636683422e-92,0.003277968554518788,2.6042002132009827e-177,0.0,0.0,0.0,0.0,2.105660117006247e-100,0.001114079843226715,1.3209900428502172e-78,0.0,0.0,0.0,0.0,0.0,0.008254772366426548,1.5045197979688927e-166,0.0,0.0,0.0,0.0,5.856295205374839e-209,0.0008704679157506544,4.51107280449662e-141,0.0,0.0,0.0,0.0,0.0,0.0068868067698730166,8.063050743459708e-148,0.0,0.0,0.0,0.0,0.0,0.0008331296454351238,7.751131811581586e-119,0.0,0.0,0.0,0.0,1.664011534366925e-6,2.9705006753285026e-149,0.0,0.0,0.0,0.0,0.0,3.1422027433338515e-30,3.0909401747998867e-183,0.0,0.0,0.0,0.0,1.7143337991185967e-65,4.818910472088559e-131,0.0,0.0,0.0,3.765190286883953e-263,4.3075369591592805e-18,8.411276322170434e-75,0.0,0.0,0.0,0.0,0.0,8.89052434618817e-89,6.527154160492113e-142,0.0,0.0,0.0,1.6276339378747508e-110,4.2312721351102826e-150,0.0,0.0,0.0,0.0,0.0,1.1571825493009864e-63,1.0376716382955769e-229,0.0,0.0,0.0,0.0,0.0,9.345398475321796e-74,0.0,0.0,0.0,0.0,0.0,2.2728344489954594e-233,3.387455793541553e-92,2.824057352280736e-76,0.0,0.0,0.0,1.9214410946895617e-95,0.0,0.0,0.0,0.0,0.0,1.337550524205901e-119,0.0,0.0,0.0,0.0,0.0,0.0,2.567843213841977e-92,1.836929207504811e-149,0.0,0.0,0.0,0.0,0.0,1.0900132050219891e-74,7.075214474244125e-133,0.0,0.0,0.0,8.60048651727449e-211,3.483069159310241e-97,3.2728264142887562e-242,0.0,0.0,0.0,0.0,2.0719041332071027e-77,7.428323105971602e-223,0.0,0.0,0.0,0.0,3.298933957157245e-126,1.625e-321,0.0,0.0,0.0,9.032210168185768e-190,0.0,0.0,0.0,0.0,0.0,0.0,0.0,0.0,0.0,0.0,0.0,0.0
0.0,0.0,7.794542561866349e-182,2.3756388294194334e-193,0.0,0.0,0.0,0.0,0.0,0.0,1.4103004978713153e-75,0.008578201296840846,0.0,0.0,0.0,0.0,0.0,0.0,1.894624826721634e-54,9.769915979631466e-5,0.0,0.0,0.0,0.0,0.0,0.0,1.081851202034678e-54,0.03845568587545187,0.0,0.0,0.0,0.0,0.0,0.0,1.7030672910067365e-58,0.15032007548145737,0.0,0.0,0.0,0.0,0.0,0.0,1.0628434634747375e-51,0.058290319996418545,0.0,0.0,0.0,0.0,0.0,2.8968219182631086e-43,0.06875570424157373,0.0,0.0,0.0,0.0,0.0,2.5796545309033255e-49,0.07401367225453374,0.0,0.0,0.0,0.0,0.0,2.958199380471258e-35,0.04187354262725512,0.0,0.0,0.0,0.0,0.0,6.664288803910202e-44,0.06667420524617908,0.0,0.0,0.0,0.0,0.0,1.6398087656676969e-49,0.050876093035093876,0.0,0.0,0.0,0.0,9.225758364108891e-38,0.04028900404612214,0.0,0.0,0.0,0.0,0.0,5.2856152846564194e-36,0.03425288300884339,0.0,0.0,0.0,0.0,3.710504720233889e-63,0.040289004046108266,0.0,0.0,0.0,0.0,1.470360508371163e-65,0.0330706956262301,0.0,0.0,0.0,0.0,0.0,9.67330438001341e-53,0.04502888687507768,0.0,0.0,0.0,0.0,0.030809238388211046,0.0,0.0,0.0,0.0,0.0,2.153734225142201e-74,0.018959531315822183,0.0,0.0,0.0,0.0,0.0,8.733704575521111e-69,0.028411382912826466,0.0,0.0,0.0,0.0,0.0,3.2714480664841508e-74,0.014296977988291588,0.0,0.0,0.0,4.4242764617025085e-99,0.02843929697373327,0.0,0.0,0.0,0.0,1.905945568110474e-53,0.014219648486866635,0.0,0.0,0.0,0.0,0.0,3.346978321521158e-88,0.022533158369920175,0.0,0.0,0.0,0.0,0.0,1.6729428884756536e-77,0.020366850313013374,0.0,0.0,0.0,0.0,7.070547366346975e-46,0.023699414144777727,0.0,0.0,0.0,0.0,1.5289165380641793e-73,0.030809238388211046,0.0,0.0,0.0,0.0,1.1498153913494533e-89,0.011849707072388863,0.0,0.0,0.0,9.60850032533419e-66,0.004739882828955546,0.0,0.0,0.0,0.0,0.0,0.0,0.0,0.0,0.0,0.0,0.0
5.5947343252417457e-216,0.0,0.0,0.0,0.0,0.0,0.0,0.0,7.7830918134997325e-28,2.2787907850978453e-140,0.0,0.0,0.0,0.0,0.0,4.537623721894079e-231,8.588107710961704e-36,2.0747222457782e-124,0.0,0.0,0.0,0.0,0.0,1.2331275164411323e-148,0.15408244927379555,4.15449453469841e-143,0.0,0.0,0.0,0.0,0.0,3.845948081032828e-115,0.1324951248809484,2.880149378555506e-154,0.0,0.0,0.0,0.0,0.0,9.981404725500265e-93,0.05233510422791989,1.5560490289468898e-88,0.0,0.0,0.0,0.0,0.0,0.034336838974630454,7.774311154956762e-106,0.0,0.0,0.0,0.0,1.3486955460340646e-48,0.03744444512967392,1.1369835002141531e-110,0.0,0.0,0.0,0.0,1.2442046351117938e-166,0.07300610535012089,6.160680235379855e-189,0.0,0.0,0.0,0.0,1.1783604546402747e-107,0.047837875052405415,2.048720364324965e-96,0.0,0.0,0.0,0.0,0.0028109828508336406,0.029162958503551807,5.253873079399592e-58,0.0,0.0,0.0,1.4508416973192553e-117,0.03288326178292072,0.0,0.0,0.0,0.0,0.0,8.584801904747033e-115,0.025841003931830468,0.0,0.0,0.0,0.0,2.250818592082467e-123,0.015644647014996335,2.0264351088077347e-142,0.0,0.0,0.0,1.4360854073563462e-122,0.011955664050555332,9.837681245435315e-169,0.0,0.0,0.0,0.0,1.4556102208492122e-30,0.02497011215519228,2.3039681822015478e-110,0.0,0.0,4.312676240885326e-79,0.0372421474972002,1.7342197897904208e-97,0.0,0.0,0.0,0.0,0.0,0.018473341891221948,1.5725552603769368e-68,0.0,0.0,0.0,0.0,0.0,0.02386424446901855,1.296656365462987e-90,0.0,0.0,0.0,0.0,6.33142324748755e-16,0.0455839904866341,0.0,0.0,0.0,4.018649239424623e-112,0.017212845756832833,0.0,0.0,0.0,0.0,0.0,0.04209356178707735,0.0,0.0,0.0,0.0,0.0,8.570131850454032e-127,0.029122900798566463,0.0,0.0,0.0,0.0,0.0,0.002810990151264298,0.013677844531872258,0.0,0.0,0.0,0.0,6.942356766534036e-266,0.03591116830156377,0.0,0.0,0.0,0.0,0.0,0.011611134176997365,2.4856181955934852e-108,0.0,0.0,0.0,0.0,0.019480373242538762,4.183110951791253e-115,0.0,0.0,0.0,0.022486903426323132,3.8476957528309313e-59,0.0,0.0,0.0,0.0,0.0,0.0,0.0,0.0,0.005621980303513149,0.0,0.0,0.0,0.0
1.0800289132204817e-72,1.1640182374297044e-246,0.0,0.0,0.0,0.0,0.0,6.030283e-317,0.11753290678178965,9.423054234354215e-100,0.0,0.0,0.0,0.0,0.0,3.047841545162284e-187,0.44371113234782716,1.5232679479454684e-96,0.0,0.0,0.0,0.0,0.0,1.902941125257459e-161,0.15544940435656412,2.7320538804854774e-104,0.0,0.0,0.0,0.0,0.0,4.0570944108903965e-79,0.0286743124508882,8.867734502032138e-75,0.0,0.0,0.0,0.0,0.0,1.862327096794453e-98,0.031305317550838554,1.1261603501150957e-106,0.0,0.0,0.0,0.0,0.0,0.030512328307919147,5.8699366452852396e-136,0.0,0.0,0.0,0.0,4.4380779255650334e-160,0.029043395989094868,1.2367410128037621e-82,0.0,0.0,0.0,0.0,3.291142390253328e-179,0.013905602316034823,3.8243489013286953e-97,0.0,0.0,0.0,0.0,3.127055520450458e-182,0.02826198994260285,1.0544641249395906e-126,0.0,0.0,0.0,0.0,1.092454736682232e-62,0.007071502812607241,3.3849649784482947e-118,0.0,0.0,0.0,4.371955055173462e-117,0.0056589000965443234,0.0,0.0,0.0,0.0,0.0,4.856822015026619e-129,0.012602194747736615,0.0,0.0,0.0,0.0,1.1078505872784478e-189,0.007935076019217752,6.8370124331907856e-133,0.0,0.0,0.0,5.275971815956292e-140,0.01894180724216323,6.242218466812386e-141,0.0,0.0,0.0,0.0,2.383219509480005e-226,0.0065288592819405175,7.490130197405819e-197,0.0,0.0,1.989211113052967e-145,0.010407840925686258,1.9803293633855775e-107,0.0,0.0,0.0,0.0,0.0,0.005793682216071031,3.772350592449673e-58,0.0,0.0,0.0,0.0,0.0,0.0037467513473817844,2.85004521385453e-60,0.0,0.0,0.0,0.0,4.1388404162309975e-84,0.005591469577055567,0.0,0.0,0.0,1.0480967643194181e-143,0.01054163640942138,0.0,0.0,0.0,0.0,0.0,0.004296411671651476,0.0,0.0,0.0,0.0,0.0,2.9797344354838044e-157,0.012423391017330787,0.0,0.0,0.0,0.0,0.0,2.0906994567466933e-87,0.008681872804584038,0.0,0.0,0.0,0.0,2.8268928086727407e-199,0.0013071941397766141,0.0,0.0,0.0,0.0,0.0,5.18690641939348e-27,4.764249087556745e-161,0.0,0.0,0.0,0.0,7.463319229705709e-5,2.5777299767318277e-174,0.0,0.0,0.0,3.864549750524231e-7,2.3371880848236807e-197,0.0,0.0,0.0,0.0,0.0,0.0,0.0,0.0,3.981042317657024e-186,0.0,0.0,0.0,0.0
4.079667216808277e-34,0.07521073980851807,0.0,0.0,0.0,0.0,0.0,0.0,5.514470221931803e-28,0.8600539908012746,0.0,0.0,0.0,0.0,0.0,0.0,7.638696589152503e-47,0.06158601977429628,0.0,0.0,0.0,0.0,0.0,0.0,1.1440053995546962e-79,4.058276615301372e-14,0.0,0.0,0.0,0.0,0.0,0.0,2.2062002577593906e-118,0.0007602317678592342,0.0,0.0,0.0,0.0,0.0,0.0,1.2190884247445272e-133,7.810805459216545e-81,0.0,0.0,0.0,0.0,0.0,0.002389017848011285,3.176338286287066e-39,0.0,0.0,0.0,0.0,0.0,7.63951851733207e-110,1.0745266606026658e-117,0.0,0.0,0.0,0.0,0.0,9.401635707423591e-295,1.1114795953316224e-75,0.0,0.0,0.0,0.0,0.0,0.0,1.9455868890669567e-66,0.0,0.0,0.0,0.0,0.0,1.972840786490343e-195,3.359302508671574e-122,0.0,0.0,0.0,0.0,4.01546387497994e-291,1.1038997377796982e-70,0.0,0.0,0.0,0.0,0.0,7.9e-322,9.19681525e-316,0.0,0.0,0.0,0.0,0.0,2.7714914577463063e-117,0.0,0.0,0.0,0.0,4.49436172444658e-104,1.1891412588113323e-196,0.0,0.0,0.0,0.0,0.0,3.731802567882951e-307,1.0718000841867774e-212,0.0,0.0,0.0,6.324696945106416e-205,5.401898745705674e-203,0.0,0.0,0.0,0.0,0.0,2.5470408014457336e-121,1.7229771476754786e-111,0.0,0.0,0.0,0.0,0.0,0.0,1.7168827558966965e-176,0.0,0.0,0.0,0.0,0.0,0.0,0.0,0.0,0.0,0.0,0.0,7.870241004103292e-301,0.0,0.0,0.0,0.0,1.0e-323,4.669242179182913e-166,0.0,0.0,0.0,0.0,0.0,0.0,1.0362693159616454e-243,0.0,0.0,0.0,0.0,0.0,0.0,5.457419135312214e-102,0.0,0.0,0.0,0.0,0.0,1.4275622930164174e-285,0.0,0.0,0.0,0.0,0.0,0.0,0.0,0.0,0.0,0.0,0.0,0.0,0.0,0.0,0.0,0.0,0.0,0.0,0.0,0.0,0.0,0.0,0.0,0.0,0.0,0.0,0.0,0.0,0.0,0.0
0.0,7.647904255054641e-167,0.015493861619293942,8.292263059896403e-175,0.0,0.0,0.0,0.0,0.0,9.198599277010525e-142,0.9648942636364778,1.8962072243315534e-103,0.0,0.0,0.0,0.0,0.0,2.5194502100299533e-139,0.01186212449429083,7.618690980668311e-103,0.0,0.0,0.0,0.0,0.0,3.858229330752448e-189,8.10936355517964e-13,1.8259565355166503e-126,0.0,0.0,0.0,0.0,0.0,0.0,1.9819561001950926e-19,6.2740541926065106e-173,0.0,0.0,0.0,0.0,0.0,6.302770553952389e-128,0.0006143536012107005,1.2373614052203273e-190,0.0,0.0,0.0,0.0,2.487217730885664e-136,2.70731360605033e-40,5.970171118331957e-92,0.0,0.0,0.0,0.0,0.0,8.595758500089657e-36,7.490569433833149e-165,0.0,0.0,0.0,0.0,0.0,0.000251965045954495,5.3531838640675755e-155,0.0,0.0,0.0,0.0,0.0,5.4344917341395695e-12,5.6687792336929905e-145,0.0,0.0,0.0,0.0,0.0,0.004896520376437751,7.507501478623225e-130,0.0,0.0,0.0,0.0,1.988410302096876e-33,8.7225055462613e-142,0.0,0.0,0.0,0.0,0.0,3.3500730794944562e-62,1.8665478557963711e-168,0.0,0.0,0.0,0.0,1.5458703184471765e-74,3.054384567835429e-141,0.0,0.0,0.0,1.958075420466271e-140,0.001986911220089302,2.017699339489471e-85,0.0,0.0,0.0,0.0,0.0,8.385017842257159e-91,1.2459947641863143e-145,0.0,0.0,0.0,1.0530506859835785e-116,1.9321079469237988e-144,0.0,0.0,0.0,0.0,0.0,2.0390335430157132e-129,4.589008381046623e-230,0.0,0.0,0.0,0.0,0.0,9.337870323634354e-96,0.0,0.0,0.0,0.0,0.0,0.0,1.577838126156424e-101,4.4782350067460025e-77,0.0,0.0,0.0,1.354875477516678e-103,0.0,0.0,0.0,0.0,0.0,2.885904787441957e-124,0.0,0.0,0.0,0.0,0.0,0.0,8.724328472239024e-135,4.454280642787975e-152,0.0,0.0,0.0,0.0,0.0,4.9737179926637354e-85,2.611544803446958e-151,0.0,0.0,0.0,1.7392991939719204e-265,4.251161773267882e-107,1.2127274222441733e-226,0.0,0.0,0.0,0.0,6.921819517942052e-103,5.749522853019823e-231,0.0,0.0,0.0,0.0,4.447123428000288e-156,2.1983538770361297e-306,0.0,0.0,0.0,6.092366612578743e-185,0.0,0.0,0.0,0.0,0.0,0.0,0.0,0.0,0.0,0.0,0.0,0.0
0.0,0.0,6.375744127266963e-103,3.567637997942605e-64,0.0,0.0,0.0,0.0,0.0,0.0,5.118872888096387e-46,0.12999721544097403,0.0,0.0,0.0,0.0,0.0,0.0,8.416764198144243e-52,0.7722654715703997,0.0,0.0,0.0,0.0,0.0,0.0,6.0153261472541354e-74,0.046509971541530894,0.0,0.0,0.0,0.0,0.0,0.0,5.6303980262713965e-102,0.016464343602888433,0.0,0.0,0.0,0.0,0.0,0.0,5.044329363404935e-118,0.010530819026243417,0.0,0.0,0.0,0.0,0.0,1.647591768689342e-65,1.3802393312329602e-9,0.0,0.0,0.0,0.0,0.0,3.855896381297203e-71,2.5793918466828396e-10,0.0,0.0,0.0,0.0,0.0,6.736135487065977e-59,0.01456734198270984,0.0,0.0,0.0,0.0,0.0,1.3447153077963966e-93,9.356559482939671e-26,0.0,0.0,0.0,0.0,0.0,4.5966468719874594e-54,4.072288918960884e-36,0.0,0.0,0.0,0.0,1.726355225695276e-42,4.492654443685677e-21,0.0,0.0,0.0,0.0,0.0,3.862673671188693e-110,0.005858517673815523,0.0,0.0,0.0,0.0,4.0800881373467544e-91,1.952586211359384e-15,0.0,0.0,0.0,0.0,2.5711174647551653e-175,1.4551936914550415e-15,0.0,0.0,0.0,0.0,0.0,1.4717654177126816e-132,6.565986457668499e-85,0.0,0.0,0.0,0.0,1.5424245464588518e-109,0.0,0.0,0.0,0.0,0.0,2.7237975412157208e-154,1.8677608627486353e-82,0.0,0.0,0.0,0.0,0.0,6.866625690187611e-166,2.0700291359016108e-69,0.0,0.0,0.0,0.0,0.0,0.0,0.0038063175232563758,0.0,0.0,0.0,0.0,5.954453236904294e-75,0.0,0.0,0.0,0.0,2.363697976693197e-153,2.9396344286576247e-83,0.0,0.0,0.0,0.0,0.0,5.0403266085422624e-259,1.1242411208958811e-76,0.0,0.0,0.0,0.0,0.0,0.0,8.89892656756753e-43,0.0,0.0,0.0,0.0,9.863710295268344e-135,1.34655196076529e-39,0.0,0.0,0.0,0.0,5.75241299302629e-194,5.770022815316873e-85,0.0,0.0,0.0,0.0,9.65475719320825e-234,1.3269680949667605e-111,0.0,0.0,0.0,1.7337663299854047e-232,2.620969471001926e-180,0.0,0.0,0.0,0.0,0.0,0.0,0.0,0.0,0.0,0.0,0.0
0.0,4.524733738854596e-75,0.03790583838957098,3.811296806208856e-98,0.0,0.0,0.0,0.0,0.0,1.060560568182293e-77,0.9549531076803346,2.5461493290539095e-115,0.0,0.0,0.0,0.0,0.0,9.828413269941489e-68,8.80439848206856e-6,1.8166250431261602e-140,0.0,0.0,0.0,0.0,0.0,1.1600346500688236e-106,3.4778423548452014e-52,9.72400764612513e-162,0.0,0.0,0.0,0.0,0.0,0.0,0.0035446359348825836,1.175808919047454e-302,0.0,0.0,0.0,0.0,0.0,2.8363471404195916e-129,5.395333343861613e-72,0.0,0.0,0.0,0.0,0.0,1.887922791576935e-38,0.0022400346108912912,2.431834683612893e-165,0.0,0.0,0.0,0.0,0.0,2.939885259676718e-60,2.0059181727038996e-277,0.0,0.0,0.0,0.0,1.0216552573046554e-278,0.0012321010927401545,7.311430460603957e-164,0.0,0.0,0.0,0.0,0.0,5.851589958956906e-17,2.0594678867783874e-202,0.0,0.0,0.0,0.0,0.0,0.00011547789309820251,7.580000910563638e-147,0.0,0.0,0.0,0.0,1.0695432907745199e-102,0.0,0.0,0.0,0.0,0.0,0.0,3.6991577220035473e-121,6.398527266361071e-305,0.0,0.0,0.0,0.0,5.976042682941854e-126,5.883629270011206e-301,0.0,0.0,0.0,6.910743022746467e-85,2.163613502833278e-123,4.320219578221566e-170,0.0,0.0,0.0,0.0,0.0,5.511031370976127e-193,1.473145628195671e-173,0.0,0.0,0.0,1.950662716530397e-281,0.0,0.0,0.0,0.0,0.0,0.0,1.8536429690529408e-164,0.0,0.0,0.0,0.0,0.0,0.0,1.382137026952498e-122,0.0,0.0,0.0,0.0,0.0,0.0,2.72533541317928e-116,1.2002811519195373e-222,0.0,0.0,0.0,1.033541253068336e-257,0.0,0.0,0.0,0.0,0.0,6.177827514069714e-283,0.0,0.0,0.0,0.0,0.0,0.0,6.558808584273965e-113,0.0,0.0,0.0,0.0,0.0,0.0,1.5832912676876231e-252,3.3423503667774616e-125,0.0,0.0,0.0,1.5368592163469748e-290,4.342986443873665e-127,0.0,0.0,0.0,0.0,0.0,5.007638697423791e-137,0.0,0.0,0.0,0.0,0.0,6.275622013124544e-184,0.0,0.0,0.0,0.0,0.0,0.0,0.0,0.0,0.0,0.0,0.0,0.0,0.0,0.0,0.0,0.0,0.0
0.0,0.0,0.0,4.121495972591334e-211,1.8420123206623484e-175,0.0,0.0,0.0,0.0,0.0,0.0,0.05999708564877974,1.501131538856023e-41,0.0,0.0,0.0,0.0,0.0,0.0,0.7643446877665561,4.866875680160102e-31,0.0,0.0,0.0,0.0,0.0,0.0,0.17565822658466418,6.427755520755944e-42,0.0,0.0,0.0,0.0,0.0,0.0,1.7798393402081635e-25,6.6120248807072445e-152,0.0,0.0,0.0,0.0,0.0,0.0,1.4509546988545698e-21,1.3263494365310979e-21,0.0,0.0,0.0,0.0,0.0,1.0419968187286356e-16,0.0,0.0,0.0,0.0,0.0,0.0,6.347534819313642e-20,0.0,0.0,0.0,0.0,0.0,0.0,1.9024517005821656e-210,0.0,0.0,0.0,0.0,0.0,0.0,1.7294869909438814e-68,0.0,0.0,0.0,0.0,0.0,0.0,8.936702921215947e-104,0.0,0.0,0.0,0.0,0.0,0.0,0.0,0.0,0.0,0.0,0.0,0.0,1.1057608535082744e-129,0.0,0.0,0.0,0.0,0.0,6.3984079087466995e-254,0.0,0.0,0.0,0.0,0.0,1.4811841756795855e-236,0.0,0.0,0.0,0.0,0.0,0.0,0.0,0.0,0.0,0.0,0.0,0.0,0.0,0.0,0.0,0.0,0.0,0.0,1.9161345311734625e-291,0.0,0.0,0.0,0.0,0.0,0.0,1.0519004357124934e-214,0.0,0.0,0.0,0.0,0.0,0.0,4.6251998858964914e-107,0.0,0.0,0.0,0.0,0.0,0.0,0.0,0.0,0.0,0.0,0.0,1.6650549606895716e-113,0.0,0.0,0.0,0.0,0.0,0.0,0.0,0.0,0.0,0.0,0.0,0.0,3.58742077819892e-84,0.0,0.0,0.0,0.0,0.0,7.5891687873867e-231,0.0,0.0,0.0,0.0,0.0,0.0,0.0,0.0,0.0,0.0,0.0,2.856901e-317,0.0,0.0,0.0,0.0,0.0,0.0,0.0,0.0,0.0,0.0,0.0,0.0,0.0,0.0,0.0,0.0
0.0,0.0,0.0,0.0,5.940436441271317e-109,0.02649690237770605,7.870336686115142e-185,0.0,0.0,0.0,0.0,0.0,2.084480019291739e-113,0.5258264592541321,8.026486061399657e-109,0.0,0.0,0.0,0.0,0.0,7.298767921409887e-100,0.4328292361737576,2.1720091622604902e-104,0.0,0.0,0.0,0.0,0.0,6.321432925449492e-120,0.014618980622182648,5.770043259960638e-143,0.0,0.0,0.0,0.0,0.0,0.0,0.00022842157222160387,0.0,0.0,0.0,0.0,0.0,0.0,0.0,0.0,0.0,0.0,0.0,0.0,0.0,0.0,0.0,0.0,0.0,0.0,0.0,0.0,0.0,0.0,0.0,0.0,0.0,0.0,0.0,0.0,0.0,0.0,0.0,0.0,0.0,0.0,0.0,0.0,0.0,0.0,0.0,0.0,0.0,0.0,0.0,0.0,0.0,0.0,0.0,0.0,0.0,0.0,0.0,0.0,0.0,0.0,0.0,0.0,0.0,0.0,0.0,0.0,0.0,0.0,0.0,0.0,0.0,0.0,0.0,0.0,0.0,0.0,0.0,0.0,0.0,0.0,0.0,0.0,0.0,0.0,0.0,0.0,0.0,0.0,0.0,0.0,0.0,0.0,0.0,0.0,0.0,0.0,0.0,0.0,0.0,0.0,0.0,0.0,0.0,0.0,0.0,0.0,0.0,0.0,0.0,0.0,0.0,0.0,0.0,0.0,0.0,0.0,0.0,0.0,0.0,0.0,0.0,0.0,0.0,0.0,0.0,0.0,0.0,0.0,0.0,0.0,0.0,0.0,0.0,0.0,0.0,0.0,0.0,0.0,0.0,0.0,0.0,0.0,0.0,0.0,0.0,0.0,0.0,0.0,0.0,0.0,0.0,0.0,0.0,0.0,0.0,0.0,0.0,0.0,0.0,0.0,0.0,0.0,0.0,0.0
0.0,0.0,1.0622789082480758e-47,0.0,0.0,0.0,0.0,0.0,0.0,0.0,0.040309438894026904,6.2092940461161125e-86,0.0,0.0,0.0,0.0,0.0,0.0,0.33102559946433235,3.31150404527331e-56,0.0,0.0,0.0,0.0,0.0,0.0,0.37064251512675334,1.2724889659498164e-39,0.0,0.0,0.0,0.0,0.0,0.0,0.06510172650213132,3.687666833964349e-80,0.0,0.0,0.0,0.0,0.0,0.0,0.018025773665915325,3.3644518412073905e-75,0.0,0.0,0.0,0.0,0.0,0.03987859728344842,2.104306902528555e-24,0.0,0.0,0.0,0.0,0.0,0.017507391691886972,5.15984424689362e-34,0.0,0.0,0.0,0.0,0.0,0.0336242959843432,2.7346364200420744e-56,0.0,0.0,0.0,0.0,0.0,0.03140786433395147,7.594112297871698e-63,0.0,0.0,0.0,0.0,0.0,0.015809852236070447,2.0057868363731606e-49,0.0,0.0,0.0,0.0,0.021047227064599255,4.385779449031758e-59,0.0,0.0,0.0,0.0,0.0,0.015619717752540934,8.111096166036638e-33,0.0,0.0,0.0,0.0,3.920383613579952e-45,1.467508454383744e-51,0.0,0.0,0.0,0.0,3.1181215064913524e-28,3.301844711456281e-36,0.0,0.0,0.0,0.0,0.0,2.7265167805372156e-46,8.374219425885603e-136,0.0,0.0,0.0,2.2979423417804613e-46,1.1538887740856856e-76,0.0,0.0,0.0,0.0,0.0,8.758028401397174e-23,1.0317555174887672e-70,0.0,0.0,0.0,0.0,0.0,1.2880429070180285e-62,9.060733220321086e-157,0.0,0.0,0.0,0.0,0.0,5.782951148867965e-78,1.4506335437173196e-38,0.0,0.0,0.0,1.5821750801582399e-27,0.0,0.0,0.0,0.0,0.0,1.5870542176095717e-40,1.1190873990418259e-161,0.0,0.0,0.0,0.0,0.0,1.7231325045849207e-92,3.8483006645259067e-103,0.0,0.0,0.0,0.0,0.0,4.645318016312981e-56,3.0805238628284736e-231,0.0,0.0,0.0,0.0,2.455384736114353e-24,1.5167846531873963e-77,0.0,0.0,0.0,0.0,2.7376154512549075e-22,7.158420509638079e-98,0.0,0.0,0.0,0.0,2.3674666296745724e-38,3.4687814562113644e-131,0.0,0.0,0.0,9.38394848849446e-109,0.0,0.0,0.0,0.0,9.266864027506441e-159,0.0,0.0,0.0,0.0,0.0,0.0,0.0
0.0,2.86151674707983e-138,0.0,0.0,0.0,0.0,0.0,0.0,9.784574777982741e-46,6.551111524969973e-25,8.380597203285764e-241,0.0,0.0,0.0,0.0,0.0,7.277959629526036e-121,6.932521095802019e-24,6.805097836174428e-243,0.0,0.0,0.0,0.0,0.0,7.00651399782246e-82,1.2984885071029086e-10,1.1426185360854992e-209,0.0,0.0,0.0,0.0,0.0,6.695883446563351e-107,1.1498628935983063e-14,1.679173793451416e-97,0.0,0.0,0.0,0.0,0.0,1.0548141452255647e-155,5.8792171265724906e-24,1.0177654562864444e-111,0.0,0.0,0.0,0.0,7.511121162565094e-117,0.022389508877039957,3.1237556991105093e-77,0.0,0.0,0.0,0.0,5.923779460160401e-191,0.027541358906162102,5.013147028640747e-271,0.0,0.0,0.0,0.0,7.20930732356688e-197,1.4649194483157842e-15,2.348372943549794e-171,0.0,0.0,0.0,0.0,2.296627743374491e-117,0.07899609399088164,0.0,0.0,0.0,0.0,0.0,7.106022575687724e-39,0.07806153597278359,0.0,0.0,0.0,0.0,6.88123814458977e-53,0.029944739894787527,4.105742767032215e-47,0.0,0.0,0.0,0.0,5.429311815991109e-52,0.03585076782383691,0.0,0.0,0.0,0.0,0.0,0.025607691302740647,0.0,0.0,0.0,0.0,8.706350710911346e-46,0.051215382593130715,0.0,0.0,0.0,0.0,0.0,3.6616203434488e-82,0.09730922695041447,0.0,0.0,0.0,4.547463304617347e-59,0.13315999477425136,0.0,0.0,0.0,0.0,0.0,4.878139599771453e-130,0.05941853795530471,7.893495288235625e-94,0.0,0.0,0.0,0.0,0.0,0.05121538260548119,0.0,0.0,0.0,0.0,0.0,2.647379431527983e-111,0.025607691302740647,0.0,0.0,0.0,0.0,0.02170230784072744,1.8372560922441145e-63,0.0,0.0,0.0,1.5441215908217896e-49,0.04609384434493317,5.007861192240639e-53,0.0,0.0,0.0,0.0,2.4535821815864298e-110,0.026389019333221315,0.0,0.0,0.0,0.0,0.0,1.5294883559482072e-59,0.03072922932470871,0.0,0.0,0.0,0.0,2.0903423237020345e-57,0.04097230608438504,1.798197772769593e-58,0.0,0.0,0.0,0.0,0.030729229563288777,4.549634860511387e-83,0.0,0.0,0.0,0.0,0.03585076782383691,1.5638047713207217e-78,0.0,0.0,0.0,0.03585076782383691,0.0,0.0,0.0,0.0,0.005121538260548129,0.0,0.0,0.0,0.0,0.01024307652109626,0.0,0.0,0.0
0.0,3.10169185159583e-119,0.0,0.0,0.0,0.0,0.0,0.0,5.8065142929836275e-111,0.02002314469626025,6.751425169263401e-186,0.0,0.0,0.0,0.0,0.0,9.985950028677558e-107,0.2907353710264392,6.525680556231069e-111,0.0,0.0,0.0,0.0,0.0,3.0053275073809793e-83,0.3570463117859569,1.6683232517165655e-107,0.0,0.0,0.0,0.0,0.0,1.6325520185428666e-99,0.10398114106387472,2.912232659979631e-95,0.0,0.0,0.0,0.0,0.0,1.1840093327367198e-101,0.07194466850633303,0.0,0.0,0.0,0.0,0.0,1.6961026077093725e-99,0.05182156710942168,8.128725476608156e-87,0.0,0.0,0.0,0.0,2.5465791822345503e-105,0.03453674884549175,1.4293824977061136e-55,0.0,0.0,0.0,0.0,1.1917294311632454e-163,0.028300088573864252,4.999668978041422e-231,0.0,0.0,0.0,0.0,7.117449917406005e-173,0.016188479444363187,1.515013550639935e-22,0.0,0.0,0.0,0.0,1.4330776343414278e-145,0.01449520905955395,0.0,0.0,0.0,0.0,9.043082492102866e-163,0.00023372056048468514,1.2775253911982227e-261,0.0,0.0,0.0,0.0,9.21698316665813e-134,7.219563658137596e-22,2.056677750822738e-92,0.0,0.0,0.0,0.0,1.8617124754055658e-66,0.0,0.0,0.0,0.0,1.616782575146178e-69,3.679570599910363e-12,0.0,0.0,0.0,0.0,0.0,5.568248916647547e-110,1.3347703790654004e-84,0.0,0.0,0.0,1.25272368775404e-73,3.5627192150499736e-56,0.0,0.0,0.0,0.0,0.0,1.0974828634946718e-92,0.00213358954937151,0.0,0.0,0.0,0.0,0.0,0.0,3.3593844653753694e-17,0.0,0.0,0.0,0.0,0.0,2.7750599002892192e-180,9.917886458896468e-76,0.0,0.0,0.0,0.0,0.005741050482730977,0.0,0.0,0.0,0.0,2.534499923789767e-114,1.3296381413298377e-22,0.0,0.0,0.0,0.0,0.0,3.0644162382278e-139,0.0028189092210948387,0.0,0.0,0.0,0.0,0.0,1.053340830854915e-203,7.107941707579084e-11,0.0,0.0,0.0,0.0,4.2409908255150115e-178,2.222595086230603e-47,0.0,0.0,0.0,0.0,0.0,1.3098656782976772e-113,0.0,0.0,0.0,0.0,0.0,8.547669613795934e-98,0.0,0.0,0.0,0.0,5.856148399353384e-128,0.0,0.0,0.0,0.0,2.782464438574892e-56,0.0,0.0,0.0,0.0,6.862949674098099e-70,0.0,0.0,0.0
0.0,0.0,0.0,0.0,0.0,0.0,0.0,0.0,0.0,0.0,0.0,1.362247235507524e-7,1.245947187176796e-179,0.0,0.0,0.0,0.0,0.0,0.0,0.4936447051062605,1.6099290765503695e-93,0.0,0.0,0.0,0.0,0.0,0.0,0.48515996392673705,4.151836283389285e-109,0.0,0.0,0.0,0.0,0.0,0.0,0.011550279798116177,1.1555000282426452e-159,0.0,0.0,0.0,0.0,0.0,0.0,0.008421010940265903,0.0,0.0,0.0,0.0,0.0,0.0,7.006201969864898e-5,0.0,0.0,0.0,0.0,0.0,0.0,5.736581088640825e-29,0.0,0.0,0.0,0.0,0.0,0.0,1.7513102209058622e-186,0.0,0.0,0.0,0.0,0.0,0.0,0.0011538419841980638,0.0,0.0,0.0,0.0,0.0,0.0,2.423613662938683e-72,0.0,0.0,0.0,0.0,0.0,0.0,0.0,0.0,0.0,0.0,0.0,0.0,9.564591490296254e-66,0.0,0.0,0.0,0.0,0.0,1.497863453970356e-191,0.0,0.0,0.0,0.0,0.0,2.7068979637486573e-208,5.1507770269983905e-165,0.0,0.0,0.0,0.0,0.0,0.0,0.0,0.0,0.0,0.0,0.0,0.0,0.0,0.0,0.0,0.0,0.0,2.151912113003968e-286,3.881762899367694e-180,0.0,0.0,0.0,0.0,0.0,2.959136625804749e-130,0.0,0.0,0.0,0.0,0.0,0.0,9.89483839930107e-55,0.0,0.0,0.0,0.0,3.757392782461606e-219,0.0,0.0,0.0,0.0,0.0,5.000501520759376e-252,2.9024341532250388e-77,0.0,0.0,0.0,0.0,0.0,1.1935887421139454e-148,0.0,0.0,0.0,0.0,0.0,0.0,5.006958642630347e-69,0.0,0.0,0.0,0.0,0.0,3.4515670447405545e-198,0.0,0.0,0.0,0.0,0.0,0.0,1.263316827450667e-155,0.0,0.0,0.0,0.0,5.54327544390003e-282,0.0,0.0,0.0,0.0,0.0,0.0,0.0,0.0,0.0,0.0,0.0,0.0,0.0,0.0,0.0,0.0
0.0,0.0,0.0,0.0,0.0,0.0,4.864371226385235e-144,0.032434901714381716,1.4969913677862777e-235,0.0,0.0,0.0,0.0,0.0,2.6514895458843293e-107,0.4892645033253917,9.979353016602536e-235,0.0,0.0,0.0,0.0,0.0,1.2183606958270985e-126,0.38053905814197136,4.897565263250738e-232,0.0,0.0,0.0,0.0,0.0,9.845427034538958e-137,0.036089538527269795,1.3512108657911602e-242,0.0,0.0,0.0,0.0,0.0,0.0,0.0077661032273871715,3.913693859115415e-262,0.0,0.0,0.0,0.0,0.0,0.006852444024165151,2.5656753060436695e-223,0.0,0.0,0.0,0.0,0.0,0.008679762430609191,1.45634240491567e-310,0.0,0.0,0.0,0.0,0.0,0.0050251256177211105,1.9574680714720404e-261,0.0,0.0,0.0,0.0,0.0,0.009136592032220201,0.0,0.0,0.0,0.0,0.0,7.485981626763189e-189,0.005481957292831279,9.397690360424913e-294,0.0,0.0,0.0,0.0,0.0036546368128880804,0.0,0.0,0.0,0.0,0.0,0.0,0.0009136592032220201,0.0,0.0,0.0,0.0,0.0,0.0013704888048330303,0.0,0.0,0.0,0.0,0.0,0.0009136592032220201,9.920125411929815e-269,0.0,0.0,0.0,0.0,0.0,0.0031978072112770705,2.737243341802981e-274,0.0,0.0,0.0,0.0013704888048330303,2.1968850849024823e-255,0.0,0.0,0.0,0.0,0.0,0.0009136592032220201,4.5988797429545537e-231,0.0,0.0,0.0,0.0,0.0,0.0009136592032220201,0.0,0.0,0.0,0.0,0.0,0.0,0.0009136592032220201,2.4696573414233657e-230,0.0,0.0,0.0,0.0009136592032220201,0.0,0.0,0.0,0.0,0.0,0.0009136592032220201,0.0,0.0,0.0,0.0,0.0,0.0,0.00045682960161101005,1.0606220538406158e-195,0.0,0.0,0.0,0.0,0.0,0.0009136592032219173,3.0925095793606e-208,0.0,0.0,0.0,0.0,0.0009136592032220201,0.0,0.0,0.0,0.0,0.0,4.680991449518232e-228,0.0,0.0,0.0,0.0,0.0,0.00045682960161101005,0.0,0.0,0.0,0.0,2.6559430833424517e-308,0.0,0.0,0.0,0.0,0.0,0.0,0.0,0.0,0.0,2.2885928707686666e-185,0.0,0.0,0.0,0.0,0.0
2.4353937550473336e-196,9.705180819102181e-54,3.050083238735101e-172,0.0,0.0,0.0,0.0,0.0,5.134122998028321e-123,3.748527049541691e-6,6.946045619771181e-104,0.0,0.0,0.0,0.0,0.0,1.5856594451388504e-117,0.9736478110031568,1.2203483592571375e-97,0.0,0.0,0.0,0.0,0.0,4.701400757137966e-111,0.021319980574315243,2.298700593961246e-117,0.0,0.0,0.0,0.0,0.0,5.191535086879708e-132,0.00020958212916977878,1.6607695009301887e-89,0.0,0.0,0.0,0.0,0.0,2.5421257785319733e-128,0.001541442185726462,0.0,0.0,0.0,0.0,0.0,9.788355841492374e-92,1.0352710922142622e-9,1.2832417422084355e-135,0.0,0.0,0.0,0.0,3.3752194754876983e-129,0.001461425069173037,4.806546743214108e-106,0.0,0.0,0.0,0.0,8.028970538655302e-199,0.0008910281509667524,4.002775863243696e-141,0.0,0.0,0.0,0.0,0.0,7.305896377395567e-27,1.2406373426200047e-74,0.0,0.0,0.0,0.0,3.64583283813638e-307,0.0009249813251713962,0.0,0.0,0.0,0.0,0.0,1.0259976920189866e-42,0.0,0.0,0.0,0.0,0.0,2.788350951869231e-185,2.578792344579532e-188,0.0,0.0,0.0,0.0,0.0,1.021562003251381e-149,0.0,0.0,0.0,0.0,9.426601916186286e-207,3.0074697935664575e-108,0.0,0.0,0.0,0.0,0.0,1.081520330540576e-302,1.773536730504871e-262,0.0,0.0,0.0,3.0113576582291953e-149,3.775467608527703e-139,0.0,0.0,0.0,0.0,0.0,5.039899844467507e-111,4.29087077542384e-71,0.0,0.0,0.0,0.0,0.0,0.0,1.779666597154928e-77,0.0,0.0,0.0,0.0,0.0,0.0,2.053731231505371e-211,0.0,0.0,0.0,0.0,9.317063922956583e-152,0.0,0.0,0.0,0.0,1.1e-321,1.3746167737509038e-147,0.0,0.0,0.0,0.0,0.0,0.0,5.278250471182585e-89,0.0,0.0,0.0,0.0,0.0,0.0,5.143319608100215e-39,0.0,0.0,0.0,0.0,0.0,2.8671607057019213e-286,0.0,0.0,0.0,0.0,0.0,0.0,0.0,0.0,0.0,0.0,0.0,0.0,0.0,0.0,0.0,0.0,0.0,0.0,0.0,0.0,0.0,0.0,0.0,0.0,0.0,0.0,0.0,0.0,0.0,0.0
0.0,0.0,1.6845579946636746e-48,0.060279397009596745,1.9061698905515898e-83,0.0,0.0,0.0,0.0,0.0,1.4020615727820451e-108,0.6621170003854744,1.6236781775209792e-102,0.0,0.0,0.0,0.0,0.0,2.146594503622853e-105,0.2776036026049291,4.257211524583315e-99,0.0,0.0,0.0,0.0,0.0,2.892010278427955e-164,1.7743847445939022e-34,3.475019666816647e-135,0.0,0.0,0.0,0.0,0.0,4.323381790117989e-283,1.4747759629275735e-57,9.815245513404532e-295,0.0,0.0,0.0,0.0,0.0,0.0,5.957177968653549e-84,7.882521487621992e-93,0.0,0.0,0.0,0.0,3.220051853845755e-207,6.844422970457822e-103,0.0,0.0,0.0,0.0,0.0,9.531766989251609e-191,1.5577979435282252e-144,0.0,0.0,0.0,0.0,0.0,1.412305775194532e-166,7.956480628891168e-101,0.0,0.0,0.0,0.0,0.0,4.1556274923017803e-256,1.900972031965154e-48,0.0,0.0,0.0,0.0,0.0,1.019044177725645e-198,2.6759507659797175e-175,0.0,0.0,0.0,0.0,7.265890996305528e-170,3.250871170994267e-154,0.0,0.0,0.0,0.0,0.0,7.239564598471529e-259,2.2846539052607676e-124,0.0,0.0,0.0,0.0,1.9491587827375024e-231,1.2395327040709256e-145,0.0,0.0,0.0,0.0,0.0,8.795720668930703e-120,0.0,0.0,0.0,0.0,0.0,0.0,5.243957291024823e-218,0.0,0.0,0.0,0.0,0.0,0.0,0.0,0.0,0.0,0.0,0.0,4.392800793499976e-287,1.3253354178331457e-241,0.0,0.0,0.0,0.0,0.0,1.5779043220730923e-85,0.0,0.0,0.0,0.0,0.0,0.0,9.966644334978571e-153,0.0,0.0,0.0,0.0,3.0072468338009085e-218,0.0,0.0,0.0,0.0,0.0,4.70518264409773e-293,0.0,0.0,0.0,0.0,0.0,0.0,9.07196623295517e-278,0.0,0.0,0.0,0.0,0.0,0.0,2.4039328611125028e-180,0.0,0.0,0.0,0.0,0.0,2.706291848993819e-176,0.0,0.0,0.0,0.0,0.0,6.186288377919883e-303,0.0,0.0,0.0,0.0,0.0,1.5e-323,0.0,0.0,0.0,0.0,0.0,0.0,0.0,0.0,0.0,0.0,0.0,0.0,0.0,0.0,0.0,0.0
1.0,0.0,0.0,0.0,0.0,0.0,0.0,0.0,0.0,0.0,0.0,0.0,0.0,0.0,0.0,0.0,0.0,0.0,0.0,0.0,0.0,0.0,0.0,0.0,0.0,0.0,0.0,0.0,0.0,0.0
1703,4003,207,1407,107,2504,103,1701,4,4501,2202,2403,307,2007,1001,1607,1406,3000,301,101,206,1207,904,906,7,1602,3503,401,1502,700,1103,1801,2300,4503,405,602,2000,202,2002,1,1201,4001,507,2500,204,3502,701,707,606,3001,1702,1603,802,5001,702,2302,2100,1804,1104,603,907,502,406,200,1901,1503,800,2203,2001,2206,1303,1401,1202,807,2201,404,501,1501,1403,1907,504,1100,1106,1903,2102,2106,600,4000,205,1800,105,2501,1507,1700,1301,2204,2407,2,804,1300,304,1101,5,1606,1500,801,703,704,1704,3007,1807,2402,1902,1402,2103,2207,3501,1006,4500,1307,203,1000,2303,1404,6,607,102,306,303,604,902,1206,4007,400,1203,1604,4502,4002,1400,201,1600,300,100,900,106,3500,2301,601,1102,305,1003,402,1706,803,2507,1601,500,2404,407,2104,503,1306,1707,302,1002,3002,2400,706,806,3003,3507,1806,2101,2502,1803,2107,104,1900,2307,2200,403,2304,506,1200,2004,3,2503,1302,903,2401,0,1007,1802,2003,901,1107
402:35,2102:147,1107:88,2004:143,1302:97,501:42,1703:123,1900:134,1100:82,6:7,1106:87,1307:100,2207:158,1503:111,4001:188,2104:149,2302:161,404:37,2300:159,1406:106,3501:183,1407:107,1704:124,4:5,405:38,1901:135,1700:120,207:24,506:46,2401:166,603:51,104:13,1401:102,1500:108,1501:109,2101:146,2501:172,300:25,607:54,302:27,2307:164,802:64,2500:171,1702:122,801:63,406:39,1602:115,1002:78,4502:194,103:12,2503:174,702:57,2407:170,2:3,307:32,3003:180,2301:160,100:9,1102:84,200:17,1202:91,1301:96,0:1,1101:83,2003:142,904:73,5001:196,1003:79,502:43,1103:85,1907:138,2400:165,107:16,1502:110,1404:105,3503:185,1803:130,401:34,3002:179,806:67,1802:129,4003:190,1806:132,1000:76,1:2,201:18,707:61,1006:80,206:23,604:52,601:49,1807:133,507:47,1207:94,2007:144,500:41,1800:127,2403:168,602:50,4503:195,4002:189,400:33,1400:101,403:36,4500:192,2100:145,1604:117,1706:125,5:6,2204:156,1104:86,305:30,703:58,1603:116,2002:141,700:55,1801:128,2001:140,4501:193,1804:131,2202:154,804:66,1300:95,704:59,4000:187,606:53,1306:99,205:22,706:60,1203:92,2206:157,2106:150,3507:186,2103:148,1701:121,2304:163,2303:162,1200:89,204:21,901:70,1903:137,2402:167,907:75,7:8,203:20,2507:176,1001:77,903:72,2201:153,2107:151,1007:81,304:29,301:26,906:74,202:19,1206:93,3001:178,2200:152,807:68,803:65,1601:114,1902:136,1303:98,1507:112,3500:182,2000:139,503:44,106:15,4007:191,900:69,902:71,2502:173,303:28,600:48,102:11,1707:126,1600:113,3502:184,101:10,1607:119,105:14,3000:177,3007:181,2404:169,407:40,1201:90,1606:118,800:62,3:4,2203:155,306:31,2504:175,701:56,504:45,1403:104,1402:103
