10
0.7157213001455303,0.03772383178150413,0.0007583373387146351,0.001344763821780345,0.008490109692236134,0.06099059246544972,6.596462971474235e-21,0.010492282984277143,0.15217628152193377,0.012302500248573829
0.05243973309634475,0.3513985762566273,0.03481939734410881,0.00011612439875691382,0.04056561533234276,0.011728483310067341,1.769259014062441e-6,0.0003770069368119706,0.028196606158442324,0.48035668790748376
0.006255333628569417,0.1266293262979273,0.5331777271580144,5.176657481981899e-6,4.129600779065234e-5,0.0015041327618634088,8.673003415020948e-13,0.00011723529772631154,0.0012597500872689878,0.33101002210249025
0.010294097075626299,1.5537222989176353e-11,0.00011474678216896171,0.2537178800822594,1.6918584465128374e-11,0.009541542532397976,0.7255200895015218,1.4883813313650725e-9,0.000736114208714206,7.552829647427318e-5
0.04959314806896302,0.8001327293090359,0.10174356615813207,0.00325402793274376,0.0006888266017993813,0.01882409400705988,1.0154435587751617e-6,1.151860866274872e-5,0.023037233313431788,0.0027138405566124696
0.2520322392805952,0.022104977557961973,2.2051339082611128e-6,2.0445668011499355e-6,4.311517335437982e-8,0.7167876486981184,8.209752476683309e-49,0.008740799605704626,0.0003222160833148449,7.82595842223488e-6
1.5153199901999347e-6,1.2598500221283649e-10,4.16372666607549e-12,0.7280627366695808,0.006873701133150628,5.196509319061155e-9,0.2631399880608737,0.0019213744337049927,1.126807699216116e-23,6.790560416785319e-7
0.020745547583461223,0.0015590582225135754,0.22819424914167302,0.002968366402855344,0.5451004651709587,0.0075464715012408135,7.651461087249024e-8,0.18320207195058275,0.010355921135188611,0.00032777237691528153
0.05838413206991999,0.04557341421239262,0.006866617059602947,1.2800248921720227e-13,0.02667708567164635,0.021715885834293288,0.0005060025690693032,0.00029897544324886474,0.800817741093264,0.03916014604643453
0.012423614003870537,4.597324247077416e-7,0.0013762649692584505,5.45476926840598e-7,0.14018438623129648,0.014692182231701682,7.330637426008965e-7,0.8298658728132374,0.00016287826300334166,0.0012930632145379828
10,200
1.0263669708916987e-166,4.308938226359283e-6,0.0001833223087044514,0.00017614088489502767,3.4028483862306436e-9,3.854914152533078e-5,1.9084615573902618e-60,5.431647770164847e-40,5.383305427397101e-88,0.0001356398702526922,0.0002272169325898838,0.00023050909216155115,6.950753522591556e-30,0.0006609674955805016,3.916166858426323e-5,0.0002480365035159084,8.095034913434555e-24,1.2491196860038278e-9,0.00022113156213475222,8.666238948999744e-5,4.004630864490214e-13,3.900563473637147e-15,1.0336185043005376e-16,0.00034687383312903243,0.00025317721495277226,0.00014206581841625987,1.0392594337192688e-44,1.5640377268675908e-12,4.36661463346185e-22,6.637756651083848e-5,1.2783574993831005e-24,0.0002092665488260488,6.168324308925818e-5,0.0002643629984349509,3.635361592728153e-19,1.3943819415173947e-46,0.00043021309134154314,4.281883227749477e-37,1.1013876525744595e-31,0.00023689117256753446,9.736241309117768e-6,0.00043060417209734106,2.7361311907455378e-15,1.8542993535007025e-5,0.0004830344104905601,0.0007827530585906374,2.4921929787873606e-8,9.059327615447505e-19,0.0007493518927161898,1.283422861836696e-6,4.6364945567913076e-20,2.7924063954565354e-34,7.023203342888816e-33,0.0013565333024646007,0.00022301140494283603,4.978351172985214e-10,3.198996164155177e-26,0.0006377026044022134,1.134822411875355e-25,0.0005050704777896059,0.0004518459213294779,5.71710426782055e-22,1.2323059591327284e-11,0.00022527209429709725,3.928106548179578e-11,0.0001322528666368715,7.121693021054983e-25,1.7915979532350728e-23,2.9298498242710654e-27,0.00022531892550602445,1.365658280947413e-7,0.00025074174396371595,0.0008349944059771973,0.0001113187932759286,0.0005419218187601063,0.00029431544556323834,5.710110544185634e-5,0.0010501334110100474,0.00027399887556334596,3.0367002135844033e-20,0.0005434342290873544,8.843080585762412e-10,5.695242302978226e-17,1.8055936825544927e-5,0.0006231988631837129,1.041515378156788e-12,4.5507296577588104e-24,0.0012887191503665604,2.9420539813508207e-13,1.451731161789213e-10,0.0007152611748755225,0.0012884824916552197,1.795489468305519e-30,4.219475917025003e-15,0.00046435046743262216,1.0455631019888493e-13,2.2462397380888647e-18,0.00045916842481361016,9.796263251888537e-5,0.00046615398824661835,2.0861155956476367e-8,0.0008896085783439737,0.000521837619362295,2.3239021897002602e-5,4.7396908567388515e-20,2.888831893988028e-10,0.000562943078758101,7.164743785555281e-7,0.0019960138827465157,9.939964386274562e-6,0.0011768766708004797,0.0021704301138506556,0.001056310046648838,2.876833968615754e-5,0.00176553561147841,0.0006982452591378449,0.001283989121033686,0.001105142925535179,0.0024265074656630078,0.0015644308829797064,0.0008536602027002079,0.0008334306433508567,0.0018926617154114906,0.001451491257789522,0.0032473671306285875,5.3473311011384963e-17,0.001666405882903269,0.001885739775943797,0.0014324356483230913,0.0022222183264961636,0.0033432816446150385,0.004836638585269664,0.004272385841552765,0.004240493611315547,0.0027246911090881513,0.002440420506597257,0.007068759654963332,0.0038882454577571393,0.007458601800214933,0.006490096460990678,0.0069226316835716796,0.00918450045873947,0.006846012828914621,0.012939562458445391,0.009706134742787663,0.00967558224772004,0.012647555909169609,0.0146458437411811,0.012357322331173377,0.01657453081273494,0.017677216008934408,0.01905316760667243,0.017785982201696887,0.018043170804990592,0.020015654970603276,0.025414203658877477,0.025231991135489337,0.024637109711621412,0.02716503824621435,0.027061265302630623,0.024934779272698104,0.0238797623865371,0.02040712357817334,0.020273865637668295,0.015792781283449634,0.015024580080671306,0.016715840509388517,0.011281626961936046,0.011199884087461729,0.010226367238307582,0.011975709312730285,0.010752337752183278,0.016282687368126474,0.014843799072733907,0.017702096292648836,0.018442500196767804,0.01444535487697076,0.014029858494644745,0.023523436108501463,0.020567762240340494,0.023800880412404295,0.013748773587113072,0.01755402264435581,0.017940657673236035,0.011897880608511368,0.014027896406426297,0.016304933041034447,0.01702945729416257,0.014783396192082668,0.01865946677896178,0.02105422649236871,0.01657819577127788,0.012713493611547446,0.012146551228847858,0.005544466761876888,0.0009213237186612306,3.7924008620261206e-6,2.5986036725700472e-14,2.155497619603788e-8,1.5051305335730518e-23
3.100160579078494e-63,3.0193978494576417e-22,2.7051487006325166e-35,1.0916817758292451e-22,1.3510747156794542e-20,1.7699544538588162e-12,1.2080483767925537e-30,4.138268849862783e-29,1.654954554785788e-23,3.2578142335399664e-19,3.797090594789773e-16,6.002251506111156e-13,1.8675625233731008e-13,6.108478591033306e-11,6.90435580109908e-15,7.708961021418272e-8,7.282901088687791e-9,1.3770232273467572e-10,1.6989936045206759e-6,5.973520506273884e-11,1.9666367678739825e-9,0.000612624589172282,0.0002773806666946528,1.3112294835960045e-7,9.642953949378819e-5,8.840722806433658e-8,0.0001653466323018168,8.152398030606456e-8,7.634604653827986e-14,0.00019528229263084937,7.368510260709587e-8,0.0002270044929091028,4.158606136878262e-6,5.557039110721607e-9,0.0005749139610527489,4.020998822391807e-7,2.185762952880567e-5,8.875657137812742e-5,0.00294994897949386,0.001970011372396851,3.915094595979856e-5,7.447660576410971e-6,7.794760890227495e-6,4.336746866158188e-6,0.0029398280776503386,0.00037224931106469056,0.0009355962058361582,0.002570478787275548,0.00041598125663335167,0.00918676424134976,0.007644501628546962,0.0036912037351517803,0.009323863519568964,0.0016245781404746241,0.007045694168437212,0.006541172090983116,0.006456340575119798,0.008938803684750625,0.012638640471284164,0.011597167058641254,0.0081062849736073,0.013654221519732307,0.009973435972308275,0.010327193837261493,0.014910398303958081,0.010988131853700386,0.01328210420753191,0.005745211528131425,0.014289719399836826,0.011476816702876999,0.007689616568328824,0.015162199792859425,0.010300450521049928,0.01356723825343969,0.011996259578330542,0.016901673220103382,0.009689658599148738,0.010728884338155028,0.015253470508697114,0.017322775154431258,0.012468447280380109,0.0141225365277116,0.012956798023102616,0.011578803009413519,0.016057622554846714,0.014017862445304499,0.010835283793231053,0.008637571590224127,0.01767915599223402,0.011600061365959256,0.01676488773487335,0.012511306318131488,0.017344088511398275,0.01361919881597164,0.024936299495916806,0.016672424597857314,0.01130879018994324,0.015938741979326047,0.016365974665933033,0.015816090624782255,0.016974904152938904,0.018932288011406357,0.019607001518527453,0.01571186105458836,0.013867997165255722,0.011574875365620877,0.012879074638079434,0.015244317851889441,0.013826678302608753,0.007853769725496292,0.015969661119387538,0.01264570832415373,0.012245266242570368,0.011910231567395383,0.007647056266722714,0.011869981206495888,0.012149974542937427,0.010447964383153647,0.00941673046053479,0.007879847629330784,0.0068570004814419395,0.007320728899114473,0.00975398421691079,0.006752109011757159,0.007353929469809299,0.0051393445071389226,0.0059469384113909,0.00586159044052653,0.00223794215563309,0.0035023529727303032,0.0034347589096695276,0.002962227515944093,0.0029742138409601724,0.0017255643082806367,0.0022090516723599777,0.0005194344544368255,9.176114462500758e-15,0.0018712549085958237,0.0012386096261678588,7.3804567166883346e-6,0.0014352035189799995,0.002752367065329943,0.001641687469375962,0.0007055872433617431,0.0013185031171802815,0.0012304528636281,0.0009985249781729179,0.0003324510634616549,0.00015807581293460609,4.157336170361639e-8,8.879827673716487e-19,0.00037821047669455105,0.0008895515901526559,9.937155705185454e-5,0.0005382623666133174,0.001139772823686446,0.0006787784963074091,0.0005293244557032653,5.486519084037822e-7,0.0007132007050702943,0.0015331913295516838,1.89455623767034e-12,4.447702545267645e-6,6.46605364153043e-7,3.847181084706277e-21,5.332573611224169e-8,6.222140896079786e-9,0.0007396204365563954,0.0011975987237116674,0.00010288530219808096,0.00024681060821565045,0.0005080227675929581,0.0005449897325251433,9.712421960950047e-18,0.0001964181209557115,4.6108229060621926e-10,0.0014357357304920681,0.0011847776613022245,0.002105498490200075,0.0019818836432572667,4.133131676501872e-7,2.8189566329880045e-7,0.00011065660601276987,0.00029877075452039214,0.0011732116156302546,0.0004914464080724606,0.0011920728131866083,3.2047929589007206e-10,1.6409672850193115e-12,0.0004050943136647232,1.6374358734703886e-42,5.078999833629557e-12,0.0002297989439605734,1.7754643110429575e-9,3.1542023907604714e-50,2.482259125511165e-55,1.9008168170828242e-57,1.706439469058274e-6,0.0006848695706264945,4.547580488681993e-18
7.387747851397347e-45,1.9448799558782634e-22,2.134933210159362e-28,4.8062659179395525e-18,9.48901470027427e-14,9.619438116331495e-15,4.4624891323137244e-18,2.4430601710037666e-21,1.05372138106405e-14,2.4090690132621168e-9,5.044756633001752e-7,7.416392039027478e-12,2.2124200699721928e-8,1.078892214320875e-9,1.82005461026683e-6,8.836142861876888e-8,0.0023544589412297337,6.179762675921308e-6,4.898683959626111e-7,1.2916058427966847e-5,2.3564719655099957e-5,1.5948437682518755e-6,0.007085787941825906,0.0017364550358433763,0.0006785096406916425,4.1241770957760895e-9,0.0009492992522481555,0.00451026204339716,0.000647056873506365,0.00156893166425583,0.001947335903106975,0.004788949178647661,0.006636339468129356,0.0016023753728457793,0.002589990312715474,0.00861400951782318,0.0010607990214351408,0.0011235660982681305,0.0038926891101960775,0.010055078410447218,0.008216989531530983,0.009042538714830873,0.0025567947607073264,0.010484210434421232,0.013007863608664369,0.03648207391896724,0.022194732487148018,0.033173425879184065,0.03081350800210044,0.02166762009300715,0.02932419083136144,0.031036957388904513,0.017505134007211272,0.03060049296473655,0.019465023801969936,0.01735854788482376,0.025724982126182107,0.013273120473247434,0.010276929980530937,0.012555062961503683,0.02285576778370166,0.013247813793614244,0.015770751529433046,0.015791382233343174,0.007968682202472975,0.011116305393338253,0.001756722218489628,0.01500557699446927,0.010799829268630738,0.014692783940145442,0.018203833560457947,0.009279548335935129,0.011123048236494125,0.012535141214654428,0.017855833604309805,0.009903420783713191,0.019005192793776608,0.015038620330004852,0.013165881903647519,0.01354411214789025,0.007449104105541119,0.013612176717907777,0.01388013084558956,0.01231509915798167,0.008134600743900672,0.009643497609586271,0.014037991729149997,0.01284676672593754,0.005069855523880698,0.011651628058770422,0.006589729831721406,0.018730093995157994,0.0122362670110433,0.01291763931719082,0.0003110269327315648,0.017905970355968213,0.0067772080402457744,0.005071464357682256,0.00017411870141128058,0.008839511346320935,0.0023948866248338593,6.343589366392728e-6,0.002399328202826773,0.005772057212380037,0.005568658611198539,0.0029255367429059306,0.0010978051273535416,0.00017247041552666132,0.00010476189260480456,0.008249582197908032,0.002170382921913663,0.003272585844366359,0.004077442258758094,4.891968965109334e-5,0.008675079558438912,4.0237108259657215e-5,0.0019754675178255397,0.0013838393351918222,4.6381177504114595e-7,1.5011522636341329e-9,0.00013424685740031172,0.0016285927767480755,1.9151883091100803e-8,0.0002493652708163145,0.0024013063000936363,0.005977367742960546,2.84351073110827e-8,4.3139684569799496e-7,0.0020777376861528265,0.0005293630846012374,0.0011368534033648393,1.985399645725288e-8,1.0743938140948163e-16,9.502099522198055e-15,0.0003920473545251093,1.3185935464278975e-5,2.465038445021449e-5,7.041957148709589e-8,1.2919037420633271e-9,0.0008875861992747116,4.227075930454234e-6,1.644844387135648e-6,2.5728102177359043e-10,2.3537952840853998e-27,1.8352809726858995e-5,1.3858507545948223e-12,1.012147441075881e-14,5.182900444632391e-5,3.40304553041715e-11,7.427500125668464e-17,2.3211569128979685e-34,7.646571305770849e-7,6.83534313564782e-10,0.0008804787279221094,6.779988610824378e-5,1.758357421690396e-9,3.2937863847066727e-20,0.0009588362416811381,0.0003178799448095042,7.84199516780347e-5,6.125417307764594e-13,1.9006083794027544e-25,2.0613578019955669e-13,0.000486260248571648,0.0010477071714412843,1.5475084325111115e-33,3.6944392193325115e-6,2.3664556617796213e-13,6.138847715157198e-16,0.0017258645857639154,2.70831761189093e-16,1.2710863255927349e-8,8.198073150757332e-23,5.569308723662764e-12,7.550263029639287e-19,2.0911836362772307e-17,3.2004002952849326e-19,0.0019071076701472197,3.1470075324088393e-18,3.2532434777262674e-5,6.159882756701549e-16,0.0025026794531533892,2.5208658207667257e-6,1.6958432130460425e-10,2.4884504103289146e-11,6.603089785220712e-5,0.00010131770986114075,2.7160009716430053e-61,9.222928527052594e-19,5.509862237724753e-43,0.00025007331577413705,1.157023144645664e-54,8.297778791331302e-18,5.303437907141086e-46,1.5045716348104661e-52,7.499798121959867e-106,5.354264142842757e-123,0.0002017716024641236,5.6202985253407736e-8,4.480223797115434e-47
0.0471246041662581,0.02960944027111279,0.06754317553889987,0.0374565919183905,0.06968920145841317,0.0629766515173303,0.058852032961946285,0.03745362302779726,0.036539804387095774,0.027855011423000568,0.036022948527404584,0.0509534258268963,0.04918872252031873,0.03475335171306323,0.02981600727509503,0.048804468055720036,0.004670654586455956,0.005679991499537568,7.574709691314694e-6,0.030335560180775583,0.00922906980617767,0.021061964646149515,0.020602272247354978,0.013989344533886935,0.011757108886670782,0.00017858479897081133,0.012975796907714054,0.0005788916956400074,0.0013933563292400624,0.011854827997622337,0.0106447397198928,0.008963791515727024,3.343486013836863e-8,3.451165092709056e-6,1.0625203908876533e-8,0.003909127570029491,0.010040700086513947,0.010120243116340515,0.0007922490118706328,0.006358789381509292,0.004582783433031577,1.2174510328603299e-5,0.00014969388783892535,1.5581668549106547e-7,0.0031309958238376263,0.0021575708234603985,0.012243684888101451,0.00020742408222458678,0.006761771319799896,0.00377920251654217,0.005373095511876362,0.004000893028791808,0.005298802083534682,8.239766017409787e-17,2.815113814974064e-6,4.891062835174945e-32,0.0032238402979854488,0.0006552127943445405,0.005254226326428643,1.0459606156982858e-116,1.7216520331983106e-8,8.61512874243451e-15,0.0016813776471322295,0.0012234788531514976,0.003274939072268076,1.182070988201993e-32,4.3898798529901026e-38,2.1722491793497563e-25,6.987852766282916e-45,3.948914668698892e-55,0.00174561455367521,0.0027278473076129605,0.0008621261754910688,3.3989073803723154e-67,0.0010267300686595295,0.001786981214248571,0.0009114238576973772,3.561095196988659e-29,0.00016623988352031438,8.561619598754912e-114,6.701293180113881e-15,0.0017270607759471428,1.1262589044732807e-90,9.331832713727228e-96,2.9378387969681947e-36,4.373856140639416e-124,1.6015532702927763e-78,6.4950883785804326e-77,3.781172335738278e-38,2.3434949917434922e-129,6.240321074445791e-10,6.135859703923501e-78,4.134909275827002e-133,0.00081497815623561,3.6125047544976606e-114,2.0703995000319398e-125,2.571056490701442e-42,8.776085724215768e-143,0.0016043528780057502,2.0865267212680695e-77,1.1926705967897782e-77,1.6725101126950421e-77,8.685927494634907e-95,3.939351828827501e-117,3.514901165716306e-80,8.549313353864513e-152,1.3984734703670996e-142,9.649224346573298e-76,0.0008925906026934945,2.9849586105955385e-43,4.005297066532757e-135,2.3053195068956038e-117,1.1831305908939085e-133,4.083216198770849e-36,1.9453480354006236e-143,4.059715795419791e-93,2.235803542051584e-128,9.778622440903515e-85,1.2331945318961281e-100,4.8126310865553184e-121,1.1136948293445321e-155,9.579444482336376e-144,3.6462483992769166e-43,5.89012820928687e-158,8.190899056930039e-98,4.4001431882435675e-43,0.0008965165830492461,8.719951171053387e-115,1.4303814982860242e-133,6.937965506681612e-90,3.997346757643687e-52,5.175252907064387e-153,1.6168507193727446e-139,6.324051796519275e-62,1.5806636114887767e-104,5.643168372141077e-160,5.857874434031411e-157,1.7403719227351933e-45,1.3359393252918469e-173,6.306405507965512e-77,1.0468821933928597e-191,1.9662767002270302e-158,0.0008750501013431759,4.819736249208087e-77,7.3858459644127145e-121,3.9322622862739315e-130,8.20944923709902e-57,5.951458384906902e-180,1.2529083091909714e-153,1.0283297830157532e-144,2.561331248580419e-182,1.5155986383250672e-159,1.4836159538986586e-180,2.5803764335579974e-168,4.419435421069551e-151,6.649131464161122e-153,4.367614677034664e-108,1.4784429703415609e-155,3.4729693372394805e-150,7.305641796178873e-41,1.5785336921822619e-18,1.6317585955183444e-173,6.054928306779143e-22,9.409279616990094e-149,1.8099372650870344e-165,1.4837862453787615e-74,3.4848745347288e-140,5.49145640054423e-153,8.949376043941904e-155,6.5177719523472056e-108,1.5479866479294994e-190,4.4704188603689595e-154,1.9280381451182468e-63,2.696755708152714e-76,1.285801434224374e-165,1.5693875176949128e-42,2.633438287681918e-144,2.1368542996591177e-78,0.0011611371284031774,1.7079672154377535e-70,3.2243680851660412e-140,1.4475987602829142e-102,1.9387154436701038e-149,1.2381247512802964e-106,1.1971436693458151e-59,4.962532605282268e-87,5.66668053941438e-81,4.877869394419067e-146,3.625066346936375e-90,2.5381624556150202e-70,7.192725600904037e-97,1.2816570621450388e-190,6.65730267584095e-110,3.432847992877168e-120,9.662032455510029e-220,9.249542832067015e-252,1.827915388877537e-186,3.021516882455939e-164,8.272937757415378e-150,2.574319819086582e-111
2.309839014918691e-32,4.583387278540468e-28,7.653279347850197e-14,5.274294120472195e-14,0.0009180757639645919,0.0009190736058457049,2.9512450226083317e-6,3.073827292002861e-21,1.5366709337890487e-9,0.00015842137468791482,1.3614335446237632e-8,4.750894190689213e-7,0.001351745139757075,0.0018422153362764326,0.004418788427051312,0.0071922339899242295,0.0017572241965850676,0.003322110570074587,0.007935039659879586,0.004244825918887058,0.006214346351804061,0.012308774850006657,0.004610795251638329,0.00750528440618138,0.01140678890831202,0.01236329855632441,0.009410606201674587,0.009516658040876,0.01304305611443901,0.016356186411916055,0.0029682779478546924,0.007411341306048679,0.002952915407866559,0.015821571918625727,0.01176610451368149,0.013286109641054745,0.01505144325390502,0.010723119604001668,0.013328504404106654,0.00517246301065436,0.010456550170755415,0.010043159225666728,0.011778970911671622,0.010886963925167178,0.011169679346843675,0.006192746353731131,0.00964093528783129,0.0003228294610277865,0.007704345527057399,0.007994468510367714,0.013054169047093068,0.01152751760439646,0.011350858906774078,0.006935737851916427,0.016069586589349098,0.020226205666431636,0.012001459292094093,0.017085220131251362,0.014886160341601734,0.015141304680208897,0.0044915028670352046,0.012810211391804681,0.00933981665467909,0.011006205739644722,0.015461127516242559,0.01119544761188744,0.014183347271131673,0.01253347749200213,0.007954920154684268,0.005812224493682473,0.008874119451472888,0.009984938885604713,0.01407416403463692,0.004624699250215928,0.007812843012856126,0.00810208695580264,0.008486065671267478,0.010948531424531996,0.009729314358043927,0.009273886262279638,0.012628100916706131,0.007493751181610898,0.007543082268099332,0.009795992372173582,0.01372588608588795,0.008111671163533066,0.008520965877343155,0.014432986369670867,0.012370946969229739,0.011117804914902989,0.008169467209494654,0.003652297026371252,0.00663685616286708,0.008454293815825971,0.005929115611978201,0.00069715025934285,0.012452219167409713,0.012240415778639189,0.00700589499968835,0.004746803607558106,0.0067253446969543626,0.009760451516339629,0.008208582247931813,0.005814706903135542,0.00559792795618529,0.006809222410156615,0.0036736532014674766,0.0073486602242542835,0.004977170269203023,0.003957915933785601,0.0031142412853571795,0.0036133166604221893,0.005643122841032619,0.007661110829410562,0.001179329684552004,0.0014410481112685145,0.004949099266403724,0.005219761488415343,0.004454968069775135,0.005202817886968239,0.002111399721679224,0.002115973561396861,0.0013099435101598873,0.0029502181721685374,0.0037377065991414187,0.0006814354822954035,0.001516669859231145,0.0037920699525701316,0.002262785049965087,0.0015926321931766401,0.004043486358818641,0.00336429924723313,9.189669645063921e-8,0.0006879223407253476,0.0007961301832651387,0.00017832228794791862,0.0014060313070325295,0.0008426562418761739,9.332057083897819e-23,0.0011446263320933673,1.583785540006681e-39,1.4928011775523273e-13,1.7674373012891424e-20,2.798710788917093e-26,0.0008061475185131762,4.107095489304874e-6,0.0005835548628530246,1.4650590002655696e-33,0.00014659067272868102,1.1904430868393386e-10,6.2637230783701794e-27,0.0008157703260031352,1.1340971012771274e-8,0.00011886779074924993,1.0958068831445119e-5,8.20167161887025e-17,2.7506812203179728e-12,2.024837001286629e-15,1.663099022109911e-26,1.3199488028313527e-11,2.351319463150333e-18,0.0010552963338252826,0.0026293270178481187,0.0003395332939280003,2.543078072745353e-12,0.00038603549377217767,0.0013781919513220847,0.0016881420908669892,3.9336762075476996e-19,0.0015273765010612548,5.2650597555170396e-15,6.930482502896725e-7,1.9839964609423506e-31,0.0006160845664462108,1.873178127864601e-12,3.093179161857238e-16,5.31135306362603e-27,2.7635755131947022e-5,4.519792238311222e-15,0.0011348991183195664,0.004416087864587506,0.0011704142607497185,0.00271092277081197,0.0011506036559646145,0.002090273702762847,0.0031312761681735555,4.0750529723151645e-9,6.703400777966958e-35,1.1374444711213838e-32,2.631781779099224e-29,7.636194984266218e-11,7.97019810770452e-33,2.1626597972276398e-36,7.111489210906576e-49,1.3813030377127316e-72,6.694857988593395e-112,4.352824076174095e-81,2.057941795322544e-28,1.2980600744374956e-18,3.796924527600598e-90
2.956471574144476e-214,2.9194912380270345e-43,1.1690900262709784e-10,6.852169988078844e-13,1.3016529920788415e-31,3.3404655413546677e-59,1.4610259725997937e-91,0.0007042018045587637,4.3569108009119435e-158,3.695568672391691e-26,4.808738187250843e-40,3.729964200159972e-47,4.841256302348609e-40,8.942217215113793e-20,0.0006304955631415001,1.9324438769875727e-9,6.780752831382635e-26,3.809019570625601e-37,1.773105161922138e-80,8.85931984989806e-48,1.8069098523432752e-88,1.2764373578849409e-31,0.0005369446949929099,4.9056196107796105e-73,9.637616390104848e-27,0.00018814118167069952,4.948798903097202e-91,0.0004744749006612369,8.426844226158518e-12,5.768256702669131e-46,9.285231015909555e-71,0.000522082180769025,0.00038627256387295636,6.029165617959668e-60,4.058598347840072e-53,3.054372968169034e-93,1.779631120730389e-27,1.4742920229599255e-78,4.170231364893815e-66,5.235115125524352e-46,1.3941533624807592e-61,7.807470749698935e-42,3.3068282226628854e-59,4.296305708992992e-23,2.6759145995653592e-47,0.0008616927262011136,0.0007393903181040261,0.0006059457316875092,2.0306669302934538e-16,0.0008218692226561278,4.6944021357271115e-79,2.73404945649735e-64,6.105097773725597e-90,4.5791462575889643e-5,2.161112799984697e-33,0.0007781649426155484,1.29658069614536e-74,2.0497212237996256e-10,0.0006796464314154379,0.0009561491268041809,3.5687861306242134e-36,3.1349059554678027e-69,8.194398129562481e-38,1.5870973207200774e-10,5.967064274093348e-12,1.0459914121507776e-46,1.6154913767169186e-84,0.00047343585579363997,2.332429510641209e-75,9.724313162106479e-28,0.0004925309419599772,6.319432652030859e-35,3.162237048371154e-14,2.771302180022797e-53,3.3637065263418767e-7,6.697503526841404e-10,1.6680814926391174e-58,3.572842634319725e-16,1.2315864887000688e-40,6.194539027647173e-51,6.08262473824979e-36,0.0005365229126399016,0.002059781389669493,2.0775383435251297e-25,3.272445194935225e-8,0.0008864443389029767,4.255729121101959e-39,2.0838295626095653e-36,0.001203402876678442,2.2206297844362942e-14,1.5008710018908764e-26,1.326287295647585e-7,1.6430601981965437e-81,7.247230568787304e-5,5.237283315518204e-12,1.4196280615684089e-35,3.793107459991371e-48,1.2844944088948686e-32,1.607246794527807e-20,0.0009311005632863109,0.0012563878727675983,5.423958233821743e-23,1.0201137060581016e-16,0.0006701385643114796,3.0494588466952575e-46,1.0798294391612616e-33,0.0019386330566828415,0.0004330540101736835,0.0014790362872673661,0.002029357613203023,0.0017514337579086154,2.5265748947750246e-15,0.000578764257356311,1.1807422096831398e-19,3.515350581450192e-10,1.9930258964728372e-23,0.0006748293249442244,1.5841662585029526e-5,2.238906299875978e-18,1.4718251664061778e-21,0.004421540000428787,0.0009143662833852257,2.4412674177952278e-17,6.229909903959388e-18,0.0017853123626679578,0.0008531422954283518,1.4198860665691893e-7,2.8106940013398634e-9,3.7222909699648045e-25,0.0009792078311744426,0.0007819755363151985,1.8385765446694697e-11,4.426471478483574e-7,3.47729576684818e-6,9.531490352925634e-7,8.254501655077691e-23,0.0015055808113404894,0.002439019051175584,0.0006073221149683534,0.00011022366390660358,6.875444784862428e-12,8.317336186096188e-12,3.692104689887642e-17,1.5538607199896558e-12,4.238044636646122e-6,5.842307648289231e-8,2.6360155166378186e-6,6.095098680288329e-6,8.356922585748794e-13,2.4166335906674124e-6,3.714252533095378e-7,0.0010008071443455742,1.531208471024001e-9,5.372021635827233e-11,2.0878036013094266e-12,9.607016070329973e-5,2.925429211447947e-9,0.00010027574697027269,5.189205389598267e-7,0.004116017665353895,2.229049312373001e-6,6.5677740183629595e-12,0.00021723870869424494,4.5986405274390514e-5,0.007488449483796875,0.0009636586752864154,3.5352504509080895e-9,0.004322061102311425,0.006718925610194308,0.009222689443825467,0.004445556170744879,0.008223666400926711,0.005838303261167773,0.0023413417341746406,2.7296164395800667e-5,0.004517530164785578,0.010219938274593452,0.014973945046926437,0.010070033443906622,0.016714114152656067,0.013790526009997377,0.025233897122429107,0.017541075868643983,0.021072456843957275,0.043807825414820305,0.035826489613549575,0.033151249696946196,0.02436371061312678,0.03221659721920316,0.019173514325734595,0.026611423123711623,0.027336500695458007,0.04229151486257014,0.04705016608254367,0.06321540145663222,0.07618474190762207,0.07021706867861739,0.07512529753622786,0.07587301652774343,0.07741740627447855
0.23245161040101217,0.06929716418140545,0.01743602207076658,0.029750834689611757,0.015873092965312363,0.0158123869767866,9.22534508031932e-6,0.005923789659837198,6.826447274158899e-7,0.0011843982730158186,1.507394867928066e-5,0.049731777773444404,0.023186935073425143,0.01423276040465389,0.022126530461351473,0.0063802998034032925,0.04368382431461131,0.0420286710730248,0.04386628618430541,0.01382015142271449,0.026899126018152798,0.00020244535107677027,0.00032076485012194606,0.005534136510802295,0.006406747458598175,0.021369111406559494,0.00040548942315277056,0.01598993257105354,0.01233326930232422,0.009650594234495451,0.01033940711287278,0.0036551804697230765,0.016115763351476697,0.014166029019276122,0.017868762744613746,0.01765373354682057,0.013451005846654335,0.002817012037829911,0.010390694615242713,0.012798603623668935,0.012744903094467705,0.01710407699971625,0.02017085141777969,0.008457342756522813,0.005992160788302602,0.007762777143355998,2.4277219076463044e-5,0.011813855325202518,0.008453820823182467,0.005002407905396553,1.9301271473181265e-14,0.0033993278593546085,0.001838637199505315,0.003594390300476497,0.003645351009724486,0.0009084102761628672,0.002633489121354633,0.0020117641815398137,1.1389019798852579e-14,1.3852802290492378e-134,0.00269980964536973,0.003610099294883019,1.6634729818246524e-14,7.520533280449915e-30,0.00016183426575032783,0.0016302316754553522,6.162829925066176e-39,0.000904489245604697,1.6263169784739757e-30,2.4334985676553363e-60,1.5564010369256262e-18,6.7918387944525e-14,3.0056716564716585e-5,2.8591735716282374e-80,3.538992554452513e-36,7.864545318151925e-30,1.9766126513461335e-10,3.359181847869924e-98,0.0013654509186818594,3.548962763223384e-138,0.0027823935011491133,0.001578063767594421,1.0790770297359644e-100,7.899447018414779e-102,0.0009026378539175871,2.835279839695023e-143,6.895735188475115e-80,8.067262253895106e-69,0.0017962239189071325,3.589255421632541e-123,9.9577405815689e-34,8.442376488251058e-98,5.5040602224653836e-179,1.8170620014584169e-34,1.599708984813411e-159,1.9305979608318946e-147,0.0008972122956261617,6.926427417520145e-167,2.7831906643860533e-21,3.4655143250991402e-137,2.8819259577617355e-89,2.0341337957427737e-63,1.1528562502777596e-117,1.5813641411916625e-152,4.107970798032433e-164,1.9557397754454108e-191,1.5399902718626203e-179,3.927395291556925e-60,4.325726491761998e-14,5.150559197596569e-93,2.411415350985163e-149,2.129369826016433e-112,2.9403889678291407e-177,4.396928383697545e-56,1.0396020155406517e-185,7.431980698548847e-149,4.967108430188965e-199,8.631719854604857e-154,1.591061657380542e-173,9.773580075382015e-179,3.725992344428414e-186,2.2389655251544013e-195,4.414354593435015e-122,3.9974312464796625e-182,1.7191810154988645e-116,3.826887244934179e-143,1.0010180625783186e-10,7.309587975807524e-112,1.4793036411126881e-177,2.0478116843603134e-113,2.224362702666321e-167,6.774490394055703e-193,7.755978021199882e-182,1.259604678061119e-147,6.038310968017096e-122,4.667609562824094e-224,4.614548633375193e-225,5.075875039627794e-128,2.4453961838439064e-234,4.940878087093495e-96,1.434031999187167e-263,7.810313431730396e-212,3.5483967220986073e-35,2.3983091697679793e-163,1.1893576110655021e-154,1.0183181440216736e-164,1.0852181769454382e-66,1.2789461272944422e-243,4.932135192974668e-198,1.6243212026758587e-182,3.291108345807823e-250,1.5354462333147154e-159,9.914351304556924e-230,5.2466842077864315e-229,5.3393104296227463e-197,3.210127474809071e-182,4.092078134215417e-179,1.3720284385465785e-157,6.197186363846801e-180,3.507400867926427e-25,0.0009043260197674544,9.090133091656787e-238,2.5957073071507732e-52,7.040105733282437e-190,1.2570340787073318e-262,4.7054934794410144e-155,5.287925599859281e-206,4.025824683521913e-189,1.0010387030385974e-230,1.050672996159826e-118,4.922238610373795e-244,4.544624980250972e-186,1.2760213255185007e-114,4.9524308643276816e-166,2.826639417963405e-230,2.224401888613163e-24,1.5937055616025465e-237,6.195752721704695e-107,6.00057116948189e-47,3.2366514700254304e-45,3.226713582015556e-166,1.4915148936066658e-189,4.072227179897695e-182,7.494663952247585e-166,1.9928706478311116e-122,2.0770315546418847e-114,1.0991945740769442e-185,2.1309097500360434e-196,7.997207530887706e-134,1.9153218485555637e-107,5.503128425318958e-211,6.534549922184097e-277,3.314621346232587e-235,4.489966243890574e-214,0.0,0.0,1.7437976155827378e-255,2.1822099428475694e-247,9.425272961204272e-216,1.785354662765102e-206
0.015423965034315703,0.01705740207572024,0.020342890805110418,0.02257120620716862,0.024021167245681648,0.021210034298142045,0.026598737108154098,0.04809772998643307,0.04124883126605231,0.033905325156288975,0.03798236558490556,0.028726411219420666,0.02346124923127909,0.028214238179695355,0.03073047983414128,0.02565796245018612,0.021669084933856074,0.017952494870236233,0.016717685235743587,0.026592045730940227,0.023308011404051737,0.015486713001846543,0.01472454232240775,0.019147786395627923,0.019002148065097865,0.015832422142513243,0.017292590012275778,0.0131024774189475,0.017396538426051145,0.015472699101239563,0.019627699017309683,0.017207615737745947,0.018642385394326843,0.017650269301647366,0.016082963622716988,0.01444273450890072,0.016368686772796327,0.01937592391189026,0.014831603419086412,0.011726678355407829,0.013461044383516313,0.016851132274946314,0.01734659800512469,0.01409393988197149,0.010148045984448137,0.004217089565813717,0.0059753304632869375,0.008823584427178515,0.0004706630409391651,0.0020812873294144313,3.2751603045035073e-6,0.0003959444267791439,6.02083048630886e-7,0.0039873907656233784,0.0007395077163777652,2.941740941029428e-5,0.001243322887753829,0.0016412531541320692,0.0017521292087926182,0.0006789206088550051,0.0030991340927861806,0.0009427234189434431,0.0010937549399298132,0.0010102126195376789,0.0007724727363507782,0.0005998407392925662,0.0020608143682742776,0.00032726879938968875,0.0016722456630557394,0.0039104834797637645,5.936751572479946e-5,0.0003703351251065962,1.5446180006943817e-5,2.5224840971950647e-7,9.055592277895384e-12,8.787135626461316e-6,0.0016285200282426047,3.9299831123181234e-5,4.755246612605042e-5,2.1399743425362364e-6,0.0002739748420229473,0.00010177143055655055,9.768591872270644e-8,2.059550240981822e-9,2.1170218388307934e-7,4.559390474232565e-7,2.157011408894835e-7,0.0005433249445615789,4.46652645186396e-13,4.863588469187478e-8,6.071661975986583e-12,0.0003742616065976798,1.3361482908700886e-10,2.628279514732312e-9,5.2864473059304825e-6,3.5528742970215194e-11,4.418147414344431e-14,1.076972561840484e-9,1.873007885949191e-12,1.8724217465723976e-7,2.407661564346075e-8,1.080798785005436e-6,4.634160892568176e-12,6.474070798749001e-21,5.362612285877017e-11,2.90708417265683e-19,3.4861485230574298e-16,4.096252701468838e-6,1.465680936644133e-14,2.4778113466193736e-11,4.1494407342482737e-17,1.1768764606032336e-14,4.6630471003768764e-14,6.949007551422032e-7,1.444106385744114e-17,1.3230955444675962e-20,3.759187582566667e-11,7.405884345388444e-26,1.0422410749961776e-16,2.3371544098332578e-26,1.8683523318548826e-14,1.0158857320757145e-15,4.4929784910849965e-17,4.39843781334576e-24,3.5777376630883557e-26,6.730825707213278e-22,1.8417140345652926e-12,4.758203502352445e-20,9.276713805410602e-12,4.017184628515791e-21,5.692789509028268e-24,2.5147937326027586e-22,1.0060178442743785e-12,5.970191122207767e-10,8.201271255532671e-30,5.95731065070889e-34,6.326555928563623e-22,3.7285163855298766e-37,0.0004917453083050059,2.167595019147971e-30,5.457519011923348e-41,0.00035618720118443006,1.6108198379223955e-34,1.0897287905771238e-63,5.808960235062065e-23,4.946970396343159e-13,8.236883227878698e-19,4.4183089246253547e-32,1.6340114154023824e-19,0.0005699028934189512,2.614887995256012e-40,4.672087736238029e-13,0.00019934057395501784,3.6515021001128275e-18,1.2901262025421248e-14,0.000490079973553931,1.2246304618127083e-14,1.5178307574769924e-25,2.763198631067839e-21,0.0003908928454910085,0.00016588763584260421,3.706000394650715e-20,6.550405854359196e-5,5.459956946033662e-15,2.8535031773160204e-37,7.90519239875361e-40,0.00030299651366242795,3.356849851954164e-16,4.38967380709554e-49,9.38011886514119e-12,2.4973020920310593e-29,0.001656174041362495,3.1377036483492354e-37,0.0007800217414935021,5.222178933794565e-5,0.000935216002859305,5.239826137861308e-25,0.00035008531785173677,5.1405945050369045e-23,0.0010083215809613623,2.565287399163129e-9,0.0014523206461396318,0.0017850250608183902,0.0010833592426464814,5.473037295808386e-22,1.1363129814396087e-12,4.374927378377253e-30,2.515704405733762e-41,5.471685212125498e-20,3.716688795931342e-43,4.547449496837777e-31,1.1803054177151647e-33,1.8216446548544242e-55,1.0722477762209942e-82,3.82545241560118e-93,4.8592475500946964e-138,2.0556156777865483e-84,5.405118311080042e-5,5.887377562836836e-44,1.946278080401511e-110
1.1987846318265575e-203,1.137850451979627e-48,2.324943466225765e-16,8.207695126042667e-98,0.0003476696756191711,0.00019420700506252536,4.538131693738321e-65,2.658967610210505e-64,2.9560550780536004e-103,8.378259303338076e-41,7.253913143999422e-60,0.00020161890662938168,9.170030082875362e-37,8.32298349600066e-12,2.2406950558880927e-28,1.0967290369794223e-20,3.739068411375373e-42,6.547067257822071e-24,4.352752506245796e-31,2.5360095813930876e-11,0.00045982849219890475,0.0007758389463722421,5.709532701207882e-14,1.6361139383605768e-52,6.907890284415505e-52,1.1758803376803011e-30,0.0009250613785790925,0.00037486364799359115,1.0010392475023322e-30,3.081185983373529e-5,0.000757562766826468,4.161850650526997e-24,0.0008937845137213148,0.0004369829420559285,4.0847327470221985e-27,0.0005818527548074884,0.00024329356048405606,8.102991041846251e-21,6.355906764939842e-23,0.001716741364278467,0.00020684349035736982,4.038457674577931e-19,1.7954062496527658e-16,0.00017905489195204128,6.932232114779356e-5,0.0014616224143406576,0.0012584816866382225,0.000846135285730937,2.742606808556986e-28,0.00018217236750714576,0.0003755491636051619,0.0009603417979751498,0.0009607727394439343,0.0005326641452890816,0.00035503502925404007,0.0007277931481072196,0.0007413096292341192,0.00047005023467438,0.00017405492522396446,0.0015272430520388229,0.0005479643495456126,0.0014334382349678791,0.0018049218956027854,0.002023550213003408,0.003152046335519394,0.0016712175034587252,0.002231764951307983,0.0012310591072077495,0.001973071306758456,0.002926364727942279,0.0019914867898955255,0.0010803511570442194,0.00040590092804029023,0.0017813256127378896,0.0019479501907888768,0.0030978883353796932,0.0006831964036806102,0.0036851898535271827,0.0042661103552769095,0.002403273612882593,0.0014662823206904314,0.0030304621640014763,0.002753872911921684,0.003082520122813587,0.0023996958860131546,0.002865675325629896,0.0021985870373150526,0.002173760411684133,0.0036406575761401697,0.004910473165699774,0.004614084923451053,0.004701920381378701,0.003508829356767009,0.004217978393713538,0.005188310676418616,0.006938915022387059,0.007326924212036808,0.004659138215431025,0.007078534521751704,0.0037181136177790734,0.006928953729862314,0.007268715836697545,0.005872891458078787,0.0072930973312332675,0.008740330889622634,0.008129334263044796,0.011320545174743187,0.010225263890479381,0.00808327866412764,0.01070188512717127,0.007639461962626289,0.009036434059211592,0.011074252784357235,0.009888962090312156,0.009829224863587827,0.013281654631476097,0.010066007432700193,0.013807527656546534,0.013729022026664624,0.014317542924050918,0.012727712138776754,0.014422472249082281,0.01521111398343754,0.020236599404679815,0.013552782464512666,0.01687260193534703,0.020144020288787454,0.01868190900472344,0.017808495180722847,0.018052976969907236,0.017743830210822313,0.016490381270744932,0.020103235618069974,0.02021880340140894,0.023329436250011704,0.023089735739859306,0.020929634005835324,0.020375463135416924,0.023011608408820407,0.024011108909047753,0.02103266150106884,0.018362450434033693,0.020543748542987024,0.016586196153772704,0.019222956205622876,0.01687983253974067,0.014404579791586129,0.01745168290875944,0.018892663174612537,0.016545613966736726,0.013572226814164971,0.008713584181261932,0.010975191604965335,0.013528195552399284,0.007928267785143394,0.005543994444126297,0.0052960287549104965,0.006524294226358205,0.0030662921692957996,0.002373568268237824,0.0029532074390823827,0.001373495185773702,0.0013954122234691802,0.0010332612217181087,0.0014221161253119047,0.002672155319831328,0.0005152550339484205,0.0018930742687995224,2.0906136475062606e-7,1.661317424275056e-5,5.9719741564722676e-5,0.0005073410993573789,7.903501014374933e-14,0.0011325743593537825,0.0022508458542599722,0.0013149241647983645,0.0012704740199798667,0.0021842240100666812,0.0011391724736858665,0.0011784138098362195,0.0007175496011640998,0.0005743605575963657,0.0007569298565376596,0.0009686341321787354,1.5346636640574096e-5,0.0002664256854853737,1.9963012934914813e-20,2.836293233561171e-7,7.418032271477742e-8,1.82230316762368e-18,1.7486475358574087e-6,0.0009124497968258833,5.7097988399435896e-12,1.9329430286389758e-11,1.1807254260926518e-13,2.495657282268531e-65,1.6983497509826784e-64,1.2743564525200908e-50,1.8996634346593722e-35,1.3695588519788894e-71
0.0004776404848315221,0.007056845095364062,0.003111839535832756,0.004918894320738675,0.005803137549922867,0.0064849433135562825,0.006580277098059846,0.007160100717151323,0.012056907760428708,0.01796773436429925,0.009663203159179415,0.008831369818718704,0.012886407110392639,0.012801877017354132,0.01617179823476443,0.015494759878966362,0.01767904887365885,0.017249493845726584,0.013281566802107465,0.016228570232733885,0.015257019841560072,0.014190097550928212,0.014750774697170461,0.014068816805234481,0.010757412554845589,0.015386678739747035,0.01656346319973065,0.015739067153851302,0.014685531306748302,0.01853277616325177,0.016109758163265164,0.014962725456841288,0.018585616775540128,0.01924753030875573,0.01458228310012811,0.014690941275698798,0.016939406608969147,0.015733504202553462,0.01604445987352583,0.013154281240002364,0.016925571289317362,0.016985460621025156,0.014895869274611506,0.020257439626310065,0.017398002942088268,0.012767211100986223,0.016645337914902636,0.011121312040579595,0.01340190001188246,0.00958672051369128,0.01083194681501186,0.01479261841462054,0.0113306764129814,0.013424160830537924,0.013357956223800798,0.011158745569555933,0.012518626899816747,0.011296757253600345,0.008439867515056942,0.010754281987296326,0.008133973244476527,0.007591636083662817,0.006085866144224549,0.009978069790731355,0.008142955996847279,0.012127611739699071,0.00894233618556679,0.010388587380074315,0.004763600571331255,0.0014179447509657865,0.008356900539262265,0.005143662103628252,0.007213532359241116,0.005835141554701795,0.005820363968686948,0.004134324429155788,0.0059382786311917195,0.002638391392667168,0.001862884934070075,0.004088569921105376,0.007568971140645795,0.0014617726778340474,0.0017705238660490183,0.005133076204928539,0.0034451130661960674,0.0041195568639212764,0.004990779509833384,0.00466707074183202,0.000670811947603612,0.0033266411427584673,0.004288888160664583,0.002079018644706154,0.0006169919517880522,0.0023977653649309974,0.0003850225708092802,5.1176594287238404e-5,0.002987316785088324,0.0015747769865035847,0.0013017602061556023,0.0019329452652665376,0.0002131842181924332,0.0006938169130546332,3.925567079142277e-9,1.6051804129070177e-10,4.5584629960736835e-8,2.554678757199408e-5,6.910218293314601e-11,3.530116653254724e-5,3.126293334320868e-6,5.788212703754204e-5,0.0015582915641430169,0.0004993913308365816,0.001165019651764991,6.246436937163861e-6,1.3283105711715623e-11,1.096436911217108e-5,2.7279040025027422e-11,6.411308129173607e-5,7.84037544927686e-10,0.000821271655016534,0.0005277173402910285,7.025333598814119e-13,1.9116325486869262e-17,2.638366102111388e-19,1.963255719272485e-20,0.0006701655532817648,3.889725981060458e-15,1.8588529526902587e-19,0.0007017731031857113,0.00030849661645099264,2.216729083572732e-22,2.409696099338032e-26,2.6992179890544415e-24,1.0928167267319214e-30,4.310535589330308e-25,1.8092301992694004e-26,0.00034069141960453033,7.20669101555472e-24,1.7495404777482064e-19,5.956447510769764e-15,2.4271319004738208e-24,1.0285068613542853e-20,1.1374899083823124e-15,9.53220462921825e-31,1.7708231824071189e-34,3.05530545904904e-23,1.3040730619782425e-29,2.718294628627775e-7,2.5442251633952277e-6,0.0008366520107809034,0.00022724017586004614,4.9573565627128244e-14,0.0002261082974664373,0.0013992851822719188,1.1992392751149702e-10,2.604587520788015e-9,4.686292824393666e-31,2.9458877612791026e-36,0.0006199634930610907,0.0006111858922212413,0.0010477209458837752,0.00046296449655937295,0.0011251837006750766,0.0006425682830192665,1.3035371787763769e-44,0.0004670147928576518,0.0003615196554091579,1.6554720926355212e-20,1.544714974147199e-39,0.0009383692975713053,0.0010186674916739574,5.857529321682335e-7,0.0006277264068869647,1.5185324702306686e-33,0.0015406230724219437,5.638779682598957e-10,0.0015959585812861288,7.005330138968904e-11,3.924120842851176e-6,3.767068611472842e-8,0.0011515615227690402,0.0008440340420146075,7.729753196612664e-5,0.0016814313353453053,1.8928925513587146e-10,0.0008318920608642764,1.3098587533844738e-19,0.000660972214723194,4.535669958412656e-18,5.181007008727516e-30,4.978149301249691e-59,2.2995164771538045e-10,4.037957038562761e-58,1.0296113168976089e-51,9.970115080344422e-120,9.017401207089305e-133,4.5981973094532515e-124,0.0001400070439186071,5.43068858555483e-51,8.358682343280298e-66
1.0,0.0,0.0,0.0,0.0,0.0,0.0,0.0,0.0,0.0
0.013898255,0.015576042,0.019582078,0.056827404,0.03825873,0.011350848,0.0129997255,0.008310733,0.012048261,0.107493535,0.050297953,0.022591194,0.014365147,0.021103526,0.13188522,0.021716341,0.015719023,0.09923283,0.020377994,0.04036873,0.013190058,0.026338315,0.017068071,0.048846807,0.030054437,0.024610545,0.021468189,0.05275954,0.030357374,0.012823145,0.020624384,0.023675371,0.05537081,0.017830506,0.018372461,0.012261398,0.06941456,0.024451949,0.026899602,0.06272161,0.016000317,0.03383655,0.022986375,0.02848639,0.010488911,0.017623104,0.03961037,0.021220215,0.019137375,0.01586508,0.0313063,0.02670505,0.027561024,0.025429977,0.014515253,0.008944725,0.011602346,0.07919206,0.009540718,0.018914653,0.016704584,0.04116697,0.054004148,0.0370482,0.020048924,0.07403682,0.024294324,0.0376782,0.011808495,0.017420072,0.032322474,0.022848606,0.012651663,0.020990167,0.0075554936,0.065723665,0.025257178,0.03892851,0.029256048,0.036515754,0.025092743,0.010757845,0.017935997,0.019031068,0.017523602,0.356387,0.060535397,0.015425447,0.027991654,0.04198601,0.021966329,0.035522163,0.018036278,0.015121261,0.01925043,0.024126854,0.027335955,0.021344505,0.17789498,0.034242824,0.019699372,0.22020666,0.023826227,0.014666965,0.14066811,0.25379297,0.036010917,0.1517142,0.014048998,0.02086794,0.31782895,0.1230433,0.018258488,0.031612813,0.011038312,0.03507093,0.014207817,0.02900167,0.022450909,0.02271755,0.022206532,0.51795787,0.025958728,0.04292442,0.020158123,0.02652738,0.030971685,0.01993392,0.27358168,0.026152607,0.018813197,0.025781792,0.2932367,0.046139915,0.03305115,0.05853828,0.005473571,0.02396677,0.023530172,0.016567482,0.044938706,0.020271592,0.032672666,0.020749163,0.02560712,0.02477635,0.016295364,0.41430968,0.023248063,0.0181449,0.023390288,0.017719856,0.015272662,0.018586848,0.028754164,0.023110146,0.028257258,0.021843407,0.16473797,0.02233297,0.016428426,0.031961657,0.027108675,0.091383524,0.021595107,0.018474363,0.022084942,0.19193928,0.014964803,0.017309036,0.010073273,0.020505741,0.20419541,0.027762525,0.029768731,0.05155986,0.047404356,0.11533433,0.018697884,0.01935612,0.012469486,0.013376439,0.016954646,0.08521135,0.030638557,0.013566387,0.017191932,0.019812059,0.016157085,0.029498901,0.024930047,0.23550291,0.043846436,0.033424933,0.0066912835,0.013734027,0.016836632,0.03463898,0.019469738,0.014809723
0.41430968:199,0.028257258:127,0.065723665:175,0.013566387:22,0.018586848:60,0.018474363:59,0.018697884:61,0.025429977:113,0.032322474:141,0.008944725:5,0.020048924:73,0.31782895:197,0.02848639:128,0.020505741:77,0.03961037:156,0.056827404:171,0.030638557:136,0.034242824:146,0.05275954:168,0.022986375:97,0.027991654:126,0.005473571:1,0.014515253:28,0.017191932:47,0.02271755:95,0.03507093:148,0.033424933:144,0.021468189:85,0.019031068:64,0.0181449:56,0.030971685:137,0.021966329:89,0.018372461:58,0.010488911:8,0.030357374:135,0.011602346:12,0.023826227:103,0.017935997:54,0.07919206:178,0.01586508:37,0.19193928:190,0.023530172:101,0.03305115:143,0.016000317:38,0.017309036:48,0.026338315:118,0.009540718:6,0.017420072:49,0.021716341:87,0.027335955:123,0.012469486:16,0.012048261:14,0.02652738:119,0.03383655:145,0.013190058:20,0.11533433:183,0.023390288:100,0.011038312:10,0.024294324:106,0.012823145:18,0.048846807:165,0.13188522:185,0.024451949:107,0.2932367:196,0.021595107:86,0.019812059:71,0.27358168:195,0.02477635:109,0.017068071:46,0.03892851:155,0.031961657:140,0.04198601:159,0.016157085:39,0.027561024:124,0.029768731:133,0.09923283:181,0.0129997255:19,0.032672666:142,0.036515754:151,0.044938706:162,0.05853828:172,0.017623104:51,0.018036278:55,0.025958728:116,0.021220215:83,0.030054437:134,0.1230433:184,0.015121261:32,0.014666965:29,0.021344505:84,0.020624384:78,0.016704584:43,0.14066811:186,0.015272662:33,0.01935612:67,0.010073273:7,0.019469738:68,0.356387:198,0.013376439:21,0.107493535:182,0.029256048:131,0.02900167:130,0.013898255:24,0.51795787:200,0.016295364:40,0.022848606:96,0.016836632:44,0.08521135:179,0.05537081:170,0.028754164:129,0.021843407:88,0.015719023:36,0.023248063:99,0.02396677:104,0.035522163:149,0.02560712:114,0.027108675:122,0.25379297:194,0.027762525:125,0.04116697:158,0.015576042:35,0.036010917:150,0.02086794:80,0.024126854:105,0.04036873:157,0.025092743:111,0.020749163:79,0.014365147:27,0.03463898:147,0.019582078:69,0.016428426:41,0.022450909:93,0.019699372:70,0.010757845:9,0.0376782:153,0.026152607:117,0.023675371:102,0.20419541:191,0.06272161:174,0.024610545:108,0.0066912835:2,0.014207817:26,0.01925043:66,0.054004148:169,0.022591194:94,0.019137375:65,0.060535397:173,0.029498901:132,0.01993392:72,0.020271592:75,0.025781792:115,0.011808495:13,0.05155986:167,0.022206532:91,0.022084942:90,0.043846436:161,0.091383524:180,0.018914653:63,0.017719856:52,0.02233297:92,0.016954646:45,0.06941456:176,0.021103526:82,0.014809723:30,0.024930047:110,0.017523602:50,0.020377994:76,0.1517142:187,0.012261398:15,0.07403682:177,0.031612813:139,0.018258488:57,0.03825873:154,0.014964803:31,0.025257178:112,0.16473797:188,0.012651663:17,0.020990167:81,0.016567482:42,0.013734027:23,0.015425447:34,0.011350848:11,0.04292442:160,0.0075554936:3,0.014048998:25,0.23550291:193,0.047404356:164,0.0313063:138,0.018813197:62,0.026899602:121,0.050297953:166,0.008310733:4,0.0370482:152,0.023110146:98,0.017830506:53,0.02670505:120,0.17789498:189,0.22020666:192,0.020158123:74,0.046139915:163
