40
0.07883228182200575,0.028176011704765927,0.046388580387386455,0.007056967839465772,0.01653293830701336,0.09550417156313322,0.005558797335077293,0.0013267246045302978,0.026996768369040462,7.39643066198909e-5,0.12915240658647137,0.030538906997133304,0.013396917326181153,0.027086230340861873,0.02519884416589564,0.004673850620479342,6.71910940904397e-5,0.02877829069256478,0.027594608323588607,1.9049887653806521e-6,0.010285541726648856,2.2380878046540937e-6,0.1977279014637008,0.0020217185717927182,0.005400953083140196,0.00616797116969143,0.0001910733435827494,0.010561449166444765,0.006150018610352681,0.035889113990310875,0.03273901799085855,0.020343794676009615,0.010366983116865874,0.0015170467160116024,0.0391056297923962,0.004671056493055172,0.0032247627133502117,0.0002632663107850908,0.00986489164539568,0.010569213956732049
0.01552165730662249,0.0222081396225932,0.002052913023206223,0.014288611278313112,0.0019715905656989274,0.008269978204709916,0.20580138248032398,0.000680592032579494,0.004080515693937367,0.0005051923347190504,0.050607493282774425,0.008684160793470966,0.07775623023562937,0.001297154398289919,0.00693099690711483,0.030882336528968712,5.935347921128304e-5,0.011834888692215594,0.1299008799960864,5.674259595583298e-7,0.0005282509808435304,1.5247934094522483e-7,0.01738249126813771,0.019327864789820747,0.008491442675498647,0.021510118739022182,0.0026258450125456524,0.0032636635297143136,0.10352778754012838,0.06846591825825081,0.0014193201922130991,0.0047064299586070946,0.0035554107784165814,0.0030536395893936063,0.02136634921160523,0.06625909094497401,0.0003474978977883684,0.04197936592296051,0.016859904794932472,0.001994821153381304
0.00485624032618138,0.0012742619485763768,0.001998845772720274,0.005385534865010061,0.020937425940569708,0.03988477198953048,0.02339596047694025,0.0005468534592033054,0.009547916864131008,0.00027875774771657835,0.0023569822325772496,0.0019763502109164527,0.052084139234926136,0.0006834715854479427,0.03772046123381079,0.004022792853621833,0.0005811010190077961,0.052008843891328094,0.0009572123600406065,1.0627837196163485e-6,0.002154526758307503,5.051741614785454e-7,0.056028613600372076,0.0003060981905834478,0.1317315369341388,0.012824588552675318,0.003952389643521897,0.007390294884689076,0.010854827580148519,0.003613817669364049,0.06279824672296884,0.15639005737319248,5.976050799369392e-5,0.0006336913239608788,0.0004447911119429623,0.0006902962163800312,4.5526204894894384e-5,0.24570046895247322,0.020171425367898645,0.023709550434356214
0.02476225466556742,0.0004271581124968135,0.01624088600602881,0.015031161986612853,0.00024354227164111706,0.0006716208050172921,0.04144553384002707,0.0011347354954126146,0.01428278501907896,0.0414466014855059,0.0009723433719020485,0.0073896149755847025,0.2623865272408935,0.0034870903154357166,0.005001132428992062,0.0034166835251902023,9.441466873523218e-5,0.021467116330217324,0.009292848259527147,1.053962440749529e-6,9.92047993697754e-7,2.1190965655902713e-6,0.006150275076519271,0.021928370157135616,0.0024550571102596105,0.14305081606706027,0.009411340974452965,0.0052569100504965,0.07395180612830289,0.08956789530314921,0.030085573969587564,0.011001933008673904,0.02766475745524084,0.0006084582814065941,0.0037855827418046203,0.04207770810883751,0.0006717244065217961,0.039204808399556784,0.015003429297249612,0.008925337552877605
0.001731111764692745,0.004441894407271977,0.045690921308949396,0.0060168322096271695,0.03460226784536914,0.057117607708684924,0.013828616272682937,0.0002902471557564455,0.01331261231588178,0.0023005613035218227,0.07494265361203375,0.0312903708419916,0.0031065634036518,0.01947210179588453,0.019791064971124296,0.02381415145625549,0.00018773879930747344,0.02374040412962055,0.04532018826761435,1.1653507383919728e-5,0.025767094120654817,1.03823835855897e-6,0.0015749639187064666,0.001409577253977196,0.0042305652088014956,0.15359229112882714,0.0175996569052925,0.02153748670756118,0.049786379242641295,0.026801063089195852,0.035164571284623754,0.028710087058030763,0.05436454007226799,0.006776596231609392,0.07225378004092002,0.03820782733867407,0.012992974260833507,0.006024952884925582,0.021023702862941245,0.0011712890738511837
0.019607736616867336,0.071500804294495,0.0005290622869665089,0.01172188344712185,0.024522151613337845,0.05223770747746723,0.03314415182215411,0.0028636816916673283,0.009533033919231257,7.700001376524318e-5,0.08360374202933957,0.0494573989963822,0.0827758131016479,0.0015411635511909864,0.01473905468302806,0.014243836157719358,0.0003873618119311849,0.011000518409309615,0.0017895018491086376,6.038012065745585e-7,0.051241096392585436,9.438775505416121e-8,0.08530035917112372,0.002365070727126034,0.10806579801327297,0.02480497316947704,0.0016707689014910975,0.0017340601466656357,0.01144554477156302,0.004831461456213495,0.014156651651959678,0.08139250995522501,0.011322897143930415,0.00018552178446612974,0.01876282648573961,0.04278244132271376,3.6690766931752876e-5,0.010940218755433231,0.01369617054239495,0.029988636879994056
0.00020647016165290994,8.385788291944968e-5,0.0002585119290781676,0.00046583043472430146,0.0002612458923024793,6.881502958938907e-5,0.06507885271735818,2.9596426352460594e-6,0.04765389466869835,0.005395202356929443,0.00030056481310444675,0.0021520102502534688,0.0019838651339794317,0.013604849441901462,0.0005785499399410337,0.0008254731240056411,5.343954977993907e-7,9.711907737929835e-5,0.0010692572539737063,2.0247424606475275e-8,7.868368667618448e-6,3.8736308850182533e-7,0.0006472204968816615,0.0010035638716851595,2.8870842890832146e-5,0.03764163392358953,0.0006701268436759437,8.269069693474553e-5,0.14219220346542646,0.2641760938897485,0.00035373798466542495,0.00032820133717263803,0.0003122803865165865,0.0004728077918145431,0.0002788109122622364,0.40392358721750293,0.0007839343112470404,0.0005810090467374135,0.000499898308329382,0.005927188547814211
0.014633238682602075,0.0006365336021711274,0.0010499858994321258,0.0004446380029220887,0.013533449567849668,0.00041449279333680123,0.0022281581987650487,0.04199573045584661,0.0015084597753990238,3.4821553523199823e-7,0.00042035009818633726,0.0008618865608222557,0.001287538667361664,0.32068593662448014,0.0006730240782993197,0.0004660953990086387,0.4914607523569448,0.001017854234395599,0.0009115144903794745,1.3756691391777367e-9,0.06670958441333871,4.717656621115837e-8,0.0018718252599564883,0.004706818241170572,0.0027166901500370808,0.0006706220064927546,7.268633836934184e-7,0.009250326654739238,0.0006252296741090156,0.0002480618557207095,0.002605730121374514,0.002737748497010087,0.0016914152230804527,0.0061265764649226844,0.003773535586977601,5.993450163203879e-5,1.6495119391298047e-5,0.0006873742323260124,0.0011095655876906647,0.00016170329067296307
0.0008519763399302122,1.0132721252061238e-5,0.008884053851119926,0.0005538309821308332,0.000422135394652988,0.0029839871910576623,0.0003326224039021633,0.00020741961114137473,0.014137500269524407,0.0005004059702140235,8.99403120218108e-6,0.09505876082332751,0.7085335294904637,0.00020943877204074394,0.009613044451487302,0.002114504102457239,1.438325496776823e-5,0.005382275822773104,0.007929682073422194,6.396042718135449e-7,9.816317172564927e-6,4.786461990398196e-5,0.0009214547495315276,8.758511022380274e-5,1.1729881409894521e-5,0.009500630352043292,0.0010505479100320462,0.00035073265840075495,0.00945983866352836,0.0019521855854446484,0.00446350580273793,0.0025452196446524534,0.0015006678995434697,0.0076294787013972375,0.0005111322861032781,0.03115577484421434,0.002339847474819281,0.044575319683881336,0.018792973176714304,0.005344377476906154
8.280434029722002e-7,2.4047707939820455e-10,3.176419960635674e-5,2.3269131503235758e-15,2.1626583415646133e-8,1.2876814434209818e-6,5.029526972498727e-18,2.504216421815303e-7,1.2150908181588468e-16,0.5160013377467217,3.262056764960741e-11,0.0009480248316475007,0.007769716463874459,1.823118852285387e-5,0.0006635613273819174,1.2729637644098189e-5,1.0799710960433065e-9,0.000727904137138084,5.7036016649750066e-11,0.46446682724798516,2.432846837068832e-11,0.008901793906999954,0.00021724804706928696,1.6960574452440176e-9,2.1687360727885034e-9,2.2836149822830354e-24,5.659933793556518e-8,1.0811079680870494e-8,4.151796761751191e-19,9.246820863839829e-22,8.463198122281259e-5,8.896032602726612e-6,4.352466846902705e-11,3.245916509673847e-17,1.6786952014215066e-6,4.242503225633643e-22,1.483608126872114e-10,3.878674419348917e-5,0.000104117046811685,2.9009077204960036e-7
0.012430453463569743,0.02740218636033488,0.001128218167203948,0.015624524446272244,0.004352245097113278,0.006176577761789681,0.2326145451146905,5.980079931367395e-5,0.031311356450192784,6.029577279828177e-5,0.0037092747997234552,0.007579770471146256,0.017341885797704907,0.008059618306095471,0.0017758683082104564,0.009975152246997902,4.016910055893211e-5,0.008655183891539384,0.07217225324284526,3.889061068799273e-7,0.011559281351064397,2.847393640238027e-7,0.021547452845235807,0.009381921831845852,0.015172129592396486,0.09465581235772247,0.005317215637014532,0.0050174073657293814,0.12073055796408623,0.1377519173403984,0.02366380684164153,0.01960266168410019,0.005930901578874778,0.005375966767341537,0.0025325695406027628,0.033284132956126415,0.0005647660301143663,0.011554691707864651,0.013311741260720822,0.002575012103547342
0.011362798108198706,0.0023812902523863704,0.05186964365891474,0.0007405245625917442,0.006895583532735535,0.0035968583232216123,0.0009868034246725518,0.001856680335542797,0.007300806553514779,2.95303299361419e-5,0.003509383903091175,0.01204304970018669,0.5937383142570868,0.0004011686929914025,0.047166694540012176,0.015193721164901228,0.001101236914807729,0.037205125482796295,0.0008248576302360166,2.3475338969800325e-6,0.002121955500281357,8.819616075511192e-8,0.0028101461324960613,0.000422026260610255,0.004544110891057955,0.002167605116038507,6.112057979154757e-5,0.0071114099792212145,0.0006878647319160727,0.000990598022480292,0.036209709614510935,0.0245266696118897,0.007744967470324348,3.2182048757152935e-5,0.057918802946441215,0.006030239627916587,0.0003243491922384615,0.03596605274876764,0.001177821347994528,0.010945861079384061
0.002668199969280342,0.0038862656347682612,0.027779463533450115,0.000921320526156053,0.005687825844316387,0.028207132234181777,0.002283818942782062,0.0008209469113120822,0.0009220707644577165,3.32927044521476e-6,0.003971760999730617,0.027460147391221056,0.5448503591640281,8.977009196555644e-5,0.04341930036752733,0.0220890917257025,0.0006563976459235854,0.0015810757652149666,0.005405384583563223,4.293860457662029e-7,0.0003089929144080804,2.723889042433726e-7,0.0167740323630531,0.00011623986424224444,0.010582803099117504,0.0013349044073375205,3.990701070620369e-5,0.0019220403570311992,0.00010502567428806907,0.00027434355378969804,0.015795659252070333,0.03565885872983983,0.0036205529051074005,1.1960867860115733e-5,0.03375186455587486,0.0005979792927743785,0.00010336695181626201,0.10922329235919227,0.04651177279474222,0.0005620399057717793
0.00011484079433797314,3.710674099650896e-5,0.00010410639269680171,0.0001437019284670271,1.9365345877850027e-5,1.109871173433298e-5,0.00013418902744802988,0.022640893903544995,2.5622595676133354e-5,0.00636013471879731,0.00030165612491439374,5.650140481075664e-6,4.834521936531593e-5,0.5036746083127012,9.719693003208065e-5,1.0837511085817447e-5,0.08433896549686234,1.9054888576710728e-6,0.00016704205646702025,2.7220480217285628e-5,0.0008755025850852733,0.004100441365997827,9.031426887221611e-5,0.31240127945250584,0.00011087432086330326,2.767707055851965e-5,0.001842534569174468,8.126222758625644e-5,0.012287503632094372,0.00014242001140939628,1.1826419458383632e-5,4.665954535528514e-5,0.00015135783029239874,0.002891337375574178,3.914192877127241e-6,3.2124385655181814e-5,0.029289021403496745,4.490756042400431e-5,1.362035164842501e-6,0.017303191826993292
0.10225019600454359,0.004896882444501646,0.13477196279499712,0.0020595216304548003,0.008727947733816927,0.008808391995426618,0.002181602281619177,2.1880643751959394e-5,0.0006258727949273647,5.109700449540014e-5,0.00534029931724523,0.01911196298104699,0.04504516905436048,0.004088326741379993,0.044300679851338294,0.0030986806164810957,0.0021281438790639114,0.08059795770743584,0.026178263912525725,1.7132439289841018e-7,0.010026594482350604,6.238353680442725e-8,0.067078684028445,0.001766445099549886,0.16119814617159448,0.0005947288176987781,0.0025603933427863885,0.007592461355486201,0.004371567104885563,0.0005868083930709831,0.017895186066531576,0.13762279453021886,0.017792859752870288,0.0010795104057334552,0.0001936035035556312,0.008471256776906959,0.00043453058262500225,0.05279747081518872,0.012049217904575204,0.0016026677685845626
0.05243200774071337,0.014832313782796635,0.013618514837558484,0.004084152067350665,0.009422612858342302,0.07572362113362091,0.002890371960975915,0.0024267654484046467,0.001957578321522162,0.0002989592554961671,0.07115042680676045,0.004126387197816296,0.1842790634249083,0.002601369685384109,0.006246898715290637,0.021982033098587594,0.00014887695365413506,0.012479433117482015,0.004603575342855126,3.1465410523398697e-7,0.009735969465723202,2.165932400555435e-7,0.012611647176666265,0.0016656259200220763,0.1376292501057653,0.013165744452577784,3.5301819748224115e-5,0.0022087632709616935,0.02030251823307668,0.01017844688174038,0.16217766730519423,0.037237379664991466,0.0010372626336681606,0.00023062181347337332,0.0057407819752959225,0.022301982430197924,0.0010519766917237927,0.06504807071369928,0.010581725431468292,0.0017537710171408082
2.75627127856822e-6,8.37196448298061e-5,1.6140960552381803e-6,0.001523171421114763,0.0005144203990857912,1.4368735407490083e-6,0.0018541065290862532,0.0027825979210460952,0.0002924346234821383,0.03255609315627901,0.00046974711918812846,1.5223572074088983e-8,1.1864873145568101e-7,0.19779317122503007,8.22169077128839e-7,4.839431994235932e-8,0.6019229483242753,1.1233365403467649e-7,0.00010604699365984842,0.0002256776940768338,0.006704380252999263,0.0009819982123879438,1.7571762867693095e-6,0.00393976542715503,2.3734998144302417e-5,0.0004345744415803405,0.001634976172697043,0.0004882435413676709,0.003606520788436893,0.0012347837357168945,2.708737019413888e-6,5.6422492578678125e-8,2.4500996836448997e-5,0.007043795403522356,2.126955683503261e-6,2.4996327755189487e-5,0.06704535660457596,2.176231199357443e-6,4.0075486216968306e-8,0.06667244843727353
0.06896015384323388,0.006046113410864899,0.11847983670910146,0.0010697755820446248,0.010280031256754859,0.09036314149704949,0.014686070964822244,0.0007315015468998862,0.00033638946819309967,1.3572034305751722e-7,0.02139571542107822,0.02662312880963218,0.27158561723762265,0.000971411865138467,0.02621402235468698,0.0031333583304967764,0.0006844056105442119,0.008340164046022213,0.018815415071426287,7.372305498502143e-7,0.0059048439281872344,5.916416252069944e-7,0.026126578766394508,0.0023505456980931687,0.04259770533239441,0.022869217154242324,0.0003127503853150686,0.002716130854687348,0.0033680070767510032,0.0010685898685674773,0.050323763090115485,0.029026938790845898,0.0007954551889897681,9.578125166484193e-5,0.012044008929387177,0.009892562094307117,0.0006610663265744087,0.0986694342546508,0.0004474115839437705,0.002011491806757502
0.030317468010217632,0.0035129462379212724,0.02447902207286775,0.0011890178747424895,0.000785582505581844,0.0012354402703853103,0.011270887900307123,0.00021460354612505623,0.011704271685794774,0.00014002047472704032,0.006163182456303891,0.25874505341032233,0.19746088714249949,0.002097357750634561,0.007393289063157699,0.02273443987450132,6.110220674681327e-5,0.03195321245235847,0.01222856370397765,2.9590452987475466e-6,0.00011610352236850095,8.405081908587127e-7,0.00290986703745774,0.011449882064715413,0.007857492769458498,0.01190427696076912,0.0004553604891807936,0.0010294610429279968,0.006327694335513847,0.004020009481487338,0.0193260502522508,0.021969217622554035,0.003784453111000279,0.002145081489879045,0.05155239421214369,0.21165365862408514,0.00023822769110473812,0.012637008378140446,0.005131777159521989,0.001801835562778465
0.004075971654370711,6.079266299771066e-5,0.001429267997668006,1.2691316245714554e-12,5.5332064345786984e-5,0.0012166429426063482,5.533019334270748e-11,0.005545585814857044,5.1690989857281264e-14,2.2416588058979317e-8,5.358497994184766e-5,0.0002005360155907332,0.0037595350719216627,0.5696795925943513,0.0152677147710356,0.0017986974692761955,0.11291694874502435,0.003003694176758717,2.1710560021964134e-8,0.0007488986461396658,8.571708167212996e-7,0.20781838716351933,0.004605008070648425,7.260966626380724e-5,0.0005071050017872471,2.83340498449428e-19,6.83381123596026e-7,0.014275118850113106,5.185574051904947e-12,2.0791588462858084e-15,0.003706791210279599,0.0008259987679065276,5.210392465311439e-7,9.256882985121739e-15,0.002586985491392366,1.925675018828265e-18,2.703139971642798e-7,0.004670795561602908,0.007056824043756015,0.03405920447166493
0.00021250145891174102,0.0016263671131837953,2.107726942379027e-5,0.006567552534768402,0.0012251144686790747,0.00016186796066999917,0.0074289576711513506,4.581599067699318e-5,0.008528602421819688,0.03455396336668216,0.0002740951720062605,0.00037596931624539953,0.0003258084631495904,0.2953925362992224,0.0018972878886376646,0.00011311610831996264,6.635436535262223e-5,0.0014469335759346824,0.009004392154988945,1.2014398623712484e-6,0.00012093216398427074,1.6425263962145066e-6,0.0007589816049537461,0.07629127967705203,0.0007623488374352458,0.02325926592290426,0.014628859788481482,2.518496926217735e-5,0.4523546100967991,0.008825919684933797,0.0009817004932295634,0.005782023938380899,0.004760636317555757,0.009133670814870898,0.0016950528860269745,0.016963097671111683,0.00020098147949130707,0.0011542225797793325,0.003335895182238707,0.00969417832542551
7.309078131482947e-13,3.5140927404636964e-12,2.813927598201567e-12,6.42457089863792e-14,2.3896637627747477e-10,8.772983692606199e-12,1.1153389748544913e-14,3.1062482987187864e-5,1.9164961547845406e-15,0.05882467675280685,8.582399850109291e-12,1.9089819097812387e-13,5.333388834758703e-12,0.1543078957319271,1.0863704508220307e-11,1.2037947159655955e-12,0.06093603026435663,4.0191253816656207e-13,2.406092726062865e-13,2.6236591808094867e-5,1.9006853040024905e-9,0.6879123774922891,1.1850001533875031e-12,5.055806954632687e-5,1.845205653403375e-12,3.526533807310541e-16,4.146695821169205e-5,6.29946929500734e-10,4.803085805742329e-12,2.6929734020698577e-15,6.528036902874885e-12,9.220764268503259e-13,1.0262927146225024e-11,3.7034263682052794e-11,1.7527923760787926e-11,7.04916437914647e-18,1.829596896972549e-8,3.086348944785054e-13,7.712653418171625e-13,0.03786967446658225
0.01855997715073051,0.0048476715706465105,0.07387046296424242,0.014327674065399197,0.014778654951637566,0.07805232014816947,0.010774745567960334,0.000158178435758231,0.0054190487213369555,1.177760121662241e-5,0.02046720632474171,0.051599560824822414,0.16613113649729935,0.0032421709510722613,0.001989557288063912,0.015315906983797705,9.018271234052771e-5,0.010648296868419794,0.045737502740715495,1.328287240326459e-7,0.015509766958232817,1.5833920468302086e-8,0.012578250042299396,0.0009531400653386171,0.06725201167993228,0.03505749535583076,0.00013242171672449995,0.021519730593104316,0.0184965202547102,0.004614550061704377,0.0026290470965869613,0.08060914898563394,0.029393196711800677,0.00040354097318806776,0.07196602011671732,0.010646909628805707,0.002840253064236462,0.040146178992912764,0.04841352925109746,0.000816107420127925
0.0003804171562899334,0.0005918731773479201,0.00039911077696838237,0.0005580746512950227,0.002651296473681903,2.5692365004213636e-5,0.005223184063329453,0.1330576385685643,0.0008728340048573934,0.01615617455338377,0.01875257022966065,0.00017404999847545947,0.0018697965656853744,0.32211262412057257,0.00016455785701097896,0.0002679273461948026,0.048561432938237,0.001226996934930567,0.0016378002061156265,1.0920622595038906e-5,0.00048637908667264156,0.0013303311098663143,0.00025449841787210755,0.22795597502954396,0.0008476098457178495,0.027315450269139344,0.011770095040047937,0.0009212995082555285,0.01027470931533355,0.017823514911140762,0.002136538293719812,0.0006038246224282195,0.014820479114632716,0.07051822729780628,0.0018933278735362826,0.02623431799056573,0.010921254060079136,0.001423348223313376,6.885373377725043e-5,0.017704993646350874
0.009583749600477937,0.073292814302857,0.005287026535432747,0.0006145405335127625,0.0009453000414339546,0.04591502643345496,0.1602313812198167,0.0007192650138115831,0.00738285981274059,3.4150301422034003e-6,0.31297626702680487,0.007750521842035923,0.009315808554054915,0.0025924271723329582,0.016051206995915362,0.00676574746551095,3.4771727422116604e-5,0.01957413340577874,0.0019409345408729136,9.596164334502026e-8,0.02179466734708792,6.3456572608492e-8,0.0017083214721924898,0.001282299589534001,0.15384047912536086,0.0011333126591456322,0.00029065120102014525,0.0001250289529051526,0.0019115185341569579,0.0025678137687644748,0.009147530214114052,0.01050501268378523,0.0009466202584079356,0.0009172403827254263,0.052476697337324636,0.011827390647540525,0.0014326838102305334,0.02949273405265323,0.010178458391568211,0.007444182898857626
0.00020938732829711983,8.578700300439166e-7,0.004131768859167735,0.00022845908974961952,0.00013454415119721851,0.0015681129170479478,5.683917552309614e-5,0.0008658778037703908,0.02607791283296749,4.919339895080232e-5,1.120295930988759e-5,0.04454595889874023,0.7130852339948536,0.0012465980251368672,0.0008933930086917718,0.0005136909587461095,0.0002775791107886641,0.02803446442837064,0.010139173349157558,1.7151118114613568e-5,7.281931606483319e-7,0.0010207696045135982,0.0013958450740453854,0.0011861182045907895,0.00023505283857518566,0.06199765986390329,0.0012760321897717483,1.773613326905908e-5,0.012835207773261895,0.014416722306186795,0.005403293986378369,0.001822069532978929,0.003558487804276414,0.006400827230067016,0.000195731266391528,0.030008750652878953,5.598551519352122e-5,0.02187990242396322,0.003606329440092059,0.0005993506878900092
5.872146358556474e-5,3.2954023100974004e-5,0.0050815253820978975,0.00012993205584864738,0.0002585220455695446,0.0017402111292019178,2.1134982059691225e-6,0.003849052606555891,0.005289362752741136,0.0078066332158229414,2.8282807979569872e-5,0.003926760176293648,0.05137632035555787,0.3058954680773445,0.0015953727660923626,0.0011081738373181968,0.12288459273779591,0.001130806281709196,0.0002166596348407317,0.046703061613713126,3.282051965854151e-5,0.008967068066935023,0.001477678196633593,0.11109305215149681,0.002623052511681934,0.0026678421295725126,0.06582340571682928,9.089970203059416e-5,0.0015250516376350285,0.0007276106105009184,0.02301986808023663,0.001706760961900441,0.07469994874034314,0.07112869677662603,0.0015101109437595291,0.004910613894326087,0.01550725888703251,0.0037931655645523465,0.0014325150107329502,0.04814805343614059
0.0007457800463285445,0.022089846662525794,0.009584637787915363,0.03468347979565154,0.013192946880687622,0.007118948365552255,0.010783001852885074,3.8123555101396836e-5,0.017989379183274944,0.0005469567666148859,0.004674642690556296,0.0010152569819486589,0.023717423641403536,0.0010467709292349234,0.0048733330667740694,0.0004435950634028367,0.00878862153657724,0.01866067628641584,0.005688542081066016,1.8368064132137525e-5,0.02629841722220134,5.94523362676613e-7,0.01847197404238195,0.0033179996594822096,0.017352985725827687,0.5265351421619975,0.012278395455664847,0.02093934781940674,0.0005210891502955569,0.002451743527146507,0.014707270631529133,0.003624302973617185,0.0009516157137741321,0.0018409287187416115,0.01742716495777216,0.0012618094776455052,0.004739617716592074,0.08110774944711312,0.002671699039713438,0.05779982079768558
0.0015038469883116353,3.935226025230449e-7,0.001268557026520348,0.0014199577396395845,9.897380106394725e-5,1.5845509132143866e-5,0.0002885181680719553,0.002418890522210417,0.008301647693780995,0.006608006353115453,0.00018895565703596313,0.009626472378451077,0.06265906349211725,0.022301727858743823,4.3143005462283644e-5,2.2527564075048955e-5,0.00013874865206837527,0.0003664703002216566,0.013338631965993816,5.320123736337895e-5,3.7959838201856326e-5,0.008657777336618966,0.0019233697131144977,0.044891597128527215,3.805799237821095e-5,0.2624663286889484,0.07785709610390311,4.863225455666615e-5,0.12668550457725694,0.0658638405634417,0.002996523605368738,0.0001891128207076801,0.0035898083955777683,0.009013919954845073,8.069307126338817e-5,0.18395511655972008,0.011020168395609398,0.002604187716156082,0.001512387961088006,0.06590433788673462
0.0009377049364897738,1.5456562889773641e-6,0.009656396338867104,0.005573472264996335,0.0001468240521787143,4.761280855857418e-5,0.0002567047077156182,3.2432847586730935e-5,0.023697977240735763,0.0021292829021673965,4.181900725105677e-5,0.046007343455281534,0.15017525288396463,0.0102361264786248,0.000826964484069675,0.0011779536201559117,5.913485507142941e-6,0.004946130501444165,0.053526170550652216,4.24378490037968e-5,4.4643799182805434e-6,0.0005929825206528746,0.0038323091972273134,0.009859294303922548,1.019667780008255e-5,0.3602588778489843,0.0023273471259542123,0.00011283910152539559,0.08020006239530286,0.007634814709441716,0.002315878435903595,0.005412480949015582,0.008074988979098049,0.019391120209860287,0.001757634138876911,0.18074946587262108,0.002236258300899997,0.0007557007892459258,0.0003293144688571381,0.00467790352335196
0.2143784371905996,0.019012210653121323,0.011829260128523127,0.0036840338635195065,0.000735273867109337,0.00937275793338221,0.025085819435853366,0.0023203155816475343,0.00944292276239339,0.000175632287219546,0.015192938420759245,0.009615320943565627,0.04415335490348662,0.0023172589829223737,0.011280222466542832,0.010788987128636157,4.704815019617027e-5,0.018758297562754513,0.0362284287713716,1.3037424895538807e-7,0.003963416898071822,1.6918370469411745e-8,0.012605183137873417,0.0031117610965197074,0.046737803214667396,0.01669849608660925,5.825757033233977e-5,0.0028450521083791033,0.0069527771835287,0.0005643803529976742,0.050164432356272354,0.03445728830751004,0.0015183836912278216,0.00045123412805399233,0.25492798152817153,0.012480297833012377,0.0008148176463385469,0.06545941106452377,0.022534481912388826,0.01923587555729788
0.007434327782796574,0.00011976317561473106,0.011034095575734662,0.005854156762896227,0.01563618666775709,0.01620683465058827,0.060896975765360954,2.8914748570398357e-5,0.001685659424333186,0.00014011306468312412,0.1362473720021848,0.006451651136348805,0.20784864429423544,0.0032303363858475686,0.028981454791603373,0.037443001707274014,0.00034854227376244004,0.00700619237711855,0.0007747229411107474,2.400558014302118e-6,0.019334699009294215,1.0290453916817532e-7,0.08005440434313417,0.012709584963395169,0.03560306514496011,0.0012954403060333954,0.0014884199884032884,0.0098518099638008,0.007269451112876142,0.01771341632121762,0.03155224163515407,0.024612034055153897,0.0007112109244629135,0.0010145265373113432,0.052251915064387144,0.002615396773039623,0.00078943808048698,0.0859506850842648,0.06281771685786713,0.004993094844382796
0.251007427306496,0.007960123575313567,0.0008408177642625453,0.005859439053230276,0.022280131451145834,0.03289778757398273,0.007519587252293773,0.001850636972531194,0.018567340487205857,0.00119810894902435,0.01874956000863724,0.050086984530577486,0.14108082115298407,0.005995110984859654,0.08467413028384604,0.008882782514068951,0.0008207626359278568,0.07078289455239566,0.0037228612251243246,2.1735998835692438e-5,0.0043339181964020925,6.3954606829858535e-6,0.039511048867632556,0.012574549395874362,0.015087994316617634,0.0095674578356605,0.0008711340887449788,0.0048088789838629286,0.0013016546192093552,0.01008057921575029,0.009588836367523973,0.028035743962368753,0.0041414185151273895,0.0007817286080982629,0.019959385768572074,0.004231736683976668,0.0037696539518204866,0.014799195792362399,0.02004998321731001,0.06169966187965924
0.028185977136036548,2.064741752063188e-5,0.01533345170467656,0.0005562829191162531,0.02461039633085356,0.026154225632226257,0.0008560503821449118,0.16630664516855428,0.0063274027111501355,0.023388153038289894,0.0005894800635395213,0.012726394114824758,0.21303038130808233,0.06666200046796747,0.08151891121449589,0.020794146313757474,0.04049941631520368,0.011020358878531087,0.0009338398605861829,5.347807493809114e-6,1.8936078657254653e-5,0.0024396065974705656,0.03439752461218534,0.02387992073225591,0.0001913172109793946,0.0024363405177114427,7.417212802121385e-5,0.0026227537121815757,0.0026800275510748626,0.0024569061224244816,0.009714582160185413,0.06382543123551329,0.0017182748075051226,0.0303582064391897,0.024921384382548623,0.008911264372493965,0.012998499455285738,0.029778852978645125,0.0002718087935367618,0.006784681327082939
0.03631442240388625,0.0006363235358491161,0.021004992720846986,0.0005514902137284453,0.03977823125780284,0.06089765816822415,0.00892053989640266,0.001678391564496272,0.014526743197603612,3.912898887857038e-6,0.20808065411211513,0.03838930261184224,0.08806409242636155,0.0027255862398643583,0.005255838209016143,0.03367325699640317,0.00019942461996385203,0.030147723080126185,0.016085030746805742,4.865972117719348e-7,0.005376139666660058,3.2302738855065247e-7,0.015027678956020083,0.00819875116671581,0.10888377799328759,0.004522137546576962,0.00842686963394134,0.02285413078927077,0.0012687334458018075,0.009565135133865834,0.009100875953035124,0.006389844018274208,0.0033696606709714846,0.00010287763727309886,0.10524865760767654,0.014779886221272511,0.0005833943371088577,0.036510844093869135,0.03205975996695736,0.0007964206365945872
0.0011170297812532288,1.3982574673240031e-5,0.00021356530987946975,0.0001239427037059693,1.409438343907252e-6,2.1552784623757137e-5,1.1725935908702324e-5,3.45179645429628e-5,0.07302830522619809,2.8421232092702998e-5,3.8825554561530264e-5,0.06236020360091416,0.6874640923424484,6.313839788377757e-5,0.004192496616884345,0.00015253419679935737,1.248452564284737e-5,0.0063087636456427235,0.01262079851200399,4.494341300109046e-6,1.1672120318290373e-7,0.0001274971228175343,0.009069895961045718,0.0004819302229135645,2.8294319045872963e-6,0.022951458295187625,4.79787212285361e-5,9.04272789600044e-6,0.001948972237230008,0.0032536483467795587,0.003270262942551328,0.0017380269783152777,0.0024750008013602253,0.004389347157469937,0.0007052563345153323,0.08459004255448092,0.002050433690384632,0.008865089976114137,0.005515789753346473,0.0006950953379519877
0.013989400829586182,0.00018234807685341362,0.006305869977745207,0.009966345005380075,0.024998712354114522,0.0002850766498431023,0.015283677531010734,0.003563460834943505,0.004070836376521524,0.09224439816745421,0.004070307370812509,0.0009284551068553296,0.0030095147214405462,0.02935184824843216,0.0007870175553855452,0.0009567243901982757,0.09958329733512246,0.0007460387025818632,0.007585140914652703,0.03838789270151298,0.00025006068587371245,0.0003143620834875363,0.0062148186682354925,0.050898492631791144,0.0017827330629426445,0.0025286424424339265,0.28831656132828853,0.05234281194021734,0.01714988224042203,0.00625395513439022,0.017043495480848703,0.00030696093618884254,0.004186640811105103,0.011384126815481857,0.013581876138042414,0.004128616984603047,0.1490395839961885,0.0007572905198481371,0.009785828747734069,0.007436896501429956
0.01657059565761889,3.155884791572368e-5,0.06231956199567434,0.010946771184521139,0.005993685738466351,0.0028749801347265768,0.00781550006976058,0.0016033341350485503,0.005886731691196384,0.00035828239234898785,0.0789570975961093,0.0012958019865463425,0.09012230370802683,0.001607385555386666,0.062331618492640684,0.003568030032347075,0.00012855166321030893,0.008928841518322399,0.03590876194980716,8.747193611179022e-7,0.0010772737094043017,1.490729280601357e-7,0.10240891171116151,0.0030130128853559516,0.04421675371874082,0.004318429535542345,0.0015824597481132398,0.0011416345096853624,0.0005540099456506508,0.00039769208819474415,0.08247465121238984,0.1433412901288371,0.011558298462500817,0.000142203874766152,0.06905078815196344,0.0030591100964341747,0.00038662828478860754,0.09958876535243354,0.03105949276640564,0.003378175675668267
0.02165031741807815,0.005867045159858153,0.0070491964136467885,0.0008282200507908354,0.0046232276149369145,0.04688351964905359,0.005415624132740838,0.000345536934901972,0.0010400078745663717,0.00015950878475685308,0.08955821871561767,0.010784892969431147,0.1892309450714775,0.00037223054073695557,0.025265402495338943,7.035424843219829e-5,7.117906498218179e-6,0.007807129023916265,0.04391529007496842,3.3149245667787364e-6,0.0027945029531912667,4.024807800614766e-7,0.012962138898036768,0.0010928978632538276,0.002838479865379544,0.0033405306559397946,0.001306246637990237,0.006143424186730448,0.004711886694785469,0.002527038254568866,0.04052311579158964,0.02298226267245121,0.0031543327029492215,0.0002760989838152736,0.3999257918847481,0.0013488869046000243,0.0012878261269522468,0.015855018755029482,0.015544367556048775,0.0005076501268451055
7.049224748694022e-9,3.095757708955372e-9,5.206857149127803e-8,5.286560061794669e-7,1.0249323706637384e-8,5.6418991091485756e-8,2.713673142121412e-8,1.599266774562842e-5,1.349731832287622e-7,0.2783108512294504,1.2611241077067733e-8,2.0237866925887823e-8,1.4274403112753522e-8,0.024772000699729575,6.141771434512253e-9,1.86447710308713e-10,0.10770075935850572,7.04753160130508e-9,2.3848957594196117e-8,0.4268823341829981,4.238671880140318e-6,0.04039259708543587,5.26735777332354e-9,0.013169862167336564,3.011240762174244e-8,4.0661078891988176e-7,0.008629551212161489,3.0089363347259568e-9,1.8068814512047572e-5,8.418026421326088e-7,4.011299575178639e-9,2.695546714334915e-8,1.5992151136665623e-7,2.5816269684562e-5,1.8031063432747435e-7,1.3294652652697833e-7,0.02778255896127607,2.4714536770866647e-8,1.7617665737613713e-8,0.07229263140350063
40,25
0.9104877305800664,0.08948340884659901,2.5040143142490575e-15,8.652095316152814e-8,2.87740519707143e-5,4.082226869254451e-13,7.705229023091944e-67,3.9873854674509795e-88,3.348518514124229e-55,9.549056595875666e-81,1.5398050437353614e-72,4.555611484918559e-57,1.0512563485610179e-101,6.659591940273241e-42,1.1552217949895812e-284,1.028e-319,0.0,0.0,0.0,0.0,0.0,0.0,0.0,0.0,0.0
0.8627356344997841,0.1371846599975607,7.745958161031119e-15,6.975426876660708e-5,9.951057696977189e-6,1.7618390943081976e-10,3.7883577158935155e-46,7.544082040616779e-85,1.698214240599206e-28,2.7563864051897696e-97,1.2363259422956328e-46,1.1018958179864377e-40,4.163585496532542e-119,7.99750664066483e-47,4.78571738609416e-297,0.0,0.0,0.0,0.0,0.0,0.0,0.0,0.0,0.0,0.0
0.9962481538804826,0.0035606148536000506,1.220766858374553e-13,5.727710075409255e-10,0.00019123069301709258,6.9906054720491674e-15,1.3298712108100596e-76,2.698208496961637e-101,1.114405438058324e-72,2.0496119860482363e-102,9.914380351595982e-102,1.2268216209428674e-80,7.77449569770575e-101,3.4865773319971e-47,1.536285748173301e-284,5.320514048e-314,0.0,0.0,0.0,0.0,0.0,0.0,0.0,0.0,0.0
0.33063233485674814,0.6672367676361862,1.3179978573637013e-11,0.0007306769982499973,0.001362370318459467,3.78501771761356e-5,1.339753870056494e-23,2.3383548892828775e-70,4.220695218299195e-21,5.7192504949261776e-67,1.5271345097191238e-41,3.02792357922899e-22,5.777447248064198e-54,1.8437602764128658e-36,1.772224425835777e-179,6.233018655853085e-243,1.5504348631538608e-276,2.6022583887974933e-245,0.0,0.0,0.0,0.0,0.0,0.0,0.0
0.9019953566278307,0.09609104404989757,9.189232044107171e-14,0.0006423609470388089,0.0012711058474996657,1.3252764138690332e-7,1.5298658418711577e-34,2.1490491870813852e-74,7.820964875020847e-29,5.157082631207399e-84,5.005881699666217e-40,1.5591359925819173e-24,2.9807175157217546e-62,4.539242790794841e-49,2.644399698550818e-238,3.19641124874955e-242,5.0946738035780696e-225,2.690238311103e-312,0.0,2.336196821088e-311,0.0,0.0,0.0,0.0,0.0
0.9997649558608749,0.00023188537896680567,1.286732156936276e-17,1.0608721881988775e-7,3.0526729236618653e-6,1.575520658929043e-14,3.21763943986382e-70,2.3648057865799556e-92,4.080307865719912e-56,7.894355862186446e-113,1.3304216804041858e-79,2.3007132745159174e-70,6.026326278527311e-103,2.6550213247923043e-51,2.497990537303444e-303,0.0,0.0,0.0,0.0,0.0,0.0,0.0,0.0,0.0,0.0
0.2608098228724581,0.7347443188640698,2.0109083390618937e-19,0.002027229469896802,0.0007157091569788231,0.0002299758139994713,8.79686080607076e-9,5.882468799410438e-81,0.0014729350257337657,1.5333581880192595e-99,3.8315624666801454e-32,2.5175712051569464e-15,5.937435934044638e-75,9.981063389306906e-48,9.822142177065594e-250,1.1533630523495925e-283,6.4e-323,0.0,0.0,0.0,0.0,0.0,0.0,0.0,0.0
0.9557098060182067,0.03826449514258651,3.4890073117399254e-5,5.784231016124984e-7,1.7758422585204045e-6,0.005978991823807453,3.0330571689020634e-29,1.3834321708700104e-48,9.462676922010943e-6,8.405853319628286e-23,3.068879999038994e-54,9.59235121284173e-23,4.398012667042367e-38,6.757532935946929e-34,7.591906097244875e-164,1.5123762202416064e-177,7.75778076092795e-204,2.9146732287160127e-305,3.4279023398137384e-293,5.542072170307504e-240,0.0,0.0,0.0,0.0,0.0
0.2652407266445255,0.7305229882355112,8.394848546453898e-13,0.0005052364503691437,0.00304856630920932,0.0006824823595451271,2.1640647360405592e-21,1.446721919209269e-99,4.528254771837202e-34,1.9278272556051228e-61,5.598143271722679e-91,1.0455203284709296e-43,3.118655497750715e-74,5.0181716861066476e-45,1.1275633358423213e-225,6.97271558995546e-300,2.2967750546e-314,0.0,0.0,0.0,0.0,0.0,0.0,0.0,0.0
6.791797553824697e-17,3.228910707827587e-9,0.003777501131731812,1.7370117154436123e-8,0.008479147386859186,0.03639661910332208,0.045226492448240424,0.1257023391458405,0.18367641523572978,0.12886527713642723,0.11009989350997908,0.09649853903909739,0.10251788489611603,0.05059125743353679,0.02368143253873827,0.023383298611598238,0.01899893012192357,0.013153105469024014,0.013153105469024009,0.005568547581209347,0.00146145616322489,0.00146145616322489,0.00292291232644978,0.00292291232644978,0.00146145616322489
0.8057083895924281,0.1930973547106208,1.317801538693024e-14,0.0011905640559512467,3.6871702374495403e-6,4.4707491747009815e-9,2.8294479374701884e-36,3.638413701667262e-82,3.2386692883521533e-21,1.8356716017518465e-116,7.881079953960317e-46,2.880627835548527e-34,3.212831929000357e-102,1.4534315106295163e-57,4.269307458468048e-283,2.867533505117187e-293,0.0,0.0,0.0,0.0,0.0,0.0,0.0,0.0,0.0
0.9792324608049916,0.020731139988782853,2.153982097100476e-15,1.864650780043861e-9,3.639265446934853e-5,4.687103189396474e-9,2.2229613237234116e-56,2.95577539801559e-115,8.144579177393482e-62,3.9737391170322596e-86,1.2137287864832791e-105,9.69511191571986e-78,5.4647973487976733e-132,1.3775857075200603e-49,4.036304283033922e-298,0.0,0.0,0.0,0.0,0.0,0.0,0.0,0.0,0.0,0.0
0.9961666666264647,0.003833256353283532,1.3312726522235143e-17,6.4579832114400025e-12,7.695353121143546e-8,6.026285957820016e-11,1.9819164484703587e-61,4.369324926521911e-127,1.2888073245173286e-69,3.231121984069994e-106,7.411014824401431e-131,3.456287149612498e-86,1.7304090875582e-170,7.760240938448736e-64,0.0,0.0,0.0,0.0,0.0,0.0,0.0,0.0,0.0,0.0,0.0
0.005711083767613708,0.9884479145985843,5.262050195340043e-5,0.004349968262235007,0.001438209596112496,2.0216666668695962e-7,1.0841228827949039e-9,3.632821162547953e-37,9.62061948660331e-12,1.634257051637667e-36,2.749563769396043e-30,1.3089694955451507e-11,8.62217575965922e-23,1.1847112919970598e-15,1.2489037643642645e-102,3.4736787401093095e-163,1.5723851247300413e-216,3.1405863579083236e-251,1.040083642125169e-188,7.916576801021552e-162,0.0,0.0,0.0,0.0,0.0
0.9988591850380617,0.000933063416114123,3.322707772052815e-16,3.8431707088996626e-9,0.0002077477012410499,1.4120574947000245e-12,1.7029574519986916e-75,3.4954291110639924e-104,3.358153764626205e-68,4.05555368015775e-103,2.4179906834899045e-88,1.6460645302601176e-73,1.7881135696088732e-142,1.64631157547819e-55,1.65202149e-315,0.0,0.0,0.0,0.0,0.0,0.0,0.0,0.0,0.0,0.0
0.9910554419829104,0.008926516038219949,1.9255356846831257e-15,2.1853819834991174e-9,1.803979269366693e-5,7.921793469005953e-13,8.071118557955213e-74,1.6850022082826102e-108,5.39862689629206e-63,4.769676084323499e-98,1.7365313143177793e-84,1.1147603699711574e-75,2.8738453613018337e-142,7.521701760814004e-52,0.0,0.0,0.0,0.0,0.0,0.0,0.0,0.0,0.0,0.0,0.0
0.8545559154101376,0.08097046289723764,0.026947965474779303,0.02123284419197129,0.010434724813073547,0.003810942510125003,8.407050861215819e-11,0.0007243785295416821,1.0347841386028878e-24,0.0007342916665351508,3.918382482852217e-16,3.224783598431147e-30,3.895771352807071e-32,0.0005884744225278014,8.437077945999209e-87,3.300156461613009e-116,1.002790708179493e-107,8.622217041962407e-139,3.293191989215766e-129,8.224740050672193e-193,0.0,0.0,3.965633532655415e-276,5.063588256690888e-240,0.0
0.9972268092936694,0.0027105261721035506,3.303506544531412e-13,4.281954158077223e-8,6.26217143391602e-5,1.602019281365909e-14,1.8724275281744956e-58,1.2133432439928893e-111,8.461388716738913e-60,7.874408876865564e-87,5.69521286604527e-100,9.832224389546365e-70,3.935117072825634e-141,5.889667101659557e-44,0.0,0.0,0.0,0.0,0.0,0.0,0.0,0.0,0.0,0.0,0.0
0.5826541118434858,0.41729743099846417,3.8803058732614146e-15,1.1852316552494095e-5,3.655854363474893e-5,4.629785897283537e-8,1.1874412075733799e-33,1.1926196627927818e-101,1.1354824594513008e-33,8.92631932713637e-82,2.561232179779602e-67,5.6943091305673784e-42,5.054201062981677e-98,2.819340911468118e-50,6.627903070722135e-286,0.0,0.0,0.0,0.0,0.0,0.0,0.0,0.0,0.0,0.0
2.0971879704904986e-7,0.09406934460363381,0.13159619444913195,0.1791231634319551,0.1402966516366668,0.11671198914624707,0.09464408548480346,0.08327882856260138,0.0446514810871279,0.056430242176989616,0.04458864100463946,0.013485858575462136,4.4215144486701716e-13,0.0007736920191475772,3.338552269871676e-14,2.462452767327222e-76,7.861215182620355e-78,1.4394542792486933e-61,6.917898170203519e-43,0.00034961810232103375,5.046875721837957e-60,4.435289450681535e-216,0.0,2.007590699346586e-277,0.0
0.3743234458835865,0.561597620621055,8.925033242212441e-12,0.009786009731377979,0.003921777602503676,0.024718819007949266,6.575364843195079e-24,5.261725818127711e-42,3.091206045481312e-16,2.1832821361459054e-66,0.013265029734451192,0.01238729741015092,7.152292949910647e-61,2.416704610795295e-38,6.880654982410408e-145,2.1468376400373202e-212,5.975490225615757e-282,1.1479965257998544e-245,2.205809778748739e-294,3.742367379589593e-293,0.0,0.0,0.0,0.0,0.0
8.230461085079214e-8,0.34700518241414824,0.3969842429192019,0.07609059962494326,0.07627629356442335,0.02226357436099304,0.037626757588925516,2.0963912074621742e-13,1.6687954506440407e-15,0.00528712867184377,8.241928476758434e-13,0.021290200250869952,0.008415444359322137,0.007255410248687668,0.0015050836909950164,3.911790391135969e-44,1.2201313586000714e-76,2.411487134564302e-68,8.420146787569988e-41,9.94736132623187e-34,7.255109330956803e-113,6.405311268284139e-164,7.453808652316648e-155,3.6660516755444616e-122,1.986450116783013e-176
0.9889558281520631,0.01102584138812707,6.545642520576369e-16,3.115834650279249e-9,1.832734397413559e-5,4.552757378490758e-16,6.973937521431573e-72,1.4170067167946143e-112,5.9323685981891434e-61,9.530276885914492e-108,8.918139030499248e-94,1.731843103930515e-75,8.881487745501812e-137,9.456401066340036e-48,0.0,0.0,0.0,0.0,0.0,0.0,0.0,0.0,0.0,0.0,0.0
0.014062362112747787,0.9853888067762783,4.266667488090664e-6,0.0005404670957109489,4.070474078212641e-6,2.6870444982172535e-8,1.0180243532440432e-14,2.3887405236442512e-48,2.4328381005137632e-12,1.1946571353681585e-39,5.047735480640218e-51,8.089803847002294e-13,1.150520216393996e-30,5.134084465444611e-21,1.8806224015515197e-132,3.869416799772098e-152,3.7941090016221485e-279,6.7540098425407e-311,0.0,8.268980270308158e-295,0.0,0.0,0.0,0.0,0.0
0.9999826966475945,1.1499277859890545e-5,3.755644970802973e-16,2.0389705164820533e-6,3.7651040289656853e-6,3.1210496384721767e-19,2.0183775182851095e-80,4.55455922745761e-96,1.1134084039112361e-51,1.9416835613772385e-108,1.4526676790370386e-79,3.8486208111641834e-73,2.560203037335325e-118,1.9996393730270328e-50,0.0,0.0,0.0,0.0,0.0,0.0,0.0,0.0,0.0,0.0,0.0
0.0515347824029269,0.9415669673079098,5.249142478736062e-11,0.0019237894168272613,6.266439385151925e-5,0.004911796425613292,3.7959202797347344e-13,6.6077036963776175e-96,2.6357448383705096e-27,1.6815717764118972e-61,3.4509920819940465e-97,3.6318237915778997e-28,6.6685803679307614e-77,4.8885530117260285e-45,5.836216714629017e-225,5.116523316082555e-294,0.0,0.0,0.0,0.0,0.0,0.0,0.0,0.0,0.0
0.0002597415036794665,0.5107205452539562,0.0022404884160591465,0.1804938517554842,0.21336590136088654,0.023625629464998583,0.0001628872516583317,6.512601060042813e-26,0.012676476743209673,2.3029895962540473e-14,6.381775285996046e-16,0.016946529882841472,0.03950794809937115,2.678317410724967e-10,3.1050284528235647e-61,3.794838150355265e-74,4.461792869425818e-109,3.717620054089278e-118,2.1808551598152574e-183,1.1011082747316395e-163,0.0,0.0,3.291277793471115e-252,5.028806651392426e-254,0.0
0.9783935201069974,0.017515068419432456,2.8057643137985996e-15,2.9616033467221404e-5,0.0040569126402534295,4.882799846537591e-6,8.701753613872751e-27,6.215587456319395e-69,1.7662248746000957e-26,5.836705482895856e-77,1.0949657586004138e-49,2.524976618565049e-19,2.5306209698366935e-34,1.8619256538179053e-49,6.325460590191419e-189,1.8297479453479926e-186,2.266341047607091e-218,1.0849659093230845e-255,7.832699353163767e-182,1.7181124809403683e-281,0.0,0.0,0.0,0.0,0.0
0.0008619473584373633,0.9866425182668861,1.0772365638595115e-13,0.002613759832162555,0.0015244194452017727,3.4798184652826064e-5,0.00832169529066154,1.0078125718954569e-50,8.616214213251242e-7,2.041614541008883e-42,3.930184742011988e-41,4.688364586306366e-13,4.3966953603390366e-29,4.104478511476265e-17,6.888133872096563e-136,3.8478239787040724e-148,7.023188698617422e-253,9.593636661115794e-272,3.599634426225703e-276,3.841478872054208e-273,0.0,0.0,0.0,0.0,0.0
0.040772712461344715,0.9371133586169911,1.4608041776680857e-17,0.017336884986875297,0.004201876536860738,0.0005751373493112885,3.00485866019042e-8,5.14505819169406e-75,3.023424779544647e-14,4.4059132314820445e-53,2.005677038771283e-56,5.67876494939309e-24,2.2556061686449653e-47,1.5597956916816435e-23,2.293605845576864e-191,1.0965358889799172e-256,0.0,0.0,0.0,0.0,0.0,0.0,0.0,0.0,0.0
0.9909312209035553,0.008551794752514191,2.0606085299574775e-13,2.0832445109421808e-8,0.0005169635112727231,6.597397959310078e-15,8.476633068064074e-66,2.2256548055586062e-97,3.6288797631378903e-56,1.1072972817432727e-88,4.4304443972178935e-87,6.976879096083211e-67,3.7643387248281777e-94,2.4302629229564637e-48,2.3555355910018396e-274,7.464204672738984e-304,0.0,0.0,0.0,0.0,0.0,0.0,0.0,0.0,0.0
0.9896539959975146,0.010344779086965203,1.0764854484372956e-15,4.676889490079944e-9,1.2202386238161431e-6,5.7786257368427986e-15,9.121966892384377e-79,1.310203313684192e-100,2.818824051222254e-60,4.0372743402827145e-112,1.3041618304499302e-71,3.5288965119813584e-68,6.2541938117451464e-142,3.2480485889316194e-53,0.0,0.0,0.0,0.0,0.0,0.0,0.0,0.0,0.0,0.0,0.0
0.6469935542567029,0.3528164221873221,5.291093661062173e-9,9.991438858763117e-5,8.991680742765479e-5,1.8706886607878236e-7,2.7469980161533115e-34,2.960560542712582e-76,7.169803444726558e-35,2.1761634324375036e-59,4.7175279517264196e-65,3.4802733761424812e-28,1.896078963352771e-58,7.999814515081619e-52,2.644258133217027e-184,2.1749007056038242e-217,1.5470383177979873e-285,0.0,1.2242421659139245e-295,0.0,0.0,0.0,0.0,0.0,0.0
0.03982395486370951,0.9567303888400961,0.00022637549143969242,0.0001604389309294348,2.957258197938315e-7,0.00010826716756367164,1.2973540277235994e-14,4.2937527287940046e-67,1.82869650985718e-15,4.6597964961277335e-33,7.422662076407342e-62,0.0029502789804269256,1.1784202065050239e-45,4.805225670485944e-42,2.747624952500205e-125,7.951919744868994e-199,1.032877349228952e-233,2.713188013523413e-254,1.0e-323,0.0,0.0,0.0,0.0,0.0,0.0
0.9984851608984735,0.0015105438552226306,2.5464383666203094e-17,7.75398744461792e-8,4.217706429322967e-6,5.159039113357563e-17,1.209863629565733e-81,4.633284571847154e-106,6.607946348467562e-61,7.905359957707073e-108,6.2117740849759365e-81,5.0751232889274844e-74,6.299626699884852e-133,5.269976297354055e-51,0.0,0.0,0.0,0.0,0.0,0.0,0.0,0.0,0.0,0.0,0.0
0.18258490551452825,0.8113395986260666,3.1888089166632397e-13,0.00027470292342898317,1.480532924857281e-7,0.005800644882364768,1.432020093080977e-28,1.4838524472609658e-121,3.1602701636011854e-41,6.399016390864927e-58,3.0367956332097437e-125,3.533105513354555e-36,2.647120289928377e-85,1.1911231697765215e-58,4.405892266596189e-275,0.0,0.0,0.0,0.0,0.0,0.0,0.0,0.0,0.0,0.0
0.005904770156975526,0.4103855200627591,0.48836888994575783,0.09244878528907866,0.0022423738810795862,0.0004986066996310248,0.00015092731683868823,9.976813749500077e-14,4.435187557662163e-12,3.6729506677667546e-16,3.5273130270731025e-14,1.2664307648525296e-7,4.6170776166334426e-14,1.8641748930939086e-13,2.939183162941193e-41,2.5952111429569374e-84,6.673166479553025e-94,1.86658651123838e-91,1.1000645034230573e-189,3.4215836099060113e-258,0.0,0.0,1.215584315504565e-260,1.3857404137985698e-301,0.0
0.9984279618697035,0.0015600520082127694,2.5047869320069443e-16,4.541663966918713e-9,1.1981580065201958e-5,3.540636410416045e-13,7.634803370379936e-74,2.5615179276323008e-108,6.901777975151933e-63,1.0938241708761973e-107,5.7070347342480925e-93,1.0938553164374045e-79,6.568232531107968e-153,9.164301308483115e-57,0.0,0.0,0.0,0.0,0.0,0.0,0.0,0.0,0.0,0.0,0.0
0.9983021218431416,0.0016662737001488263,4.0084836340925217e-16,3.0801940907975515e-9,3.1601376514378396e-5,6.390150031446823e-16,2.5233850862636123e-80,9.230891651318536e-110,1.94275426394298e-66,2.216823140727746e-101,1.9187290997706566e-103,1.5023334020383503e-86,3.021577668373484e-131,1.2927271383394154e-57,0.0,0.0,0.0,0.0,0.0,0.0,0.0,0.0,0.0,0.0,0.0
0.021625622863258104,0.17825727219634127,0.11037213050458125,0.1579140454223636,0.2653676990348443,0.12719574650019772,0.09040859757738871,0.04150632255731691,2.863084777733441e-10,6.935491422948668e-8,9.184468915146904e-8,0.007352358459548359,4.339824785857564e-8,1.3636043257700782e-19,3.5828334238824488e-43,4.152616140517666e-63,3.505111523963144e-97,3.4086073741691866e-85,1.0319013465680788e-114,2.0114892305291052e-131,8.515983173596584e-290,4.0385165872761375e-239,3.7428365380331845e-191,1.4785812099114036e-164,8.574479641889847e-294
1.0,0.0,0.0,0.0,0.0,0.0,0.0,0.0,0.0,0.0,0.0,0.0,0.0,0.0,0.0,0.0,0.0,0.0,0.0,0.0,0.0,0.0,0.0,0.0,0.0,0.0,0.0,0.0,0.0,0.0,0.0,0.0,0.0,0.0,0.0,0.0,0.0,0.0,0.0,0.0
0.74169993,0.3395915,0.61654913,0.77271014,0.85707337,0.70288384,0.026610171,0.81373733,0.37885207,0.53848696,0.9045524,0.46043175,0.13897325,0.05045267,0.49668923,0.21785924,0.17991656,0.9475873,0.5773911,0.41997328,0.30088273,0.25889775,0.9855375,0.09733521,0.65613794
0.5773911:15,0.37885207:10,0.46043175:12,0.61654913:16,0.09733521:3,0.70288384:18,0.41997328:11,0.30088273:8,0.74169993:19,0.9045524:23,0.77271014:20,0.9475873:24,0.3395915:9,0.49668923:13,0.21785924:6,0.65613794:17,0.9855375:25,0.05045267:2,0.026610171:1,0.85707337:22,0.25889775:7,0.53848696:14,0.13897325:4,0.17991656:5,0.81373733:21
