55
0.05863496057485396,0.09851541401284378,1.4116026121894426e-5,0.0036271495442003724,8.252231594610595e-5,0.006004026351807515,0.030362679376315788,6.970305113073825e-11,0.000269732089126639,1.0344496011419063e-7,0.07797992987171139,7.203539302256789e-8,2.7315100060078364e-6,0.10903666300068952,6.943345853799769e-16,5.348048608558709e-13,9.027410807846255e-7,3.721808327711614e-8,1.2146363215892951e-6,2.304861518335538e-18,0.044849620873900056,0.0019435615993669945,7.309362387445465e-7,7.110828749404482e-9,3.594208194926931e-16,2.373353182999523e-7,3.955617517470704e-6,1.1717119029829244e-8,0.00010181570400191913,0.381782253298789,4.3684029496475226e-5,0.0032154676163896616,0.00010632523648676731,0.028942948894063274,2.1738787572957028e-9,1.8761733428642165e-8,3.993178103732548e-10,3.9142487154165405e-18,3.6415457030363306e-6,3.70897874255117e-14,8.53883956943891e-11,0.00026800374306466893,0.00823017273424899,0.0016737259827149422,2.7230183613603944e-12,0.09077633640356432,9.443413589379823e-13,4.447342008835499e-14,2.2157776911934012e-16,1.8374397468279198e-6,0.05351624776306415,2.720188270441434e-12,8.405343098386561e-13,1.4151312980324463e-8,7.124019734847396e-6
0.009830715143390073,0.2658055017350392,0.07106229152128428,0.14336273802350274,9.914402623590658e-9,4.1997509674831016e-6,0.006807271155358248,0.010337598435493521,2.513751110428676e-13,0.005762578422091181,0.04744524517996694,0.0001676645217847031,0.0035811494135801077,0.07798169986614527,1.1496682875407947e-16,6.577273478331762e-10,1.3431634695712682e-13,0.00023061439880571087,0.005628030293801573,1.548395266653562e-10,0.012488413696027312,2.891277519897661e-9,0.0004622675386521108,3.4738975158682524e-10,1.9148076211366716e-5,8.786131719212401e-14,5.34274143111385e-6,3.0804698709683074e-20,6.7426631551856995e-12,0.03445197971942491,0.23851099560918854,7.799753734456937e-8,6.772478149553963e-5,0.008573990487102855,8.116465602070184e-16,1.5925336805670126e-10,2.411723510288432e-10,4.7023158421625196e-15,5.882077414494795e-7,1.7729147791023393e-18,9.499909762797516e-11,0.0002337831908732788,0.0394145767803185,3.6521003646015948e-9,5.929616703049437e-5,7.836430296104374e-5,1.799521768683957e-14,1.1618752783631676e-5,8.841301071365712e-23,2.7272262218239298e-8,0.016455865493594745,8.808155509868453e-9,1.1084242320644408e-8,0.001158603311349661,3.318548439232879e-15
0.05441692173255844,0.04898671329152689,0.0001575296151457468,0.03442786455905624,1.1629676466525713e-7,5.192464858144257e-5,2.878226059773507e-5,0.06781599268233066,0.005316103266914423,0.06769268625163975,0.1766103415965818,0.0007487962416521022,0.0009526882456473932,0.08373998665643664,6.200613456069913e-14,3.3737758936439183e-10,3.453196603089621e-9,0.13242834686287466,0.00035896931898598796,5.206533310743385e-7,0.017604542461375702,2.8632582025554304e-7,0.040599554799789765,1.6538003839687477e-9,4.7540881407543056e-11,3.650005160161411e-8,0.0008968144464109434,2.6463363023988618e-8,3.770250084525527e-9,0.03457113516658449,0.003381053626076077,2.9380457263829985e-7,0.002825378707831564,0.005763352553346818,1.4765726996719675e-12,6.789676664868124e-5,2.9386938612411475e-8,0.0013947451689701117,3.2129460902285125e-5,4.43206854528425e-6,7.140004081604892e-5,0.0002039722374321027,0.006176235934497343,3.2049384969524236e-6,0.032303895196582416,3.450422139039938e-5,0.0005938447461845299,3.4291514496097154e-9,1.5703078834793116e-17,0.008015742523268107,2.2225105480951744e-6,1.60429686580025e-10,8.364307731293798e-6,0.17171060857894943,2.296471426067801e-11
0.017716441687406027,0.034893851796201525,0.000287427843539788,0.035281718670316216,2.7953329252931023e-6,0.06203285502430801,0.08461888131239628,8.392077053534795e-7,6.0492303869298325e-25,2.1441018142430124e-5,0.020051942153336055,0.0011656037469730204,6.141245262141402e-6,0.13724257499259482,1.5405013541990297e-15,4.1584680446322e-10,2.3650314240091453e-8,1.39245961625087e-8,1.9259114599838133e-5,2.096180434149059e-13,0.016485872696456533,0.03331163210786743,0.0005267482899038665,0.00021732304592627567,3.5850923534446565e-12,4.266001047610117e-12,0.0001346982122774555,1.718342935370233e-22,0.00010911041584101772,0.00019404454422350704,0.0005874346041830416,0.0006303024090253552,8.132758967551461e-7,0.005342520553469124,2.0519281749637193e-13,1.7743011904241553e-6,0.001219936699149248,2.5265448306365877e-6,8.191878742109813e-8,2.459624650551304e-7,7.12210170908143e-15,0.0027594137622351813,0.04150991901857688,2.3846679904879823e-7,2.709524142663181e-6,0.0021748714651253533,2.0159421776286397e-15,4.281855467945441e-12,3.3500147919227067e-18,0.04568821892868669,0.4555378456949435,1.9114521717620076e-8,0.0001516693330264914,6.821752167732679e-5,4.397496311901328e-10
8.820792416216062e-5,2.2833889234440682e-7,7.392736446117346e-8,0.021498421332877785,0.07384042064387153,0.13035106571262223,7.428805254908871e-5,4.072795579419711e-14,1.4858088178400336e-11,1.7542046342680039e-15,0.0015076773089423338,2.698774557201161e-9,2.0803435491841336e-14,0.008815671097797186,1.161296269243971e-18,9.047385231222225e-14,2.3490293717443952e-5,2.765668199267077e-13,7.256768388617791e-11,1.4929789326241343e-22,1.1452264269840251e-7,0.09293902343959662,3.5119000635532037e-12,9.69513063120955e-7,2.0045366105409314e-17,1.746369695408248e-5,2.030941238857172e-10,4.6987350146843184e-12,0.5902659862907921,3.405627247659139e-5,1.1973862519830022e-6,0.00441320691643319,2.549708382687898e-11,2.822256660060139e-5,0.046324857605857965,5.373644155257589e-8,2.5549909648667434e-8,6.286506143024855e-7,5.1123023954530755e-11,0.002862894046272977,2.1306744092040847e-14,2.47312465862537e-12,2.169733247175427e-6,1.0319185419012628e-5,1.7852455382602833e-5,6.511301955482518e-5,1.008661456198674e-10,4.82940583926491e-12,1.0020556958840667e-22,0.02022464638830918,0.0060682141529242156,1.6185448219791044e-14,5.2707290782694895e-11,5.124762315572185e-9,0.0005234318782277944
2.0089578119757006e-5,5.826507540099719e-6,2.0621318444411193e-8,1.1092007163242852e-6,1.415070056984563e-5,0.2027104741212734,0.0075741051191821965,4.943164982826272e-11,3.672783667148933e-23,4.474733412452898e-9,1.4538186301003127e-5,1.3096871945316283e-11,1.4517794548063985e-5,0.020297660246429712,2.4834305910725424e-18,2.229293758137423e-9,0.0009491103185790433,3.404474416673955e-12,2.2365168358323635e-6,3.869100892159405e-17,1.8244542643458762e-9,0.5460088440394958,2.1966371984374963e-9,2.9589555111482017e-5,2.7781046269916465e-15,3.068700185196892e-9,1.6609606639831097e-8,1.6104897764180477e-9,0.0397130151791224,0.006060637995481653,8.890527608601353e-6,0.00011948271232599023,5.108159909345353e-10,0.00035254780583240876,1.499708536647949e-7,2.6001168300009238e-11,9.556454249314444e-6,1.0245267095770151e-16,3.635547847735494e-5,2.295514048497327e-12,1.7604034315713054e-13,5.63407137154935e-11,0.0006524737438196257,0.16086179611110304,3.043711881658291e-13,0.0021719851992879633,3.928021533293255e-14,2.0783437288753018e-11,6.474795956728505e-23,0.0001385996014628786,0.012190274180203705,4.843814616826389e-9,7.10372384653144e-11,5.499869555359777e-13,4.192492214104814e-5
6.630146162580239e-8,0.10354441138312985,0.03250307926316808,2.2157873988518782e-6,5.849508058711137e-7,0.0004811120047536652,0.05290283024144744,0.00038184482581815355,7.070438163487253e-66,3.119946423091173e-12,0.11737717692589347,0.0017907002240090454,0.00026687558866937775,0.0035389409561524324,1.163912326648576e-11,7.627752425769654e-14,1.842850868564405e-13,1.6724700223253372e-13,0.001179257766770605,4.5065705249784214e-5,0.009633477585257798,8.978455647788974e-11,3.886506886425844e-17,0.0017949656936135097,1.1595738776168372e-8,2.0637436503312907e-6,2.3175028438152544e-12,0.001229061952660506,2.046781747374856e-9,9.907996936690027e-5,7.5622566293018365e-6,2.375050940460942e-11,7.540309525813748e-11,0.012317645979379958,1.642136699409769e-17,2.4651754342318184e-11,0.006748954081584959,3.204546501494958e-43,7.417903625584353e-7,0.0016381505117516759,0.0006815540395647328,1.7417820294631737e-15,0.36906830449599287,5.733220740109687e-15,1.6623838473341682e-12,0.15789031774735307,5.111595901703713e-78,3.2206386432372116e-12,8.520996265857576e-31,9.188428232670064e-12,0.12487345250955605,4.623642913579148e-7,1.4641134951921841e-8,3.487716925177523e-16,1.4825427136361405e-8
0.019951498106704296,1.5670089717000863e-19,2.8919808135144894e-17,5.071408570627098e-21,9.23038112186854e-7,2.188504194970322e-10,2.902020435169927e-17,0.010843908865834263,0.04600120902574617,0.0007173476127436432,1.7416612125099723e-13,3.0208123465199205e-5,1.3360157971611171e-12,6.714209114673984e-13,0.27375493609866053,1.4160448525706603e-9,5.089472582891392e-19,0.031156283711042232,3.068923848264266e-10,0.06482230861302146,1.2359831434520309e-5,3.71782807936919e-19,0.07052456264147489,1.4187892517206881e-15,5.431684376276471e-16,6.609968421610198e-10,0.030737301234994036,0.03960823628130102,7.251740244867235e-15,3.1951217666916703e-5,5.41923011178537e-10,1.9480914113216247e-11,0.027172026858442746,1.4221349962823502e-12,6.882435055626299e-13,0.2974263386403844,1.106221254461957e-15,0.007272087725519071,0.07367418891472399,1.2124089666805088e-16,0.002917397031306819,0.0005981739003303984,4.676383526115293e-25,2.4213951426775466e-9,3.1174752011185775e-5,1.7940128291522009e-12,0.001845718189053253,8.245278821138163e-18,0.0004479511298551961,5.962118205727773e-13,1.402119766983587e-14,2.988217012173004e-16,0.0004211670758584868,7.357880224307602e-7,2.0140808341376105e-17
1.8970629358925238e-5,5.236614755808918e-31,1.1809912474642172e-5,1.8842558328647384e-46,2.0066319613554533e-5,4.066281000674328e-15,1.8269849866446228e-19,8.10611181374193e-8,0.10615177975648014,0.0001885572498863127,2.0505650651570455e-32,0.002151443189770864,1.225519314944798e-10,8.1146474137039e-41,0.019491321602462686,1.1554533973054505e-17,4.76976347506217e-9,2.670341467474139e-5,0.007942747246053204,6.303280502969444e-12,1.8190510357518803e-6,2.0344572050713054e-38,0.004955256735173849,1.1273883297658251e-38,2.7026441621261807e-26,0.00267932646145656,0.0021381082696963053,1.391519895822092e-8,5.202973780363363e-20,0.002304353099380382,0.00209882139364947,1.4731858424658536e-9,9.189225924008343e-8,2.867425918069057e-5,3.9655689464186283e-7,0.0328401022063213,3.072970993770502e-14,1.6161366730896678e-5,6.399800558472333e-17,6.124419110391061e-5,9.150330443213475e-12,0.0004353682405515031,1.9663564810077752e-25,6.95340135998162e-13,0.000828380091048403,3.3937070143308056e-13,0.7787198110870909,1.5825876605413587e-19,9.809387547376105e-15,0.0009697380483467528,1.3465985311747286e-19,1.8841776830631466e-17,0.03591725056729151,1.595802885085024e-6,7.762153076884144e-13
0.004362095166260471,1.9229462181166147e-5,1.2771309482990022e-8,1.82617141942807e-5,2.616889710529461e-5,1.8413600956584083e-7,4.64671646491285e-15,0.03497282326562361,0.006185466295256131,0.0003785025619506783,2.2776577709972967e-6,4.139188551262918e-6,0.0014035442419176112,8.528085790800066e-8,0.008314710294734398,3.404668841226762e-7,4.4946324994633874e-15,0.4408040414578832,3.427089497610215e-8,0.001975250175997267,7.524870087499362e-5,2.6523466320838736e-12,0.078518422142643,9.953448050732308e-13,3.270863276892773e-16,0.0023195762427188544,0.06252367661153026,4.958250866000331e-5,3.0593316857129607e-13,0.0001230699361864916,0.00016436775903957352,6.297024212133835e-11,0.0009608242795485347,1.383993817127013e-7,1.9115823922399052e-12,0.2205533366445747,1.6705435234705914e-9,9.221225881561814e-13,0.08729149551768164,8.388230529993122e-13,0.04370595937072132,0.00023513903129638233,2.3383647984847004e-14,8.217963181594029e-7,5.4731278992749865e-6,1.6159403900713615e-12,0.0006476543873868746,1.5537139523808504e-13,9.457943695884002e-7,1.2873433155768517e-8,3.10077485898885e-14,8.7150059804691e-8,1.8634351807537622e-5,0.004338364325510542,1.3202664843636393e-16
0.0007712182915230986,0.0046570395626221095,0.00397342423903948,0.14125040818457676,7.618287089962862e-8,0.0012621658924820704,0.06764559399089438,7.30704473220937e-5,1.6569010042205722e-35,1.5971283828445772e-5,0.1523587852551653,4.156955221243591e-5,0.016781060222252512,0.10011895419850518,4.657609487056742e-21,7.764447045431343e-12,5.143535409444628e-13,1.959122882313345e-6,2.9584211466509786e-5,1.8061377112850187e-15,0.000753225822866202,1.2620664841140853e-5,2.900350406581624e-7,2.796735054105437e-9,5.217529695609475e-7,1.7463548211052895e-14,5.550386207159319e-7,1.9465496898980572e-25,6.780687855805734e-7,0.01080467498486982,0.013861216223988844,5.771013086243766e-6,0.0033165558422414603,0.06854743689316843,3.022999549267317e-10,1.732651679597979e-6,1.1000396879531935e-11,8.970415548909416e-25,5.439488308728845e-7,1.6766075171644674e-19,1.1976265206327958e-17,0.0002952274766736664,0.020728596372371812,8.577171510797897e-6,1.3257107804007188e-24,0.07245046783183481,1.3838583748942205e-26,4.768597874087304e-7,3.062496423815406e-26,3.195984320338441e-6,0.3190199247339176,1.3137374251589289e-10,3.476249335310341e-10,0.001206826372730648,2.0888046816779593e-11
0.00023456640286085667,2.4591915643801765e-7,1.521180205845739e-12,9.358217589810192e-5,0.05480720602298589,0.05015727674511264,2.8731185010373633e-11,5.134759328700049e-14,5.858585939651851e-10,8.657746074519681e-16,7.300584608918316e-6,0.0017415731732792971,1.1407379229778019e-11,1.2280478201391963e-8,1.1363557288281377e-12,4.0090400398547816e-19,5.980322132836652e-14,6.177156680940978e-10,3.67517392279057e-17,1.1546019700227856e-22,1.0172963908269505e-5,7.097228385555179e-13,3.4135202399133404e-10,7.62073364038844e-17,5.199958532567441e-24,0.028794858080786686,2.6935273597185664e-9,7.232009545621177e-11,5.103703326576011e-5,0.00014094518124925263,0.0006585531331168416,0.00021305071317813867,5.929048470269022e-11,7.187318256750534e-7,1.4229390395587764e-6,0.0005347895258807456,5.0827672037356805e-17,0.03279883105432988,4.848479733978372e-12,0.131667908948808,7.273348443351351e-12,1.9752935324666414e-10,8.067802144408694e-11,3.931375216296989e-6,0.42266165833808367,5.2582860106569127e-11,0.0014363777879063783,6.999472999603145e-19,3.028149454202256e-20,0.2739807795751494,4.252156539799022e-9,1.590031486372763e-20,1.3598771577677151e-13,3.19228633891246e-6,1.864950022373088e-11
0.00011203024302809549,0.10269189750731444,0.016229176977853255,7.238773462922166e-7,4.049513137985358e-6,1.1243130208157263e-9,6.235075458590042e-5,0.0010166210031539412,6.086847755590741e-5,0.0036978379727501207,0.01806572541347915,2.388041056922742e-6,0.34232789210572845,4.682286940149532e-5,3.848525348647389e-8,9.537399157835474e-6,2.677009802205958e-11,0.023075337430060985,0.00802885753369339,0.006254981641968549,0.37810676153655964,9.367595730448175e-11,0.0023367491831547717,6.428298015579035e-11,6.9174608321432094e-12,4.050256063534366e-7,0.000662057825074482,0.000755233621545981,1.7212927790034964e-10,0.0007112572150255792,0.005193263655104887,0.0006037248473683446,0.029763177825278476,0.010498800128799838,4.6233323543991696e-7,0.00012238427493566336,7.045132205993899e-10,1.644950331933866e-17,0.00820515622102637,1.2088156243268173e-16,2.8692432844848274e-10,1.943397808956364e-6,0.00029831977135774803,0.02192951645531195,8.747486803390451e-9,0.002862974508197982,0.00686390646570776,1.4226588374336858e-6,3.945860813001639e-18,0.009361526411017798,2.7975040611951823e-5,5.807026492467741e-6,6.217073827849714e-9,1.987443093864838e-8,6.8959558896304066e-12
1.878485071620404e-5,0.00796507815146397,0.004053222660261002,5.635808203152531e-5,0.0008903045484901026,0.19573680604921895,0.1441743328168895,0.015261586454091489,3.4683180512717767e-46,5.918677850112015e-5,7.182377927308041e-5,0.013509253851470768,2.4117678608803217e-7,0.032757156523135475,1.5677479074507926e-20,1.2288122393446459e-11,6.8907942726194e-11,3.8487213409017946e-7,0.00010736379479791006,1.2336714147523976e-15,1.5567084581515418e-5,5.18776019401609e-5,5.414763217041026e-7,1.7059214195115045e-8,0.00015770946733887863,9.301279790990669e-21,6.013178106100082e-9,6.038869120596849e-42,9.853074554062549e-5,5.3003416694040154e-5,4.492433101380594e-5,0.0034511171563744855,0.010993208868550899,0.00247025580222097,1.9045709017109698e-9,0.0023265904579426984,3.290734481768745e-11,7.014846112679749e-33,1.9245864744061895e-7,1.4277551472679672e-22,5.092634228707607e-17,0.04511313033425163,0.004601272792450011,1.9270924093457357e-7,1.773529367535107e-36,0.09372848550485142,4.228569809775609e-37,1.4432498850815484e-9,6.785311538887923e-20,6.956526117240034e-8,0.42214307528820805,1.173412282570197e-10,1.632669293970368e-6,8.670984516946158e-5,1.3831858416452576e-9
0.0032408601924934035,1.6886199326616894e-10,4.426998654776498e-8,7.367151211769362e-16,0.0008422265781759174,1.5103728241459409e-9,1.24461014323748e-15,2.3767388271495733e-8,2.185673851513963e-6,3.196111642250148e-8,5.076175801767975e-10,0.5461663911612633,1.251121185962259e-10,6.820200720845076e-8,0.051901349748972765,1.3194347529209554e-16,8.235302015590045e-22,0.00042198178947138685,2.835755345416545e-16,1.631873255657659e-14,1.7989282120151608e-5,1.0704985720312561e-24,0.0007560905386047218,1.2129946298925721e-26,2.6844850001599195e-25,0.0014713237430807953,0.01018763887795677,7.841837096632307e-12,1.3386238427062642e-14,7.500609295048849e-5,1.4483390550065572e-12,3.255250807626219e-7,0.0063060383794891805,7.943805402975715e-6,3.084951554644316e-11,0.00015802107243538175,4.828676016065837e-13,1.1743538010119281e-7,0.0001328139442214347,5.274909749347939e-8,1.137678605393164e-5,0.00014561828086071023,2.5121225378336234e-16,4.359150459119231e-16,0.20997482633405143,1.4379283802895195e-7,0.05432550559630784,1.813450766948757e-21,7.474431610593266e-21,4.986717844827148e-6,7.416650606845845e-14,3.2392787264989543e-15,2.764423415041694e-8,0.11384898770456471,5.528201113628828e-18
1.0791261378733606e-8,0.0003876802347731891,1.364773324790408e-7,4.147874439978366e-12,3.7754726942017183e-13,1.4907110775792695e-12,1.8256836248057647e-19,0.030350453063202294,0.016158620653190264,0.012957200129944736,5.335990186591478e-10,7.918731752615675e-10,0.006866095104569954,6.998477821567605e-11,0.0010796964246277665,0.004065226974108539,3.125800917922736e-8,0.002427212121965281,1.4003457123198796e-5,0.6963409882032456,3.7358570928517603e-7,2.0325558140599095e-12,0.09877285352303919,1.8307490407980665e-10,5.4660414888419696e-9,1.2182962653787446e-6,0.002552592365118114,9.432373840469098e-14,6.872445234344995e-13,1.824051089330426e-6,2.4468339556369924e-10,1.8817904498385485e-9,4.6140548584288044e-6,1.268290970318774e-10,1.535204907647857e-14,1.4083888745065298e-8,3.849258780503631e-5,4.446436759721264e-21,0.0032233979499319545,5.8579327580984875e-19,0.08195899808048378,8.14666371286737e-8,2.2421244900543504e-15,0.00014305782456853057,7.675799043737094e-13,7.500113254935143e-14,7.66379622942253e-7,7.072638514852894e-8,0.0424449909841508,1.0368808391308657e-18,3.510658842290037e-19,1.7208004995707336e-7,0.00019939099569779123,9.726746211300292e-6,1.7566604707591746e-11
1.5174419790656498e-8,2.6225502609511224e-6,5.742954148768605e-7,7.457564540747457e-12,1.0477859562630895e-12,9.491073107783204e-11,6.053183178124094e-10,5.200436956282326e-7,3.120436100720462e-14,2.3066067036393967e-6,1.1521900951740653e-7,2.4899896719251467e-11,0.00012339940858248987,0.004346706778584761,6.445853473134654e-8,0.24309367766910084,0.012390487091526271,1.2496545430899893e-7,0.0001186918765169985,0.0070565594947638866,1.1788780786337924e-9,5.717371605583297e-10,0.00802104146011595,0.008862397600686986,0.09370253295842763,4.161052365434293e-6,7.39110544604039e-7,1.2097968723219971e-15,4.4896274384756075e-10,4.7123188502922496e-5,7.618137820914951e-11,2.274250815434244e-5,1.459507135511316e-8,0.00011249291704962457,2.0246554073501849e-10,5.288512335190101e-13,0.07795228782910818,6.856259021948647e-20,0.018710647182311687,1.7573591547273862e-15,0.008465598257717744,6.705001311793619e-13,3.6381469032547205e-9,0.0042272164775029155,1.478887504394511e-10,0.0007842498900574307,5.3490068565978033e-14,0.4510576067733768,0.04431109178754812,1.5398112846855135e-18,3.553840922275406e-6,0.014023909216305773,0.0025328464043601934,8.5107593012734e-10,2.1873467043428778e-5
0.008557354153294033,0.00018920287229150413,0.004891098300281157,6.610685736004274e-5,0.002082023201677499,0.0007039126426777132,0.003135828428053446,1.6874925871742605e-8,0.008442406021068166,0.00013638881217210012,0.11665752911670718,0.1261637113932262,7.808471609992114e-9,0.00851916319480265,4.159914183278112e-5,3.8118736165729296e-12,3.139785890045361e-14,0.10902596835195211,1.2533473266651793e-7,6.257919948001503e-11,0.034569208889390295,3.6293375205453e-8,0.00013401700542123215,4.3351375497863903e-13,1.6215026467901983e-16,0.006726619343109733,0.06050251119971851,1.4474249462560111e-8,3.3132532310777845e-7,0.0004887011842753814,0.05110043533927134,0.0005299018192174208,0.029948589099889126,0.00213741333207313,2.577450169925295e-9,0.4075585207652058,3.8174466022369544e-11,2.580543788275546e-9,4.537876422297112e-5,4.3889090702908206e-8,0.000448883986922412,0.008817607175789471,0.005468674268491844,1.6735932753617226e-7,1.3153628646106975e-5,0.00036577070203925097,0.0002159496165252369,3.852378818061615e-18,1.4893016271626469e-15,0.0013681763025258904,0.00047554395301519945,1.2340682492530584e-10,6.544617309853814e-9,0.0004718958445856588,1.7210863062812773e-12
0.0002342187946791982,1.1405709783399613e-7,6.4044571312821e-5,2.3155467023050015e-10,1.5108263556178226e-11,1.55503743592086e-9,1.0445012523667688e-10,0.19236947043437205,2.308517691260856e-9,0.46901637923813094,3.45105585798941e-7,1.2792617327971493e-9,0.0033544603375811285,8.065686972193524e-7,2.424782897091465e-10,0.006567999649023721,2.5708668893453747e-7,0.012526200771399534,0.008915257402794672,3.635935001231306e-5,0.004689458980684439,8.05963211976964e-12,0.07064809977261736,6.7369309020398345e-9,1.2479410430581044e-5,3.0640950924779015e-9,9.47140612103073e-5,1.201639681628981e-16,1.0566496903551865e-12,0.10367411627528397,0.0002471043519693912,8.759101516342042e-8,6.72842621899353e-5,0.0006581696887408037,1.3144275453677854e-13,2.2052715540142922e-6,5.694707753787269e-6,3.458534312588968e-26,0.10884451968547683,2.0563223261795656e-14,0.00040017611884127284,2.822661055053436e-6,7.635618529583589e-9,0.017434226568504723,4.943611647450225e-16,1.7388129230930915e-5,1.3496204923959773e-18,4.212397651051634e-5,3.172714487252755e-7,7.978442763720463e-13,3.765290302944157e-11,4.260687823460778e-5,5.1333823732559015e-6,2.5334343264812918e-5,2.3460774671623466e-11
0.00014508084525801876,1.18690255126781e-6,2.7747686291533286e-10,6.770077394470255e-9,7.373714858585537e-10,7.700989928363319e-17,1.8507320403050908e-14,0.0010808285857491153,0.03123766287513738,4.8800465216668745e-6,0.0004458770892840584,4.729380274114331e-6,1.0323578021936646e-6,0.004121307852376993,0.762216567853476,2.8110211804872407e-11,7.457624037335276e-17,0.012483744167464523,5.677387383536395e-10,0.05024235001687565,4.466565741385918e-6,7.479245229183407e-21,0.08110771111753082,0.0014566970385458016,2.5673192661946622e-17,1.5921205916891156e-5,0.0030390779876985096,1.386717472316757e-14,4.4300237569727574e-20,0.0009184238448467699,2.6534064922046306e-10,4.368790799622004e-12,0.004255013403981828,1.6246965619425884e-6,4.618132184161965e-16,0.00039772188683363276,1.1270285100849057e-8,6.743272753318985e-13,0.016709933329500857,1.1376073558665586e-18,0.0201175943196178,1.744472406772812e-7,1.8350595786524324e-11,7.55419610463286e-12,6.898137316267649e-7,4.2870984718814277e-8,0.0016721796506798193,1.5014916002528926e-15,5.31023087552198e-7,1.8316066963292618e-15,3.5806915035617776e-17,2.254776839182293e-11,0.0014457892184939689,0.006871139636301758,6.511297805247011e-20
0.3020881197520039,1.7516402973816987e-5,3.2180536999299744e-6,1.109053301822515e-6,5.300575274694938e-6,0.0013996049427603993,0.0005637279523397906,1.8274595193927354e-6,1.4146801219615422e-10,3.8138652885257782e-6,0.0009194534267271187,4.0926851842600775e-6,4.535067492105373e-6,0.00014197302634816813,3.33217258289598e-7,1.0342499964739004e-13,2.8224588662012255e-9,0.051757075158703765,1.1352517521386382e-9,1.3019782413119418e-6,0.14447697738016968,2.860761272161355e-8,2.378032320693627e-5,6.525966293425366e-10,4.3593707728010324e-10,0.07503778398032465,0.0035611095678513404,0.08374508343401178,0.00016683558156547492,0.29947024527587934,0.023543279861827193,9.880416179441251e-6,0.0001789232304982833,0.001044665859437223,2.428404653193414e-9,0.00729914478319604,3.144489702826958e-12,1.0184728169028527e-14,0.0015504495729005878,1.2925781351269913e-8,2.1771617684662572e-5,0.0005356177870699778,0.0001946205014234877,1.3697009033513744e-5,0.0001408696096324918,0.0018364036460166737,2.9189955394307264e-9,6.658929539661557e-15,3.7583381033996245e-11,0.0002266516602898035,5.070540899337091e-6,9.86277635072411e-12,1.5524087655660423e-7,3.9158710075016015e-6,1.251268330289955e-8
4.396208596511795e-10,1.9834380327090077e-5,1.6039257258663905e-8,3.4235065068741124e-9,1.790784073338252e-12,2.724913788604308e-5,4.359502721507397e-6,1.2222856746654495e-16,7.728826700336552e-50,3.314776572099508e-10,1.4164517937061004e-7,3.190494922682381e-17,8.332544307169134e-8,1.6898692592192349e-6,2.8535668921255884e-26,5.8726737572859805e-6,0.00047252728051818776,2.110318423393381e-21,0.00010125271973265713,5.386661201486575e-16,3.0161310530636033e-13,0.0701897968206912,6.732914794754098e-15,0.888449529620754,6.835970448885745e-7,1.4756833574047747e-25,1.5959314118284023e-11,1.3767883471176742e-45,6.477559041772215e-5,1.9925485186480683e-5,2.6840113175046306e-10,0.00010273122826068328,2.0008764094559096e-10,0.0028298473230111408,1.469246648223317e-15,1.899209128733248e-23,6.780350277332428e-5,6.951084975544191e-45,3.7513278676759687e-8,5.276026154619969e-26,1.6197476718689255e-19,8.222646854371644e-12,0.00017214026348506364,1.9943756529281402e-5,1.0236715713624814e-30,0.032726779359667724,4.824861437767783e-53,0.00173704765714723,5.945569848913777e-29,5.1059484448462793e-17,0.0002991941409328557,5.6590847900248535e-6,1.3631197864206039e-14,1.1709369205029982e-19,0.002681073792557599
1.1116363559328305e-5,0.0006849395899862462,0.004218730158441622,0.01164458347598975,3.931803434475734e-7,7.241522437263992e-8,2.652849618170566e-14,0.00026982102468886077,0.0025011206216526984,4.525806577019319e-5,0.008727409958697393,1.720854577347158e-5,4.29077701741411e-6,0.01779455987090936,0.001565380934533906,3.277378955381579e-6,4.3718107906662335e-15,0.017371345245246875,2.6837994526491167e-5,1.9071040200319903e-8,8.71662085480674e-5,1.4848695726056908e-13,0.0001984111318129128,5.406298550980204e-6,7.14012441313162e-16,0.0004910415904962539,0.1322088395716948,5.457873021339086e-13,7.31286785070543e-12,0.08161132379023042,0.01164259161758412,6.133227395313955e-11,0.4593979049720461,5.727670603068048e-5,3.1535537354449404e-11,0.00034674607146699204,2.7643361841484856e-6,7.463907838282033e-16,0.006643367101666786,8.753543124603742e-16,0.0020650280347742057,0.011269838548120156,2.198374137841955e-10,1.3546346392250246e-7,2.2278526909565595e-7,7.671385290124958e-11,0.03115506043517335,4.566019555075484e-14,1.8792505864075994e-12,2.5809704620251153e-10,8.341904014602812e-14,2.272781914279117e-6,5.208650256767754e-6,0.19792302857479332,9.051280611550025e-16
6.599026181843496e-9,4.0770310659912194e-7,2.1414878536176782e-5,3.865881466156889e-11,1.9608742971507313e-22,3.060973264937251e-11,8.867491350886381e-10,1.8349794866896078e-8,5.365034208097522e-32,9.729226361881397e-5,1.0053211489649363e-7,1.7877430917690794e-16,3.1429200823941034e-5,6.840288753718704e-7,6.697931594641895e-18,0.2041961064277072,0.0022986914257904427,5.205074757815228e-16,0.14754514843958824,0.0003135955460022894,1.8817885454792947e-10,5.433272849166921e-6,7.65595320728894e-10,0.14761391060157963,0.009507226585341375,2.2083216141660925e-24,1.1985322231047622e-9,1.2847688665104231e-29,8.850196054133307e-12,0.01721465985587243,8.20402456423464e-11,5.997453016049217e-10,4.612009387777906e-11,0.00017127585748349345,9.172524682116407e-23,1.6076007916392768e-22,0.013745685542720276,1.8121881305289949e-44,1.0429034055664031e-5,7.556269784268635e-31,3.082750756247187e-8,2.456407302605758e-12,5.11472627873159e-7,1.8062042547280603e-6,3.737089132697761e-22,6.573317690693611e-6,2.1639843384332108e-38,0.000993136316290835,1.459135855297463e-14,1.391965849706617e-26,1.5665512203782323e-8,0.4562169249238242,7.516600908309576e-10,1.1863624030668157e-17,7.480528193136264e-6
1.0371870997415235e-8,6.510723232202961e-18,1.290044447635185e-21,7.353329920527784e-24,1.5582837386678558e-15,5.311540217994515e-14,1.9177119697440457e-14,2.2986429624465598e-10,7.876450918834476e-5,1.8416930421498813e-14,4.737780377835088e-18,1.7189027782855426e-18,1.1012594857657505e-7,1.4886540185621357e-18,2.5067257512311295e-11,3.661341230031692e-13,3.5004400949727456e-10,1.5866359058913604e-10,1.9378646426550136e-24,7.788135653553903e-8,6.606478302799496e-11,3.686885965330127e-22,1.856783521711401e-7,1.4058513902376742e-15,0.060439823520900195,5.820892079459633e-5,4.538005326888029e-10,3.5571423930198474e-7,5.30537557960675e-16,0.008325634892061095,5.425177179437176e-13,4.160450802036085e-14,5.756681178085476e-16,1.223652904902376e-7,7.766032111673498e-7,8.402348492634772e-11,1.8075404627178473e-20,0.0018706847069520545,1.8036882594970425e-12,1.305077167216121e-17,4.574510800312838e-9,4.359913623193942e-19,2.307477510336224e-18,2.6878661689586176e-13,9.941897544734046e-12,2.3104803936026802e-8,0.00010846370949139179,0.01483566982298255,0.9073219959036716,2.257018877393639e-16,1.8372352015666318e-9,8.93352320806984e-22,0.006959078874242092,2.467173755576478e-14,5.50228495729022e-9
0.6936332660324916,4.786092981802579e-7,1.173471325715513e-9,3.839574420908961e-6,0.0021377372040131703,0.006977014488487876,0.00013834637777114186,3.631812540561748e-16,4.0992951039782635e-10,7.29570908055537e-13,2.8754980258746827e-5,5.261886184048233e-5,5.1330282320058165e-5,1.640318791687719e-5,6.035949988660908e-14,2.131674765227164e-17,4.723081246530455e-13,1.3073840349022897e-9,1.2420781263464434e-15,3.126131504042801e-20,0.04243204519394474,4.7119861557413825e-5,1.6860248987748787e-8,3.444159970815462e-14,2.7047688823697546e-13,0.06753681497824265,3.690320995681271e-6,1.5593570172812251e-12,0.0013481857561650542,0.020538826103282625,0.0005629319898207001,5.844860092822841e-5,2.4959743508789672e-9,0.06167008764701655,0.0006153945787945226,3.908062974454148e-5,6.035157949635405e-16,2.7064607740419384e-5,3.016360500790937e-8,0.02661975245500418,5.603887099741975e-17,3.3903755888694154e-11,0.028777687256553868,6.547331436529194e-8,0.00018752932182062798,0.0011644401039776144,3.255392615768456e-10,5.671954581004082e-5,4.039433441148254e-16,0.036901877657355794,0.008338358162064317,1.610934537420292e-21,5.581959719067217e-10,3.4036820062097754e-5,5.603625701399122e-12
0.008900542900742959,0.0007710036522128991,0.038460717957396515,7.986685182338822e-6,0.026860098856833776,0.0001245424279838935,0.01582117376533221,4.326816507661133e-5,3.311002605704433e-13,3.9525540864168785e-5,0.004244700085554613,0.37602940069215096,1.5289698346912506e-7,0.1418546482689651,3.2268584022986707e-5,6.07964624590972e-12,2.379187906918607e-10,0.009305603927735632,1.776987298167923e-6,3.0242444027072354e-8,0.012225395719090032,1.351643535400445e-8,9.005313160263917e-5,0.0020748923995644914,2.7217956670994967e-7,0.002456136681364723,0.006803496203418152,0.021132020965140885,0.006143453702091411,0.0022385818024175832,0.03863407471134763,2.1649750846837333e-6,0.015475124674751557,0.0015206754464537901,9.22779089562784e-5,0.000875351675533755,4.6948443886144856e-8,7.0871957600873875e-12,7.482580213370213e-5,3.6343819914542987e-13,0.0659198484301526,0.011912546169085525,0.01457947837959658,1.8460428914682086e-8,0.0289692725614149,6.25237881653337e-5,0.000526893374978425,1.8696387974990398e-16,1.467532144516225e-17,5.4838525253547226e-8,7.964491902266305e-5,1.0963219393195657e-12,8.104458087967235e-6,0.14560521052121322,1.0376627430577359e-7
8.769655481773042e-6,0.006791459354288824,5.388595128338423e-16,1.8994007367757648e-30,0.004903272433818661,2.4361416676559737e-9,4.3910301924719594e-21,6.922224939775365e-13,3.7001181239895943e-16,1.0522135943991497e-5,3.9964395667724e-6,3.489885041149566e-13,0.002289155493189709,1.2017844555082166e-12,3.9951017575554076e-13,2.4839342039363408e-18,3.211413021852219e-14,2.0950074253614256e-7,4.558441030007255e-15,4.594486713211797e-21,0.10576953996823608,5.99496767625767e-25,1.0172302566334104e-6,4.514206679229724e-37,6.717488440350928e-20,0.01480946385419477,5.3157547571511867e-8,0.4576259511418106,6.1241540634326076e-18,0.29506383884190795,8.590148965589156e-6,1.965425297359465e-19,1.213181843890245e-5,0.019684538550188865,2.012783625092873e-10,0.0023033272588268675,1.5353950929447259e-29,3.9518106140403345e-8,1.96251586097293e-15,4.957204754255422e-7,7.813461624050344e-19,2.890064965037942e-14,4.078724816187199e-13,3.292463012749169e-26,8.607377429047568e-17,0.02532567872105789,2.3352425591977023e-9,5.918632594861227e-13,1.0430666911242557e-23,0.06538794401242527,1.5135855874107884e-16,7.867718053296427e-25,6.814921916711876e-11,6.7601268253391585e-19,6.43339609205353e-15
8.954397360312643e-9,1.2333870445902982e-6,4.9025650514272624e-11,1.3133045653106699e-7,3.718188726649359e-7,0.0001003398052041207,0.0031622067745098632,7.732120616211122e-18,4.390099352754518e-37,3.140839365522365e-9,4.610058837535517e-7,1.127341794213848e-15,3.9129355619290474e-8,8.329595942693048e-8,6.14122171415249e-22,2.9059401467949507e-6,0.07298581247890246,3.0988909265933846e-17,1.1906417622797082e-7,1.1389196363369915e-20,8.961225336823551e-10,0.43543713160504366,9.736407272388459e-14,0.09676469423983913,1.840135969711363e-8,6.6202436101106e-15,8.118768668975894e-11,1.0940438224592468e-11,0.04656043476868863,5.444697488359063e-7,3.563694999327262e-8,0.0017188164597923448,6.131654324517348e-10,2.283375521345049e-8,2.76729180974667e-5,1.1311845588956066e-18,0.00012992371915788068,8.121780007350805e-24,7.049602040390339e-7,1.944184481128087e-17,3.795680194212818e-17,9.004804005714791e-12,0.0009053025267911685,0.046295377355264414,2.589286288094796e-23,0.0012545533166974012,3.746271297146633e-26,1.393870038756178e-5,5.0477267751889535e-28,1.307528307107262e-8,9.79673059728809e-6,1.3990656978193584e-8,3.176668044873898e-10,8.675642258717193e-18,0.2946272861887179
0.0001729936970658531,1.830338712021752e-5,1.769880956272593e-6,0.02301705085835976,0.0026870409305744703,0.00040401751357360856,0.00010436197449417077,4.7187041135979995e-14,2.849594414967502e-22,8.988420395570892e-9,0.026555421885509717,0.00027942282515573593,0.07111655573380155,9.355120206096635e-5,1.2007909819352106e-8,1.1788138156099388e-7,7.585981644908694e-8,3.095599437544669e-6,1.1104055114315009e-10,4.020893810093584e-7,0.005936406320333065,3.9720142889679107e-10,4.871508120347623e-8,9.663751827840664e-14,7.995787065524643e-20,0.026485141432024416,0.02629165566835118,0.030241551156243107,0.00047961277394721163,0.35964905688231674,2.1395250882090981e-7,0.01951228201515539,1.4488240170969935e-5,0.3061895202088985,0.016729003185369025,0.0005736581207613406,1.586118742704412e-10,7.220334028200669e-10,1.3238280291141922e-8,3.830762509948261e-5,1.3233044089143725e-5,0.00016146058247328265,1.2411145414907817e-5,6.751081762466082e-7,0.005170888060946132,0.07626144389539911,9.936510295770561e-14,3.4870477055420607e-7,2.4886768120983737e-22,0.0002883503599706994,0.000818808769569982,1.1475702364813235e-8,9.938757697368473e-13,1.2065686381018383e-5,0.0006651399274222945
0.04398650433252032,0.019504184229503996,0.0004173615227212867,0.11682167467863072,0.031233958862444264,5.102352437204334e-5,0.012158966290144471,0.0005773220499106,3.333138867730523e-29,6.385528627169451e-6,0.20251221415782764,2.9067340993805907e-8,0.001466436864964171,0.2865922637975086,8.010976050667867e-17,1.309066516783984e-14,1.894240435798149e-12,0.00045455931919277935,5.223885485347193e-6,1.1556760234498108e-11,0.0004796998923622747,7.2025649070251104e-9,0.0012213659746054338,1.1774469660258253e-12,2.5836440244292776e-17,1.74136278525112e-9,7.823942703836603e-5,1.3640290458086081e-13,5.665709891480815e-9,0.0069291959633617575,0.19335531873707276,1.389829382550046e-7,0.0001841994080268559,7.251794255697806e-5,2.316913329143944e-14,0.02919067364246964,2.0425625773098764e-15,2.3857758355879677e-14,4.963470301903283e-6,0.0022285038172548018,2.3942219725472108e-14,9.464409500307842e-6,0.031012374900191653,1.7919343161594702e-6,1.1813979716670313e-9,0.00552629828367301,1.3957625519803116e-16,3.645128559585804e-16,6.349213100366147e-31,3.628880738587991e-8,0.0017141489959183105,2.5740861175957497e-13,2.2459491274909447e-8,0.01220292155276069,1.3451303262404002e-14
3.754122674989156e-5,1.0355514965722933e-5,6.55414983994543e-9,7.591753588324378e-5,0.04732477186052972,0.0018658210892531402,0.000812627718140053,1.943424205202986e-13,1.2884094363007001e-26,6.915338933874065e-6,0.00028740650696969743,7.259859611790033e-6,6.063423295830304e-7,0.0011207054579362085,1.1785497853462674e-11,1.877424511743784e-7,0.15315352814071412,1.7248408506875923e-9,2.9242239550215776e-5,4.3836008972157645e-14,0.0015047203479981559,1.9825576056632125e-6,1.8027966209870944e-5,0.009227211463150689,1.5134036171742267e-14,1.4591775451400563e-12,1.514090674046425e-8,4.7658727796800895e-8,0.012446846514599331,3.7238477954066514e-8,7.904121245975387e-8,0.05465607698345022,2.7836534089567096e-7,3.388307586874669e-8,2.9706281624787217e-6,2.0339492017065523e-9,2.1479356072174894e-5,5.808740476116482e-18,1.114682815731509e-5,5.243856774757168e-12,3.3122577713193526e-5,4.71985330307522e-5,0.0003481364731211026,0.6813982749478117,1.11008505460173e-15,0.006612167290960104,1.1280559468014408e-14,9.6495218823564e-10,5.269730373739415e-21,0.0007959208027541776,0.021829415969942294,2.9578430754297426e-9,0.005681052729402765,1.0082884504381508e-7,0.0006307550447635002
0.010484292565452618,0.00015130202545868553,0.00024109375504574045,0.03086046066475922,0.0018300829835785546,0.03666877802353762,0.0029295307577916234,9.749095030168477e-6,1.6429827548727105e-11,0.00024260137611496491,0.00041207424567991203,0.5848402074658771,5.888354837526922e-7,0.002008119092940424,2.645394050984225e-7,6.222335491232394e-11,3.096299246590082e-11,0.00017180295030444365,3.2695574871115366e-7,6.170913636409238e-10,0.05176023802443481,9.267862038090135e-9,4.258581195051238e-6,5.720577237463581e-12,1.1248595362422413e-15,5.638893681090149e-6,0.0004246854111481652,0.000926128924842548,0.00027930498215937626,1.290651000516695e-5,0.003792742024257097,0.00034115108045583474,0.02824146628516819,1.201597220023378e-5,2.3015668421970807e-7,0.0004587807933702943,3.8048425868166965e-10,3.458449134115404e-9,1.4630642975709044e-6,6.627732242798024e-8,0.006078815605816936,0.19637058016285708,6.2177617149949e-5,5.691843059567034e-7,0.004291329004444992,2.5680941005047624e-5,0.017965315563755635,7.88348025959732e-18,6.970822474255107e-18,0.00020523296098745998,4.735499946440842e-6,2.047984757339198e-12,1.24128742944698e-6,0.017881956009695034,7.902598404414276e-12
1.0601955035441071e-5,0.022944474310665954,1.2850742284978528e-6,1.874804891285321e-9,0.0004231382818609509,0.00011050757312266878,0.13594403454288742,1.0826717977677363e-8,0.0008338227873084902,0.0008407551668288103,0.001998940972621227,1.626379152591346e-11,0.0094033182001636,4.836620317279326e-9,0.0009309089032012158,4.681269113540053e-5,1.8182652237689856e-8,0.0016535012495778976,3.2292177565266495e-11,0.0004246818394667324,0.006359873608200742,2.9047925726366355e-14,4.435112381917447e-9,1.3469227865185827e-16,2.0963879446293228e-14,0.00019425902682949545,0.0010944851001686564,2.7613993080688318e-8,2.3042499244469017e-8,0.02931591194107977,0.01150952564036404,1.9049942553964706e-8,0.0010395285239597411,0.7361466565824005,1.127260887057137e-6,7.866261364496577e-8,1.29224967761179e-10,1.4202888625944547e-26,0.0030001777993411576,3.2533275034486593e-15,0.006455222599772813,0.0001287698501516307,0.02433764568237923,2.6574691506872146e-5,2.840499788116995e-8,0.0004688049576717289,2.761741869601314e-20,0.0011460461950090223,0.00018549365975027658,0.002341069337193742,0.0006815910016215162,1.0824772791182858e-7,6.891855741616028e-16,1.2994923200621375e-10,1.2750814127495125e-7
3.5748194806617304e-7,1.227275174082808e-10,4.542887992166637e-12,5.151495947816285e-11,9.843599051001254e-12,1.5924672193581853e-8,5.604923764619544e-6,2.1423369467256517e-10,5.2064529277111193e-17,1.10978267499574e-15,1.5482259298565494e-8,7.908039321557852e-17,7.23593343809799e-5,1.6588566946073347e-9,9.306482334967324e-22,9.409458180512822e-15,0.00025821813727916915,2.7796595612798666e-12,7.024536183889517e-13,6.430140006198973e-19,7.817784001831997e-8,9.679519145007753e-7,6.65418468307455e-18,3.902157782329308e-5,0.14599702523098088,0.002029253794664565,2.5811808112834313e-13,1.6347536620101444e-16,0.00013514351382226553,0.010177384705890523,1.4063891242909377e-12,3.327058601467416e-11,2.5277792312044004e-19,1.801559102364712e-8,0.5189958321677478,8.693601744985315e-8,5.255973753894388e-12,5.641078638768795e-7,6.229369654692894e-15,1.4057171723906779e-15,5.540951067268891e-20,9.422023307037922e-21,2.405973656339965e-7,1.7016844445769514e-8,1.110460198513796e-20,0.0015663053278742436,4.596939464314957e-11,0.011287989180645611,4.709537832525519e-11,8.147615374918207e-10,0.00012610843190618008,9.51812384018542e-18,0.0013851198480667314,4.919580331709654e-18,0.30792226911959913
0.0032388563822552435,1.0977937211139461e-13,2.040644589818048e-12,0.0017960385723529181,0.08164884682491602,0.025088608439824918,0.0038425829271236433,5.313311047535499e-14,2.1431472810780271e-19,4.049637479882572e-9,4.0071824729117386e-5,0.04707929501470336,1.627791489331548e-17,0.00025701435539440457,3.4045503900400096e-8,1.8426112459484324e-18,5.605299693158757e-15,8.264322790639396e-6,2.9293807674639543e-15,1.891418408264131e-16,0.0029155509944676088,3.6248519586568076e-10,2.0562748718105016e-5,2.5147415054514972e-14,1.5991954014669958e-18,1.574378102715531e-6,0.0007564686343963123,1.093704246468109e-10,6.99375718866314e-6,0.087177063958818,0.00025044604230682144,0.004865739481013721,0.004638932068686298,0.003149763161139581,3.177026636602809e-8,0.13198534936667677,4.104527933508338e-12,6.457524044339491e-8,5.668565332301713e-8,0.0042661490181361145,1.5036358205677756e-8,0.27968416253576917,0.0018768568727768977,3.8174575804740574e-7,0.0001339871144005824,5.469566641997082e-6,3.568895349443095e-7,7.803690621009938e-17,4.60043396856211e-19,0.29695507575868163,1.0166276893078461e-7,1.7719420053087078e-16,0.011627169693532748,0.006682059245452817,8.366673886912387e-14
2.3649104565212293e-8,1.1971762906630757e-6,5.398317221292691e-5,3.810048330185671e-12,2.1872285291234305e-9,4.605949823082897e-7,2.3319609326095574e-15,0.01085024164608355,1.4725748594724165e-13,0.10034901673382773,3.214224698294223e-8,5.811544099801654e-6,8.101539812675853e-6,1.5489735160129236e-6,5.02370592506703e-6,0.3157952140660911,1.3350941985991133e-5,0.000848374358167387,0.1039066119787519,0.18059434552495726,9.021132589401554e-6,4.4969469929379457e-8,0.00718905433919791,0.0012511476156812982,0.005930907738117185,1.5265030835664622e-10,0.0003357813798651937,2.9633035466309163e-24,1.7514716444019883e-9,0.00995635121756722,0.0004355584848745764,3.257413033348436e-5,0.005603802283786869,1.73188020067687e-5,4.052378941945677e-13,2.2031708801759208e-9,0.03628141193743691,1.1849484836098293e-24,0.05074361598465355,8.294425541394945e-21,0.13482224372450388,0.0012864864541893908,7.975793194019012e-12,0.003491344997734254,5.2600358342090494e-14,2.2165263863766503e-7,2.4316422080830717e-22,1.4870703768586524e-6,3.4337905451769036e-5,7.094367819187004e-14,2.43199893625647e-15,0.030048354869419553,1.3305397745600958e-5,8.226195579651933e-5,2.190151927381853e-8
5.19453353279137e-13,6.988896907327998e-9,1.142369266586918e-5,4.875256185605102e-14,0.04022718393807988,1.7319284407071624e-7,0.01267403631589805,3.7924601867523234e-13,6.044531138734367e-34,3.475794303039673e-9,5.831971671496421e-12,8.279776983570609e-11,7.721589066601122e-6,8.030848856294997e-15,2.552481362565083e-15,3.726579982314572e-19,4.1489751898799614e-13,3.707665744588393e-9,0.001746027199536439,1.337436554954101e-18,1.8431577235661764e-14,0.005519774555263967,4.003377532005715e-16,7.0535432918711615e-15,5.80601994489238e-34,4.810847311337901e-6,6.167289133649887e-18,3.541434100020717e-27,0.10965059004154837,7.482695868855548e-6,4.877769144402569e-17,3.633255176002439e-6,4.891360566323732e-10,0.004368688155005608,0.6104111408003591,1.7921444783987665e-6,4.2195378113638663e-19,0.03182173577323576,5.859441449664539e-9,0.044331843322560925,9.802016952918672e-18,6.254858812699272e-15,8.018560408052449e-11,1.6337252788185155e-13,1.4399609445559382e-8,3.121308074676567e-8,7.738334388623822e-14,1.1665390777991574e-19,2.690577666499262e-42,0.13919419708544475,1.3894121395519194e-5,4.366134443379432e-20,2.0194810702035212e-11,2.09930163218204e-7,3.5750198167613733e-6
4.64555806938099e-6,0.00026747190844386975,0.024262336804463477,8.38478109197295e-6,9.122937796034515e-12,4.7685342641001834e-8,1.3604229907735711e-8,0.0005696263076424913,0.01761527719934876,0.05325547330847308,2.97273549087305e-6,4.63435876683856e-5,9.399303068042512e-6,4.466050846363847e-6,8.57699191105479e-6,1.142313201351707e-5,5.3897759755368716e-9,0.0004995042229724296,0.00637434396223951,2.247309280066321e-5,0.025462949411636057,4.599174089616134e-12,0.003563372081407552,1.253098365739855e-7,2.0463368417726235e-12,1.614950058247589e-7,0.087202434106674,1.848148490239967e-8,1.4243061062603357e-10,3.5312121432588015e-5,0.001051399057913702,6.904463370742766e-7,0.6685266137851239,0.00026179958082239425,9.948032945713883e-14,8.3449134359258e-8,0.0006003245281307228,3.9895589868761306e-16,0.03957305376173286,3.46011972335354e-16,0.02001040073385401,0.0008861846866659713,1.4294033884855866e-7,6.248765831011506e-7,2.974500665224436e-10,1.2806899897311883e-5,0.013948490866986265,2.2052176489545973e-13,1.618708296656553e-9,5.060405482106899e-15,3.877372657087078e-9,1.732469232344362e-5,0.00822530922577664,0.0276575858818298,1.123758269869998e-12
0.0015387970462143498,0.00025444332192349744,2.1983565094875908e-9,0.007506446145365807,7.092213588286888e-6,0.03708117045598203,8.426922179997763e-7,5.690473528617413e-20,2.1092853430927554e-26,1.0817648514604277e-19,0.00023323092848177762,2.101674752844589e-17,2.3573070035358785e-12,0.028863495823969534,1.977208493907394e-27,1.0043391267427348e-15,5.748988486917681e-5,3.324745582184827e-16,2.200899787066784e-15,4.2938226931741455e-32,7.925999141550888e-7,0.2705407142429866,1.667415265718112e-12,8.127921071403418e-11,4.403133639657964e-27,4.980295661846709e-7,6.896757573315702e-15,4.397485840981442e-25,0.6016251957015978,9.309443479408074e-5,4.102703258586116e-6,0.001310788400128536,2.582662682987011e-14,0.009174915321820106,1.02604090323493e-6,1.8392976350242437e-16,2.0417906758147232e-14,1.8720678409332732e-17,1.7319958147182835e-9,0.0001866921508394453,1.9292292567745866e-27,4.328154552689877e-19,2.629711504852074e-11,0.04053449876135721,1.1224276588979205e-17,1.389173575216042e-5,2.0363197534488855e-23,4.758344451456582e-14,3.44352989745035e-33,0.000604200971265424,0.00030215692283889947,4.100774756593176e-21,5.463554476122041e-17,2.7056538599704655e-11,6.441940125079422e-5
0.0001938398312880162,2.3420021384404006e-16,3.620706919118641e-19,8.50598721762935e-25,1.9028607055408192e-7,2.828402669982791e-13,2.503685743991946e-16,1.0272168647989831e-8,0.0002672214744892829,7.306856414043548e-18,1.6077928982392237e-13,9.332301854358122e-6,0.0012131150055296961,1.9787141420856158e-5,0.04176145158873925,6.441596600713191e-20,7.662424417873204e-21,1.564198077561109e-5,5.874054937187361e-25,6.424036041580886e-8,3.2302686831802087e-7,2.336766461822068e-25,0.17405016204293566,7.678354649844581e-18,1.9423091544760678e-18,0.10986242664585816,5.053930771079028e-5,5.628776887279314e-9,4.8727722267384914e-17,0.04702232855507756,1.6622283419990894e-13,1.6939785984645223e-10,2.4474257439503595e-10,1.0261646745116255e-6,3.838020571407844e-12,0.08807202165639413,2.5056494863588105e-20,0.021998476262884304,3.236859732714411e-6,5.502988211436356e-10,0.11418999915564768,3.2790494346381538e-16,5.25439955805324e-18,1.9097601951011252e-18,0.3561687414490244,0.013368245003587584,0.03171910719634408,5.042683818226175e-12,2.9583873871817202e-8,8.941093209366289e-9,2.4241579342218992e-14,5.887549584568399e-31,4.624559149754655e-8,1.262117727321164e-5,1.7547484305699145e-19
0.00016025584272864958,1.0846246381308352e-6,4.146761155931099e-8,6.224796874484151e-6,0.13694875482860872,0.20325549163473083,4.3803665454836547e-5,4.121711613456239e-8,1.0282938803048441e-19,2.2680209590694432e-8,5.481617536898194e-7,0.09480168033028542,4.672476623437278e-9,0.008128818210800892,8.104577311675621e-9,3.4175639139813863e-10,1.2673001650758289e-10,4.23373636691329e-5,6.5024993020284e-7,9.397665676163657e-13,1.018840996355911e-8,3.3376801733042476e-7,9.095974456764855e-10,6.6639788526966436e-9,5.409890980764454e-17,1.316317655020719e-5,1.1084202426316272e-6,1.2022624846107546e-6,0.0008669045644428427,0.011311086099408615,0.017922030431723374,4.2363448686230725e-6,1.208264498810618e-7,0.002685952231421332,4.3373333925893135e-7,0.018022578771258055,5.7704721848965645e-8,7.372442621456826e-10,3.474377095371091e-8,6.104631771985481e-7,0.00028786035126645643,3.6078453919516873e-6,1.5047735412447384e-7,1.0366779294893109e-5,0.0964750877131447,1.311603617942804e-6,0.0015130335874673094,4.9712056019867056e-18,6.491590926428564e-23,0.36812515225300346,0.03935197003511244,3.370248859097292e-11,5.810680509069136e-13,1.1818951844429282e-5,6.2191382753245374e-12
5.591684823154321e-6,0.2214833806102251,0.056247507738134035,5.138786948819795e-7,4.4702719788433176e-13,5.513587704387721e-6,0.009733226726193624,0.00988976060973115,3.251570334538932e-53,0.018501080059330096,0.024453122456603884,0.00020739736802179412,0.003993680779081003,0.0006948823621379615,3.325313122818892e-9,0.0002758701578271195,2.599942086596665e-15,2.403697903241829e-9,0.06554802568308828,0.0008988199670188138,0.029369232990805648,6.574811064651445e-13,0.0002776639072867354,1.2255501760541173e-7,0.0012124158814889921,7.049830240530475e-18,5.252896416169635e-6,7.844170654199853e-7,9.336325596375125e-18,0.00013100835750212036,0.06590845703529026,3.083066385828429e-11,2.2441317559037074e-6,0.06672359925617177,6.5568974355988155e-21,2.1498684403379075e-13,4.9155155513249304e-5,3.09402351298832e-44,3.109316674646546e-6,6.771733508913804e-29,0.0035671536024041084,0.0007201511769195251,0.41548181097174997,1.7591082652117722e-14,1.0131429131102116e-10,0.0035368650779509137,4.2445801160952764e-60,1.787243357326006e-9,1.1577061569671892e-29,1.6042237760947965e-20,0.0009405396888840282,0.00013205098359651284,1.278093513874278e-9,1.051514772252785e-12,7.0564746768315504e-15
0.001338389305465013,0.00013186039569688777,0.0012295696738144908,0.00017022622556094044,4.0370110462190304e-9,0.0002743033153424899,0.001978604317877164,2.3836342816166235e-8,1.260657947015018e-17,0.0002047808749134142,1.04065969820677e-5,9.744409735880947e-9,0.030778422039588395,0.0005827955687693692,3.157816260771207e-13,0.011266683976148219,0.011619971521889195,3.6315425133078826e-8,0.128569216787062,1.7450391667049e-11,2.0404382167122265e-5,0.0054930290023190885,2.4408950430000764e-5,0.0005728544404878315,5.076724612560675e-15,1.1956409229096053e-10,0.0003148548478166852,1.1815073173845461e-9,0.0005448526171965888,5.4918092768811555e-6,2.2789911487713126e-8,0.02398206563488635,0.0010711960773606135,6.742604121981876e-8,1.1722565080821622e-6,4.1851836251963857e-7,0.6804197222122013,5.410623370711748e-19,0.004646445429727567,2.71537708053092e-16,1.795695049587937e-7,1.5807531330845444e-5,0.00047532879139575,0.05821215584842454,1.5903344835329953e-15,0.004455829691809256,4.142418549273095e-9,2.529742169837845e-8,5.318454123643653e-18,3.896005036384051e-8,2.275940791036591e-5,0.03140200813414042,1.500813517150973e-9,2.1491580276891384e-8,0.00016352738736330293
0.003499713825455851,4.685253986643578e-12,9.445400374224404e-15,1.8400497883618472e-7,0.10484330351423847,0.11055829641412555,3.232700560487197e-13,3.862531661634844e-14,1.3703539467578512e-18,4.835328001152526e-19,1.0612105986841069e-8,4.474930606763756e-8,1.368501335813229e-7,2.987779941490725e-6,3.897569685915527e-17,1.1718958194358124e-17,8.203652941929958e-13,7.844240160586755e-11,6.89875228496177e-19,5.926756279995222e-29,1.197241645672911e-6,3.231759715916558e-10,2.0962643705873838e-11,1.574485179514742e-24,4.40805608029445e-33,0.002336960633712564,3.3940794223002465e-12,2.5228604226644783e-14,0.039808690632241385,0.0013131410942814267,0.0011400649455679086,0.04860376387550905,2.5474804518166784e-10,0.0012878462009646506,4.070642530849666e-6,3.327022512235861e-7,1.412830106755667e-19,0.007060045288327939,1.6196014593813185e-8,0.4333902664197676,1.4317440922252642e-21,5.699704748707792e-16,1.284624858325592e-21,2.0865684775994625e-7,0.026555697199298917,6.500179982486875e-7,2.6900734951454483e-10,9.699319724715425e-18,4.07917186881675e-24,0.21892952482913505,0.0006615427017768267,9.661494718628095e-25,6.48521763053379e-18,1.0957856169315872e-6,2.0623059235647913e-7
2.551524672413542e-8,0.006216413473703149,0.001652198197178152,4.704040093041124e-11,1.5309312714444305e-9,1.1292929131023596e-9,0.0018467782304347727,0.00021869911869707966,3.0682197181551193e-7,9.116739869811554e-6,3.460587617017755e-5,4.1265426165572667e-7,0.09497645529090017,3.0443025054958933e-8,9.808406638294441e-7,0.006763662614034183,2.7251855249826456e-12,8.51859085536436e-12,0.02955829660127326,0.004827792523809671,1.522699692019828e-6,6.139500284504456e-10,7.112857653200599e-8,0.006549779169312279,0.001848156794451947,4.25406110758017e-12,3.827776420972332e-7,0.005189211924193494,4.291665873283333e-11,0.0002783449050475679,3.5156851253609795e-8,5.757319689059433e-8,1.1944434173981233e-7,0.047968654665620086,7.991205859660332e-12,1.155848340608424e-11,0.0009626767894661798,1.9127997170453169e-28,1.0792336854052718e-5,8.599479356805096e-18,6.636770401313767e-8,7.886715913986958e-6,0.39305689393125914,3.328962652516224e-9,3.7283547322748075e-14,0.3705489851213365,9.367824820242423e-17,7.124992992090187e-6,8.337952512158453e-14,3.455287832905206e-7,0.0018086679972193214,0.024119103158530362,0.0015353391498305763,6.211698245152202e-17,1.6828715794292036e-12
3.468796037339278e-5,9.590134646735447e-19,7.299510789897487e-13,2.4981213136910854e-31,0.011559654203501468,9.413268236404658e-13,2.2710762412413573e-18,1.453293325797133e-17,1.2442413035353536e-14,1.1616963834510496e-12,4.941618427883177e-27,9.741640879057653e-6,0.0013034978160845487,1.15733796237658e-34,1.8873359736960402e-8,8.81405613686605e-22,9.137440016763879e-18,1.543805171647857e-8,7.715242834852434e-15,6.442732915825378e-15,7.534729982209222e-9,3.01850707494266e-19,1.362462677833352e-11,9.48290704372404e-31,3.152737529450161e-32,0.0006028178616772756,8.718789792157189e-16,2.4074061701380484e-12,2.5449812572208848e-9,2.687854119002575e-7,8.47283246518008e-15,6.188749456396621e-5,8.030352985168707e-12,2.9152714401878313e-12,0.00017275679649512627,9.643009743592625e-5,2.844618987752921e-30,0.8403528713904233,7.455735967705676e-18,0.013334771191120138,3.1931202174904884e-15,9.478840907160147e-13,2.3755920600889473e-26,1.421106154901412e-20,0.0013767261714167493,2.438533670905688e-13,0.12852574027050712,1.3142256725651046e-24,6.190036732086325e-26,0.002567638504933475,3.3135212652311647e-14,1.1056271204172732e-25,3.7604406193584853e-10,4.6422053623175096e-7,7.963990108736293e-10
2.0790816644261414e-8,9.429532627590649e-6,4.280865559522661e-6,3.6818479967377475e-14,2.9292943497180117e-14,1.3922411794232519e-15,6.750460405182285e-8,5.0848953163951316e-5,3.5200675907983484e-8,5.508029640123566e-5,4.837627923021732e-6,3.4670892029863713e-13,0.000845689003393919,3.827486392257796e-8,7.886989202224634e-8,0.012061314936668293,3.0730119098447006e-8,3.999805480776397e-6,2.7089386053663044e-5,0.03222538190276864,1.6313883888549818e-9,3.1905541125298822e-15,0.12932911021729826,0.00021485484287569489,0.001415363347223665,0.0011920600612326069,0.00012392632227726301,3.1758402280877454e-9,2.9688437855832667e-14,0.0001759413211885644,6.063483806520133e-11,2.1821753480025757e-10,0.00039531643749198594,1.9596382133939706e-6,7.7730771936079e-11,2.7450470789864608e-11,0.024844309482346456,7.654292957167084e-13,0.03299725379389292,3.8870254607571244e-18,1.4230505805753008e-6,5.230975729753167e-13,4.4887063327767894e-7,0.00032185040928008215,4.0936405503369493e-13,0.00023679283477799962,1.5360710114532524e-6,0.10482047722918517,0.5438114283685334,7.652296123461307e-21,8.132863131976447e-11,3.996129720738161e-6,0.11481141669177145,1.2302004703800134e-5,3.9200131998902925e-9
2.562469369918621e-10,2.473498391774251e-22,4.4114226574607906e-15,4.273956056108244e-46,7.344266114701085e-10,1.8412232602076928e-14,1.5296139393779559e-19,1.719763623720089e-8,0.6108732496808117,1.0466956220008284e-12,2.52604336428537e-28,6.747198190324976e-11,0.0029995324347162297,1.5052539035050443e-30,0.02477064242932014,5.01948032681813e-18,3.6106587473436126e-13,2.5488957089571103e-7,1.2983297657779669e-14,0.0011556550510214197,7.017929865878572e-10,1.2298179729609843e-40,0.03211873459027528,7.008633415408426e-35,2.3663483504212444e-15,1.9984909310471097e-9,1.3229749787391037e-5,1.1551119281756104e-9,5.2758184262692115e-19,2.5428529546832382e-11,8.660229278803127e-25,2.2121439332932303e-9,1.0556524717726935e-11,1.202759639057234e-18,2.8624797606361083e-7,1.8461090631205027e-6,1.6149115665730148e-25,4.185923966913482e-6,1.0915725046099143e-13,2.887020304532071e-10,5.593045430531716e-10,4.16746210521008e-17,2.6608702845872697e-24,3.886971149387193e-25,2.6169259097645526e-5,9.719452286131386e-11,0.0005855072165417494,3.567360486064227e-13,0.10567210165776847,3.441112600957086e-11,2.578500785628521e-19,2.5261020975033295e-20,0.22177857272562138,6.691982049991062e-9,1.6488124396763594e-12
1.3529528106169994e-5,3.8675145333807697e-7,2.120996963621729e-12,0.0008941858863793762,0.006444153183886364,0.007956273241807272,0.0028558820924482484,9.696471084562302e-16,8.52765051344187e-18,3.775619392224236e-15,4.1000410096131994e-5,6.434279794857986e-10,2.072567566990024e-10,7.351694751740405e-5,5.709071768614224e-21,7.245583983063175e-19,1.5699463045944623e-7,2.324082692813058e-12,4.101129390583234e-12,1.3054657602894384e-25,3.193716786947932e-7,0.27229918476684106,3.194395943931476e-11,4.2953553345985e-6,9.032716845673217e-17,7.108135882058571e-7,5.005256914984121e-13,8.599393186713809e-16,0.6679927452825347,0.00252036754895881,0.00010950264560244646,0.0007622261284333996,2.2575333406453028e-13,1.4542050944492854e-5,0.0026629172185498123,1.2526360891940654e-8,3.918959634825398e-14,2.934468823237355e-8,2.573092869285788e-10,8.055552065609996e-5,5.739534748003653e-22,3.211559040312718e-13,0.00011698825654640555,0.005474670567519274,1.0016547333046452e-10,3.445053591028407e-5,3.713848600204465e-14,4.800973099497916e-12,7.403647167295322e-26,0.024208838027030104,0.005436130706763515,5.3666741659469125e-19,1.3586140906392584e-11,1.2785810062110256e-8,2.4142417580037123e-6
8.504042941952724e-5,0.0023549102551945734,0.008469950227733142,0.0003690000991259045,1.3712460807456962e-17,0.030685379249486056,0.401770280499537,8.132014591551382e-9,7.2869395296119355e-56,6.070731913165476e-6,0.00017249001731492477,0.005948105134206089,3.6285738950453914e-6,0.009036962624405714,6.489417952504014e-12,9.297715296894146e-15,4.2723217317856256e-14,3.586896022306809e-17,5.731886427373275e-5,0.0018713182910837954,0.004374295509596852,0.0011161318091971093,1.6726229120473537e-12,0.0009610707460166239,7.659953730285042e-5,7.354498695426185e-25,6.942658249780295e-12,0.0013303047493638971,5.0310830446728325e-9,2.824479235176309e-6,1.0090500622471805e-9,4.3582497516660626e-8,2.3896640358656752e-8,7.411204640067871e-5,9.963659043757835e-25,4.283310143289201e-27,0.00358009581769911,3.28268363386814e-41,2.16532462519192e-8,2.616671797927653e-25,2.4190434527812484e-13,2.75351468505431e-10,0.00046419184885444233,8.307314015182688e-13,1.8725990636961812e-21,0.445705726633386,1.2465875322194814e-43,2.7328777665836386e-13,4.46520608694743e-25,6.580135545219197e-24,0.08148384535427959,2.4284733505487307e-7,1.3747347171201986e-12,1.3369054596031934e-15,2.598192702905581e-11
6.012295798645524e-6,5.977616082038309e-7,2.0669221817608088e-6,1.8805438414504076e-15,3.877115206858849e-17,3.568593817034137e-11,6.267643547908173e-17,0.19504746146208363,6.996372303422951e-7,0.003503576641622338,1.4860285857171758e-10,2.1142579398754138e-14,0.006753459945941388,1.0890544514936501e-10,2.479843498303684e-10,0.01862996857713047,1.7365277417243357e-7,0.0007953994452846313,0.0008206931810729114,0.47610147268594644,0.00033954302991552994,3.3765826374471457e-13,0.12077451035074012,2.783562297354213e-9,0.0027764349267441796,1.757804256400069e-10,0.00014899230481899237,5.201325887660113e-17,5.176921630182723e-15,0.002855336384914029,3.3964998170378215e-8,2.8373627433512023e-10,4.11119402404078e-7,7.92810863475103e-5,2.2828338438787536e-20,3.7664555861140597e-10,0.0003977320226428212,7.101109381134669e-34,0.12386382097599945,2.0924070681146445e-26,0.00023277640640837448,2.488130810026998e-9,7.943078081161474e-14,0.0011850789811733312,2.6557201178930953e-26,5.225434170516527e-9,1.1526481660206854e-14,2.6123873761587684e-5,0.04554134781386328,1.9703512450333883e-20,4.3942815088318016e-13,7.661876231109403e-5,4.0363551595219986e-5,3.1722066779044084e-10,4.310372413582613e-11
7.777419886088297e-7,1.408595299809294e-5,2.342853538019601e-8,6.329836246106493e-11,0.002346314137803332,3.6320495949861456e-8,2.0098576388160776e-8,1.4170198665534342e-11,0.0003632173141399676,7.933976860045995e-7,8.126448639849997e-8,6.284242228844311e-6,1.04868849224678e-6,8.977909463584741e-5,1.6510434390301744e-6,3.063675990604777e-9,8.395769282968359e-13,1.84772305486397e-5,1.7720774332222257e-10,1.455980999054717e-11,0.0030988913368670858,9.978086810361237e-14,0.0006405497496347593,3.8941930380075146e-15,9.175579797039819e-7,0.003565136001182877,0.0006104908183138783,4.785798059013006e-14,2.6269676625451234e-11,1.7048291743062417e-5,6.840318282679105e-8,0.0007611523340352724,0.0841629772257684,5.140782814016172e-9,0.0019978319804184012,3.728492687001147e-7,1.1888543806952564e-13,0.000564679171333529,1.0093456956587203e-5,1.7951088509099038e-10,5.567317359545147e-5,1.130339043035948e-8,2.7228060165957273e-14,3.0344689567920564e-9,1.7466794473228223e-6,7.656586466841813e-8,0.5524634849292364,1.068662241284729e-5,2.520868686157593e-7,4.284317744354607e-10,0.005821796623573783,8.716970553834035e-14,0.2533936132236025,0.08997984510701582,2.4086518158396626e-9
0.0001472149999102701,0.0005910281811490647,0.007648173120364381,0.0005049386144473189,0.3911087608838753,0.0003371569808807641,9.832416394420543e-6,6.007557815410156e-9,5.58507843238315e-11,3.3258504109742726e-6,0.018380632590423683,0.1719163561709257,2.8615660030503364e-12,0.023116268398483422,5.962864322711633e-7,4.0219720898391665e-11,3.010568540895377e-11,4.7438163866831747e-7,1.903820281028493e-9,2.2605484733869154e-15,6.616471009654941e-6,1.1638914228913577e-7,9.562129374483296e-9,4.043389472562586e-12,6.42055258091221e-11,0.011486601837974933,0.0017384206470522974,2.749318975362023e-11,4.7116355160244034e-6,0.00015259540481367517,0.006142525346093418,1.9995247980747615e-5,0.003717619490573405,1.084707226129029e-7,2.3168025227690392e-5,8.605826359856352e-5,2.850528433290193e-9,8.943792619942953e-5,2.0175940553335602e-10,1.1667924246229843e-6,2.3335343642872677e-6,0.32738502862030683,6.409355474823581e-6,3.6499953852494527e-10,0.026332546741570644,1.884727404850802e-10,0.00016817412099338008,2.179739907955125e-17,3.860353189857227e-17,1.2830836674300357e-5,5.226810152827711e-8,1.4156116084055964e-10,9.534375045404501e-8,0.00885860689792724,1.1560040410945145e-11
2.5694781207360626e-5,0.0003721562488881857,2.997662013033912e-7,1.0869183576672403e-10,1.1845006384274191e-15,2.1251833839376254e-9,2.333788046685212e-7,9.010803586400788e-11,1.3090768962327222e-16,3.3748613911605974e-8,4.853148163753283e-5,1.1744436769309032e-14,7.560428018228138e-6,1.3163959382252262e-5,4.270208253476527e-13,0.010003044436268335,0.5653319672331972,1.1493502357962764e-10,5.4042244469930604e-8,1.1175372978859117e-8,2.0928697845622356e-9,1.0594828163263592e-6,2.4538312929214607e-7,0.0035469886012591293,0.06848121607350996,4.3985446875473185e-9,8.885305466944545e-7,0.0016311558442105578,2.0831310758423905e-6,4.105427497988958e-8,5.143156134955176e-8,1.237425998132316e-5,6.913650793015754e-13,5.427800765548177e-9,3.060096103758849e-8,1.6313620442885663e-14,0.0027156776488279615,1.0009501982782736e-15,1.0374185961351522e-7,5.248101114868451e-20,1.5144292781071964e-8,2.2691033055451435e-11,2.259872078263709e-6,0.00016933918600356052,2.2662905695533957e-17,0.00221277785169228,1.017670260823963e-10,0.2845545702750942,3.0195352070449795e-5,7.724610658046119e-13,1.7051815878468208e-6,1.1008566354229428e-5,0.0005915806182388254,4.785320571799432e-14,0.0602318670041764
55,10
1.4650836639181402e-25,3.470165679583026e-11,0.0010603824951021257,0.29262060736290824,0.27126953787397057,0.2952942476274345,0.06211954902712777,0.07430828005684299,0.003315769915597306,1.1625606314944477e-5
8.720558342671703e-84,1.0226687779721873e-28,3.7102305806035307e-25,2.765886721762927e-12,4.6485090775001515e-10,0.0004123705385801139,0.4244816475946468,0.5671222090977477,0.00798239317032718,1.3791310816817256e-6
6.62471666812597e-57,1.170173075845778e-28,1.1518801316116728e-12,4.5770479571512384e-10,0.00014674903985910587,0.029442274606126514,0.7258286566877789,0.24458224970712733,6.78934973491852e-8,1.6067543015128864e-9
3.799441022301658e-36,0.00312605939350694,5.312542898014906e-18,0.016692580003232392,0.00018044892026256783,0.004933822420789279,0.7346973000311241,0.2297493799778031,0.010590142338496224,3.02669147854487e-5
3.6301773660403766e-6,0.012282433084690264,0.058051879849839255,0.8165582063207732,0.04480113026638967,0.026563927738973057,0.041738792537232124,2.4736225695419622e-11,1.852073037916397e-17,3.195968203129697e-19
1.0458158639197572e-29,1.9699157713727199e-13,9.515474480018826e-5,0.02917243809127831,0.37135180252339445,0.2911612393867663,0.28589578438154206,0.02232301452206869,1.1577179178355085e-8,5.54772773982475e-7
1.5400479012752848e-91,9.516962197033613e-43,1.1307088544701963e-27,9.642079912976288e-24,1.273622103234495e-10,7.291260045689948e-10,2.6164009490158093e-8,0.1152723636330528,0.8833209008156327,0.0014067085308167365
2.6533830612174847e-11,0.000813494529424679,0.9573875460406561,0.020715227245386846,0.021024125010346433,3.528371983077227e-5,2.4294394035109742e-5,2.887413840471436e-17,7.424750581430802e-41,2.9033786197318444e-8
0.9804133546629688,0.018428989393393942,9.3979561289587e-5,0.0007908465977710994,3.7947761036707393e-10,2.4253744248986596e-48,0.00027282940509902023,9.58784920096169e-27,2.203264407965211e-139,1.9999574629319725e-39
9.889366812495592e-30,2.38343927373873e-7,0.005415079888520308,0.36834357739716705,0.448145606840128,0.1778652681718094,0.0002301032088759873,1.261494626597995e-7,2.359016505471215e-31,1.092548590822444e-13
2.0250351426063517e-51,6.259398337782948e-12,3.812954317614832e-15,6.480140855181758e-7,7.051384796734978e-9,0.0536177429883002,0.256967609089858,0.6857800165836252,0.002778468232662039,0.0008555080338211448
0.00020479751706396,0.24371049128381467,0.35626226326695787,0.34159017829357036,0.05197727427310887,0.0005781713069486747,0.005676824058495755,5.249932137058633e-26,3.5904346802510667e-41,3.9889415882759504e-14
4.601386053526512e-34,1.5357979039644025e-22,3.673666111044443e-5,6.179571182646017e-7,1.0476552946567763e-5,0.0262854971123513,0.16323588659686317,0.19814703355269458,0.017958109776025428,0.5943256417908902
1.7099310366888792e-32,3.4169521031830445e-9,4.659882004338426e-17,0.01852872911121357,8.05220288644081e-6,0.21639607026343655,0.03474534407266762,0.676948250579278,0.053371108216159514,2.4421374061123444e-6
0.041417143540196655,0.5486649724947892,0.2019993404020077,0.18959366688555032,0.014981774337489479,0.0013239103887093574,3.822996850656034e-9,7.07237627320259e-30,1.289616510236376e-29,0.0020191881282603406
4.703291204383528e-34,7.821639482666833e-11,0.13643121578129538,0.35857165754836173,0.3610868383810213,0.13104665237568938,0.012221374302808357,0.0006422218628500102,1.6834433731624037e-13,3.9669589219722e-8
8.403795526632992e-37,8.893432600766235e-18,0.0001540543963311129,0.0001584339554396571,0.5265276984097756,0.16891032478493068,0.21144510819691006,0.09280438025661258,1.220056680346777e-17,3.644431483351996e-17
3.599592664375106e-10,3.5266353732540825e-7,0.3287574246575132,0.4404284105896814,0.18192310521020222,0.04889008610089139,6.204160131307277e-7,9.358305973495096e-13,2.3791884484754414e-25,1.266366652735361e-12
2.005245683540147e-61,6.933213491583576e-31,1.8198360457088402e-7,1.8507854761423005e-8,0.07963655513745146,0.33641260911638976,0.26670957309705035,0.3172410609840231,1.1724313550527896e-9,1.1944360101947408e-12
0.00687775462610235,0.48003832732244106,0.16745056861740534,0.2838828163018792,0.061044598573368074,0.00020598762261318787,1.9511705447339867e-5,8.980818686722304e-18,2.9176146189667404e-30,0.0004804352307433823
3.0321154193060948e-15,2.2554996969250637e-6,0.05221365426024173,0.3036261589151844,0.3219529729466207,0.3116488235227875,0.009905498697881161,6.134105874409325e-8,6.552750644568996e-13,0.0006505748158706225
7.955106548559422e-55,8.602192862216179e-46,5.496009245059321e-15,1.0880966173342172e-10,0.028518366792811355,0.08802563025962679,0.27024580256164715,0.4093365395241745,0.19172037604556016,0.012153284707365255
1.3887097279477385e-23,3.622393403318852e-7,0.11662262953910495,0.38438701236147277,0.4517108370192969,0.03625763047925609,0.0016548248492656284,1.66177054687245e-7,6.703282824367763e-12,0.009366537328505427
2.6182747034237905e-72,1.932054960496307e-66,5.127924974127257e-6,1.8395480698159953e-32,1.7465012837133392e-6,0.1024245191189655,0.22493665091219175,0.3985932591706078,0.26682325465191936,0.00721544172005779
3.4060379982097633e-9,0.4020912268279006,0.15820482791755364,0.21940825374789175,0.17696372655549264,1.3808401550309326e-6,0.04333058070496845,1.159541963794032e-21,6.149921247869767e-43,1.6576736255179997e-35
1.404726845953506e-7,0.2759025589615014,0.5894526812214056,0.004482764751414731,0.0033576534924147834,1.1382007637274089e-5,0.06257270312120229,1.7205710911931492e-17,1.494298334249845e-18,0.06422011597173952
7.407754439131147e-19,1.985231640691645e-10,2.27711242626167e-5,0.03495862252638525,0.8541591913850831,0.0014807510541449873,0.08551001106038654,1.968016339092473e-5,4.824485767991252e-7,0.023848490039246523
0.5572858597898851,0.4001143382373973,0.01365212915265586,0.00013304633496245304,3.61641263437786e-8,0.023866550873895075,0.004940219210256614,4.869802369604565e-22,2.212868529802337e-19,7.82023682132977e-6
2.0237465092814712e-16,2.3239130018391554e-11,0.0006239276999678979,0.07629256648387202,0.1641882362582974,0.37756085713671006,0.23288184592095434,0.14416538645392002,0.004287180023039017,1.5818057321817559e-21
1.0047774231040643e-15,0.00037120338318507375,0.024194288141390748,0.00392354285545771,0.014017938946845585,1.6780186403994517e-7,0.0661542849214446,0.048767785969757844,0.07705795955723457,0.7655128284228188
2.280377384703665e-60,2.177959870332072e-29,3.720644212497481e-6,5.90115972960003e-5,0.00010763791757539567,0.8752738988445502,0.09886279711723112,0.02474881034963852,0.0009425213463887032,1.602183107751655e-6
9.30989807221894e-14,4.5443980765956175e-10,2.5726826014002488e-5,0.008726678402669859,0.11344282237502634,0.8777246309954184,8.013886233293027e-5,2.0840034129183382e-9,2.156121194196583e-15,8.823495641743559e-17
2.457486157832163e-24,3.9504863062480943e-17,8.854205138919134e-6,0.005846034306315061,0.14897539665509718,0.4612150824766816,0.3057342929945869,0.07390140794638063,0.004318931017177829,3.9862175388468713e-10
2.126205912009476e-27,9.409915093676504e-7,2.547268510200187e-10,1.7595296129274624e-7,0.002207824157064028,1.0244312818269584e-7,3.1901158369149587e-5,0.005111252420085805,0.034864341134695845,0.9577834614874595
1.187620051804731e-6,0.15643905686444579,0.3349407469566979,0.28149487943942353,0.15578456079183267,0.056440350982733735,0.011710220313689887,0.0031889969019838157,1.2914061777796103e-10,2.2221531594502305e-37
7.167715309693175e-6,4.587327173694027e-7,0.9778186479818376,0.01710316695661501,0.00403534165896345,0.0010341972740081037,1.0196805477439217e-6,1.0282068101522914e-15,3.482567775511571e-24,1.1667778941121138e-29
5.277034199582793e-39,1.4738915691076918e-18,3.267823594568143e-7,9.255397160957798e-6,0.08095867326145842,0.060700219794448916,0.782597148944095,0.07570057453478217,3.380128544143873e-5,2.5365513306753837e-13
0.6370402752592572,0.18671679632594126,0.09010448394667578,0.051729259957729035,0.012296856446557692,0.014617455523587416,0.007494872540251653,7.021579718857413e-28,2.725563356115672e-68,2.712000927849433e-17
1.36905169717325e-26,8.054312849807395e-16,5.706485053847262e-6,0.004334545077097336,0.08826125313569828,0.6322601622145921,0.19835951760894827,0.07671437793629118,2.1845553898999631e-10,6.443732386256954e-5
0.031060513664431494,0.5089991676935673,0.106783915179654,0.16992408216105032,0.1279597824132672,0.04907533353227304,1.0305911409322703e-6,1.0123896971829785e-9,8.102833384676049e-7,0.006195363468887764
4.290451170185447e-13,0.9992462234805048,0.0003787153724891611,0.0001610169550347038,0.00018668376994704364,1.3446770567757254e-5,1.3573164117448427e-5,4.123693784090445e-36,4.768147139487347e-41,3.404869102425602e-7
2.0014079125610942e-16,4.854742904415081e-10,5.335583087620364e-5,0.010535528129453672,0.6813116515521307,0.30738219144089657,0.0005127714326647611,5.070675064554678e-8,0.0002044504217531061,2.5771148086486217e-20
3.3278255405195776e-111,7.788182968396522e-40,3.547143147297583e-46,7.033086287480232e-27,6.082467384189312e-23,0.0016616611666208506,0.0006495752862957922,0.2452934159724483,0.7367883238215529,0.015607023753082127
4.058044871207782e-5,2.0475566463466205e-29,2.1510324050890307e-13,1.2941921542900462e-9,0.18181715277051289,0.5771782255765638,0.24092719754199357,3.683669592088291e-5,1.9660586274772203e-9,3.7058309294091263e-9
0.05620057462235274,0.8536146589715974,0.07394916333422155,0.014659539655078394,5.1667954178634585e-8,3.7236234585548687e-5,1.671753227652718e-9,7.908353328631069e-32,1.0850641389123405e-41,0.001538773842457115
5.076244203956523e-66,2.266058908943809e-18,6.6463188712751935e-37,1.612840628688588e-20,2.6004105037478717e-15,0.0008821598707092938,6.453815802766879e-5,0.0029504640757359586,0.38382910798607345,0.6122737299094512
0.8242522745081567,0.11272136388134929,0.05288275433991179,0.005385250511051378,0.004758356759528637,7.927525191488891e-32,2.093362311346871e-15,1.5266225330079804e-34,3.69401904984133e-153,2.342556358876874e-39
4.035880242021391e-13,0.002262189542071968,0.2692533279577161,0.2691005482878882,0.2595318217230612,0.1837155023154779,0.016135886949836607,7.232235444987294e-7,8.008455171200595e-31,1.6601363167339446e-41
0.6550205152459918,0.21793603302852363,0.10182300464091412,0.025220440021286032,3.9056121789551314e-9,6.689505582606319e-15,3.157665522656987e-9,1.1685119748188036e-56,1.114435133408321e-115,9.048857490227257e-42
3.249899037707125e-8,0.015532543497307575,0.5853828062318073,0.1634756003479159,0.19545734936552958,0.03070535723678503,0.009446310130639318,5.989114556129965e-10,9.211355736383801e-11,7.734437106914363e-19
1.0106043070878251e-67,4.386140480090236e-28,1.0437300005675497e-27,5.254577738411408e-16,9.156473083669407e-16,9.03237898361879e-6,0.0002387896936067132,0.003978815566892872,0.874571053405489,0.12120230895502632
6.391104890904603e-53,4.385986170147567e-21,0.0001560892422654962,0.044060319964933696,0.17848303575405713,0.27299996370488777,0.31082116610107957,0.17039441752399181,0.020059261077983986,0.0030257466308005287
6.488796251071074e-7,0.41831415877386174,0.25391261082574945,0.30318871858993096,0.02279006128946802,6.302153163132337e-9,0.001793794704571024,4.659875621304264e-10,5.0721289508529786e-54,1.6865300495933294e-10
1.5086677854676717e-13,1.3025099220343433e-8,1.0814139184534044e-5,0.5876115271915199,0.18138118328282113,0.016184227050891852,0.21187384682945973,0.002933515465003545,3.924503068173195e-9,4.869091366132955e-6
1.2003436338777499e-29,6.699455808278345e-17,0.009816750086357153,0.013148241836698724,0.3036076184999578,0.3275214404484979,0.24966675871250765,0.09623878369727899,4.067186997416144e-7,1.9444597609182464e-15
1.0,0.0,0.0,0.0,0.0,0.0,0.0,0.0,0.0,0.0,0.0,0.0,0.0,0.0,0.0,0.0,0.0,0.0,0.0,0.0,0.0,0.0,0.0,0.0,0.0,0.0,0.0,0.0,0.0,0.0,0.0,0.0,0.0,0.0,0.0,0.0,0.0,0.0,0.0,0.0,0.0,0.0,0.0,0.0,0.0,0.0,0.0,0.0,0.0,0.0,0.0,0.0,0.0,0.0,0.0
0.05368744,0.013395608,0.019567426,0.045091588,0.032155074,0.13724062,0.024003148,0.039657034,0.035394073,0.028270083
0.039657034:7,0.028270083:4,0.013395608:1,0.019567426:2,0.032155074:5,0.035394073:6,0.05368744:9,0.13724062:10,0.024003148:3,0.045091588:8
