10
0.9688152948225228,1.1830894139181138e-38,1.3793324961585684e-53,0.0048253731053086975,0.01621778559400345,4.761734555293805e-13,0.0035116309256407164,1.4797135203600352e-46,0.0034524001746917107,0.003177515377356208
9.686834683315608e-72,0.8228224257306687,0.0678851487943564,0.06779252141872974,0.008459333377913002,6.031639882508193e-12,0.010986654625541575,0.0015274613003716656,0.00032967270374232644,0.020196782042645002
0.0006292756077028333,0.05156095083193593,0.8686458231826074,0.014426004947381846,0.016617695738742798,0.0018247810071594654,0.011045259127996072,0.00805325914970982,0.0012702333469488797,0.02592671705981503
0.0006329114045860441,0.09627306068028765,0.018112196147401123,0.850440772318052,0.008556794300264734,0.003843971696548785,0.007804751077245409,0.0016852588209061094,0.0008424793957263486,0.011807804158981985
0.005013237886248078,0.006065555020439762,0.013077954505105883,0.008986675124978983,0.8532358681851049,0.013797417798136159,0.03928756803149448,0.04572693252552259,0.005746582801693408,0.009062208121275787
0.00030538261043717513,7.579706719784796e-16,0.0003577339830469011,0.0012649072498865774,0.013696088312999252,0.9785536152852875,0.0005959778747222024,0.0035346843649774083,0.0016915805983691446,2.972027316789574e-8
0.0036323374667587656,0.017286727634170315,0.01625092724487361,0.009351286549100819,0.05075031223351001,7.527832786435645e-5,0.8605282156961307,0.008297829450097329,7.150407847768922e-19,0.03382708539749434
1.7553621138973846e-16,0.0011215989032545691,0.0003409241984679295,0.003686882811619604,0.020284923003659708,0.00045692197810295225,0.007419812452203574,0.9661023767477859,6.541347483078337e-58,0.0005865599049055078
0.0007590517318209273,2.0949931177522468e-24,0.0011452936028038456,0.0011964307690153233,0.009046211567435347,0.003950152715249771,2.9851438129674535e-25,0.00027815174248663123,0.9836247078711884,1.2685590014086895e-26
0.002457712370096795,0.01813327814866737,0.06130622324097707,0.005849781948824812,0.013205719653929537,0.003509091824277797,0.030769223198293665,0.013590935553195838,0.0008644320699401123,0.8503136019917968
10,100
1.4903380089783243e-129,9.875339535562811e-164,2.0755861280499928e-201,3.0782451366210665e-126,1.4048260978775908e-164,3.1975574201889316e-227,1.2461055651130694e-166,9.900348730074067e-153,8.936173038319983e-151,9.066256186626654e-156,2.914730318933654e-117,0.0007273454842927935,2.419346756967393e-202,3.333903317691747e-89,1.4755575646108861e-210,1.0424848378711643e-139,1.0027726215844453e-81,2.7964154877669524e-75,4.022735687851973e-27,1.1795673072480904e-89,4.4261716496136125e-90,0.0007147428659524375,3.395794265918168e-154,8.228755889936453e-162,3.7617785335727575e-121,1.6804230434737149e-102,4.651692135635866e-31,0.0007658802747273447,0.0005473756698517201,9.464038173327765e-8,2.3770454356750795e-112,0.005747888227027717,0.008459965722991384,0.010835122586760148,0.14442571173932223,0.18416440765024578,0.0438269344615138,0.031189800379401042,0.04847654986052422,0.034299917094087334,0.029036085049112013,0.01847071533751783,0.02908425875245604,0.03546506477400492,0.03103727150053278,0.039015174001287206,0.05822593818396008,0.08739929312589163,0.08349811584390605,0.02862933124167201,0.012818639044333663,0.006378724200985384,0.004078706083749813,0.001377231792733545,0.0006361702250140826,0.0007545071190312244,0.0014749779658072798,0.0008359330688206942,0.002344470184579939,2.738245369327398e-108,0.0021621834294114272,6.919598227114218e-51,4.1882832763075966e-54,0.0007069295030524877,1.4395618622787538e-51,4.56648306702954e-61,8.303733717985232e-83,1.875129302646778e-82,5.1965746785168555e-158,3.052870719698063e-144,0.0008560766120055813,0.0006857629885885446,0.0007291634153938479,0.0007252485375063545,0.0008302286631492315,0.0004481759186945885,9.335581380202482e-5,2.714091259588662e-187,8.935673424153556e-95,1.723987821384606e-45,0.0020287220184946244,2.35194821363666e-78,0.001447635391087286,3.0903615594962807e-132,1.6656842991017644e-192,1.1721407405548046e-184,0.0007296175889481185,0.0007177643947099251,2.8272647568779698e-67,1.481366074391949e-175,9.746934878173106e-76,0.0007177030269859759,0.0006925384642815336,0.00012706224692114775,1.2591068142410435e-97,0.0006821680116157349,1.4890473847169166e-104,0.0007997078631341757,7.761195974132428e-5,1.0962449878816211e-79
0.0,0.0,0.0,0.0,0.0,0.0,3.089145472846965e-265,9.663425353587293e-262,0.0,0.0,6.453521956740848e-297,3.039556919118966e-275,0.0,0.0,1.2073276211011333e-252,4.3458116794435287e-268,1.9683795713620137e-278,1.275210660755351e-251,1.0334573729295844e-167,7.920807178974757e-265,3.803067698370784e-301,5.734972642564662e-287,1.3416408174426667e-290,3.015221713037228e-243,1.9955123913149586e-122,5.02443566355767e-113,1.8698994164344652e-179,6.1676399575751504e-195,3.0701371178424644e-198,1.4313170031801793e-192,1.834458886802571e-182,1.2755909379117486e-159,2.3931693327812843e-237,6.919060525311148e-233,2.4843148582093598e-262,9.099706112549567e-200,7.137100613091484e-228,2.4249971959584055e-193,2.0063479078374757e-154,1.2825634113525238e-248,5.97092925686158e-16,1.2655924915445553e-118,5.876217074821592e-185,7.537344649336001e-191,7.173922639348668e-185,5.923977556354565e-146,1.0518046651937947e-153,1.8318241616114306e-195,1.1352747677909043e-150,0.0002844103825953716,1.452078257465942e-154,6.977578782693683e-95,4.770908783513869e-137,1.75934567073468e-80,6.560271507176997e-133,1.076457438980445e-122,9.924929487930391e-84,2.0865704487315803e-122,6.582024533127648e-59,7.005210825413089e-74,4.608244826440501e-76,3.638172258987336e-113,2.1696140812957076e-122,9.916337157522434e-105,2.2922751367869066e-61,1.4725848684276e-38,4.44918799940046e-52,3.992214843250904e-57,1.8690198995588013e-68,3.5508518263962364e-81,3.628482999171312e-36,8.25753153446658e-22,5.520636020882926e-83,8.26255390636399e-68,4.206180112100707e-50,0.0007776970397580999,7.317783240159818e-48,1.368975692471701e-42,0.0014745267723156109,0.0006805692282633448,0.004897635294947985,0.02738222164445931,0.055842333894409964,0.07100412691108741,0.09220840682343806,0.10225698313223364,0.0982205780929502,0.10534906431031238,0.08922714075589652,0.09172500558488374,0.10081104125714196,0.08587058383265826,0.04417383149239692,0.01612738413346979,0.001889589305732206,0.0015224864217766847,0.0008903972865958891,0.00028386494948757346,0.004195916367622321,0.0029042050855661943
0.0,0.0,2.4118268031967542e-284,0.0,3.032948586363189e-289,0.0,2.2245049760640884e-235,1.0012883173552476e-186,6.463308158642212e-291,2.8441967175297393e-298,2.9643986128999016e-281,1.3156344440641637e-215,1.6453264679346093e-283,2.02393374293058e-271,6.8514976197454015e-214,6.841769536823091e-159,1.4048385606690394e-161,4.2018100765343215e-223,1.111977357756196e-19,6.160082364366239e-129,5.388651379228667e-241,6.265739643953724e-202,6.768090079725728e-187,1.6055709368815987e-165,7.639544943700875e-130,3.200793780382038e-138,3.352245725964797e-145,2.19435249894184e-82,7.099617088009053e-147,1.785041332391356e-148,3.1402925692890973e-47,6.112783117508527e-174,4.172067436337859e-175,2.3190215627022334e-95,4.56502300393532e-160,4.089583117829599e-158,6.504897646938294e-131,7.685555778553219e-178,2.3237144327665857e-147,2.9147008766114375e-230,3.3047587619892714e-100,1.4912500934113872e-127,4.606985197783061e-93,2.2881792158359137e-147,1.5221790848782133e-131,3.625757092397304e-95,3.0021724838963473e-151,2.0639132014739284e-67,3.755588480965136e-33,1.1642156754414603e-103,1.6189834382162642e-110,9.318230812878278e-72,8.71348239000669e-65,3.9618625035699166e-101,0.00019977084967847872,4.465441710764609e-105,2.3541778136815294e-54,2.301472014253256e-78,4.1754767512009247e-42,8.053171240490549e-45,1.601458406169099e-46,1.6401105785082776e-37,4.4457616290152133e-29,1.0344424216299518e-34,0.0001294717180163752,0.0019971419021035898,0.0029064104734448457,0.008158618965575171,0.012659445618474709,0.023525508866570385,0.03570511790100926,0.05014689621829114,0.07778918639929806,0.08327745066516803,0.0900102387431096,0.08595167910380547,0.06772552894243757,0.08256064042842602,0.083647784476223,0.07483560210699856,0.06825684462077727,0.060045400362180035,0.04004046428347341,0.021748502565183743,0.006246009605321766,0.002545018853629579,0.0014424025722970342,0.00046527152730761837,0.0023210520088087733,0.0015342316711112233,0.00020914175613967345,1.3860829923821336e-29,0.001051691595579121,0.001608863067984405,0.0022064812407881877,0.002936791557644522,0.0008705238211374417,0.003269248515542877,0.0019755669964630785,2.0283117247766416e-20
8.727735530781487e-172,1.7380024753154599e-174,1.2773545204745106e-207,4.234970033399103e-191,1.5828170966168225e-201,4.099785305967646e-220,3.1240109752619612e-102,2.5982586544541267e-76,6.90858898416443e-135,4.692684065442609e-175,1.7214046580184206e-109,5.134727643055843e-91,1.8819708175287677e-112,8.855089432174192e-142,9.238952918697116e-97,2.7591645710988453e-87,4.1228765963426097e-98,1.7632691223736353e-68,1.2206413186495321e-67,1.117735708656398e-88,8.543765524212895e-125,1.3073533477040954e-99,4.065444976438586e-99,3.409256491649063e-82,0.000456251387323051,0.0007606808521195476,1.1839957471558028e-27,0.0010703403265266598,1.4381775743261331e-67,5.706412849484389e-31,0.00018211876335317298,0.0003560113503723237,1.079711684638336e-58,9.915158837086762e-67,3.199474573761539e-101,0.000379651006489252,6.089431851515665e-92,1.1240795551824014e-11,0.0005253407019508271,3.434046401951626e-39,0.0001707205160096824,1.0836951415164773e-63,1.0777805540463302e-19,1.6079074107523954e-15,1.1122173398810277e-20,0.0003984551715673773,1.3684112482000695e-41,9.869247442146165e-13,0.0003005861279566266,2.231714835646888e-6,1.7191800686692122e-26,0.00026130207456393016,0.00017931293385426477,0.0003534886927746327,4.378839431416219e-6,3.001056412345357e-34,8.198375792380853e-46,2.6544048241314865e-48,0.0005655437386644611,6.175929715154187e-41,0.0007417540615564072,0.0008918281842208696,1.1334667972283517e-17,3.643715625811125e-14,0.0016906213794050963,0.00025235650912044824,0.0005766301059707453,2.032978910113328e-8,0.0011818818668846642,0.0001288244041577431,0.0010283347721978886,0.0008613014105444297,1.1339027082344565e-5,0.0005712537702285783,7.920432613061895e-6,0.0009018630369966782,0.0023772531494769284,0.0013980351246906928,3.957443188285652e-5,0.0014306947700216638,0.0022185347365086885,0.0013552913444530126,7.234802753431921e-7,0.0011914747684550167,0.0008627754007332535,0.0013258952644918701,0.00058281628433772,0.00017660534519267038,0.00149705512895929,0.0002296688905155593,0.0032073259571401857,0.013534329111401138,0.057003968461944415,0.11820728517298311,0.13704280529497523,0.1480163773934465,0.14358741504305741,0.12672040472584714,0.11750713509868402,0.10567421211969959
3.463707507430401e-141,1.8059243967265746e-141,1.2549873488675873e-91,0.00023628220846442537,0.00034660299367622436,1.0159663518791775e-112,3.037876894667319e-87,0.0004449465883485683,0.00022186995762722418,8.940631723764594e-8,1.9239043269448333e-37,5.730626302521315e-64,1.4961537143262154e-39,9.13025412157742e-16,9.362569056465508e-51,0.0013768297996363725,0.0006537695551387083,0.001486235649806685,0.00048279450003450153,0.0006927411891025414,0.0009194322984053957,0.00034188698413047136,0.00045452559631346383,0.000500698548718866,1.8665466186215714e-10,0.0005839700069427603,0.0010098687233604372,2.4492079565093517e-29,0.0015125051224696784,0.0020480563117539026,0.0021832929579753374,0.004091161942555407,0.002320517377966009,0.0021090856518159295,0.0012430194556185689,0.000586514683573129,0.0004180079165564192,0.0022336165030557038,0.0012704331768721591,0.002223923721745772,0.00432695362383727,0.004053623847465785,0.00491884851751846,0.0038586948566659476,0.016859559537010668,0.037679039090141565,0.04762527914252367,0.050044690990630976,0.062268307269344805,0.07267350830258952,0.07675621878084123,0.07488849256758114,0.07680699415568586,0.06280052806903115,0.05353691551468897,0.03711112802590149,0.033549185206566606,0.028244538097820047,0.02175582947634381,0.02089573808134119,0.015799419456584786,0.011801907791679398,0.01027799790754159,0.005073953288578748,0.005233928048311489,0.004154007776884632,0.002910163855687595,0.0024530699696165966,0.0003355313837738962,0.003368445354681861,0.002288934680209354,0.0008419222620572339,0.001445959046991618,1.1652106632827213e-5,0.0036121117427556962,0.002497653966604644,0.001571342827483398,0.0024852996452385686,0.005288886554756882,0.002877799798808839,0.001955876831775311,0.005262688223305148,0.002793923735920237,0.0038601251067991427,0.0021311151921173193,0.0027139180415957634,0.004016715495501443,0.0027944473650583493,0.003290629492696393,0.0018878846596783192,0.005083955250233202,0.0036896745595022614,0.0038393995351752286,0.003947781234162693,0.005384465321126916,0.004078373682816171,0.0032041085994704193,0.006941738349422244,0.012199882531607876,0.0139465571589884
0.1793379147554528,0.03943319381043371,0.0043472447013043446,0.00854800729605464,0.08641363794419665,0.12011159355564781,0.026073348324193026,0.006009744846493544,0.0025402229766612974,0.0039228306352125375,0.005125862200338269,0.007121749365463315,0.006480215079725009,0.0042298155272178515,0.0074245723457578025,0.00572704123265442,0.007468841301852654,0.010025346559685538,0.007263796476155681,0.007276440830405311,0.010889138172806194,0.014797051695193374,0.01784241912237548,0.023995716203157262,0.015742199310425548,0.01975329515022078,0.01574653123028126,0.015475613813562982,0.02232762609713312,0.02321599846617883,0.022128714629033708,0.022554065164372944,0.01953731459730685,0.03497323797140801,0.022506368373083098,0.024538411445834442,0.02058003648125983,0.014363586928827781,0.009878354916703058,0.0068602080482566006,0.014636685114596433,0.01078579678921774,0.003193839774437387,0.006487209910895659,0.006902432876482575,0.003967488514127035,0.007563099469915964,0.0031281877593191706,0.0027302606017327105,0.000632128932367839,0.0012055079702059947,0.0008071769033034113,0.00053972987126861,0.0004664754805009886,0.00036480888611815714,4.9893504385463e-9,0.00040790143440026967,0.000526202837508217,0.0004595364477041539,0.00027645603891269773,2.498275079322999e-77,6.039521110790309e-138,0.0006614740322936809,1.2247868721995867e-52,1.8075535996198677e-178,0.00023585605915917693,3.725898928039217e-46,0.0005941580701265916,0.00024024897967012685,0.00022466320924472143,2.0494731548205303e-42,0.0007937592559206367,0.00025391901242908767,0.0002518538162880509,2.6467053974498026e-193,0.0002939716164335955,0.0012057298881499652,0.00022753023039964016,0.0005073806338079546,9.05533855415335e-142,0.0006950401882936696,0.0002664744885232233,0.0008810221636183128,0.00046246265655993247,7.410332207456482e-201,0.0010806719277690854,1.1451099946070978e-15,0.0005136232563813052,0.0005730766229855488,0.0007985092107902916,0.000868410626398275,2.6167555662992237e-48,1.6358030588942703e-27,0.0007019258700633717,3.0276859468684168e-151,8.038000547928524e-64,6.298115808738794e-85,5.464488225824076e-178,3.7690076347158144e-73,6.137120085193555e-106
1.8695645266334925e-262,0.0,3.932815706792414e-276,5.196781913830461e-206,5.1415527284809806e-185,1.8628165277693122e-250,2.5391286685118607e-177,5.079552955300952e-72,1.2249386393107868e-154,3.8157430924228813e-188,3.0655727162671042e-179,2.315177817809546e-145,1.2500504030119017e-148,1.0671757484275351e-149,4.471091543190777e-117,4.554935630617993e-95,9.930486445860972e-137,2.5893827394360494e-108,1.2083797137976618e-108,5.062141232099325e-98,2.74061863847243e-125,7.274305842660083e-70,3.522823515444137e-103,1.0240413049690086e-86,1.8101964003945986e-33,1.2471623710317947e-104,8.863282726683411e-58,3.550491152070802e-59,1.1433546268096547e-10,1.0706611368779574e-106,2.5656731536621044e-102,3.2028810388259063e-79,1.9008158674657091e-103,3.753170491898006e-64,3.322706057896259e-36,0.0002998453604197888,0.0003637050448397667,1.5318364402279693e-75,2.2028846071821623e-65,3.7380784121532286e-101,1.3669527974656264e-94,0.0005080543791730853,3.3512516490477234e-38,4.127542813900806e-86,2.241550417889971e-64,1.699555871858313e-19,1.2319512538871766e-14,0.0016853867603664825,3.026069660485562e-12,0.0024312900685507033,0.004118595027893229,0.01468542264238778,0.015746219483053058,0.023695534107853453,0.04339134655374803,0.06206549845097988,0.07116811991256113,0.08197061408024173,0.08690923206955165,0.0783124339191189,0.07823170502358501,0.07094630106195018,0.06920732924643953,0.058466801874360874,0.05246110960429703,0.04038626508735294,0.03518947834194353,0.03133877232319036,0.01935035983338477,0.014432281852061404,0.006242974031558154,0.0029141877011184506,0.0015972935744029122,0.0011553240728832152,0.0025847732009660917,0.0003314580345117331,0.0010368813927784883,0.00034097736222230506,2.4833982176517352e-26,0.0011475608987458609,0.0039018706467853085,0.0014146462585818227,0.0010224474657229716,0.001837397656398943,0.0031693821925156238,0.001472346751260064,0.0006072228322629488,0.00053489125169812,4.436394679384909e-22,1.1264271022995032e-22,0.001668267171834715,3.618893216041425e-24,0.000756910324204493,0.0025410666137087737,0.0028475809366201453,3.2859507912061693e-10,0.0004987462610857804,0.0019566794075556323,0.0010574114053044682,2.6615474825483217e-21
1.4612051261723557e-209,7.047050448808969e-244,1.0339513237079844e-174,1.1449691410144202e-114,0.0001033910435550509,0.0004976513585129131,0.01176486673490913,0.04972691002021291,0.0779384278765166,0.07586014763190888,0.055654798325980255,0.02651950954390142,0.018354396947190994,0.022143548286232436,0.03359290779559799,0.027119054830122127,0.023509092414814338,0.018816006608625858,0.009582903583616026,0.014054257638252665,0.015350598621312758,0.02296191795462195,0.02507346412775865,0.02087023833534005,0.017669244048060754,0.02532576098963663,0.022527824211611078,0.02227464320969238,0.017063750318756715,0.015221840347209017,0.01869140487934283,0.019088809632652425,0.015654382045604175,0.01400540438992449,0.01261142709849277,0.01387310908267204,0.025022346094065402,0.025312277758484793,0.026981736848594402,0.024241063564648366,0.019795836448947196,0.017450400381663858,0.014013308664787727,0.013932043481533544,0.01037363225027784,0.009715695224102263,0.005912693964667156,0.006250670130511106,0.002533914300116668,0.00303084685625022,0.0007512524247437932,0.0002040468064194865,0.0005095599978773533,0.0008058632623332813,0.0008841581498262679,0.0010345763619522819,1.2419702741239765e-93,8.857069171787149e-15,1.6051262596972358e-84,0.00030366415950288175,0.0003473550967110806,1.1815173774551112e-88,5.43185084887953e-85,0.0005454927919705642,0.00029932280646028227,0.0004533622569256128,0.0003488710120785429,0.0005992479267126089,0.0009810171243408335,2.1604252742327444e-11,0.0006414476209764216,0.0009317291463889905,0.0013056540899147864,0.000993567590831204,0.00047012342167454443,0.0006155984865544936,0.001042536137612935,0.0007181505780267947,0.0008444716690910845,0.0012807368870333864,0.0004726664202405497,0.0005819813495576138,0.0004084328418740513,0.001208717320212302,0.000731851365809254,0.0013488469919100794,0.0019899097813033464,0.0006792547598618073,0.001422417443778035,0.0015146975154705085,0.001166278659706192,0.0008446128259772023,0.0013084104079477104,0.000766671676043655,0.00020732691998163078,0.0001428550354481048,0.00022498199236073603,7.5770764029699275e-109,1.249636555982874e-7,1.547288032940438e-22
2.9025499935265895e-105,0.1405420949885711,0.18389857838329335,0.13194428935367608,0.021977901805153355,0.010788624605035822,0.013373471545177696,0.00855683658089946,0.0029118545515122453,0.005616568118600621,0.005987530263417606,0.005206224361097207,0.005835302840016747,0.005491923785564632,0.0032780250102761276,0.005488104140925164,0.009356320230441997,0.007103366738692521,0.008384713340678659,0.008738216158089637,0.009832357597678648,0.018506476756727022,0.017749467926389522,0.017943299972205,0.013674894219531062,0.015602554422985278,0.02300018608762319,0.015606652586092918,0.013209221837629391,0.01849385128132402,0.016168621731153545,0.02563810238975719,0.05646320142059873,0.040121269904379225,0.019425479479153157,0.010042662544453409,0.011272058884415148,0.0062642037300448435,0.009185086056654768,0.010653211388344146,0.008255216526841146,0.0032236373861773255,0.002690791196062654,0.005632992677436636,0.002146938611052063,0.0014646354829571243,0.002693708068669625,0.004708777788793819,0.0007556775009275204,0.0011066483611592516,1.1867277953727518e-25,0.0020206056326425113,0.000444136300800794,0.0009152623343471591,0.0003779297444234262,0.00036268254409476574,0.0008521442448503991,1.1231574613265206e-93,1.0331985893114767e-224,1.595384917136377e-134,2.3765092461416034e-203,0.0003940776025305662,1.5845352934042868e-73,1.0745818966966353e-103,2.1197868207956868e-265,0.0003738533527510863,2.260083414022586e-34,0.0003756792996269955,4.187810580842996e-138,0.0007194718778927277,0.00036034945485340563,0.0003775016043140551,0.00039450289997819177,2.0653512904201634e-177,0.00036389892312360076,8.969622184200423e-48,2.1910120074902685e-228,0.0003757106064578622,0.0007354110555310088,4.178355090737399e-263,3.4392414966930684e-54,3.509503914710559e-77,6.828848357773735e-278,0.00039633400369292566,0.000376046873762467,0.0003581516617600639,0.0001335368204357447,0.0007236124756111533,0.0007772518447991082,0.0011077892820058881,2.581261543655269e-44,3.1107813270131774e-43,0.0006722289413768632,6.977435857842509e-216,1.2868198778759148e-265,1.228330689558898e-209,1.8016215204789758e-151,1.392419294404986e-288,7.774149554884877e-130,2.094315816593721e-235
0.0,0.0,0.0,1.01293148045e-313,4.328741768772492e-250,6.244516804850309e-229,3.849916558963648e-210,2.5409603850977126e-109,2.1885788091723422e-195,3.462043856163522e-274,1.318784391392082e-198,1.7741125247601828e-168,1.1078084034380136e-237,1.740236965779529e-200,3.480410444524949e-190,6.770878448581311e-130,4.345669227901528e-108,1.9631639734869647e-177,2.0311068324096338e-68,1.8969941872385454e-81,2.1629511911485014e-115,4.486534071916977e-74,2.1455378105862e-132,2.627175574868376e-120,1.6986095028911734e-100,1.0398652249063731e-165,4.3083383699306385e-156,4.514030086903358e-34,0.0003912285841275209,3.4111220054123104e-133,1.0777928476617965e-136,1.96183306195539e-102,3.476686105911668e-160,3.852634881429881e-8,1.5106636733987303e-125,2.1815120152065408e-79,7.024101189079477e-137,2.2818074230376585e-170,1.10913808030487e-131,7.07753330564268e-139,3.170454381448339e-101,2.6069483409392545e-51,2.3168426832319076e-54,5.096359133391573e-123,5.002166690496374e-92,1.1639171193384842e-81,2.052645025367281e-37,0.00040007265463946033,1.748155857077184e-29,5.73495880841377e-57,1.7868804024361207e-66,3.0024598407660736e-43,1.9342454714740457e-18,1.4647549412325627e-49,0.0005617146820425999,2.96542813055803e-33,9.171109878379051e-39,1.569832837132204e-12,0.0030310561204374463,0.012003448160500309,0.023486126674380495,0.033241596498859605,0.04909499036198201,0.07961046344317199,0.06833991039718254,0.08082288731558766,0.08514175025358822,0.09738296570537956,0.09740597026790071,0.08590621919184165,0.0737534259098291,0.06797355181834823,0.04263134946552152,0.02811613541441959,0.02109655722884213,0.012588179225187257,0.016649400279759797,0.005923984436764043,0.0022072643382413937,7.212422334896835e-24,0.0002081808409381343,2.5111188395794408e-17,9.352371136852763e-28,6.723949475059022e-41,3.247771108347719e-35,0.004724086527071407,0.0008605172563171396,0.0008148067927870416,1.5761208590749454e-56,1.213470159143863e-43,2.2801593680356282e-33,0.000482037718683737,0.0009593954515159482,1.2205422245230821e-28,0.0012567518996026766,0.0008600408677955521,0.002073895688834696,5.746816446691439e-56,1.350224669304975e-40,4.453526713516279e-32
1.0,0.0,0.0,0.0,0.0,0.0,0.0,0.0,0.0,0.0
0.06465626,0.028286383,0.024432432,0.013517631,0.012158569,0.01267767,0.013654877,0.1159202,0.014098857,0.0848768,0.062940404,0.058105886,0.05965836,0.015996937,0.013082186,0.042737924,0.14446011,0.02120731,0.023822457,0.050550014,0.053543154,0.01456287,0.04624087,0.16756992,0.06648792,0.016469445,0.12265986,0.02566399,0.04442835,0.027526058,0.0252417,0.056601256,0.013876644,0.013317632,0.15172264,0.072504595,0.03558352,0.2333568,0.022944186,0.1038771,0.033946972,0.07682093,0.017043868,0.039219014,0.21522987,0.1591047,0.12991963,0.04092559,0.09942664,0.021826977,0.030809484,0.022423062,0.02339523,0.087258965,0.32046703,0.07042483,0.011803574,0.020642996,0.055161476,0.049127225,0.029474722,0.06844482,0.015447102,0.024845036,0.09560199,0.080616914,0.019449195,0.018818868,0.07462609,0.18592592,0.026165487,0.014935851,0.17576534,0.020049745,0.04778255,0.08259131,0.03750808,0.014753286,0.05199092,0.06129409,0.017724661,0.026847657,0.012524146,0.015690688,0.014237887,0.109540895,0.07874468,0.48647535,0.024103131,0.013779782,0.015219611,0.09250821,0.032241136,0.018334532,0.25919846,0.013981961,0.19950834,0.13745189,0.014394353,0.08974686
0.018818868:26,0.020642996:29,0.12991963:87,0.053543154:60,0.055161476:61,0.015219611:18,0.06465626:67,0.014098857:12,0.015996937:21,0.023822457:35,0.072504595:71,0.14446011:89,0.1038771:83,0.02339523:34,0.013517631:7,0.026165487:41,0.012524146:3,0.16756992:92,0.058105886:63,0.05965836:64,0.021826977:31,0.21522987:96,0.2333568:97,0.033946972:48,0.06129409:65,0.014237887:13,0.08974686:79,0.020049745:28,0.022944186:33,0.013317632:6,0.02566399:40,0.049127225:57,0.17576534:93,0.05199092:59,0.04778255:56,0.07462609:72,0.024103131:36,0.0252417:39,0.12265986:86,0.026847657:42,0.1591047:91,0.018334532:25,0.027526058:43,0.029474722:45,0.013981961:11,0.32046703:99,0.056601256:62,0.18592592:94,0.04624087:55,0.016469445:22,0.09560199:81,0.07682093:73,0.024845036:38,0.0848768:77,0.024432432:37,0.19950834:95,0.09942664:82,0.13745189:88,0.013779782:9,0.050550014:58,0.07874468:74,0.08259131:76,0.011803574:1,0.03558352:49,0.02120731:30,0.039219014:51,0.07042483:70,0.015690688:20,0.062940404:66,0.06844482:69,0.04092559:52,0.014935851:17,0.014394353:14,0.01456287:15,0.030809484:46,0.04442835:54,0.1159202:85,0.014753286:16,0.03750808:50,0.013876644:10,0.09250821:80,0.01267767:4,0.109540895:84,0.013654877:8,0.019449195:27,0.042737924:53,0.15172264:90,0.013082186:5,0.25919846:98,0.032241136:47,0.06648792:68,0.017724661:24,0.080616914:75,0.017043868:23,0.087258965:78,0.012158569:2,0.022423062:32,0.48647535:100,0.028286383:44,0.015447102:19
