20
0.08121432133722484,0.03183737631197429,0.1812434462613541,0.059881623423253615,0.027920700950485537,0.020890431149452132,0.012626803847350286,0.09719633175546075,0.02394772846758447,0.05856627184117509,0.058658303596732825,0.04501801836065023,0.007267491626903253,0.0623235519216683,0.09641658275395826,0.0011723003761331492,0.04015720237678494,0.00044946236983119293,0.08487949353798367,0.008332557734039132
0.001782328943741759,0.9059783878051099,0.00859742028678488,0.0002989254939477594,9.362060338891093e-5,0.003686724915954251,0.0001467631857364385,0.0013203065461616216,0.0005379725949201035,0.0038075384522088898,0.0015032799589940315,0.001038887386562804,0.0016128526862410582,0.0041677183604038924,0.000540905893348015,0.011276616757909691,0.0049028180486704945,1.3081361104367918e-5,0.00041263250563230926,0.048281218213178934
0.03000518819697163,0.012149848843701662,0.012474767808532463,0.06675070523737617,0.0032624759305719107,0.0018849413265417624,0.19176554599743673,0.10860464511034644,0.0004266728660409869,0.01956740895260651,0.029156411881296956,0.01376183527308915,0.06492045298333145,0.002568203362647622,0.05006778251953386,0.006903540382595277,0.10037038565812247,8.844129098310876e-5,0.28271350887757785,0.002557237500695886
0.0030712302036544153,0.0012561942932002566,0.1332065902828644,0.21826989510031472,0.014749670101423452,0.0005096675386014934,0.1065906518560827,0.05614221337223154,0.0022063055890964435,0.07818205928596897,0.0031724039922221884,0.004283413869122086,0.04344163142148932,0.0290991442620772,0.11805725255355592,0.0011097769041248566,0.041506713179494996,0.00020620974138254263,0.14251592743187524,0.0024230490212172936
0.007767150296682343,0.0017933932022555252,0.010458628134612263,0.10566034478720575,0.0449131880581592,0.00811618876889652,0.1805474649481357,0.04000792407510545,0.01664718916775262,0.08980742285872022,0.0020667345119015526,0.004939143133291629,0.0534845207989622,0.007226656727294308,0.19846928279900217,0.001851633064423656,0.20859002715339808,0.0006627413637795032,0.005935456058611163,0.011054910091810033
0.0005451497947866983,0.013773251007463806,0.003998349909899046,0.0001638524396650374,0.0024118673219014936,0.19939206571511162,0.0037486736140654215,0.0014726831316373276,0.2378662159128777,0.0011312499943118128,0.0024953911601970557,0.004641652322573681,1.4922407255481184e-5,0.0011980381296552755,1.0490995744480937e-5,0.00011371408627409577,8.630413466486451e-5,0.5192827322586715,0.0013181616676970194,0.006335233995546695
0.06542645559465261,0.0011654817034564607,0.10270097623880356,0.1628047457205945,0.0015109505176462434,0.0001276776774820947,0.114632480046855,0.22217168065698864,0.0007932351962016879,0.05783476874727701,0.005595136455598096,0.004480582580883631,0.11038787421461642,0.006642805137892542,0.037258437074942426,0.000432141733609157,0.07554001753059982,8.814892505482979e-5,0.0293374365496131,0.0010689676972321293
7.678821852695769e-5,0.00047400875878224395,0.021322176897613388,0.15268594346752823,0.015667217615418953,0.0022475709488221428,0.2700579746012668,0.11288968191562593,0.0007932258638100707,0.03437883082208529,0.0404242430662641,0.009209439304555677,0.20389527924745937,0.0029890864056793705,0.02030981665380594,0.00023272432991646344,0.03700246469046624,0.00020740056414634138,0.0732291624524102,0.0019069641758161673
0.0015431887088651567,0.03918283521515375,0.03257653029516562,0.0042962353493082115,0.014184108314994805,0.03523526900320984,0.0039473292047577475,0.0011519945424696128,0.2444378484560165,0.007941323278403611,0.02386344486339765,0.11444574508738356,0.0004960503584602021,0.2492364058365435,0.014583519902858385,0.0861617573451594,0.003542839912533715,0.002880301896047567,0.015251876091757072,0.10504139633751422
0.06410409394168746,0.0027525227244642905,0.003407195790073987,0.0062986841041085305,0.0021218367667705943,0.010082163785877356,0.17328007087916195,0.09902590340260004,0.003457428940181945,0.03102930990378765,0.02222750439229819,0.00955318787732706,0.1716178281820698,0.020372147558856305,0.08630976789043025,0.0012230276370665846,0.24343011243183085,2.9328917631391447e-5,0.049259580664939975,0.0004183042088358669
0.015658856876622954,0.06592164449466488,0.0014732075421352829,0.08085523585984088,0.023538691824773274,0.008042823151698174,0.06558196742550257,0.15973480184314304,0.007169466260980651,0.0481265770044942,0.021478070710644906,0.07486907827131047,0.03793368027211966,0.013129002223903459,0.038376552985547756,0.007228810513623675,0.30949393796968794,8.581756136056296e-5,0.0038793604040111783,0.017422416803934512
0.15252766658266537,0.005575949616096786,0.24426700627122386,0.06289023219496209,0.032762408229986294,0.006753701376430272,0.09906167396095739,0.017448714237912378,0.0017835409794041378,0.028283431189041155,0.01199504994405982,0.03391234761334323,0.09210906565016912,0.004329336106497558,0.017164532497597022,0.03410835338140553,0.004153071887278693,1.0024835180942695e-5,0.03446528640659166,0.1163986070391966
0.023693666012636005,0.005268823997486314,0.07203737921968759,0.019633505657114338,0.032993224173994265,0.0006765220291742624,0.21854305450795583,0.06220539456072203,0.009201172957700066,0.006827740011299271,0.025480559554732253,0.03031585258964513,0.020310186301094678,0.08259592678136243,0.18811228250708317,0.003533930532511407,0.1789139546048051,1.8806766284901952e-5,0.019120298166731057,0.0005177190679799095
0.015079407850130427,0.0060451496045359305,0.050900012897787304,0.00853746855430426,0.01820106217394391,0.0008758640566774861,0.052995229451984247,0.03134352270623672,0.001187261777689049,0.07180354985479383,0.019904545279401584,0.018721043810771745,0.015432732541499995,0.012852591603198451,0.052864658429768126,0.20583793664025662,0.2100529879660893,2.4913987660823044e-5,0.07199905293995332,0.13534100787331702
0.03864053888828337,0.00047781132433495025,0.03157922962169834,0.009849638627559859,0.016135903563233467,0.00012027860540662836,0.10423076604327641,0.03497605333813874,0.0024088012200052505,0.013923495073125883,0.0003820801180976385,0.025241792380855933,0.04065524739743934,0.013386286744488114,0.01682312499473451,0.00026850926512614397,0.6351142323310788,5.5913926979697055e-5,0.014514942617645023,0.0012153539184920168
0.004706371061795702,0.025555472619900196,0.01163127449154362,0.001467260326584716,0.004076065323534162,0.43451991376407384,0.0044882317328109106,0.01056891148368198,0.0005963699784838284,0.006901064578383535,0.006110168504251479,0.012350617955442473,0.0036371862616920774,0.02186686109256306,0.006412513716528345,0.3441193271642956,0.020136089182539684,2.488823574520193e-5,0.008538556495926754,0.07229285603022284
0.005927983771704271,0.0008029815935152372,0.07976774814764769,0.08353357387712282,0.0366344026795867,0.004105383889651721,0.14236360198885323,0.11779295012928864,0.0014341343638967388,0.07315835430407207,0.0026761973010997636,0.039195399384392586,0.19318049224766282,0.0036301376198390055,0.10127688002463921,0.0008432916256921026,0.026030256427310078,3.003383568045841e-5,0.08726824931445817,0.00034794747388690816
0.0008089594454288753,2.552273237251017e-5,1.0486389604603066e-5,9.074610371333623e-6,4.0719823288267545e-6,2.492538375925399e-9,0.00031397767910062226,0.00015943713959776817,0.3646035244423629,5.6652469178464504e-5,0.00010582426038370869,0.00075022765185477,0.00012740898905874365,0.06993767307945367,1.6897892792666427e-5,0.011843515127173243,0.00042084129933505623,0.48755795057877793,0.0003258533310552144,0.06292209840723083
0.012809719722398246,0.0009541644245024352,0.0805731747640755,0.07927794933146369,0.015539144322012715,0.0027269654021079173,0.09216562774309252,0.057297739607732094,0.008726812183790138,0.022113634542872455,0.007553186429066517,0.016844258586612416,0.13959057635747701,0.014311456585443541,0.26661248535213566,0.0012040865596538077,0.12441632134225403,0.0002261545794138143,0.04677879258472375,0.010277749579171786
0.03241686030136374,0.052790037876441896,0.03321820464356729,0.004679903847455619,0.003000257059888724,0.14829998872282948,0.028012005527947383,0.0004669467822976859,0.005901224586216951,0.018179303222122824,0.021514245998867844,0.016772056423135666,0.004052949169048566,0.030432261313230822,0.00256378847862577,0.27262815370458404,0.04002329188150829,0.0008123354474318461,0.028053749519539813,0.25618243549389574
20,10
0.9948701641675409,0.005120313745542293,9.131869508659409e-6,6.008304798165884e-13,3.0660496695887647e-7,1.4274272279485938e-10,8.346909763145994e-8,2.1290437255128e-240,0.0,0.0
0.8845156541922631,0.11548433267317346,1.3098680648145744e-8,4.430312080613534e-24,3.475764634257043e-11,1.1250664772677406e-12,2.548165881534879e-60,1.9117968274911876e-193,0.0,0.0
0.9997512110006713,0.0002299551891453085,1.8015557065332163e-5,6.017589664407749e-14,2.149620776159161e-8,1.8483916845574917e-9,7.949084582335977e-7,1.3959340341383578e-298,0.0,0.0
0.9999350265551136,3.7172002272067316e-5,9.972026405897336e-6,1.1572350601705913e-13,1.7635227884163774e-10,5.610284569700782e-10,1.7828678712014043e-5,1.0272435729232877e-304,0.0,0.0
0.9973285598768543,0.0016655866882403952,0.0010042323939516427,1.0267814374852087e-12,4.2432945645976686e-7,5.3665654944606e-9,1.1913439048661756e-6,3.643200276760313e-218,0.0,0.0
0.5856713320987615,0.2554852875290826,0.15852315894925773,5.537384661854883e-7,0.0003196674007927424,2.8363932997280166e-10,7.334771802717009e-38,2.657901319325523e-52,2.922129715307455e-259,4.6645876759968855e-240
0.9999795918400701,1.1948507191022213e-5,8.829055345703782e-7,4.3273911082664915e-14,5.545713276781526e-10,3.2533248874672395e-10,7.5758672573158805e-6,0.0,0.0,0.0
0.999911128751241,5.10793727747121e-5,2.619046944492753e-5,5.409258274408574e-15,2.927768962606856e-9,1.0852444795360222e-9,1.1597393520486694e-5,1.9223607634291094e-303,0.0,0.0
0.17230426886875394,0.4734540974588544,0.30541263995631396,0.02412353748416981,0.02470538592570333,7.030620462864708e-8,8.422506027569801e-47,5.0762758554960225e-48,1.1859820987270321e-140,7.071303801696428e-167
0.99945450243997,0.000413872698782415,0.0001282437160126205,5.407668618752047e-14,2.6483628389543598e-8,1.6465601524372608e-9,3.3530149923961176e-6,4.393477553673812e-297,0.0,0.0
0.9979397612159662,0.002020049238341531,3.876884559014317e-5,1.2518881641673721e-12,1.418257331877047e-6,2.171942652629746e-9,2.695757488472343e-10,1.076919562287309e-221,0.0,0.0
0.9985817403664471,0.001381543289707171,1.9443959940652057e-5,2.959797052614714e-12,1.727225082270896e-5,1.2998330188314376e-10,1.3925900328571478e-13,5.406739511413075e-191,0.0,0.0
0.9999175964282061,2.8967238351739085e-5,4.8519034725281896e-5,1.0678365276295086e-13,1.94838816729798e-9,1.7379175211942004e-10,4.915176430208327e-6,0.0,0.0,0.0
0.9989056870097425,0.0010358407969965143,1.0010148731845149e-5,2.448507608925171e-10,4.846162386656175e-5,1.7581193234684765e-10,5.157437575201279e-17,2.4149895505444624e-168,0.0,0.0
0.9999231649070653,4.978339131238089e-5,2.5087226234533137e-5,4.909361755547753e-14,2.473385367591213e-9,1.7937635040610673e-10,1.9618225770806046e-6,0.0,0.0,0.0
0.9876911609929984,0.012306414614040181,2.419401816170815e-6,1.0441496354289395e-11,1.224080217582205e-9,3.756623545244646e-9,7.071954199569539e-53,9.697303450035746e-68,0.0,0.0
0.9999131796057975,3.52982898555551e-5,5.077562234860515e-5,1.054892158919689e-14,4.0638510969556905e-9,7.890421264591805e-11,7.423392326576727e-7,0.0,0.0,0.0
1.804587374554919e-7,0.02059750487605375,0.05652093197178358,0.44289455643201586,0.2901961951331533,0.11603936480982223,0.043147452147683944,0.021677701704281176,0.0038254767713437362,0.005100635695124983
0.9998798001888665,3.2156294767366835e-5,7.835362537138394e-5,9.988026110805402e-14,8.971147844767427e-8,3.0754347610001174e-10,9.599871872885552e-6,3.80204637910948e-281,0.0,0.0
0.9716006991358658,0.02839779610813737,1.1939446460227887e-6,2.4572865506046757e-11,3.1078661829210154e-7,1.596887636193869e-13,1.6754515071297032e-41,2.350168173179824e-97,4.4481722348471166e-281,8.068657608273528e-297
1.0,0.0,0.0,0.0,0.0,0.0,0.0,0.0,0.0,0.0,0.0,0.0,0.0,0.0,0.0,0.0,0.0,0.0,0.0,0.0
0.7454957,0.34429783,0.14662467,0.6410438,0.034143046,0.45022333,0.9375986,0.53633153,0.84486073,0.24399325
0.034143046:1,0.53633153:6,0.24399325:3,0.45022333:5,0.84486073:9,0.9375986:10,0.34429783:4,0.14662467:2,0.7454957:8,0.6410438:7
