20
0.7055355936157885,1.3901724562051379e-5,0.0005017039391524319,1.5781963097641156e-18,1.1235299722430623e-5,3.921442333782557e-5,0.006190647552826459,0.0019313145035604177,0.2737875402036386,7.781408590868159e-15,0.0036838637017333965,0.0002242729070046091,8.434369539174143e-24,5.787906467724685e-6,0.005754177925154157,2.5819421401924446e-28,0.0002805714921330345,0.0016327563333973848,0.00040741847145356417,5.959505152883497e-14
0.0018590797817440916,0.7042689944306455,0.004975400230125233,0.0014232277015845687,4.1610220193565824e-5,0.014139327615246609,0.0007568871214506072,0.00032250735591420504,2.741525282987259e-32,0.11453075125918755,0.0015580049765626207,4.47375814544577e-6,0.008751259010221172,0.029620775250236254,0.0025059426391287587,0.0013093166800543189,0.03468983141231597,0.009499289753384871,0.025725907526026597,0.04401741327783214
1.4424583497265286e-8,0.4321877035341104,0.0014510088193130175,2.0579655472063234e-5,0.00038753155204865374,0.0019390773765040545,0.00030634624029125693,6.473504549772853e-8,5.862049644903488e-15,0.14302289978242158,0.00016681256603308029,0.0038912214028510366,0.03561186187061495,0.000822790182424959,0.027196267520221553,0.019343458417482667,0.05430406494118279,0.09971668895415824,0.0318821094657759,0.14774949855945893
2.6313994983912138e-17,0.007531642262136334,8.907979813865542e-5,0.7404019188840195,3.446779479787629e-5,0.00011789204748383796,0.011658481394837893,0.05679595578827853,1.4044719854103795e-14,0.004058730611053131,0.002029530443516608,1.267403442188371e-18,0.036920187960425704,6.819113247929117e-10,0.00959434353335539,0.12182189834746729,0.00013462895349200887,0.008809502897724855,1.7360924902565327e-6,2.50885680534431e-9
3.3444469267594256e-10,0.008419224064905013,6.770960400221005e-8,3.207312468356606e-7,0.00366514025387169,0.15482374574653524,0.16735907672602615,0.002926757277232506,0.002894347155439448,0.001033171765860911,0.014326133219879618,2.0326030728395894e-7,9.77853835582637e-5,5.144096800054868e-5,0.535067458676848,2.0939829991787706e-6,0.08430830626133981,0.024640043026170427,0.0003770472344058633,7.636221324609115e-6
7.941904070894211e-8,0.16032797536708204,4.761147423565936e-7,1.6792263383956578e-9,0.03763842388087509,0.3025138749521618,0.09738003614804164,0.022476379606999025,3.812063037263411e-12,0.0005332208091917985,0.059215464504903725,7.370802072674438e-6,5.335497043975423e-8,0.036140968078429855,0.001865842861682738,2.946071321051844e-8,0.02517458561685063,0.25535868216437285,1.2464541933966474e-5,0.0013540706328970596
4.13968886747099e-17,0.00019167941636678943,0.3530056512907222,0.0031533479491228375,0.04340691071495759,6.38231035320212e-5,0.03289623064245772,0.25614673408117467,9.42152474678733e-12,0.0030701045871752734,0.3017229664466298,4.448669876830027e-11,1.2295460507778485e-5,0.0018001673625648023,0.0005762450348285927,8.233681957413367e-7,5.322879532048337e-5,3.5982201897455706e-5,3.589524635810031e-8,0.0038637735953914957
2.115333834914523e-52,6.1266772320212746e-24,0.04265424694944409,0.036180908658723254,0.015681040684085438,7.325316917649156e-23,0.00620891140189089,0.5614963656243298,5.902235158303033e-57,1.6444948418132337e-16,0.3377785255815007,2.5825414671202626e-65,3.1733902463795837e-13,1.9086628720826872e-28,2.6623954012897167e-17,1.099708364253902e-9,4.509051463806302e-19,7.835541770847808e-23,4.12258871517531e-25,5.6176444375750984e-21
3.8711963019453906e-8,3.3198813406337776e-7,4.949744937605872e-35,2.6409828311184278e-34,2.1198796121216885e-15,4.8158274450370624e-11,2.590833201064912e-22,4.861496504566453e-67,0.2288979202171776,1.4953547439032317e-25,0.005241063017877103,0.7502963385478035,8.456417205757067e-22,0.008261277260821933,0.005274617946678819,7.815262515125855e-29,3.682515877221492e-11,1.2013145384320457e-8,8.266171370238246e-12,0.002028400203146937
8.997249081557075e-6,0.37334782766269525,3.591498361038569e-5,0.012467680051520791,7.579443990344486e-7,0.0009572112496067166,0.0005433631613666125,5.305866071809628e-7,5.2839108905375655e-34,0.4594882316187944,0.01807406309504649,9.814536818516422e-9,0.03784383683496577,7.730196116514681e-6,0.005411940022841627,0.0008330411734222588,0.034137058960284024,0.0024531746751819215,0.039888830778570854,0.014499799941351772
0.0006784997760033992,0.005124748152116103,0.0029252372839503153,0.04650180979371137,0.384096979070306,0.001496400080308079,0.011739347663180608,0.0290346612936281,0.001528671568478043,0.01786393738776217,0.37019224026894476,3.360798346173545e-14,0.00565659534489212,0.00012409149729396862,0.07168214628416854,0.01118775309503819,0.0358150045029242,0.002090225700629507,1.7900121632009766e-6,0.0022598612244678082
0.8895970207855272,1.799411754223756e-8,3.002769766415151e-20,7.409458828203817e-31,9.747255884963303e-16,1.6987912001898423e-10,4.9150842589756136e-8,4.857862995062448e-10,4.274725351687821e-16,8.966382198409679e-13,1.4306388111759579e-8,0.08888242571840309,2.994951842883142e-8,6.396880067577023e-8,0.005619168709271559,2.336344897495092e-9,0.004717024340945296,1.5318946276883357e-13,6.615946769861517e-12,0.011184182076507673
6.437159632901486e-10,0.13328555417377902,0.0019371406272441472,0.0309476717245814,2.4044825683376575e-7,1.1535640851977422e-5,0.0036654644629899357,5.386851334111869e-7,1.4374116873669374e-29,0.03496140072953245,0.0002818997874957631,2.389215430285918e-14,0.09228369360809445,5.74525644703514e-7,0.0009488676162979756,0.6883170050282126,0.0014810052880778386,0.000285626475750391,0.006150325848172351,0.005441454686144765
0.0001670632545864068,0.012829685778787278,0.009807442747234163,0.00052177290574724,0.008324536343399122,0.002574347807002922,0.013744056005465879,0.002828375706451969,2.382276957880032e-12,0.011055810470800963,0.011765166634438518,1.5063838934201402e-7,3.6356813465089316e-8,0.03037649892335742,0.002786220109520002,1.9437229646068533e-5,0.006073809274379726,0.02010426457792293,0.29592584911029574,0.5710954761233785
0.003561572672850329,0.010062400374214851,4.7129156952724065e-8,4.102092888706097e-8,5.465072168748075e-5,0.0046123080063028895,0.19621878886126257,0.05904661848507352,8.346087172566072e-7,0.0002507464073902062,0.16303304823759246,0.0003547028070599724,0.0014429873713364765,0.0008793638626207094,0.013822611051948978,3.965399971395146e-5,0.5303771149928236,0.01568112070447617,0.00038258638811277464,0.00017880229673000516
3.615548327604202e-12,0.0028267478841360128,0.000632922321027503,0.014993773235072227,1.4433169035142747e-8,1.3837786387501807e-6,0.011553395531895336,2.4478655692332575e-7,1.4463998929657274e-27,0.11992332056073679,4.694371894604494e-5,3.7324851411511304e-15,0.5356091176223947,1.4923090062783896e-9,2.013201197383078e-5,0.3035217483620653,0.0005611404833075235,1.0239264467754295e-6,0.00427457081780232,0.006033519029902794
0.011034821393648076,0.04885159406839371,9.256167989314162e-5,0.007663063264166061,0.0018367683115922445,0.3251713999625039,0.1683207786662091,0.04180847471370539,2.1627277263077867e-16,0.022887675739412968,0.1265099115098252,9.423098796880205e-6,0.006108540533710485,0.0011703278478514165,0.15832906037950198,0.0020303483862270165,0.022953943450360566,0.033048963326677484,0.02186341194033356,0.0003089317271906182
0.0006284854116331901,0.015242489685017176,0.00026336539109470463,6.882709892459873e-5,0.00019567520587314343,0.0007007105759750328,0.010828453883321782,9.3817091428903e-5,3.176025628588162e-14,0.00014582586254949988,0.004900483781403178,0.00014937463306618983,6.245053253245633e-10,0.6316607042272785,0.0012350441465071198,1.0587050376721175e-9,0.01565109798680939,0.2896480793232222,0.007558786695976409,0.021028777316676805
2.2361165830191732e-8,0.00012337937891008567,0.000702384251581834,1.3687001983690476e-5,4.89159649994051e-5,0.042191192229979586,0.0052074492643729,8.403241702384894e-13,7.054244014207015e-7,2.4137870064109498e-11,0.00011987172642797975,0.0035822116323278802,4.962270874558236e-10,0.00737783741837141,0.0006865906772018976,3.630732596826931e-8,0.002918121746867722,0.9334683737068307,0.0022714484080691333,0.0012877719779776104
4.581264008526783e-9,0.0054791947110854515,8.203141492526542e-6,4.6686859807615215e-5,0.0021573639646624053,0.05955016979129846,0.012862135636211275,3.3469587544469687e-7,0.00247541305479347,8.561621343397104e-9,0.009383336934904748,3.81992020470579e-12,2.159979178046632e-10,0.08210578996897322,1.424842227625272e-5,5.436290320132177e-9,0.0002888651055590895,0.05919120126145128,0.5724762992398262,0.19396073841278902
20,84
3.859169269777347e-9,0.970022127573909,0.026795143226977874,0.0006835528645006706,0.0002265732669428388,2.563079673318862e-66,0.0006203931413606131,6.724572125246948e-49,0.0010727373712759477,2.2238077945079807e-35,3.919984495220966e-48,7.264756417290241e-99,4.127454159482898e-90,2.416231600099663e-53,1.975421543803344e-89,2.6542953108460385e-117,9.222208127500059e-147,1.491220744914051e-88,0.0005794686958639764,3.445301626442761e-166,1.08479025762038e-138,6.94986946752125e-153,4.2425901808576115e-155,2.0848976296777683e-168,1.2358032968822255e-153,2.2085677027577083e-153,3.998017209045333e-213,6.647145499271476e-161,8.642538445799155e-238,3.474043687049448e-233,1.0593264852487713e-281,5.0554077579067626e-244,2.3562974355845375e-176,1.3671560403026258e-147,7.411837485085043e-246,6.132110857505423e-192,9.901629131636798e-102,1.5651692494926368e-253,6.694703820899834e-122,0.0,9.18374117671974e-188,1.7341649271889673e-235,1.582611099078637e-265,0.0,2.758968793517689e-300,1.3217617257147738e-228,1.1127552018725864e-192,0.0,0.0,2.7952573587152734e-289,1.6860076519765132e-288,2.8544427171577613e-67,0.0,7.691391455892297e-211,0.0,0.0,8.079650184785792e-282,0.0,0.0,0.0,0.0,0.0,0.0,0.0,0.0,0.0,0.0,0.0,0.0,0.0,0.0,0.0,0.0,0.0,0.0,0.0,0.0,0.0,0.0,0.0,0.0,0.0,0.0,0.0
3.3992453662570385e-31,0.06970284420949048,0.7087761480142838,0.17092165578762958,0.020008298844349813,0.008798734589448815,0.005530603816412062,0.004451168172294368,0.005046560733751252,0.0014012095755311662,0.0009409880677943982,0.0010902616144722376,0.0018484733019863363,2.7898334557624513e-7,0.0004902254477511086,1.6993361377016068e-35,2.7755199232305495e-40,4.948971467906223e-21,1.6094828894184687e-46,1.3416786245790345e-32,9.55581814346814e-5,0.0006924795816749492,0.00020450671903194845,5.967090235004113e-35,1.0389703693866813e-31,2.3993347151559656e-62,3.7487127625847696e-114,1.9985800783090925e-35,8.23845698122498e-70,1.7231056725849966e-25,4.810625611035953e-110,3.3624339882647123e-40,3.396421144934736e-139,3.3540582154065095e-38,5.454708716372678e-57,1.6800339497386572e-105,2.2725058177450766e-149,5.677592389853549e-85,1.6071772040095625e-82,1.2071841444248603e-158,1.1663707799253565e-59,1.983567789802113e-15,4.701547244094966e-65,2.3394161685268047e-140,2.3669053531384023e-158,4.35931549545684e-9,9.102236544037436e-41,6.063477796029621e-114,1.9239474016210048e-101,6.181541030179004e-233,1.0552318600647299e-100,1.017524797331284e-176,0.0,1.4936783802259389e-148,0.0,7.354789252249938e-188,1.4571972816242828e-97,0.0,0.0,1.2606639604361174e-246,0.0,6.055847763341947e-110,0.0,0.0,2.5571147103764815e-190,0.0,1.5661937544859894e-241,0.0,0.0,0.0,0.0,0.0,5.091753972201915e-277,0.0,0.0,0.0,0.0,0.0,0.0,0.0,0.0,0.0,0.0,0.0
3.1015105428586914e-33,4.072536861898278e-6,0.0008695417503264718,0.08837929575906299,0.07135650847172566,0.16397184978143112,0.16981526873797373,0.05558285407958793,0.11549884994041704,0.09882305462208964,0.03636990466031014,0.009961218082664314,1.6942796067161318e-6,5.0595392198158054e-8,0.023591199285615132,0.03346304527701913,0.023811765618163342,0.022727497192518032,1.1927030431393207e-9,0.016532597765341425,0.019133383181097998,0.0020353926976069275,1.8787451137454847e-17,0.0102383806717318,0.0043638656277694525,1.487412424888128e-29,6.345404985581737e-39,0.011419115821603376,8.402180930375842e-18,0.004509278793435721,7.06077902097999e-59,3.34489323403849e-7,6.832455820342539e-75,2.792778748892519e-41,2.1133374809082914e-32,1.8040050824233206e-43,2.493698583399305e-42,7.898144517891163e-101,1.4398339212167895e-26,9.84767322419549e-37,0.0061864114494703994,2.1258301983191288e-14,0.00015810742346964533,3.295479579035197e-65,1.4460472209420435e-112,4.377857606396872e-28,0.005202904471985015,0.002602237854231071,0.0014890845779233688,5.40984152361182e-197,8.412531580590114e-134,1.182463049349794e-158,1.9858365622530363e-216,2.3049786756319808e-94,9.36567019669494e-289,0.0019012333115206385,9.271832569693947e-115,3.47138537165888e-234,7.304488379831307e-266,3.0194849481494454e-141,8.975492637740166e-295,9.889135499827145e-96,6.967934560339002e-264,0.0,4.411880610075511e-254,5.769311828935362e-222,3.1979609278709384e-213,0.0,3.06852384214702e-281,0.0,4.071450001604174e-282,8.117460493484924e-304,3.8436678175927045e-224,0.0,3.7583221623639923e-212,0.0,0.0,0.0,0.0,0.0,0.0,2.4857229457072205e-219,0.0,0.0
1.2332832993904477e-60,5.843333772635505e-12,8.788657025329434e-17,0.00015621083175643534,0.17676108545684371,0.23998196030797295,0.13838918458613633,0.06053803257207394,0.044534062473713,0.022659516564398862,0.022646679115073474,0.00910213565174554,0.01521104538099344,0.025704415577366243,0.007740456546671326,0.026444525684721464,0.008762977330990924,0.026557158672497454,0.015584326970257552,0.007858905672743761,2.0254981785077042e-8,0.027307811235575106,0.04384438900531033,0.014100016197333996,0.012991925695889252,0.005854105483114322,0.0006942986880869874,0.018263953889317758,0.017779661008927614,4.632134213485998e-11,0.0018957985544341212,0.0031309880861203642,4.443199438801471e-43,3.925425578151217e-7,4.8911535032792036e-48,1.0001893090841423e-30,0.0023837176076296394,1.9242874773011828e-13,3.2281235174957757e-6,0.003117014161357017,3.0367289301347583e-26,7.346911075860905e-25,3.134259489373824e-36,2.8663970584186984e-12,1.115537501278456e-56,1.5463309137896355e-23,1.4666471466657343e-11,1.180336322141835e-44,1.4039592910826006e-48,1.8801527332488488e-98,3.432807134350385e-54,3.0501589801458804e-39,1.0132591593453425e-88,1.9129006553718205e-82,4.464207562975649e-128,1.373345489904811e-51,2.4514574205028578e-55,2.041560929259292e-57,2.3160089397660993e-127,5.475146829443207e-110,1.580128690417987e-123,5.5154914685161095e-73,2.4173094116351177e-127,5.1315718073103585e-139,2.0218018964059698e-125,2.6879779826768967e-105,5.038793201848468e-86,0.0,1.9683014221698286e-168,0.0,3.42023092580747e-116,2.0649014492076152e-39,2.910583712454425e-20,2.3924725750877617e-175,1.2318687651746363e-119,1.8661740960482135e-173,1.3459412138098966e-174,6.176312251478551e-173,0.0,0.0,1.7497929675759453e-161,1.8150812864105822e-124,0.0,0.0
7.583590463372265e-14,0.032803923913130036,0.18254729875622588,0.2618673555231959,0.15045204046952063,0.08715163410154537,0.018800926506154544,0.06335949900930755,0.05528559072992524,0.002206054335395269,0.04552422886893451,0.031702226025380253,1.3020995635695519e-5,1.92726079802845e-5,0.002713372657977046,0.04387556464761726,6.096562826298403e-7,0.0002644328953326892,0.003388491025599555,8.176573245221329e-6,2.9830803267521043e-13,0.006016771067047892,1.7694904015685972e-18,7.675623760091539e-15,2.1834080964860625e-9,2.4424419342170393e-8,1.5328563521454009e-33,3.068058932812823e-10,1.1106337436221607e-5,1.210356987054333e-10,3.577530495869167e-30,0.005450528762798287,3.375112908544926e-63,0.0006538975339709705,6.586583830537802e-22,2.4684100424505204e-40,1.3349725233484454e-82,4.411586013008543e-59,0.0015992444754879779,1.0738848784872961e-43,1.789365720373099e-5,1.0263600586883692e-17,0.0030243956335242223,1.63530942901289e-26,9.860777706121514e-106,7.031128135154405e-44,1.9845979606492842e-18,1.9137490023011466e-18,3.600767118537801e-19,3.635250924671989e-108,2.2777809680246563e-66,7.904342403918074e-92,3.941212024800111e-124,2.725712384296712e-56,4.550062508204204e-164,6.779668046793615e-94,2.634686218517691e-136,1.627098673378907e-173,1.996196540032797e-178,2.723040039807464e-104,2.239034394483097e-173,0.0012424161980944314,1.8955388229236728e-146,8.018418443414367e-205,2.99872618178097e-166,4.5336497626705865e-169,3.579061463007336e-129,0.0,1.2434818874892522e-214,0.0,1.087055050139095e-167,8.15678836359924e-174,6.417651678211235e-141,2.8212537905948514e-243,1.1556022027086877e-153,5.025372801372389e-249,3.3332480780401966e-254,7.357017070446263e-248,0.0,0.0,3.8822282433312137e-236,2.576272402709081e-153,0.0,0.0
0.025468574560611988,0.7010185142393712,0.23717466698673398,6.664373361589467e-5,0.0004222387377260457,0.00013084369251519743,0.00800175854548996,5.5026087204779643e-5,5.711610874030401e-7,2.0384678997744048e-10,0.006673881846220141,0.0029622232962136655,0.012715407499349022,1.0732852027065736e-6,0.0038219503496160117,7.071488339398245e-9,1.1093875391827546e-51,2.1098291055569058e-20,2.5711386353837225e-24,6.464612452453667e-32,4.7557743074618564e-33,1.0252318322384508e-6,1.85299482553839e-23,1.9706860221733394e-32,5.567014496647826e-45,6.978361425463368e-38,2.6406060299980403e-59,3.0530366116694204e-51,2.1700981685627422e-33,4.1385443115377996e-50,7.756690875626831e-89,2.311687266569115e-77,3.4536866686105036e-54,0.001485593471874615,1.4514200233096943e-58,8.012296505265326e-60,2.3123610895363132e-120,8.82374444462717e-45,8.733516301273417e-49,2.64493007707216e-148,2.4745391427195233e-38,6.050302403066637e-27,2.4928134341621854e-45,1.6719429826824768e-119,2.764546287539306e-92,1.1953270497137541e-40,1.0522117525831444e-70,8.508630205127541e-137,1.127209872207148e-124,7.06743759456575e-117,4.0862514947759555e-58,7.57963346203688e-112,3.713885166695912e-213,8.743263895524448e-50,1.6694469124735126e-275,2.0755564322368348e-218,5.060765884860186e-70,5.067140504820713e-221,3.1521871388145347e-255,1.6018223803680707e-152,0.0,3.889265999943888e-222,9.990388931019258e-290,0.0,2.1757383864072013e-93,7.757914719498286e-206,4.674891629260573e-141,0.0,0.0,0.0,1.13188357307164e-310,6.111237785428907e-253,2.3688083615536533e-151,0.0,1.8371893072030216e-289,0.0,0.0,2.580743077e-314,0.0,0.0,1.63e-322,9.12490101049317e-245,0.0,0.0
8.566879282288069e-18,5.643895033926624e-6,1.3073166285859397e-5,0.07598465973770921,0.07580559312476677,0.07832351451093039,0.07496786734573341,0.08269516122128963,0.08332196445358682,0.06258340070987038,0.043393671206932126,0.03826867819011932,0.03576162866349597,0.017515013105439618,0.06633602384682984,0.05474555526191602,0.03341325821742685,0.027402588774081287,0.029034198434496825,0.01052193355456418,0.025537668479955318,0.006581449673995895,0.023160161349866197,0.006161532519530056,0.011438633744949312,0.00015076633499128562,1.1539770593265053e-5,4.0710318401790375e-9,3.5581498482082044e-6,8.690183970635651e-12,6.754171508950995e-15,3.5032701889125704e-16,0.0031393203760727907,0.007138935599543312,0.003748302845743407,0.011921908697381207,9.278443512067107e-30,0.003921591919973905,0.0012085452948330756,3.4542548440958996e-33,2.423939767060761e-22,6.870432831453476e-35,2.211930116036444e-19,1.3047007963533924e-15,3.407760873537869e-39,1.6530393310708765e-34,0.005764761503976419,8.485494014076798e-30,8.066535698233169e-27,2.346831938714616e-32,3.3737768538199383e-18,1.7892238507389017e-5,3.4573195846691595e-76,5.589269543387916e-43,4.590932946105185e-109,4.545695851181863e-58,3.93014045560813e-49,3.8171753109791695e-75,9.501545016841767e-101,2.8627049196844846e-56,5.8048443073989566e-117,1.77333464066825e-67,1.41850950621403e-89,1.55842750068121e-129,8.455176739916004e-33,7.123969119361277e-73,1.5781234772259828e-47,0.0,4.443411590450548e-98,0.0,8.989741775510322e-102,1.714324874251517e-79,3.563779202855922e-32,2.601824616971056e-137,1.6714288281059673e-89,8.324825554667828e-123,7.25755982583725e-138,4.1654201048091253e-134,0.0,0.0,4.699054477992828e-123,1.5933864570468927e-64,0.0,0.0
3.365608260341135e-52,4.94175454185796e-31,1.3521906077964728e-22,9.331546513123352e-15,2.359274780390542e-15,0.00030035268632786334,2.869272921921948e-14,4.352688396803973e-7,0.002301373677914228,0.003918188201784977,0.009492468051502972,0.0005510076047744307,0.0011862254447661653,0.0003748515073005606,0.01169241535264691,0.0025874917031486876,5.197327590303106e-8,0.0076374001241522865,0.0026651457604219718,0.004945039219724042,0.004142859525861104,0.00595470776181333,0.00446852010785468,0.0318545666532013,0.02156869199491053,0.013843735515905623,0.04551084202888646,0.04395968796592996,0.05273081464537618,0.05607239609878044,0.07260729261987181,0.04053388622065952,0.04632790682291822,0.03722305561415067,0.04219108009692285,0.025957860019217672,0.03329101634348686,0.03867666207848534,0.029635071706922467,0.01778243982458838,0.024409956835811868,0.020770008908794824,0.019479767107153774,0.02498281477612407,0.01499001426369444,0.018964686129340835,0.011982561803477019,0.01392911449201639,0.016364406423891482,0.016988682832187033,0.007020962357914849,0.01097764198704846,0.00799467427397037,0.0059957100010161425,0.008994008558216665,0.0022119767456661695,0.0059960057054777765,0.003997337136985185,0.006995339989724072,0.0059960057054777765,0.0029980028527388882,0.002996749510779704,0.003997337136985185,0.0029980028527388882,0.0019986685684925923,0.0029980028527388882,0.0049966714212314805,0.0,0.0009993342842462964,0.0,0.0019986685684925923,0.0009993342842462961,0.0009993342842462961,0.002998002852738888,0.0019986685684925923,0.000999334284246296,0.0009993342842462961,0.0019986685684925923,0.0,0.0,0.0009993342842462964,0.0009993342842462961,0.0,0.0
0.9970144930298699,0.0014170615565941428,2.6102509480805775e-21,1.904797436986612e-6,0.0015665406160989934,1.6051473725939348e-18,5.100871014546192e-76,2.0910394665629756e-58,8.723897246648935e-37,8.853347387566052e-69,2.1402514138623037e-89,1.522683505033604e-88,5.027426666005305e-80,1.0429655361708026e-60,4.892832021343648e-99,1.077212928247203e-106,3.2872358519980336e-141,3.152838801362887e-122,2.1612576717565763e-94,4.986609319320948e-182,1.728733038790004e-222,1.5624795635416933e-169,1.95114286111765e-172,1.812378730342251e-209,6.859755708027499e-222,2.2808260035431862e-126,4.660922578576695e-218,9.52376589059901e-176,2.9098216773453913e-235,7.312983372715386e-248,1.2081497534803639e-290,5.709593079884226e-216,4.270412638009973e-205,6.256538570540159e-165,8.35357351663972e-267,7.06279250486734e-215,2.5637145849177474e-138,5.4637710341766227e-269,8.283167703831338e-114,0.0,4.5249050101880844e-163,8.230703294415588e-257,2.7998521418761194e-235,0.0,2.706100013148596e-308,9.835666419990527e-250,4.3311599023771554e-274,0.0,0.0,0.0,0.0,5.549297728687649e-77,0.0,1.8217515518005967e-241,0.0,0.0,0.0,0.0,0.0,0.0,0.0,0.0,0.0,0.0,0.0,0.0,0.0,0.0,0.0,0.0,0.0,0.0,0.0,0.0,0.0,0.0,0.0,0.0,0.0,0.0,0.0,0.0,0.0,0.0
1.179225150023647e-34,3.780823111781959e-7,0.07722285302928356,0.8746777269556876,0.03893760211559014,7.684653629543691e-5,0.0013621483442068543,0.0035717244407823543,0.0008952208878225624,0.0006190587618071241,6.267873827183249e-6,0.0023642591192948007,3.0997571634489064e-13,4.3353397382738706e-11,5.843442471556601e-15,5.276176858696704e-21,1.5323941921923823e-17,0.00023308460136962334,9.168840951515393e-24,1.0867099480935195e-8,1.5375310167936764e-10,6.87687940189379e-17,1.453071652693449e-7,3.267288003440675e-5,4.607409252620386e-28,3.087482618547298e-22,4.291288570784018e-41,1.6968506555742295e-39,1.3913792280349422e-22,2.1332075504221446e-37,2.2889791155534458e-76,5.284945486772436e-52,2.437769466273821e-119,1.819878230133428e-44,1.4127109872877174e-30,1.1517227690318082e-87,2.3025430715704508e-120,3.711828274057762e-101,7.177176509412777e-83,1.8910204763730043e-89,4.954725140480721e-25,9.235218344712966e-41,8.889444055528169e-50,9.577527876507057e-113,4.5445456939910975e-119,2.855538524718149e-56,1.3601211626829476e-20,6.366193162093663e-39,3.3959602282773557e-63,3.736008167520536e-205,1.668666375014302e-123,1.9812974671811525e-197,1.065849117148759e-247,4.2137305692537826e-139,0.0,1.7332275324456772e-87,5.579336769737999e-83,1.67735e-319,0.0,2.7015451134385095e-188,0.0,1.413917833470802e-93,0.0,0.0,4.51239570382477e-214,2.0258066286e-314,1.488172034730967e-235,0.0,0.0,0.0,0.0,0.0,5.2773515490734835e-242,0.0,1.8324222582344465e-248,0.0,0.0,0.0,0.0,0.0,0.0,1.776652044736704e-303,0.0,0.0
2.112625189720863e-11,1.2199107154485701e-12,4.5287375389786195e-6,0.04661032544968018,0.05530191740008912,0.03188453370929817,0.035408253787493446,0.013343400325833787,0.021460645152945018,0.050368566314977624,0.03221049659703717,0.05213767294336856,0.06796576044875612,0.09299488053595031,0.04963457377540475,0.0031285453113445135,0.03732157677423373,0.033900529973490995,0.03194963331707158,0.05852086251016302,0.0395034359955256,0.036130094551961124,0.03280130212551268,0.027351936714877477,0.029930560703727283,0.04079381063902519,0.018847981952246143,0.022982161772594066,0.011467278320336172,0.017530164982682266,1.6361725289856516e-6,0.00048508574451880637,1.3832567480486662e-14,0.005327034563878562,0.0015349351272014673,4.9240491004419314e-12,6.209939135254405e-31,1.446122960485664e-10,6.300925241984825e-18,1.5406559133846297e-14,7.318257579611313e-9,2.6430306935189773e-20,2.1885981180070904e-6,3.168531293080642e-7,3.7651403790977394e-26,3.3761796120765204e-20,5.568960198770382e-6,4.414975781983395e-11,5.0506823873650716e-6,9.930826684430517e-55,0.001152744938152293,4.4276611402926386e-33,8.492982256796036e-60,2.946003205819952e-86,4.174252450834983e-83,5.464124272035322e-50,2.549175544018966e-35,2.2284424572500562e-74,5.839820979891368e-83,5.495579803234893e-52,3.465763490189009e-77,2.4023191082624548e-12,1.2313641143402833e-85,1.5586924899321645e-116,1.5942303704057255e-96,1.4147072995001123e-111,8.73894728463639e-71,0.0,2.5305640129893276e-131,0.0,2.4925357245378658e-96,4.49876491537297e-109,1.7183968605404544e-90,9.393445403999512e-113,1.7105117027908074e-53,1.2845964248604336e-133,4.7574543629354215e-133,2.5145211566827296e-133,0.0,0.0,2.4691175370225726e-131,6.1922774199596275e-93,0.0,0.0
0.6011746254296603,0.38267328066158235,0.01218444032543263,4.871525111040539e-22,0.001474986394652866,0.0019191027966697562,6.92176780048894e-23,4.683343152847631e-77,0.0005735643920020543,1.272303067232459e-56,2.780508273341379e-75,2.551358047384993e-99,5.9895109193274485e-123,6.642193083347372e-45,1.4213580368096354e-140,5.52609601683425e-103,6.698139063074296e-178,2.335180721901989e-126,1.1561808337258505e-25,2.395858182682498e-163,3.1039298165721686e-193,3.871062850399034e-168,4.864595196778612e-214,2.4181237446910467e-193,1.5035768914469639e-205,3.2738047565344854e-84,4.402841755629987e-247,1.4856646988717087e-156,7.89597168631551e-251,1.1044558131411317e-252,8.466223698329124e-296,6.962154770012765e-236,1.0352959811739816e-224,7.565435882983282e-190,4.622850344168161e-280,5.124389683845072e-236,2.3714916432890464e-195,0.0,1.7289198900001647e-141,0.0,2.0775224765772496e-184,1.077066008436302e-223,1.0240626627405958e-211,0.0,0.0,6.937200080155066e-267,5.884630267214765e-247,9.709559093e-315,0.0,0.0,0.0,2.146614505061814e-191,0.0,4.020193999205361e-219,0.0,0.0,0.0,0.0,0.0,0.0,0.0,0.0,0.0,0.0,0.0,0.0,0.0,0.0,0.0,0.0,0.0,0.0,0.0,0.0,0.0,0.0,0.0,0.0,0.0,0.0,0.0,0.0,0.0,0.0
3.4352431592760995e-64,2.6888885711029856e-9,0.07853385618139778,0.5074071394097597,0.3056354424533189,0.07291315200438839,0.013859286182141538,0.0026131221347155745,2.980008035546921e-6,7.814682998660824e-5,2.957756234219806e-14,0.006958211046744173,3.404930042799993e-11,2.8925439074171838e-15,1.2794712495821026e-7,5.308592416002553e-18,5.2409582369748604e-11,4.2642919442841415e-11,0.004846004011955784,0.002592433930356596,2.009821649064008e-6,3.179385051023367e-18,3.7279775326591563e-16,7.650595819341049e-6,0.0008414984784912784,1.2132059170276171e-19,0.002626373591860662,9.251600550945685e-56,3.1185683507824312e-21,7.452522118988221e-60,5.258104256763589e-102,7.029867114789603e-41,6.186029300068605e-111,4.769704414521582e-55,1.0416539441146498e-96,5.356207991669903e-126,4.105524234224224e-64,9.320498063297838e-114,6.1770918008285485e-93,1.0231581372117674e-75,5.6002007549916476e-14,3.194863369208023e-90,1.2334702746467154e-89,2.9148853483929797e-126,1.8868136857434895e-110,6.443218351486925e-135,7.027414005510106e-39,0.0010825625541747781,1.596094837051579e-130,4.8644061499095606e-238,1.004448607354861e-146,1.1552560889905704e-253,7.720739056418819e-243,9.114618989248468e-237,0.0,1.1733560112446324e-73,2.507372859430858e-104,0.0,0.0,9.712772594807288e-207,0.0,3.008686984376162e-137,0.0,0.0,5.1445883406666146e-287,0.0,2.3211110984902933e-281,0.0,0.0,0.0,0.0,0.0,3.4672842428918363e-249,0.0,8.447550257990117e-304,0.0,0.0,0.0,0.0,0.0,0.0,0.0,0.0,0.0
6.295924993010386e-15,0.49541099024645485,0.4798812872743075,0.0037655671444077237,0.0036075838316729945,0.005423906903965604,0.0010461977589566586,0.002306923761376871,0.0002554911498585141,0.00020588247265748892,0.0024831574911318263,0.0033466161605940747,0.0007177774668037214,0.0006083015640264813,5.534785206383262e-10,0.00023682195894112991,4.5832598906158795e-114,2.9973813495975025e-9,2.1396952537573554e-43,0.00021843022567542115,3.745564187439662e-98,3.1789659406534144e-47,1.4784303203726175e-74,1.8425425934703288e-55,1.9388005710134228e-88,9.516584009696746e-72,3.540921532618241e-93,2.744970350645416e-49,1.695067408369149e-119,1.2445903412983546e-105,3.7817085234844676e-136,2.2716447175546893e-93,3.4536554006107525e-7,1.967116691745875e-32,4.500558916438108e-109,6.466656028856037e-69,2.5030255470873327e-218,1.814175804936013e-129,0.00048471567276288065,9.397735619138512e-246,8.807890847524265e-116,1.4675193406295222e-54,9.292058833812807e-83,2.39775496390646e-217,2.6230594237149537e-184,1.551232012064883e-57,1.695893374608357e-113,1.2636097473683446e-123,5.546633608676736e-178,6.1166604531764424e-161,9.647591975314431e-155,3.393069100787336e-95,0.0,1.208928862822695e-93,0.0,3.8936784655173357e-293,9.238119622836945e-182,0.0,0.0,4.5296442707669287e-296,0.0,7.374065840819942e-303,0.0,0.0,1.4274074634849135e-236,0.0,6.038024774196593e-278,0.0,0.0,0.0,0.0,0.0,0.0,0.0,0.0,0.0,0.0,0.0,0.0,0.0,0.0,0.0,0.0,0.0
3.4954939009427464e-16,0.05652890932024707,0.3089258790497148,0.39473727253119434,0.15546512741839427,0.08023370402966741,2.518114802862947e-6,5.1313390253540075e-12,3.341092259844368e-8,4.813126812009388e-5,5.200330438214381e-10,1.0200293299788554e-6,1.7002271143655143e-8,0.0024400018313358663,6.691944006644552e-10,6.445245508911084e-12,4.592975686441455e-18,7.725031913573392e-6,7.944065141304133e-16,5.898500970398139e-9,1.3564814142649947e-9,6.940574921818905e-5,1.2266234273900063e-7,1.8344361381782939e-16,7.978015642008981e-7,6.148520309264981e-24,3.4886470954933574e-39,4.78638070098122e-14,2.032921994337998e-15,2.9092786896789794e-16,4.0544114019779514e-58,2.8279115242243165e-16,4.3242661248323943e-70,3.8315029416913723e-10,1.8637201659422602e-42,6.144974882295337e-27,1.5192681527561696e-72,3.8340968179467445e-69,5.153911062653335e-50,3.4729052610474345e-81,1.4041828948946002e-19,0.001538365202334039,9.607076381760686e-7,4.027109530710783e-68,3.832391525038558e-99,1.2371420954767263e-50,5.784319927674157e-23,8.863990786549956e-17,8.093522152811347e-34,1.7375597037234166e-87,5.684148024215267e-83,1.937427996381692e-87,1.619079478620627e-133,5.04318497715493e-65,1.813185257367322e-182,1.9249434802408255e-110,4.035824776573626e-109,8.913738889251375e-141,2.332782672119149e-175,4.242796941936806e-101,4.249156840533646e-202,5.201282054496261e-71,4.5304786024745737e-159,5.021239984909793e-226,3.9084933808978916e-80,3.1204263763081224e-129,2.7127478925580076e-91,0.0,1.0538896446677514e-233,0.0,1.3240243601833127e-180,6.061298058716112e-150,8.257405988723957e-80,0.0,4.1182593793668254e-169,2.4197597654538675e-274,6.892e-320,1.9986426219996637e-260,0.0,0.0,1.1703624182658353e-267,4.8444744384392045e-137,0.0,0.0
8.726172476301735e-89,6.3433242276098216e-12,0.022828601891069885,0.5071740194556228,0.4086151299510227,0.002139755845844512,0.00368060460702802,0.010304639178791571,0.009817801253264927,0.0071881477838020786,5.610321398304595e-7,0.003970192338681047,0.0021971390372257597,4.337576706405834e-18,0.0016952346344135728,2.7360659700351565e-17,0.0023987426815234264,0.003275517650365684,1.891404925761323e-7,0.007459344155749266,0.004239201144236031,1.371976230056084e-15,6.779671451136311e-14,0.0026406319441429197,2.3604749599910073e-9,6.714255941323039e-17,6.071214467801028e-6,1.8699822820908687e-51,2.2684974750126455e-8,4.111032684156957e-47,4.85178392557747e-87,3.2311013406281994e-49,2.741443030348829e-112,4.1418157702668953e-51,4.329707156434475e-99,1.2733927625940054e-109,3.638217180879626e-79,4.3696460621032886e-120,3.6351625228608846e-80,2.3884035073291207e-54,2.382363001355582e-28,2.346251639402211e-146,2.241799175293729e-83,4.7143240647837946e-117,6.9211652562188846e-96,3.4507522340159253e-154,2.263241514852186e-22,0.00036845000825335843,1.0500682286511686e-116,2.827353671220221e-215,5.1071624408588394e-166,4.004667053227602e-192,1.2894464164192887e-229,1.0136347000138427e-243,0.0,1.2053330078314046e-83,5.2555930955057985e-143,4.20753102180632e-300,0.0,1.0257824572284304e-216,0.0,9.879478703559022e-173,0.0,0.0,1.1867759439001455e-308,1.51783248176115e-309,2.269309441584123e-268,0.0,0.0,0.0,0.0,1.6456770809365968e-287,8.618334203430832e-205,0.0,2.6135670707586817e-296,0.0,0.0,0.0,0.0,0.0,0.0,0.0,0.0,0.0
2.1415002221686542e-11,0.00262737272205574,0.6302759718498426,0.21169244308164842,0.1307479869940617,0.006632803195269502,1.7710731093933886e-6,1.2838759489442364e-6,4.2042275220438024e-7,1.2034452346140137e-6,4.536633240444794e-8,0.005140212757062895,0.005156943303385643,7.554661163429447e-6,5.166654225640384e-9,1.1141693486977332e-7,5.778962783395631e-20,0.006214181175556079,0.0014982144178157946,8.58100652198622e-12,8.66609527064156e-13,1.4227526485733288e-6,4.586251223049754e-8,6.202686395313616e-10,1.3924779177029839e-21,6.587297988732511e-35,1.8375974698987473e-28,2.5789750837345723e-18,5.8088623253434856e-9,4.166041432641013e-28,1.3738298485003351e-50,6.131485760435865e-31,7.994419100440813e-64,1.2255331643953379e-14,4.3782620908645804e-30,6.635214449523605e-53,5.0544005671887563e-85,1.232737174360733e-47,8.857619950190135e-31,9.966307804167717e-84,4.798953416359917e-15,1.911981122684449e-21,4.187578945711633e-35,3.896140112469944e-64,6.990052779642053e-86,3.6522730496896735e-51,2.46508983783155e-27,4.090292364130791e-68,1.2898194853157482e-77,1.11636278667487e-79,1.9005325323275045e-31,1.1164525816761625e-87,1.858890216824456e-162,1.4119921387107216e-55,1.1113385920884003e-188,4.720583878511783e-128,1.387002840945846e-47,1.2106858257578503e-187,9.996982317294363e-209,2.4381963655256443e-122,7.745892316421478e-218,1.1223350092052558e-80,1.0736541303564952e-166,4.448073973223405e-234,7.067925450895112e-74,9.331825055868043e-176,5.609794600041265e-103,0.0,5.6827787850856155e-306,0.0,2.9646505871881226e-194,3.54756822311092e-183,4.097727225722194e-103,0.0,5.009527035598356e-168,2.4463540994950133e-178,6.62544e-318,2.885730782280018e-306,0.0,0.0,1.4605618388990993e-302,7.428365119081676e-167,0.0,0.0
0.08699110754583121,0.8912571398021778,0.01714839889708933,1.4319248590700067e-9,5.524519499000476e-6,0.000755251801820197,1.3578652830803642e-8,7.031808035420333e-5,5.5903234603539323e-5,0.002032705904407684,0.000663882283176011,0.0008415568752352791,2.7597494228490605e-12,9.599865516060796e-5,8.21885228703333e-5,1.3574804118027197e-17,7.152534554740517e-116,1.0446135733377622e-38,8.948016275076527e-54,4.972163960247368e-43,2.8757155928380866e-94,1.1915117566254219e-32,1.0626331126584663e-78,4.5074289788182464e-79,4.094256214979778e-111,9.671596036748704e-74,6.71952141065767e-135,1.2847924927288284e-67,1.4510414640607754e-115,3.4922757611699535e-97,9.696014897489634e-183,6.339873655757307e-114,3.533247017933993e-18,8.863397622525097e-9,1.7823243509987195e-156,9.850758945046532e-61,1.8915215699943377e-242,4.5609756030133284e-149,1.0395897464320668e-12,2.2350437695472562e-275,2.454953657349889e-143,1.6811267823993117e-90,7.686883627410322e-97,8.014155196726986e-232,8.130253655236794e-230,5.06564584530894e-59,7.868055400835616e-137,2.374448018830334e-180,6.383728264657559e-201,2.280921396835731e-242,8.242735716008701e-271,3.958013078060225e-159,0.0,1.5365517893123753e-92,0.0,2.3467975e-317,6.930566879553896e-243,0.0,0.0,9.0e-322,0.0,4.2373748851792746e-306,0.0,0.0,1.2996564364485861e-294,0.0,0.0,0.0,0.0,0.0,0.0,0.0,0.0,0.0,0.0,0.0,0.0,0.0,0.0,0.0,0.0,0.0,0.0,0.0
0.013427237042397224,0.9238019534262891,0.05051885677126465,0.001439054589205974,0.003375704714942689,0.003222339506012951,9.45724625941921e-10,0.0023202945175450395,8.470180794060824e-10,0.0005925370248625222,0.00014434750308623648,3.960852136167788e-9,2.892673376765773e-7,0.0006452827742978037,4.065825614011105e-8,0.0003163129612111598,4.684582945934369e-95,3.25228783937494e-63,8.620244867218791e-49,7.792960072079881e-34,1.9500873288759155e-56,0.00019573540731845137,2.7537402033359744e-111,1.7246981801706653e-33,5.6146575730835164e-93,8.082377778755547e-9,2.8706490261566195e-161,2.2483387032399014e-120,6.254987979963416e-126,1.0581799990637868e-62,7.258259061673167e-191,6.4216992392241566e-105,1.9314942786226007e-46,1.152299541035357e-54,4.242654055736938e-142,1.092411997190533e-122,4.239417133220896e-264,1.663684165031046e-153,1.1437565811608735e-37,0.0,1.4796649546566835e-128,3.948118599302086e-56,9.831727981559647e-84,9.361211607135259e-221,1.1182950407584667e-229,9.15399866528658e-61,7.122113379525302e-180,3.2077759223100833e-224,6.6261505009481905e-239,0.0,6.093602242877101e-222,3.5308796812982743e-186,0.0,1.5741023784815608e-28,0.0,0.0,1.4032172373806832e-223,0.0,0.0,0.0,0.0,0.0,0.0,0.0,0.0,0.0,0.0,0.0,0.0,0.0,0.0,0.0,0.0,0.0,0.0,0.0,0.0,0.0,0.0,0.0,0.0,0.0,0.0,0.0
1.4253045979486182e-27,0.05183832796384236,0.913161201837704,0.025078730523590973,0.0020102580618843913,0.000421930591433754,2.188743479294425e-7,8.733930978504861e-6,0.001304291250374559,0.0009926530291860856,0.00032708023191327194,8.636674373223468e-22,0.00039748969151527316,0.001466219576643601,0.0015641281027935637,8.385163703431592e-16,9.460586235464455e-103,8.521288216399766e-52,9.333015606443899e-51,9.169155568222557e-15,1.9746934693221112e-84,3.256102840788536e-34,8.050698609385101e-83,0.0004897156702291117,1.7279612000740166e-105,0.0002888842368785801,6.149781681760428e-132,2.280176604508403e-61,1.1604815917312904e-124,1.0372054837194337e-53,1.7189708444442424e-162,6.708660275534652e-59,5.983391166767228e-42,7.046360873613629e-5,2.6938235241306535e-107,8.220166939998496e-109,1.238202942651755e-192,1.5453503368505202e-134,1.4455055959404078e-26,0.0,3.47839817336309e-121,6.295249368230684e-18,2.43266026783718e-33,9.003624940471434e-192,1.496344861684046e-174,0.00029304092423186606,1.2292644508441094e-138,1.5618844638944675e-117,9.826891682671308e-158,0.0,6.058963310063767e-172,1.82541070128052e-162,0.0,0.0002866318937058958,0.0,0.0,2.6634121868859204e-186,0.0,0.0,1.33606083202879e-309,0.0,1.6919880438381536e-264,0.0,0.0,0.0,0.0,0.0,0.0,0.0,0.0,0.0,0.0,0.0,0.0,0.0,0.0,0.0,0.0,0.0,0.0,0.0,0.0,0.0,0.0
1.0,0.0,0.0,0.0,0.0,0.0,0.0,0.0,0.0,0.0,0.0,0.0,0.0,0.0,0.0,0.0,0.0,0.0,0.0,0.0
0.57489306,0.29510593,0.7062612,0.5556935,0.074807115,0.14494354,0.48435828,0.46542135,0.7274763,0.59426093,0.0443683,0.5643037,0.7163113,0.65621614,0.50435835,0.67890275,0.73671144,0.31433994,0.39534476,0.42479685,0.32494304,0.115050994,0.40451968,0.43543,0.28459632,0.6656574,1.0,0.18492436,0.5248077,0.44543803,0.16511565,0.2646947,0.76691896,0.6992307,0.872015,0.3652297,0.19481173,0.30458808,0.6464205,0.35512403,0.0545894,0.024222666,0.58629155,0.63513786,0.12489783,0.5157826,0.20479882,0.21524663,0.6247197,0.37508854,0.08500532,0.007877207,0.45446005,0.09497505,0.22492033,0.03421961,0.41561398,0.015881833,0.8159195,0.7482989,0.17494522,0.8304719,0.53475237,0.6863949,0.38483676,0.13493769,0.80737376,0.54520524,0.064384885,0.24515946,0.7864669,0.3346407,0.27503553,0.23482035,0.2548827,0.6162328,0.47512692,0.4936548,0.15510246,0.7964547,0.34495604,0.10504011,0.60549545,0.8602584
0.14494354:15,0.12489783:13,0.27503553:28,0.8159195:80,0.67890275:68,0.20479882:21,0.43543:44,0.3652297:37,0.21524663:22,0.41561398:42,0.40451968:41,0.7274763:73,0.45446005:46,0.7864669:77,0.5643037:57,0.65621614:66,0.19481173:20,0.015881833:2,0.0443683:5,0.44543803:45,0.7482989:75,0.5556935:56,0.35512403:36,0.2646947:27,0.57489306:58,0.54520524:55,0.6464205:65,0.30458808:31,0.03421961:4,0.3346407:34,0.60549545:61,0.5248077:53,0.074807115:8,0.24515946:25,0.37508854:38,0.18492436:19,0.16511565:17,0.76691896:76,0.4936548:50,0.38483676:39,0.6863949:69,0.007877207:1,0.7964547:78,0.58629155:59,0.8304719:81,0.80737376:79,0.31433994:32,0.08500532:9,0.48435828:49,0.63513786:64,0.59426093:60,1.0:84,0.2548827:26,0.872015:83,0.34495604:35,0.09497505:10,0.064384885:7,0.13493769:14,0.6162328:62,0.6656574:67,0.23482035:24,0.6992307:70,0.53475237:54,0.15510246:16,0.7062612:71,0.32494304:33,0.46542135:47,0.0545894:6,0.39534476:40,0.6247197:63,0.024222666:3,0.115050994:12,0.17494522:18,0.10504011:11,0.8602584:82,0.5157826:52,0.22492033:23,0.29510593:30,0.47512692:48,0.50435835:51,0.28459632:29,0.73671144:74,0.7163113:72,0.42479685:43
