30
0.33457918560206856,0.0007425249506338963,5.161013238781284e-6,1.6006491623490594e-5,0.0005734728737012788,0.38052786219900064,7.115153144968272e-5,0.0003543064642892362,0.06393954056902139,0.0008415310103497787,8.18464193730786e-6,2.811276051096579e-7,7.947790324150343e-5,1.022875260264386e-5,2.811053156153416e-5,0.0002010256828914699,5.617677444286402e-6,0.0004942766308473591,3.2805791109473004e-5,0.00018152986831014098,0.04236130725404341,0.16621135383539717,9.252118197076378e-5,9.365731054790367e-7,0.0001282388456699174,6.305560150213242e-5,1.4735374107370367e-5,0.0006384217134935448,2.241331407498746e-5,0.007774734993707574
0.0006820822426405833,0.0644121373018144,0.0022390484455301406,9.303608837226374e-5,6.393897675305548e-5,0.00010017254844919226,0.00011175974382653129,1.5403586375004974e-7,0.00031619137201199473,0.25679047179581177,0.03683963721190244,0.025882634867479586,5.431003791097441e-6,0.009151004923328801,0.0023892747958815567,0.13350867233726177,0.05406961728422798,0.0066908182519441785,2.9831199795123537e-6,0.07290777057733025,0.002263773362637406,0.0022222162908785235,1.52958615680958e-5,0.0027905225700303815,0.00546345519621887,0.2764217598930073,0.04440692278849132,3.289280716724776e-5,0.00010330236109932441,2.3021944700679868e-5
3.855552383307773e-43,3.2733090517120444e-17,0.5233585512697723,2.2095277133618176e-28,2.3323069443231837e-33,1.3852670268586995e-44,3.4490262785656423e-31,5.587309353661526e-31,1.3363220429402595e-40,2.8535557931324918e-28,0.02855454150607306,4.644513471165771e-22,3.5083155412901144e-32,2.3674537501983625e-18,1.9716513951366365e-28,4.317222831477313e-15,3.8522762421044446e-23,0.4477445987610422,1.2729465097608516e-32,2.2167621802716617e-22,3.2105791130260824e-42,1.6520921459459711e-46,2.9694968415113256e-24,2.0798657400042986e-33,2.4300089197095505e-5,0.00031800837391114,9.95816141308644e-21,1.0015743946758544e-33,1.7806433624546827e-32,9.274126473798782e-37
1.3663190430655898e-5,1.9042909327408122e-5,1.554951241138342e-6,0.011019408899984153,0.0516893034825749,5.9383637434875524e-5,0.14400317000561996,0.04094514313858703,1.5329128460251962e-5,5.176440555286893e-6,0.00011275577160844565,0.13679846550938493,0.01020038633431886,0.0036980453592097176,0.0005381650082582973,0.003917454675885162,0.00054157243503285,0.002760373804897244,0.006045902818274147,1.612944721836156e-5,0.0007771113513966759,0.00018585568685899821,7.942613849121617e-6,0.0032103661905829657,4.684129698505914e-6,0.00027297300338944766,3.559004817425849e-8,0.5579347227221337,0.00278302861634909,0.02242285314738976
0.018260009399480474,1.0049237781675924e-5,3.5581100962643418e-9,0.02746270345275051,0.005526451922110851,0.0004616005860686485,0.19108852603051543,0.006769851494720093,0.0012134788705032787,1.167253168806863e-5,0.00011654985847572623,0.004395728310887774,0.007470190480610246,0.00013405052016083745,6.336152072766688e-6,0.0005615446805900196,5.4371502721923665e-6,0.0014846462392438323,0.00016524105483438597,5.676711524744671e-7,1.667572763794534e-5,0.00018767012446045084,3.5677261687253915e-5,0.0026976237688041862,0.0004444723440328655,0.009341851671033042,1.022621162450221e-6,0.6961266047467937,0.0008509050997980135,0.025152857432560734
0.5812333295850995,0.0006630990909971368,0.00013617671926029827,1.379549252992541e-5,0.0002278802255348991,0.13017327956094846,0.00036492202492179347,0.0030697515340105896,0.06147600596439799,0.0012018428215496042,5.091717492505282e-7,9.178353819892421e-8,0.0027893382564315337,2.6564327643246846e-6,0.0001280296318427887,0.0018935929828358994,1.3765862607872125e-5,0.00012886825088439217,2.3711379453764688e-5,0.0004683518821216862,0.12118401850936801,0.0890357222864522,9.275160756121129e-7,8.010467292799822e-6,0.0020653633195140218,0.0004328915915411149,5.489639305577169e-5,0.0004892354857031024,0.0002174226279639304,0.0025025131495534686
0.003149340602304106,6.041913884399939e-6,1.7549253411610375e-10,0.00028237923009470704,0.0013006534955108079,0.0031699084006721165,0.09868090544263415,0.0007336861860394289,0.00034301553329208314,7.844492614207005e-7,0.003492463716469865,0.004572152131278811,0.0034764677398200455,0.0001107606280047004,2.417426219580798e-6,0.0007105437336470372,6.330996481058235e-6,0.0002575916938438876,0.0001633445547709851,2.148686957339556e-8,0.00028543840210774977,0.0017236855248511582,7.245203712246725e-7,0.0008697512482878473,0.00011285790903680175,0.002415237720500065,6.559087660688044e-8,0.8646668259317483,0.0008858695832173842,0.00858073403241188
0.000238007794476669,0.00013730447275860934,7.70622009768014e-10,0.0751433285691245,0.06692736183006123,0.00019824176496300019,0.740208246778566,0.0013913300965738998,4.7666281236835944e-5,0.0003395816704087042,0.005579523019796023,0.058803280694939,0.006864318522599125,0.01174736025323993,0.0013916159326588433,0.00890699099999592,0.00019407259901180643,0.001315820684087706,0.0004014625586508114,0.00040032127603282765,0.00041616349012137403,8.892371026464883e-5,0.0025659431879039413,1.1904929526213438e-5,5.9375928183130534e-5,7.565367937018644e-6,6.838488105009456e-7,0.00016475123555619603,0.0004571012736276505,0.01599175045826554
0.32715558925859817,0.0015780731866399964,4.351578065580118e-6,4.889948006278145e-5,0.007296275584651159,0.1410770259513869,0.00916715902150477,0.0005805759453026238,0.32434753701439983,0.0003845564583004492,9.33810132728532e-5,3.4292610044471586e-5,0.000676801555815023,0.00011544857386362738,0.00020064691139446388,0.02913045378695284,6.828977681619138e-5,0.0006510901849337365,8.41253373745427e-6,8.216799119841191e-5,0.08772432667030475,0.04996622000226506,3.391441508911737e-5,2.928630287260395e-6,0.004905613443920885,0.0002361419937156225,0.00020751944602889972,0.0012087978178966792,0.000176133739763413,0.012837375423787024
4.798326016529266e-5,0.01754949019088122,0.0002964177603248304,0.0003949323721654027,0.0004559809662081019,0.0001338706109810749,0.0006316180083098266,0.005733668045668663,8.492564879683438e-5,0.7348611182189495,0.005864940883803878,0.0009577902702250187,0.00031301854434831494,0.0004930387400847662,0.13022355958035584,0.00012535021165733956,0.02821122662609783,5.308200954609193e-6,0.001142164582888754,0.02473870613568354,3.957283819727631e-6,4.459595314187331e-5,0.0011936579440197707,0.008880741110596252,0.00043455231200762964,0.0002501991814969047,0.03606459675682435,0.0005098090623965049,0.00017218734333488732,0.00018059419381156804
8.387735147519531e-11,0.013843255957786498,0.030372238262792426,1.9797496054251651e-7,1.6974909299381405e-8,5.864252470194914e-10,1.2976501942841705e-8,0.00049290936604278,1.567305431824183e-8,0.021762810590028495,0.5569464060473965,0.03752273765155617,0.00018817759595982138,0.00032058869049948557,2.6789986996899633e-5,0.05136615011513784,0.004163004926845139,0.09885912022090088,3.3939409036001896e-8,0.00994615145114089,4.206381476706403e-10,7.553324711193455e-10,2.1779587480728412e-7,0.003918952585589617,0.009750883453032046,0.09986166053975629,0.0606253556125126,4.429925704857129e-7,1.108914738083714e-5,2.0777625091000244e-5
3.1762603880381412e-9,0.007687527898388651,0.0006078489594296676,2.411725269364882e-5,7.65848790574084e-6,3.6962047864929485e-8,7.832890275875732e-7,0.0008098359912894059,1.011785150468992e-7,1.280365368909903e-5,0.0027211623011646957,0.3723739698461243,3.687932876263631e-6,0.0019447285316086813,0.00010112683874327012,0.01850640725911251,0.007912917162343928,0.012592416366446816,0.008832580606161437,5.8720002776527475e-5,3.3061097274839555e-8,1.7978984356252773e-8,0.00010183838009921435,0.5498119287623768,0.002184085897474081,1.7414934079358296e-6,9.053624928706963e-5,0.012414298779222031,0.001122428482261553,7.465721918401823e-5
0.002340613089416949,1.467366961768246e-5,9.196357883663759e-13,0.0527913193397068,0.23986916671194153,0.002792473502357747,0.5864465707350474,0.000603380523558834,0.011937949643131452,6.0241621190362456e-5,0.0004015667206988476,0.03340785250715912,0.00866707689062317,6.836622055163814e-5,9.609007982099761e-5,0.002126334007677501,1.0050034944654816e-5,0.007062039836142848,3.525566669067871e-5,0.00020512128797714037,0.01353026364552314,0.0006867004486454407,0.00017954602698293942,6.777688766639764e-6,6.418747676173605e-5,1.373658056267728e-5,1.9165319067894186e-5,0.0006541765758937813,0.0011030802988026694,0.03480622384981822
2.324412810414317e-6,2.583786254155255e-5,5.609997906643252e-6,0.005687719278254773,0.0001271707236067347,8.218093191317193e-7,0.0021165226530828135,8.438798573421637e-5,1.1424434930304109e-5,0.00035261551578437075,1.53742895459894e-5,0.720451058883168,1.147901462706434e-6,0.213615152388527,0.0008285692478144062,4.508404036265316e-5,0.0006923541568684079,0.0014307594014952023,0.04091729163908942,7.250424844745738e-6,2.0520603596844108e-7,6.595803290514527e-7,0.0002293910169624949,0.012913632082145075,2.408680772178e-5,2.4899924629112205e-6,3.69600660127746e-6,0.00014786821428285272,0.00012003372261877903,0.0001394603236902968
0.001432672283154063,0.02554436313537707,0.0005408237374954127,0.007681155019988854,0.00588842937405877,0.0007162080098325177,0.005528677904578336,0.010936031596229523,0.000590427120447803,0.36425067167715947,0.002568848516189599,0.015265136455223398,0.0007475079924158466,0.42363681786495955,0.010902359282035267,0.008530352080030796,0.030090688069004678,0.00010745687956903558,0.021248148121267067,0.011633095404991703,0.0005097295960910709,0.00018889936945383268,0.015493242967025941,0.014120738979491242,0.009503041404958704,0.00011756039207715875,0.0018925221534433203,0.003936943359506841,0.0026414343916805485,0.0037560168622626576
2.4258273217570172e-8,4.909741425291754e-5,0.1513167655093893,1.846576123595626e-5,1.1828286849978889e-6,2.8480003051454656e-8,8.345214658615351e-7,9.467177778906447e-5,7.075115335447955e-8,2.901985405771005e-5,0.00024193964033235226,0.005518532148425165,2.3255861061652417e-6,0.008259224203460988,8.11816748676468e-6,0.0010112767600432557,0.00024929214697173174,0.7831546137745797,3.066575193999683e-7,0.00015627272409240146,5.209005340110763e-7,1.9675014726321852e-7,0.0015010915104938683,9.293932823756849e-5,0.04777997137443385,0.00046549818138632887,4.607259903784607e-5,3.594756797455821e-8,1.7977213374848258e-7,1.4306707042747656e-6
1.6099585906250304e-5,0.060645532324834245,0.019384998333168802,0.009415582995071326,0.004526965891556666,9.529624090385836e-5,0.014158289528811078,0.0014906825353682566,0.00014324961244990573,0.03971656839339962,0.002904695011760984,0.16130704970041565,0.0008139165003706563,0.0731566021957606,0.12540737991291964,0.22883353965549796,0.17903829352008327,9.594439058356883e-5,0.00801764447615188,0.01582148033060069,0.00012744262488295543,4.07670636626466e-5,0.0012535159547299491,0.04269315479677862,0.005221959260645504,0.0009763743936203196,0.0012641656004164772,0.0026418823896365655,6.821721854583506e-5,0.0007227095614659927
0.00022300989090191244,0.007162141903358236,0.07687518404848015,1.7822536932240013e-7,3.2075341029094873e-6,7.530331555673272e-5,1.0738401612379801e-5,4.012541645423469e-7,0.0007134169082635205,1.0893961243168373e-5,0.05777267744616312,0.007365837415559411,2.748874619497678e-7,0.0006444673900281578,2.0561808897908903e-6,0.0030107136069158855,5.787083100976523e-5,0.11826036402997296,1.270823347294844e-6,0.001148219650455851,8.875775004310979e-5,0.0002291776252049403,0.00027845575443635897,0.0002733503228567724,0.6784073128277027,0.04397936715028409,0.003404895637213311,2.692478520415348e-7,1.113811255504989e-7,7.459842408300488e-8
3.739779834088104e-5,8.165725081226632e-6,8.166725455851071e-7,0.040612509129919934,0.007458701833636087,9.43770470809246e-6,0.006033915729743272,0.014092562664745545,0.00012412522613866896,9.999896736635265e-7,0.0006181314739500333,0.0031046697468170405,0.0012586673854944848,0.8005761139672302,1.5021469755579823e-5,0.005412031061218004,0.001129279822761153,0.0029298183529652714,0.0012306753095508067,2.272775928571017e-5,0.0006057926390839928,1.032642317018665e-5,0.11243072555569911,0.00017057551232463143,0.00044597765104472244,0.00041030161707132336,5.306604230841394e-7,1.2995305940760319e-5,0.00020948294096326627,0.0010275228707178534
1.0955628052144606e-5,0.6879904826228834,0.005783504083846535,0.0006433080447059227,0.0003023381985949345,8.32375386446547e-6,0.0005337666933840922,0.0011271568419099192,0.00026261943455797566,0.05949457554600513,0.015261709717514676,0.003791952269226931,0.0005658372249586688,0.0003039144839943172,0.03676110066826402,0.013993561988801292,0.025622545306448148,0.00023070378973410435,1.475346521915057e-5,0.06274997825487502,3.8649488180277556e-5,0.00011284241842934373,5.643685981720245e-5,0.050978066115637224,2.039505117048919e-6,0.007623337279905159,0.025563110292756472,8.812564243203445e-5,4.199148850546662e-5,4.231289237888315e-5
0.38283259595859387,0.0011513741626826407,2.3664642178254248e-8,0.00018650150180499138,0.0028469221490361107,0.3940809073114084,0.0012515693391948791,0.0006750906949873769,0.007762109321752235,0.0017698083169189018,0.0003496241409137244,0.0002468738909056043,0.0016761676631311937,3.6292197689076654e-5,2.4980603274839614e-5,0.008706957101080548,3.157567466092602e-5,0.0017376598530873923,1.5439419315027456e-5,4.9792172797134945e-5,0.1338143148131628,0.03289438177835144,7.684961668986915e-6,0.0001481750007823155,0.00791288069477259,0.0012423433991789656,2.7342806728523498e-6,0.00799462910758552,0.00043408405677525344,0.010116506769172164
0.634087886728654,0.00115016498882725,1.9398622069940247e-5,2.6750695669557008e-5,7.493694077194468e-5,0.23739738009069786,0.0020451415197660842,0.0016962333834838461,0.011663998394008791,0.0011887271328156446,0.00010890582826672168,4.274092075248812e-6,0.006498612402037844,2.3218474642093482e-5,0.00024150942033372184,0.0019321419496059825,2.4517006054544225e-5,0.041821551383390325,3.757267352680894e-5,0.0022731476909427792,0.02286326681289874,0.01983955450290894,9.7659492123507e-5,2.437369137700781e-5,0.011691579014812036,0.00013340253893429034,0.0018068795617958385,0.00048669561213885023,0.0003102368086805873,0.000430282546689384
0.00015563842796367892,0.0005065161160721052,5.477301940792488e-7,0.002995482397651203,0.013403975405817564,0.00026660592203625827,0.01998114812127152,0.001218504748218151,0.0014200016565922345,0.00013647387277043185,0.0004145323530344547,0.09610245892332495,0.00012799977894367451,0.2767759675405031,0.005869600985601414,2.380506110999846e-7,0.003589396380254686,0.03504989750397619,0.055227877068724146,0.00040027454139030563,0.010538050443722509,0.005003125747447116,0.38937280490905957,0.05300581090820716,0.00295781831605055,0.013636541933314034,2.3106746940909446e-5,0.011539822052731701,0.00010884857674947619,0.00017093284082562969
2.828271233638047e-9,0.022293955695988348,0.006733247745769769,0.0004737949296684154,3.7917121217902473e-6,1.6693535238045486e-9,1.1287812824665559e-6,0.01786652132981545,3.781547614634437e-8,0.005326159185699956,0.0016800436485044968,0.04325652604684386,0.00022956498835353503,0.19788296913063938,0.10784404522419154,0.03827021651908004,0.06424657958763894,0.0010416434101031924,0.4382392492964099,0.0035960192109220383,2.835183794251897e-8,6.948320924676522e-9,0.0021149828166060927,0.039917027654261514,0.008020476670648716,4.357514227381054e-6,0.0005083015445949477,0.00033021155318194075,6.467637500087713e-5,5.4431815185795393e-5
2.3226722769720783e-8,0.1762001205276914,0.016602386067833937,2.994513973931869e-7,7.527387535491798e-9,9.337842300856122e-10,3.9551113851420566e-9,7.711830352654124e-5,1.0913792016293086e-7,0.011461588374700484,0.009822653287432882,0.05149038543196354,1.2881631983883433e-5,0.044055791504511235,0.03654437291977921,0.4035132888535183,0.078770166130989,0.001530595600896175,0.0005901932429845257,0.05170300024071926,9.997756878480704e-9,6.783538996081566e-9,4.793526988024594e-5,0.040839780094818194,0.04656831795475497,0.020237471322947394,0.009921224939709254,1.0702164044898868e-7,9.437220628342692e-7,9.216542036797602e-6
0.00032131324746412297,0.03185933426893741,1.4878153849734676e-11,2.998684714727424e-5,0.00017883230602540193,0.0004951352428296465,5.8697390454586656e-5,7.32879858588569e-8,3.0283364580111687e-5,0.05931581991109599,0.01629839460283084,0.01810010066162918,5.5329538715440805e-8,1.6750104628305742e-5,1.2444398484632718e-5,2.4450996781851716e-6,0.0019811236081666993,0.0003308966869403466,8.938388662089168e-10,0.17079480640328765,0.0017951223438808614,0.00012446408228471248,9.93988331742342e-9,1.0917668269708097e-7,0.0016033092939021162,0.3981320198941287,0.2985179469416657,1.1218950884094464e-8,9.468651779780124e-8,4.187516811631412e-7
1.4294990425865008e-6,0.636159048890995,0.03581017845837704,6.01685253721228e-5,1.1281107811574187e-5,4.679897945510571e-6,1.8901888155816874e-7,0.001493727775019651,5.000446786968365e-6,0.05924852594606915,0.0006659578101412734,0.0121437116669655,0.003260151942431674,1.2375807896878582e-6,0.0009711356832614533,0.03348621107820926,0.0026241791883149287,2.1497872620930895e-5,2.0607025641835153e-5,0.11166055884831776,1.4323437881967976e-6,2.990343719911602e-5,1.6773280636448415e-7,0.09205656840126068,9.626009576530423e-5,0.00048689552692054625,0.007795445561599913,5.81096018066277e-5,0.0002643262032057299,0.0015614128326522344
6.535550474606282e-5,6.618486527468255e-6,2.11609677750599e-7,0.0459986824424826,0.01744507712610771,0.0002556979283105174,0.02126255120299062,0.1147472747654909,0.0008268854808861062,5.10616817664848e-6,0.0002712146833743986,0.00047410815130350303,0.018453311192840084,0.0018147281780123842,5.1491821234986975e-5,0.0013838764099204908,0.00021796653799977897,0.00020094905139992955,0.13678877712007537,7.106251635424502e-7,0.0004962968075639465,0.0008690599988349807,0.0010163827064576434,0.003714731982955411,0.0011877429003283647,0.0003523789855928546,1.2213781613788664e-7,0.1964756468435437,0.08705856542602655,0.34855847772415965
2.2421844241435686e-5,0.000304671059422105,1.1275173626029217e-6,0.04317712076060614,0.3051281417123869,0.00016878066254178412,0.4599936877705106,0.014552150705976239,0.00040345461495230395,0.00012395802092843734,0.015104643734820565,0.006377781871965917,0.057424142652824625,0.02183556334660639,0.0008781634696181565,0.007065759213091353,0.0005704914783810179,0.028584621515578404,0.0005543543421232254,0.0002230537182793373,0.000871155893717659,0.0002236908363605242,0.0005249055427159473,6.888522651986522e-6,0.002866870012536694,0.0007982582677486109,1.2982734826464844e-5,0.002714363229275886,0.008971348720216451,0.020515446227732197
0.001674203557489041,5.0064376010428306e-5,0.00016376622319684022,0.029940139289886467,0.3583820407935024,0.000787418865388519,0.015107191838528848,0.006892739663148356,0.001564776044163181,0.0002024115319012819,0.0007856656521615984,0.003385974733330266,0.49753594319778505,0.007731854531770881,0.00016147900866517233,0.01568873673676057,3.644452601937323e-5,0.0026781257231320646,0.00039965501055413597,5.7230881411080095e-5,0.002653622776005606,0.005880933132319345,0.0010608256570967198,7.733622488995161e-5,0.0003436528632346944,0.0007319214356709176,8.024302423533524e-6,0.013314164462328542,0.026690087649801922,0.0060135693114232724
30,44
0.9998435682121177,3.369407709018299e-6,1.5092856810187596e-6,2.211540038562654e-7,3.345990890713084e-5,2.0912380783059305e-24,2.573897953616925e-14,1.541702354526547e-51,2.321450675247755e-128,1.467013128810419e-44,2.0807175720376895e-122,8.244521682264489e-144,1.4362249146496933e-67,8.912329836793082e-174,3.410600019643706e-149,1.74155152155518e-138,3.3265334684058413e-96,2.86648342426696e-160,8.340574506259225e-214,0.00011787203155573732,1.4183526504293762e-176,2.6824427981956063e-233,1.0634184169672103e-218,1.2592055688163724e-247,5.292782732153855e-270,3.9339221309813416e-126,1.9625625924616672e-146,0.0,0.0,0.0,0.0,0.0,0.0,0.0,0.0,0.0,0.0,0.0,0.0,0.0,0.0,0.0,0.0,0.0
0.0010738342516557636,0.9141115846731586,0.07312245261833887,0.00044839392213803954,0.00026208616740149016,4.86630516633636e-6,0.005107506675680431,0.00311365996987413,6.220507441749423e-12,1.4713759353043797e-16,0.0017821256777102905,1.1334861579629214e-15,5.425966888166754e-22,5.234476177523261e-35,1.6445502483698775e-47,1.920326701655875e-53,6.473759288790753e-45,7.478139431415083e-19,1.6963808324260385e-46,2.873840346093282e-69,2.657662752123698e-44,5.096020076549007e-69,2.9055060540187123e-17,0.0009734897326543782,9.883031329610282e-101,6.749707070600819e-71,2.8367941270995863e-106,2.8454950497431935e-80,2.8285722397313927e-83,3.6812320502309245e-221,1.232491623090205e-171,0.0,2.0022097778680421e-119,1.563389074522453e-170,0.0,0.0,1.6087324535736302e-242,7.111294920863621e-263,0.0,0.0,0.0,0.0,3.691172211427241e-254,0.0
8.960367828774162e-27,4.6985705000599784e-17,4.0066304438126026e-8,4.3784803047659434e-17,0.0003276853182699016,0.0007677173709612674,0.0010004833454341888,0.0141819058988886,7.023845010172861e-7,0.00021870428749573844,0.004124603212827685,0.023077263652968798,0.026787959610477707,0.10028837828703374,0.11289446632997246,0.10048267192288383,0.09431716019322282,0.07809943923553209,0.07819268806241597,0.04984760848458189,0.04912528177021534,0.04208932122285706,0.03860044118033648,0.030321160985573033,0.03639439663780623,0.020029460888117315,0.015896520843625445,0.01259398134364552,0.011354662906427232,0.0147610617783554,0.0067538451880588875,0.007948264034499062,0.0056773314532136115,0.005677331453213614,0.0011354662906427231,0.003406398871928169,0.0045418651625708925,0.0022709325812854462,0.0011354662906427231,0.003406398871928169,0.0,0.0011354662906427231,0.0011354662906427231,0.0
0.9403882025353755,0.059464956570600164,0.00014532037369176034,9.98498610475108e-9,1.4013773417682983e-11,9.821978693699366e-11,1.2960949851270245e-6,2.1432812799016206e-7,2.29872499613699e-90,5.16013873641743e-23,2.646720867049506e-47,2.360853384280971e-46,2.156541152209386e-18,9.812004709445392e-130,3.81994155669394e-57,6.417763555229215e-119,9.690009040483462e-55,2.638313971444632e-71,8.896383727130023e-184,3.612889416031721e-28,5.538818398214066e-65,9.767116614057642e-129,1.6387098596518762e-96,8.299899797402566e-126,1.076984948370185e-126,1.1268742686358268e-133,9.344979089321958e-55,0.0,1.0975117363973371e-272,7.5325e-320,0.0,0.0,1.5354719258441203e-271,0.0,0.0,0.0,0.0,0.0,0.0,0.0,0.0,0.0,0.0,0.0
0.9707960943115418,0.018351942992055646,0.008502564007692153,9.917866345921369e-14,2.6402596217718055e-14,3.4346008044370206e-18,1.1857399330057933e-7,7.537797848701508e-12,1.4552938613535812e-116,1.8351316408775895e-27,7.977859348237796e-80,6.615646795960473e-70,0.0023492801070535497,5.455940273468702e-162,1.6485256306830406e-82,2.4644279340397372e-109,5.4987260157021904e-76,9.437741593006737e-84,7.791850885586661e-182,2.326708817439846e-16,1.8357270555530462e-100,5.792439533984182e-166,1.0454616854181421e-124,5.116636043549801e-175,1.1167803248999122e-166,2.5029574561613408e-126,2.343067218216407e-86,4.878026944216829e-295,1.232187754e-315,2.41606e-318,0.0,0.0,0.0,0.0,0.0,0.0,0.0,0.0,0.0,0.0,0.0,0.0,0.0,0.0
0.998798479811012,1.123966524242782e-6,2.0718474460819942e-6,2.00663159918989e-5,5.8931595577098986e-5,5.675867611118009e-22,3.5531403725872775e-13,1.6492427346034966e-48,2.2939642302745516e-106,5.092461829800201e-40,8.436774976353401e-112,1.9458742626253335e-145,3.015877582913463e-68,1.447708708446363e-160,2.9690835964047477e-148,3.348612324524673e-146,4.362893011624369e-109,1.485947047748001e-143,4.24990346498103e-219,0.001119326463093129,1.011175996596035e-172,8.968620809382711e-213,3.634739235568897e-207,1.7443246230753327e-234,9.011160491954756e-250,3.930605612241257e-119,1.8994158895302803e-143,0.0,0.0,0.0,0.0,0.0,0.0,0.0,0.0,0.0,0.0,0.0,0.0,0.0,0.0,0.0,0.0,0.0
0.9994166521931682,8.077100385028695e-5,0.00021842392170022976,1.241208322924647e-12,5.273516751938983e-16,1.8819546975580215e-20,5.6112748141998035e-11,6.715142298081547e-10,4.027046368843172e-116,1.4344242633331928e-29,6.133572556866147e-87,1.2521952102396913e-72,0.0002841521524127599,3.1734538117394664e-187,4.641441309106148e-109,1.3353146528470552e-98,4.714375310068841e-77,1.9737127703777932e-110,2.2327642434673427e-226,5.910412140898036e-17,1.3143974705243593e-133,3.408961159646196e-197,1.7220912342403498e-159,1.0949195058794221e-182,3.8110865629781384e-187,8.240907310294941e-120,2.7389252613975963e-84,5.819535e-318,7.1970217e-317,0.0,0.0,0.0,0.0,0.0,0.0,0.0,0.0,0.0,0.0,0.0,0.0,0.0,0.0,0.0
0.08450189432823793,0.9129466051974141,0.0002089259044545503,1.196048749484139e-6,3.325341127690827e-8,3.5241611958663604e-5,0.0007266354688308168,2.4736996850313666e-6,1.798206239983085e-74,0.0015769944872579447,3.491911970260911e-49,4.91560801338913e-58,8.624643685773588e-41,8.57266928915872e-111,9.731180759256172e-64,3.3648587603505263e-94,2.928229302918222e-52,5.095364573675604e-50,1.852601595866826e-178,1.1192586191626621e-20,1.32804918628897e-58,1.3890203355488144e-121,4.394795250274357e-92,1.721666259023999e-73,5.8029162347093e-105,3.0757034417564434e-86,4.473875921518502e-59,7.006387437652781e-292,7.5033644052790076e-267,0.0,0.0,0.0,0.0,0.0,0.0,0.0,0.0,0.0,0.0,0.0,0.0,0.0,0.0,0.0
0.9878461950041362,0.008565734544394688,0.0007374760956727709,9.117635984956022e-5,0.0027566414288531307,9.80945719141223e-17,3.811727981272226e-8,3.101877750052357e-32,3.1198919917060543e-89,5.763135827042627e-36,3.9175433605226365e-103,8.534304531763397e-104,2.7386005547012775e-32,2.730007621694924e-155,5.355332859604972e-113,1.932885698849908e-124,2.7151768814539226e-94,9.323211879888111e-122,1.6859712536370182e-177,2.7384498136842896e-6,3.986748342930918e-108,4.649175622156848e-199,1.6867906049926134e-167,2.4060803438403544e-197,8.300733555003098e-196,1.4321621617183128e-77,1.9877754557092506e-113,0.0,0.0,0.0,0.0,0.0,0.0,0.0,0.0,0.0,0.0,0.0,0.0,0.0,0.0,0.0,0.0,0.0
0.05286062031196104,0.9165347508395923,0.010410703617686092,0.01294226829133858,0.005237942178573839,0.001378243622003769,0.0003387097460416302,4.308286282226255e-5,8.583979543506962e-14,3.670135009983769e-39,0.00025365889959941875,9.928156407022612e-13,4.748814373950302e-61,6.323503787631424e-55,1.2894352496971033e-61,3.4576974115810054e-118,6.94624667426638e-73,2.0627706364992017e-70,9.783937903940673e-86,1.8514942759723042e-140,2.5742426082798973e-86,3.6345448512864386e-75,1.962930217266347e-8,4.858499965720962e-26,3.2870804700018956e-117,5.048717289965599e-141,1.9325284273780346e-190,2.0827534499148023e-238,1.583108719771495e-171,0.0,1.1958392397014846e-289,0.0,0.0,1.2866137281441132e-286,0.0,0.0,0.0,0.0,0.0,0.0,0.0,0.0,0.0,0.0
0.00016384860084254325,0.004744353719187941,0.5801380127271019,0.3118835037096737,0.02055208001663421,0.019331476238585017,4.242090303603165e-6,0.008924629073088927,1.1234992843806862e-7,0.012223620914497814,2.5204901236856562e-9,0.014810546675952507,1.6231085145953756e-6,0.004381687299104155,0.018368751877442867,2.8944400212947336e-13,1.429291101155971e-29,3.770010016944597e-15,0.0009445513046644751,0.003526774721051576,1.2982498850977228e-16,4.486092770818605e-31,1.8305040188287344e-7,7.930006320000155e-14,2.282782007626025e-62,4.9784268380578704e-42,5.6003057679221186e-83,2.1609848912336275e-12,8.564244198216952e-55,4.1545112237639296e-129,7.277387032260659e-32,1.2090450132048285e-138,5.9924622232203405e-90,1.0233747879891912e-102,6.909169420691047e-215,1.183473840919498e-122,2.8294520826465077e-76,1.837509473189018e-111,6.385246115505825e-222,2.2472829213463106e-220,0.0,1.0141847616975676e-208,6.451576468670883e-104,0.0
0.951364678252777,0.036934596835280116,0.002504512807148754,0.004413037341579589,0.0005456831402252989,0.002522404717483173,0.0012051686732292939,0.00028891213410200386,7.642826114410607e-41,2.6440679768871664e-17,1.5386795805505666e-5,3.898150357626408e-29,4.912914579917858e-49,2.6714645072586934e-76,1.0455595081965412e-49,8.125078730352291e-100,0.0002056193023691424,1.5301631166456151e-55,7.141718946895108e-101,3.3712161540969902e-62,4.473903486925514e-36,4.034690526981426e-86,6.202623429776365e-67,2.4244774324734275e-90,3.3783690428743855e-104,5.055452229532626e-81,6.198058259475373e-35,5.080666220434607e-248,1.5536946452270503e-156,3.9431441603995006e-206,3.371110396510514e-234,0.0,7.534051353521542e-144,4.4550882211377505e-136,0.0,5.0e-324,1.6930818253612695e-273,7.52757192907939e-280,0.0,0.0,0.0,0.0,2.717776062374914e-265,0.0
0.20315249539446079,0.7908043545274595,0.0005458583003468147,1.2703971086969864e-10,7.832933605844287e-8,1.4017195440466518e-15,0.003518613478940512,1.0888224343104358e-14,7.176137328394536e-104,1.5906353337778692e-27,1.1333211366625674e-75,8.842179806836326e-69,0.0019785998414856088,7.662918926985336e-144,1.1742215631169023e-70,2.5694471316010074e-85,3.542470539256206e-74,5.710368050532149e-88,5.220131567176029e-155,9.188856626663546e-13,5.2583936614704155e-77,1.1223351436450956e-165,1.570971035710498e-113,1.4745798392345602e-155,2.2618267219636113e-170,3.5576595225773593e-102,1.4884704041987902e-101,0.0,6.86165868003477e-286,0.0,0.0,0.0,8.643014004647198e-292,0.0,0.0,0.0,0.0,0.0,0.0,0.0,0.0,0.0,0.0,0.0
0.034328881299773975,0.9506082885912314,0.010514039881120834,0.002571692510303637,0.00017747362835538946,5.808821733692455e-5,0.0007040122224419756,0.0003707216526230985,2.4023282539612047e-48,3.8671898261716466e-22,1.2515695227938077e-18,0.0003807933458820382,5.568439197041062e-34,4.63411463003159e-82,4.863406344643511e-31,1.7225473529274316e-72,1.470724260052276e-26,5.482084909383263e-39,8.441129999469602e-175,2.7118131073753823e-54,6.839932993180783e-20,3.2353776181847593e-81,1.8968300724898588e-57,2.476671782182005e-43,7.761476305038028e-55,5.404689780653337e-99,0.00028600865093070883,8.053308345103504e-271,5.755983539013112e-273,4.385432165048981e-298,0.0,0.0,1.2953344484395608e-283,2.24464e-319,0.0,0.0,0.0,0.0,0.0,0.0,0.0,0.0,0.0,0.0
0.06775826657834677,0.7812681426584844,0.10588667469749447,0.00047516659679067743,0.007410587354149598,0.01720851788789151,0.018926005284112313,5.4279409365663714e-8,1.5271449553401253e-26,3.253972729109735e-30,4.702641917751762e-10,6.38851291001478e-28,2.8469480664870665e-62,7.600401641606529e-56,2.8140138344597686e-52,1.5293216356002724e-98,1.322828889284343e-36,1.7304640043833835e-55,9.03615138691632e-107,4.582857402084173e-81,9.401399634068225e-53,3.819702741688046e-106,0.0010665841930561318,5.728414338232385e-16,1.4368484841403722e-92,3.617344237744269e-74,1.0686808636429927e-130,6.503821124611808e-248,2.46599173665233e-205,0.0,0.0,0.0,7.70937129700409e-285,6.336386770279666e-237,0.0,0.0,0.0,0.0,0.0,0.0,0.0,0.0,0.0,0.0
0.021508046595693737,0.3301987042800849,0.20743222685728874,0.07299127753630678,0.07112772950894908,0.06573295218235793,0.0708461437343513,0.0584885818780239,0.030083350082329638,0.02694779007388253,0.021278454747210195,0.01711417376482733,0.0034104027814414314,2.009265451053218e-5,2.6558943611612836e-26,6.67099022158166e-19,0.0028094654332158427,9.178302336165225e-6,3.60266643645934e-15,1.2370126308018556e-17,5.3486491515991205e-15,4.9629016881511966e-23,2.3895277898668296e-21,1.4295871810647557e-6,8.261444518158095e-45,4.198949932553423e-19,7.208358051518221e-89,2.4771072700845816e-130,4.7659698250295927e-35,4.528353783710157e-103,4.065625424947738e-168,2.272812694618609e-208,2.855614810604413e-18,5.900402772621085e-67,4.284546558300091e-267,5.285645627784431e-196,2.4237701295971637e-138,2.8048109499886085e-134,8.551979176506319e-266,6.330480634619362e-201,0.0,1.1705070341913998e-305,3.977017993232131e-106,0.0
0.1228100791237538,0.8678218059351347,0.0018897687387118053,0.0005729426850648974,1.7247084999156594e-5,0.0029484430034647916,0.003939636239171468,7.683885519386924e-8,4.276384997059087e-22,1.044368704705298e-18,3.507791702401453e-10,1.2158009718088462e-23,5.960496600692178e-47,4.2504775620982257e-47,6.621228195997374e-45,2.313643254612578e-82,1.873363413846666e-30,9.704880870222528e-41,2.0631002804910733e-112,3.8957143167989335e-78,2.018938879977227e-51,2.9889006524742297e-81,6.480988937709126e-14,8.603103587080793e-37,1.0727602557593858e-89,1.3084782166238364e-96,1.3080960977674255e-67,2.165693452631053e-197,1.2775524363999317e-192,1.7622988227365507e-272,3.730155244113586e-297,0.0,6.955072329408472e-277,4.3161939980748506e-188,0.0,0.0,2.1741171547607663e-291,0.0,0.0,0.0,0.0,0.0,0.0,0.0
1.932809638426909e-8,2.157826502435819e-6,0.0022293353342968682,0.035322860507147974,0.06740026126409235,0.07695856877676018,0.10774968330737976,0.076539706042514,0.09670462375206614,0.11235751184330474,0.10049475129211224,0.09437481299281766,0.08870471697195852,0.05216162590867495,0.03627559769125058,0.01758760265052109,0.00851658692230148,0.007468458162277936,0.004387867334045598,0.0025878750598069883,0.0009609062125532605,0.005753216282800892,3.510243083391841e-10,0.0024396928605881314,0.0011281653987332146,0.0013671215618147683,1.7927951363186455e-48,0.0005262735165553948,6.359879964926443e-48,3.33269205085243e-55,8.480022595982183e-10,1.877250494765481e-71,5.520667166367716e-46,1.8313434146343483e-58,4.6178787019379337e-94,1.0119451693207285e-73,2.1795704075734353e-80,3.8820616100249386e-59,2.849103057904397e-97,5.345528354577758e-100,0.0,9.000653202983986e-93,2.475099041319456e-52,0.0
0.3695439205832067,0.6088951718885014,0.002199231326801962,0.010271469012352163,1.1351965621110739e-5,0.00840735912022314,1.3769713212792295e-5,1.408939573327443e-12,2.593940731198421e-42,0.0006577205713391627,4.240784949705864e-23,1.2762740137811064e-54,1.2504328573725326e-53,1.5766218201558132e-72,3.1900816384272603e-56,2.8139137561273227e-92,5.817222005867263e-9,3.6745151006274004e-41,4.0227917077503486e-143,7.084325289396113e-42,1.8500055786766955e-46,1.1008218034990523e-97,7.949467850831538e-90,1.1083239650866962e-13,9.626186729490453e-79,1.0865691402358954e-86,1.9452960750157213e-94,0.0,3.7524788202147535e-306,0.0,0.0,0.0,1.251481073763e-312,0.0,0.0,0.0,0.0,0.0,0.0,0.0,0.0,0.0,0.0,0.0
0.006666209842995865,0.9864746570351257,0.0014376369632390655,0.0011879735227890145,0.0031426811615866616,4.609514075901484e-5,6.478324434779794e-7,4.346101349204659e-9,4.4697413861849985e-6,1.0590461031436822e-17,0.001039624413567664,5.944561828769362e-15,4.352074735667339e-28,9.40089043212911e-31,3.227901089724577e-43,3.425294376211412e-46,7.890858733771783e-51,1.0675167063545776e-41,2.9049248603108294e-85,4.9809278229228074e-77,1.026406644144898e-63,3.5990214053436344e-48,1.6537955912989938e-23,1.2075435474369514e-33,8.614144817848e-97,1.6688975160374243e-114,6.209893434726137e-117,5.655297467303817e-125,6.364117213115571e-130,6.698233719390255e-243,1.5747624724395404e-176,0.0,2.9297957038583725e-188,1.9911840890288378e-170,0.0,0.0,3.431530201813157e-203,1.2546490342824e-310,0.0,0.0,0.0,0.0,1.817184567629637e-276,0.0
0.9884694295198534,0.0028073597569005042,0.008698866446858472,6.970274552296902e-7,2.3646933076813084e-5,5.680036348341333e-24,3.158480953600912e-10,8.52069124902163e-26,1.3640586610196792e-108,1.6201623679345272e-39,1.8597407768409222e-95,7.646774762488939e-81,5.486603341138991e-17,1.3926742359708066e-167,2.9873142214087014e-102,8.500429799667119e-122,4.249731836456868e-99,7.84984425943079e-107,7.455142483619229e-194,7.441165199892662e-15,8.746515050849789e-118,3.0877446572827124e-179,1.9425164570808926e-148,3.628479763525427e-177,1.934072539988501e-184,1.0795476424019531e-91,3.58586360185816e-89,2.4372558288e-312,0.0,4.6877e-320,0.0,0.0,0.0,0.0,0.0,0.0,0.0,0.0,0.0,0.0,0.0,0.0,0.0,0.0
0.9930617012938139,0.0007607389037264982,0.0006959217606847162,0.0037390799454952036,0.001513524482603269,5.311673382958791e-18,2.8268175778345097e-11,1.7676468172692454e-33,5.792867963207773e-67,1.0241877715491663e-25,4.3715765401424155e-84,5.227684885850995e-73,3.723036838528867e-33,5.141737982436354e-94,2.595506882220612e-105,1.532031327388761e-94,1.368102703371596e-62,2.522507390720148e-112,4.337527780306071e-67,0.00022903358540822338,1.378641159004176e-118,2.529103991452216e-189,1.5439552728441512e-133,5.041907768051803e-171,2.7252864816798148e-208,2.3858232068994338e-18,6.197699185997942e-147,0.0,1.476580448898294e-227,2.0690904644738e-247,0.0,0.0,4.100462957287179e-232,4.0e-323,0.0,0.0,0.0,7.752553e-317,0.0,0.0,0.0,0.0,0.0,0.0
0.031965035988944325,0.43531842498934703,0.18480636310189924,0.042479818284443784,0.19894163730845715,7.258766720595675e-7,0.031364158257405156,0.05798121134732485,5.6365371673195715e-49,7.920197203287906e-16,6.485588503985537e-15,2.2409992326066272e-15,3.6639011709875704e-10,2.1280652186934228e-59,0.00010097463145601499,4.3107432345751387e-38,0.004698045655686066,0.00591153241430377,2.457565721988086e-115,1.2323040024016478e-32,0.006432071777660842,6.152962140377988e-68,2.5740268220621116e-31,2.1875098104675776e-35,6.529560485944148e-38,7.896342591198378e-66,9.875453632904875e-45,4.499638251897338e-242,2.514013362208515e-202,2.369328099022572e-193,1.946878501405822e-269,0.0,3.656105262052617e-197,1.8652349227008694e-254,0.0,0.0,0.0,3.3611807e-316,0.0,0.0,0.0,0.0,2.1793637492471925e-284,0.0
0.8696956054888452,0.11534676572837245,0.004618846251769296,3.6953022762576117e-6,0.0021629364625105002,0.006815980142151418,0.0003015333768894366,0.0010546362891881297,7.349212743543108e-23,1.1709643280024927e-24,9.579970372789245e-10,1.0333775261379788e-57,4.15797342126194e-63,3.0808055468976164e-42,9.811708909280432e-76,3.5321554107362615e-96,4.497429959865591e-16,6.845209666458589e-28,2.1531066681819077e-128,5.736855518469266e-72,1.2268196318073948e-82,2.7212988850769755e-90,3.0742659569312843e-83,4.755671919536316e-34,7.6387643803691155e-78,2.2744861514953567e-103,7.173484181427573e-104,6.947302179365659e-217,5.533601781258003e-234,3.99213389138823e-244,5.699362719638688e-216,0.0,4.625507806438506e-245,1.5294640161746418e-192,0.0,0.0,3.94112445789134e-310,0.0,0.0,0.0,0.0,0.0,1.909638177821925e-288,0.0
0.029569562702254595,0.3962841860296014,0.19187830174312512,0.09738306566380103,0.09901384193539638,0.06421700028614073,0.05409616068399856,0.038801559455465436,0.020629704814504678,4.992283747596085e-7,4.1583115229388086e-9,3.388824352340022e-13,1.143911057804418e-11,9.994158148344859e-16,3.310743662499771e-26,0.0022955501931881186,2.9679288887655584e-36,6.485664300946472e-14,5.209732937784181e-56,0.0018774548816626012,0.0011387849945198327,9.997642604428167e-41,1.0289593540950619e-42,0.0020459915871134005,1.0720682266418223e-30,1.6532415329659486e-77,5.307852176016448e-85,1.7650863328068898e-56,4.846166902173358e-141,3.765975755245765e-122,0.0007683316306978854,1.5532843719980739e-161,3.8721512278237378e-143,4.601346771823465e-107,1.1749710921313368e-226,2.4678121635101124e-136,1.1185481897670971e-192,2.1667376066550805e-130,7.317303838224875e-257,1.2160656308433003e-248,0.0,1.9404198817623486e-233,1.2448062128942783e-124,0.0
1.2864193085587532e-9,0.0919013675838177,0.8350698468765779,0.021039648201126714,0.041271838874606954,0.008993868372873366,2.5969086633995046e-8,0.001696464773093055,6.8044297096857686e-6,7.339535751788524e-6,1.2793552283193293e-5,4.224012859519466e-10,6.918167524851939e-22,1.2225175627392866e-10,1.7000604633246074e-28,3.0770029108409336e-45,1.2347950268115107e-54,3.5300475100455634e-44,1.3577714252661447e-16,1.454214488834259e-48,9.68889183731835e-61,1.567329128084102e-38,4.652578262402634e-37,3.4481404736404144e-16,4.7122259850535295e-115,1.3754571110008144e-59,3.427074049621139e-148,4.405181932838601e-49,3.7463796437113765e-105,4.659596450943437e-291,7.498075549939062e-80,0.0,2.5913734216198662e-200,3.7484596593910156e-236,0.0,0.0,0.0,1.3044111007939166e-308,0.0,0.0,0.0,0.0,7.246117165901305e-303,0.0
0.009113780722806003,0.9318110839096849,0.0006521893381781556,0.040081359256130836,1.9264977274907772e-5,0.008908932036978673,3.724665324871893e-5,1.0177101656405368e-9,0.008610670696850736,2.6365338312020953e-16,0.0007654713910149738,1.2182009836872444e-13,3.3415493869852616e-28,2.0815868340760133e-33,7.712722236928489e-43,7.969596421933181e-38,6.918308699267027e-65,9.745040157001143e-52,4.1171577983570527e-75,1.1627536383287036e-71,9.809638090037358e-77,5.761951048731005e-48,3.405747194446541e-56,1.881385539909764e-32,4.416439332981005e-99,3.357995718666369e-82,3.0415881368155684e-94,6.7609898343442315e-124,7.614735341156581e-121,4.691382176352305e-206,1.2071295846979894e-99,3.3139845424942848e-251,2.305003474166819e-170,5.331710717261927e-122,0.0,1.0103033945890204e-221,1.6607614624770811e-128,4.98831002117207e-246,0.0,2.53063663e-315,0.0,0.0,8.840061840132505e-210,0.0
0.9996522338348773,0.00017273283435295143,9.891471921249188e-5,7.267489025459574e-6,7.587176064599756e-8,6.877524852630004e-5,2.2406845266053426e-12,4.1221535045306004e-15,7.579876876259174e-62,4.6176748238163913e-26,2.470011412567324e-40,1.665637973180347e-114,3.997607881794527e-59,8.490991088918727e-101,2.7010994701738806e-70,1.455272224757941e-166,1.3497984099131054e-45,6.662459263837506e-80,1.962485747603379e-230,2.7018886035850356e-22,7.503887128458421e-124,1.8178321468712664e-155,1.3181814459848885e-131,3.1467978691728363e-142,1.5613727098455702e-193,6.114282520329268e-117,2.454963007170276e-134,0.0,0.0,0.0,0.0,0.0,0.0,0.0,0.0,0.0,0.0,0.0,0.0,0.0,0.0,0.0,0.0,0.0
0.4831477867597744,0.5074214437071655,0.0020995135364242482,0.00021459573372455622,6.672008166355602e-7,0.004994249454595149,4.093658506751173e-5,6.420640659064712e-8,1.4140593949087176e-62,0.0020807428160241844,2.6210853410429076e-48,4.2013895923364245e-66,7.10620406394186e-28,2.39287551501354e-98,4.6950036125859384e-64,2.1300148132400965e-91,1.9507360871493463e-52,1.970899800859871e-34,6.552246241756725e-120,1.2424720318999266e-15,1.3020180980526382e-79,2.2944336848613312e-124,2.416084038365678e-96,3.6348908729646546e-105,2.235358438587291e-122,3.1349487458940874e-45,6.766390547412821e-75,5.57892973565166e-292,2.2768554172079846e-224,2.3011e-319,0.0,0.0,8.666533021699239e-259,5.021614250116193e-298,0.0,0.0,0.0,0.0,0.0,0.0,0.0,0.0,0.0,0.0
0.8330590433637927,0.1662741608694735,0.0003815496764098067,0.00024464709749821243,9.495304025741575e-7,3.600440766823247e-7,3.9289418158554904e-5,6.18044293817935e-17,2.8275581908205452e-74,1.1659512413557158e-15,4.119233549308725e-68,3.17717843662126e-89,2.891144576728253e-27,9.507955435303765e-135,1.2059428076995974e-80,3.258100776280235e-120,1.4905284427986255e-71,1.9203673693732972e-81,5.67322075387785e-181,1.8680604697249205e-13,7.0422909923651374e-90,2.425774506158458e-153,2.0059067708318597e-134,1.841177277018382e-130,5.7781851399849905e-152,6.536180490463064e-103,1.5085730009235165e-101,0.0,0.0,0.0,0.0,0.0,0.0,0.0,0.0,0.0,0.0,0.0,0.0,0.0,0.0,0.0,0.0,0.0
1.0,0.0,0.0,0.0,0.0,0.0,0.0,0.0,0.0,0.0,0.0,0.0,0.0,0.0,0.0,0.0,0.0,0.0,0.0,0.0,0.0,0.0,0.0,0.0,0.0,0.0,0.0,0.0,0.0,0.0
0.47005853,0.4495861,0.1300325,0.19042367,0.7096113,0.6949521,0.32999218,0.66676116,0.089478336,0.735557,0.51049364,0.015175562,1.0,0.76691896,0.652018,0.048745017,0.59011686,0.5689078,0.3699127,0.48843965,0.20991611,0.26982012,0.40992454,0.28951025,0.63032943,0.34920815,0.7482989,0.8304719,0.30861726,0.026923586,0.81164664,0.22948687,0.86613667,0.6108641,0.14960453,0.79395777,0.52953136,0.24984248,0.17020337,0.55014086,0.3897259,0.43030673,0.06826767,0.11032241
0.34920815:18,0.652018:33,0.26982012:14,0.11032241:6,0.089478336:5,0.19042367:10,0.7482989:38,0.14960453:8,0.026923586:2,0.24984248:13,0.6949521:35,0.76691896:39,0.3699127:19,0.06826767:4,0.20991611:11,0.43030673:22,0.048745017:3,0.8304719:42,0.40992454:21,0.66676116:34,0.79395777:40,1.0:44,0.30861726:16,0.59011686:30,0.1300325:7,0.32999218:17,0.735557:37,0.3897259:20,0.52953136:27,0.48843965:25,0.47005853:24,0.51049364:26,0.7096113:36,0.22948687:12,0.55014086:28,0.63032943:32,0.6108641:31,0.4495861:23,0.015175562:1,0.17020337:9,0.81164664:41,0.86613667:43,0.5689078:29,0.28951025:15
