20
0.5115815832555655,4.2302760876168456e-5,5.293577378303454e-8,2.3639078185665737e-6,2.4885207290989945e-5,2.89824813775227e-5,0.0023372267334731698,0.0008277352244828616,0.001471911379576997,0.005314970491805468,2.7718587999575443e-5,0.10994487514190511,0.00014092870622614624,0.007192681020692909,0.2531699436803271,0.008447337938442132,0.09427517514845594,0.001713567960305621,0.0006183222363856695,0.002837435201218934
4.900431743276249e-23,0.5675052571818414,0.4137577440498464,3.8423061050123177e-41,1.7857798127745722e-40,1.976377751183656e-39,1.7703894334237994e-27,1.2009934416237181e-19,8.562598464131672e-19,7.185085522959999e-36,0.007234767176908407,1.256213828498599e-13,0.011502230865346718,2.777174731874396e-17,5.766061753551366e-26,6.935932483526343e-20,5.243360258018329e-15,7.187242183681624e-22,1.464900604240532e-10,5.794362883347446e-10
0.00017849295048982957,4.159984363023459e-5,0.0006683191038250762,0.001231808916843355,0.00021687068191585828,0.00015746645674228642,1.2958534099082656e-6,0.04000802157329938,6.152843165683474e-6,7.188108827617729e-6,0.5696532661512173,0.006525986717083411,0.10152100021795264,0.007212832913753161,0.0001400366853112614,0.03348338819035887,0.0036821177784914154,0.01323485141118311,0.21928003590999706,0.002749267692502614
2.8855364487223383e-8,0.00046741856115638215,0.0015527110450408662,0.5826314474453349,0.3449365122385572,0.037835674272893284,5.2312016040647594e-5,8.034600337613877e-5,0.003646629685836758,0.003783090860736472,1.0988471156004918e-6,1.5325206738681733e-8,5.912164931150869e-6,4.1118524358762555e-5,3.480534243449082e-5,0.002298205624183112,0.002662645435696551,0.0008687404053695475,0.014173188684703771,0.004928098661663417
1.1486724948828621e-7,0.00022061115145038533,0.0002010637309110079,0.1889958892822981,0.6847729018792795,0.10525109404219961,0.0036644716171562704,0.0003550045102197698,0.0049235057417733675,0.001356694378855509,2.0836877535540998e-7,4.271032208755044e-8,1.2617808418080382e-5,2.6455151054881815e-6,7.92518190686702e-6,7.765935936371135e-5,0.004817549461618284,0.0012497731806148417,0.0007414351159587719,0.003348792096523494
5.419770850416252e-7,0.005462979959057307,0.004061954547578167,0.014389764611555417,0.7655206110218624,0.13463910784481675,0.01696630778669027,0.001669140447558099,0.0027124002740904025,0.002394137755111777,2.6793482932867344e-5,2.8855827977556645e-6,2.3265699081949996e-7,2.518570876782342e-5,7.342139451187843e-8,5.1088075669637605e-5,0.00013010884648746043,0.00910388938643568,0.013768485498161669,0.029074311114955783
0.037106585776180645,6.0892735694769935e-5,7.833285527384874e-6,0.00032759306328352327,3.807757387634569e-5,3.258053157124851e-5,0.41572539958183335,0.016510194636725012,2.1075946623052383e-5,0.504330862314768,2.7265805459280464e-5,6.043821799278943e-5,0.00015829883949139003,1.306606290518874e-5,0.0001477930735908296,0.00011177608920028782,4.069681710124888e-5,0.01452475051336285,0.0011152335916738865,0.009639585543138908
6.660996401168398e-6,0.015092158272553004,1.601772464723581e-5,0.00021690813733023475,0.00029726330145067294,0.0004514122583106952,0.10376590123384853,0.24834986430082695,0.0018932845354074647,0.033350661108304855,0.01111932431176112,0.0002121425807534536,1.0788079730513158e-6,0.009363860624492869,0.0011801591390189123,0.033790732077652735,0.0002949939802056386,0.47091983768018525,0.007670253061864667,0.06200748586701144
4.7629250047459654e-5,0.0020458198331057397,0.12773891345947605,0.008055930977618074,0.06606666519724964,0.026807945618791164,0.1635843318702034,0.28032961323514566,0.030887110453817843,0.00013447743676248965,0.001642745235179872,0.005702641178443524,0.00018395238509954254,0.006122478693418551,0.001230004998789686,0.0046090515393489,0.011396851442371337,0.08132742281961605,0.17113236700594395,0.010954047369571023
0.013386584395459752,0.004177538947784748,0.0009893668777367244,1.9894932075083686e-6,0.00013136402340569543,0.001420310415407001,0.008458164470287638,0.01744079111320832,0.11800186487156314,0.14715584803669302,0.007819075078436294,0.0005592908754962273,0.005159415891095965,0.0003546878445209949,0.27521092442086986,0.004768640475963897,0.3442443496683202,0.005683243435390843,0.03663095237738955,0.008405597287762853
0.00010536706278285969,0.08178852425140348,0.0017846230623455382,4.9242349273857926e-6,3.4115740482820793e-6,2.046329870293479e-6,2.4135075492754526e-5,0.02022181476022068,0.00011053426576311653,0.0009208095546531327,0.4954211556004945,0.0009626766752030294,0.03208496935272858,0.044643884748327735,1.064402547067379e-5,0.030836585348135253,0.00017194781210238592,0.0018256230791857987,2.1519818004597986e-5,0.28905480336883993
0.6933402990488723,0.0003155152690389644,2.1970129601229363e-7,2.1095219545778144e-5,3.855324714078014e-5,3.364458863177071e-5,0.18695239460753071,0.0005148318091543931,1.6115679145317018e-5,0.001071723464731914,2.61526961347221e-6,0.06996774919363741,0.0004687310434579754,0.00060562262215443,0.004521250588466047,0.027485638756529894,0.000485988549449612,0.00019299232054238423,0.0006478118280218945,0.01331720719303912
0.0027119044668119673,0.009760372273951948,0.02709412465593194,0.00014799103485647858,0.0007833303039826308,7.9206004315799e-5,0.008664910340777853,0.00016700948855720083,7.805577835007394e-5,0.00041407994180530375,0.006985511698373343,0.015564752635003143,0.5258421053934427,0.37719551622789926,9.347552807738201e-8,0.0048359587727330455,0.000983065258225854,7.373216772179939e-7,1.1595956808096647e-8,0.01869126333181936
0.01328769534931911,0.007361007321528995,6.201328062528754e-6,2.3385407662181468e-5,0.00015064956709248892,4.982694632477275e-5,0.0004687969888012097,0.0002784417801391532,7.856201266517865e-5,0.0109745388699264,0.004342501199459468,0.013346631690133667,0.014921099741667021,0.1101705948121539,0.002395425859003206,0.7966549460275006,0.004434059761730635,0.0004463979017048498,0.00010244548857947463,0.02050679194654532
0.01670661073828108,0.004768606328716251,1.3178693033664568e-5,0.0004072704823207809,0.004444070255017109,9.745039605659831e-5,0.08454730461638152,0.004052970856628051,0.0031460369072641523,2.830227711822004e-6,5.086115832655734e-7,0.08983890394349507,0.007398741045253689,0.0026729871529233835,0.013215926649160789,0.0008399529413002415,0.7578887624843801,0.00030467645003694584,0.009353959911413443,0.00029925130904207714
0.006742561136409653,0.002334855343962373,6.6766848425827415e-6,0.0017780450435900816,0.004626480344399768,0.00261844577465912,8.393494974734818e-5,0.0001471000298389997,0.0003532284686508856,0.00024069936349188764,0.002862052577677295,0.028697429348679918,0.11002533763353219,0.6699269129488677,0.05854031966264974,0.07847806238985333,0.025999119277035306,9.334483878530691e-5,0.0011973624329166793,0.005248031750409768
0.008007243584249112,0.002413177241885488,7.27116070085467e-5,0.0005655519484326945,0.000642742931591969,0.0002737468698476537,0.5172629769309726,0.021564116133591684,0.000557394024916932,7.146263151891071e-5,3.7021177245912396e-6,0.31052123450549524,0.0005120589024162302,0.002075910056515152,0.07797465592415641,0.01665657355715683,0.03212616125624925,0.0005026396138645545,0.008117314671053737,7.862549135238926e-5
0.0006163581752151797,0.010653298077429693,0.005545008139507101,3.888094252721193e-5,0.00018043823052535024,0.0004130765441823921,0.01946862425460959,0.153216629568326,0.07930856174193247,0.0006252235486682199,0.003959183816855702,4.002412468300018e-5,7.806112470016849e-6,0.025368529236422837,0.0017705473330735218,0.008086210569383094,0.013472337814486318,0.270517672224225,0.23732710831408782,0.16938448123138947
0.00430930151078548,0.00029984605457234186,0.055028600926810126,0.00031285170942601316,0.0019757894478452053,0.0009329853117619274,0.019610430844090643,0.23752466796699828,0.2175765851015872,0.017436848440099725,0.0016457890424280077,0.0062425209981999494,0.0007770113407980268,0.00984386146097383,0.04464258494120048,0.027517704201733464,0.01920468573846525,0.08615240335154503,0.22386245243104685,0.02510307917963225
8.785800335778117e-5,0.230443166501559,0.6158449083543303,8.267397877223115e-5,0.00013399183462416869,0.00012136980274224256,1.9301402132426097e-6,1.1855726050862821e-5,1.713583982626972e-5,0.0001732378170181091,0.0014052354980744863,2.538370610940163e-5,0.004607592989671957,0.0017909539488603259,8.572281789349912e-5,0.0022388785170413543,0.0021533532039810822,0.000997319660086325,0.13975216926956344,2.526239022420284e-5
20,44
0.8505333077079126,0.14877660952070781,5.019930121978361e-9,2.2849757576628777e-5,1.2561532411648443e-6,0.0006659659641792609,2.3747795987470013e-10,5.620977240037589e-9,6.758070976909959e-60,2.8273153134593293e-37,1.799741243531419e-11,4.354186390140801e-43,6.617338679200754e-65,7.111399139921153e-56,1.134990087116153e-49,6.847640330690991e-91,6.471763702008364e-21,1.1192925590301447e-24,4.313409663355528e-160,9.464862033295815e-60,1.612681197661958e-61,1.4183439943317584e-107,2.5978707879936637e-34,5.936992606986925e-87,3.1267013213897725e-77,7.687689788234668e-117,1.0186931564606954e-152,1.442586071400708e-280,1.4569532598842757e-260,0.0,7.097785182169425e-262,0.0,1.012901955991171e-308,2.798229268315181e-198,0.0,0.0,0.0,0.0,0.0,0.0,0.0,0.0,0.0,0.0
3.006036337723137e-28,8.147245549584681e-22,2.057220240751933e-10,1.60253989872542e-11,0.008855138720004901,0.007572201648435202,0.012784455178499105,0.01586538155424479,0.004046463182522486,0.00982267726878545,0.013000272227614277,0.031537988901094424,0.03623963922271986,0.0997033507050896,0.11798321464210434,0.09324354381032005,0.08610009254842124,0.07098199308468799,0.07193351288587159,0.042844108087380275,0.04335652429470565,0.03940820353240454,0.032613200856120794,0.0273720808045544,0.031636229173162306,0.01917792496267597,0.013414319060717437,0.01101663964049783,0.009588972103413905,0.012465663734438076,0.005792600006500277,0.006712280472389733,0.004794486051706953,0.004794486051706953,0.0009588972103413905,0.0028766916310241715,0.003835588841365562,0.0019177944206827807,0.0009588972103413905,0.002876691631024172,0.0,0.0009588972103413905,0.0009588972103413904,0.0
3.871327546451183e-19,1.1947329684537882e-5,0.028665386983062386,0.07345632097830485,0.0795896559328607,0.09397356903467603,0.09892455428436257,0.06149296149479258,0.0989948152831385,0.08898961518116226,0.09849160024499416,0.07911838469470377,0.09192765067140339,0.030293897502878416,0.037525597633080304,0.020012797795035016,0.00030035412582843726,0.0037311779927519948,3.540861315322819e-19,0.005749883337520925,1.1781408037138118e-7,0.00428505355342739,1.1625284215371335e-25,0.0032753677347354786,9.200210309290034e-7,8.347506285300742e-48,1.3760417475778785e-54,0.00041314316413457945,3.7418230393151586e-62,6.397985129264228e-66,0.0007752272123504044,2.7244772918758587e-137,3.6976711931367515e-148,5.942655556491911e-89,4.2943698155897404e-185,2.8225480864489474e-173,3.2902888835111355e-129,7.535370450617388e-79,5.975799347509949e-181,2.060625112238054e-196,0.0,6.609979444019067e-160,5.874871288391836e-141,0.0
0.9946644994995685,0.003596626254965492,0.00017486411863417594,0.0007042566476913036,6.742703311376798e-5,3.515225097817313e-8,5.1327525243173434e-15,4.304791088251582e-25,3.4764435958246064e-104,1.5603939341263037e-40,3.1848811661627525e-105,2.0139880764834596e-102,3.0508051627858976e-17,4.790074402476061e-117,6.293636284451885e-116,7.025817188144285e-156,2.1414728531733137e-71,3.348789189241046e-104,2.766866428826764e-172,0.0007922912937707934,1.402076335546344e-125,2.2430658941334323e-175,4.432011444736608e-157,5.241413589772751e-215,4.865158764463129e-184,3.660934819672679e-80,3.734135949256149e-128,0.0,0.0,0.0,0.0,0.0,0.0,0.0,0.0,0.0,0.0,0.0,0.0,0.0,0.0,0.0,0.0,0.0
0.9487373658858544,0.04970477548171007,0.0011645368907823674,4.501639442119448e-5,4.551868031752313e-5,2.6377563519338e-7,8.910077801351336e-13,2.7104796685579e-13,1.4665007378413494e-119,2.435608941924149e-42,3.0658131902216234e-107,1.5866213947057564e-84,0.00030252261136915,2.7879191919320084e-133,2.0915995043903348e-103,8.256354688738075e-159,9.298359117262545e-82,4.424365621449062e-104,5.491816790574859e-211,2.7874806454312086e-10,1.1733928719705398e-97,1.9412191767484592e-151,3.2582545995544896e-149,3.012886770245818e-223,1.3890884370726197e-177,4.351146202163371e-141,7.01078509737271e-108,0.0,0.0,0.0,0.0,0.0,0.0,0.0,0.0,0.0,0.0,0.0,0.0,0.0,0.0,0.0,0.0,0.0
0.9367425097005799,0.05522679498818199,0.0034459551270151806,0.0011472144589966405,0.0033430102998301,4.8879798970451055e-5,4.134066484006339e-10,1.7951851817140674e-8,1.2493358203389781e-78,1.7218161653897708e-31,8.627174121810753e-80,5.155024534902084e-69,4.561726089535371e-5,5.4387641144169576e-86,7.911752206872321e-83,4.982402231758338e-113,6.2411485882577985e-59,2.850032305355931e-83,1.7411810430658528e-131,2.718360764015645e-13,3.3352023856423005e-78,3.620959909874958e-105,8.450947691940143e-132,2.2796738250590558e-125,4.290422741986341e-136,1.271053133992058e-72,1.4249331693426925e-71,0.0,5.07273123059408e-276,2.41432387585e-311,0.0,0.0,7.61598331457092e-281,1.9146957638437048e-236,0.0,0.0,0.0,0.0,0.0,0.0,0.0,0.0,0.0,0.0
0.9966823935713128,0.00015274309559299142,0.0013838210329678597,0.0013206656945603911,2.7555727564880484e-5,0.0002066298986537095,0.00022557408169913122,1.3788485830120408e-7,3.421686266827515e-51,6.193788708670751e-32,1.0959372126064472e-19,1.5369314419419438e-37,4.355668377027385e-42,1.1862915766094418e-80,4.286394456146712e-68,4.939504651718843e-96,4.790127899933557e-7,1.3417689520421987e-69,1.302234332247043e-137,5.098519705061111e-51,1.174646281282489e-59,9.877611983560255e-91,1.1263248434463832e-85,3.56980441041749e-123,6.749814155502225e-94,7.402460030100945e-118,8.650861110742992e-41,1.0922985024704611e-292,7.373087168572394e-231,3.832377975406455e-247,8.977524231128677e-305,0.0,1.1704961296799785e-265,9.892669971828962e-154,0.0,0.0,6.3459114327726e-311,0.0,0.0,0.0,0.0,0.0,1.61369e-318,0.0
0.576102841049188,0.41406072981615155,0.00850081526760051,7.975057705585109e-5,5.165194564691716e-9,3.4848277442556243e-6,0.0004010084436587562,3.808069349748553e-5,8.03685591983755e-22,1.6087340025174868e-7,1.1799096657686504e-14,1.4855505320000506e-14,1.0456614603164083e-20,4.3184032570277156e-26,7.383604892783665e-26,1.6117191772779277e-44,1.1975012908061952e-10,8.638243312398148e-31,1.3176900754186896e-96,6.379718455848964e-20,1.564308602081822e-19,1.2391421623342443e-25,1.467662432751835e-60,1.8758105686512963e-35,3.7147371856879204e-42,5.932032131383137e-82,0.000813123166732046,4.081914537629349e-201,1.7380468926709718e-179,1.688338841272133e-129,9.454684776891376e-147,1.1105936749165557e-272,1.359088563561544e-197,1.9356020271980933e-134,0.0,4.278556636486381e-263,7.07687249956271e-263,3.4303043348260814e-208,0.0,0.0,0.0,0.0,3.835245594456541e-226,0.0
0.011226734751640165,0.8579082666502303,0.09830271397511478,0.002047617400668491,3.4049613147088493e-6,0.00570612485662267,0.016283395252438448,1.1714162656536858e-5,1.0664198467002398e-28,0.008510027423001157,2.116235106021463e-21,2.30972747315901e-25,8.574535533459449e-17,7.882077260840781e-27,1.9620013468611856e-29,4.1823473129702665e-44,2.3027838590663716e-16,1.5035183630849943e-23,1.2990235479735212e-84,7.269790774931853e-20,6.635816650580799e-33,7.580112303884067e-15,2.866760071448728e-54,1.4739036020913884e-30,1.1221249741630362e-56,1.5959791461793644e-39,5.663048727345693e-10,1.544194957611688e-213,1.6258447669711475e-174,4.576661596753148e-126,1.2105258801677523e-218,0.0,3.126735192682422e-141,3.656500374838907e-176,0.0,0.0,1.6867520917845106e-290,3.2092600021e-312,5.670051371633e-311,0.0,0.0,0.0,4.379160787517723e-254,0.0
0.9865516010436346,0.002154483309550077,0.0004101715960310078,7.595516203279415e-6,0.002269735455623373,0.008567400438521689,3.7378413093229487e-10,3.532561879966307e-5,7.426631234743609e-38,3.6865469522842234e-6,1.0080985707697739e-10,4.9067337877317095e-54,5.391855998864265e-46,1.1555441887659854e-25,1.6685991423085315e-75,2.826364719307693e-92,5.6507244400496896e-27,9.00383566432771e-14,1.1236279463730496e-130,5.988650585271294e-57,1.0753034140724325e-89,1.7328831101083375e-77,6.313622188018962e-88,1.1440290142260778e-62,2.9950628425487643e-51,1.650154150505316e-79,3.438427846265758e-125,8.064094252426548e-241,1.1013030185347541e-213,1.934995515871665e-229,1.8105889586351227e-230,2.54e-321,5.524926939138962e-230,7.237685741817788e-180,0.0,8.14373e-319,4.2053135057930854e-302,5.247828243546148e-288,0.0,0.0,0.0,0.0,6.570404632753302e-254,0.0
0.012397135134259055,0.4340408651867067,0.2611310553047259,0.05327435271154931,0.04317671743691214,0.02043332263246839,0.05863004300103548,0.03256441726717016,0.02519759631266857,0.02120105651649329,0.004214331574460709,0.0187766035055226,0.0014974608782862334,0.00789764993888371,0.0005680120778963347,3.5926596074019396e-11,0.0041674110411865665,0.0008223106315669204,7.005495249932317e-27,9.055364702041183e-27,2.9059019005124796e-23,1.1648613210213892e-14,4.3113045355796815e-15,9.658812265429091e-6,2.403849969425756e-18,7.4235743463574215e-56,1.3295056494567273e-71,2.845713523113192e-52,1.0397054674948963e-86,2.3248353522644843e-54,1.9671770071304038e-19,3.7240879836213364e-117,4.261822777196623e-73,7.246983688389748e-55,3.3805403405292495e-175,7.193553061820204e-83,1.0571018477765283e-107,1.885811045524061e-42,4.89336856215016e-218,3.54565924400299e-189,0.0,7.572464307082427e-179,7.15013345315939e-48,0.0
0.6530566514692805,0.3317037953770641,0.0072751863419366685,0.005260930119123097,0.00025797157862024423,0.002425432495785012,1.4263109239086495e-5,5.769508951378702e-6,5.491005970054458e-48,1.6508745509958904e-41,6.458039027005132e-22,3.2798266688273614e-24,2.4662726650663897e-49,3.274830191985899e-67,6.245179956511014e-43,2.7045290548801146e-92,4.361546624299431e-41,1.3232313929928517e-45,7.330900142137571e-101,1.0787795343870504e-63,3.763624841225341e-40,7.129631289752339e-78,1.0900617077884275e-19,1.0006141649895566e-91,2.5013674130497016e-52,4.351116509384678e-119,5.437169529664079e-109,7.70864300010535e-229,1.2881429884838301e-180,2.4095763953613762e-269,4.9713228949670915e-200,0.0,1.0506544165532932e-266,1.80493708250068e-164,0.0,0.0,0.0,0.0,0.0,0.0,0.0,0.0,0.0,0.0
8.978555935824175e-11,0.032728410278638334,0.7371007819049195,0.14963003275327597,0.03613757099548688,0.007759555954272358,1.0806508579504404e-5,0.005155269592668042,0.004191065177377128,0.011601756918815589,2.8753499647768652e-5,0.00561268448780649,7.446510050669752e-7,0.0053381750050904,0.0022468967320608533,4.014013410521632e-21,7.937273989263135e-40,7.347410740024799e-7,0.0016796382242051967,8.917942170623949e-5,2.620096155083891e-19,8.668302799224731e-35,4.438630178631703e-26,0.0006879430635851915,2.2397028224797643e-78,4.2729032224345606e-88,6.543161362498622e-109,3.5145874084004683e-32,2.3066950563415946e-28,7.940736273095712e-147,4.632271571762405e-50,1.700940642909908e-180,8.839653852187189e-109,3.0793290099470752e-117,1.3724996981369626e-235,3.1802991554822437e-146,2.9651324250296314e-89,6.985683213377924e-126,9.673257984799619e-246,2.3786920875119656e-238,0.0,3.453626062969373e-244,3.440985910343036e-154,0.0
0.014681131889465208,0.9424085125340499,0.029856729411351736,0.007098512597941755,0.002288308212365637,0.0008194641011035609,0.00018710961674702614,9.027933149830168e-11,0.0012196124345152984,1.9148616703310903e-16,0.0014391205049146772,1.4986072658912901e-6,3.3282410315378996e-32,1.8415403160398965e-30,1.6962621200804291e-41,5.088613027084859e-46,6.495068958141096e-68,7.782218857103852e-34,6.261183886289822e-58,1.3465919274560403e-83,3.7489440771055273e-81,7.340038000317011e-66,3.822764237864572e-54,7.09243620278156e-37,1.348884104739432e-108,1.14719547603575e-116,6.48018983102496e-141,1.210168739242121e-120,1.640239178400943e-79,5.0865711376350205e-230,1.2505958213699052e-139,3.0285906355906976e-294,3.024693729270044e-178,7.024337870323438e-161,0.0,1.4258289002215926e-246,3.1347823181993256e-166,3.0650285729823014e-272,0.0,0.0,0.0,0.0,1.6874862902543e-252,0.0
0.05245502831417217,0.928166570770132,0.008251137338707276,0.004698011553727738,0.0008344698157798992,0.0023572468579998395,0.0032180284735648925,2.865123056523459e-20,2.6967857109034765e-57,1.950686411413193e-5,1.1802131150434911e-11,1.9634880903144766e-20,1.3194542214506013e-63,1.1910437757544837e-29,2.8811744846345097e-53,5.0548465091609306e-73,3.8249283789251466e-39,4.325674272356392e-23,3.0631172419784e-197,7.595769897678963e-68,3.0910281649632294e-37,7.050182674911896e-52,1.8407608626934388e-27,2.468764332826293e-28,4.0550019708179406e-68,9.658021826056685e-102,6.382952988750713e-138,5.803581629490953e-285,9.104050783714514e-236,0.0,4.0944355139685875e-263,0.0,1.746397792286785e-296,2.751020033212253e-220,0.0,0.0,0.0,0.0,0.0,0.0,0.0,0.0,0.0,0.0
0.04598671345035436,0.8939830661040256,0.04523237339627815,0.00013223296340733902,0.007831113857419233,0.0038865416002023833,0.0029007488123508336,5.736126179213557e-10,2.3326697118984148e-5,1.0764569158460313e-16,8.091356745902278e-6,1.5791188484642067e-5,6.907529156511266e-33,8.479797616895956e-25,1.335320328648188e-54,9.501017740124692e-71,2.783267520743151e-53,1.1812587716958775e-26,9.376476164438179e-78,1.0052305439591856e-83,9.222574284241256e-48,1.0693161940317186e-83,8.581238788022165e-44,7.753579939498743e-20,6.391078419020957e-89,1.1049015290637167e-103,1.1288779992330411e-167,1.610626292382793e-134,3.3832346969283757e-66,6.924938870199875e-262,6.5436947728707e-100,0.0,5.3453867320263525e-230,2.225152282296888e-175,0.0,1.2908096549016594e-303,2.8461079917021435e-255,7.582926261711909e-255,0.0,0.0,0.0,0.0,7.652296794585348e-281,0.0
0.014328000380617158,0.9806192306077787,0.0013698428437609576,3.113945245227164e-5,0.0006422544861541643,3.524745917514944e-9,0.00047520751410414533,0.002173938456791808,3.4559442850066366e-43,2.3775420617831192e-29,3.453648056914042e-22,6.207207132303553e-10,2.8498649374386205e-36,9.588067690757769e-59,3.112340509189035e-22,2.9541206992113803e-72,5.43721987034714e-32,2.028673182796071e-11,1.5894614716476342e-153,2.0193191562107335e-49,2.376897839492093e-16,1.3078687619205123e-51,0.0003603820925873407,6.333361926761361e-64,1.770138287044156e-24,1.1874466142664805e-107,4.0757451633601755e-51,8.311123549928715e-246,3.713971356361661e-214,0.0,2.1196903593297003e-225,0.0,3.4001215118327164e-300,5.566262836869258e-226,0.0,0.0,0.0,0.0,0.0,0.0,0.0,0.0,0.0,0.0
0.43332731993368917,0.5328296960115636,0.0041907685878218364,1.7104407752381312e-5,0.0031371008672539964,0.0010590241301002316,0.01945321842255035,1.0553550095555817e-8,9.574435686881027e-23,3.6824075380438586e-6,1.7173592952315497e-7,1.037973193985664e-18,1.4895145420521696e-21,2.1175629187722578e-20,6.2235870221214735e-31,1.1924155511304653e-42,0.004370096737167547,0.0016118062050830685,1.4686410011486314e-97,2.988005737316218e-35,3.808948017570654e-27,8.541667682412754e-23,6.629201775293758e-46,8.673408877379799e-47,3.714805087218455e-36,9.637203871114575e-31,4.3143865641015795e-45,1.0501598620840436e-205,3.15633355577338e-239,1.57351227772683e-160,1.6597380481086783e-178,9.755171067494644e-299,1.1333408744740447e-205,1.730228835604139e-151,0.0,9.896142555233295e-307,3.099061443104873e-305,1.0190111753891957e-252,0.0,0.0,0.0,0.0,1.2181778461616542e-240,0.0
0.002083207526684443,0.4541001920344637,0.19371846340463394,0.09981767376190313,0.11902756478859203,0.06215232172328683,0.0189188809591402,0.03958836223334656,1.744068493056292e-12,0.0001159575140322284,8.760562600524421e-8,5.141260600231254e-12,3.7261030296947146e-15,0.0023828941520152476,1.2829349563010385e-12,7.219315163902772e-18,9.176625191773672e-7,0.0017390314965136308,2.5296013457887494e-76,0.0009393053509374919,0.003007017476354251,0.0004776108926856434,9.068982087243516e-33,0.0011308179870060894,0.0007996934220874042,1.3389659542736352e-31,3.966332407943043e-35,3.49676968415421e-124,1.800564400804678e-147,7.344499586352634e-105,1.7789770866563438e-93,7.253115405964842e-245,4.112677504908982e-124,2.6484456681540738e-149,2.0221148853308437e-304,4.926639697101482e-237,9.570575988746876e-299,3.157433825242857e-138,1.6580754e-317,0.0,0.0,0.0,7.86698314690602e-182,0.0
0.001176315714918462,0.0736420604203391,0.12178004618925363,0.10225472397776739,0.09691402023468518,0.10847508502840612,0.09917769825995698,0.10595727765567206,0.06377204714087215,0.06480298068506322,0.06291286267602833,0.048872346306487235,0.029248841365997726,0.018540511274997187,1.097747542763967e-10,6.585156650637072e-21,0.0023135213025307676,3.2428454623419786e-6,2.9333492642580945e-29,1.8346413025187794e-17,2.73697736231932e-12,3.067210698422157e-18,6.821776162875097e-22,0.00015639813791105947,5.308355646930896e-23,2.067113949895325e-8,4.748409752965091e-71,2.559173645508031e-96,2.977677522774541e-45,1.4325777949398496e-84,6.651853559645049e-90,2.0212506498357364e-149,1.5674591701425036e-42,7.392286391501174e-57,5.458971098256242e-201,1.485822492938416e-129,2.040139671799559e-137,3.486505295464097e-112,5.237939514254421e-239,1.5343992645182432e-220,0.0,6.312406145494303e-202,2.6554930097993327e-80,0.0
1.0,0.0,0.0,0.0,0.0,0.0,0.0,0.0,0.0,0.0,0.0,0.0,0.0,0.0,0.0,0.0,0.0,0.0,0.0,0.0
0.47005853,0.4495861,0.1300325,0.19042367,0.7096113,0.6949521,0.32999218,0.66676116,0.089478336,0.735557,0.51049364,0.015175562,1.0,0.76691896,0.652018,0.048745017,0.59011686,0.5689078,0.3699127,0.48843965,0.20991611,0.26982012,0.40992454,0.28951025,0.63032943,0.34920815,0.7482989,0.8304719,0.30861726,0.026923586,0.81164664,0.22948687,0.86613667,0.6108641,0.14960453,0.79395777,0.52953136,0.24984248,0.17020337,0.55014086,0.3897259,0.43030673,0.06826767,0.11032241
0.34920815:18,0.652018:33,0.26982012:14,0.11032241:6,0.089478336:5,0.19042367:10,0.7482989:38,0.14960453:8,0.026923586:2,0.24984248:13,0.6949521:35,0.76691896:39,0.3699127:19,0.06826767:4,0.20991611:11,0.43030673:22,0.048745017:3,0.8304719:42,0.40992454:21,0.66676116:34,0.79395777:40,1.0:44,0.30861726:16,0.59011686:30,0.1300325:7,0.32999218:17,0.735557:37,0.3897259:20,0.52953136:27,0.48843965:25,0.47005853:24,0.51049364:26,0.7096113:36,0.22948687:12,0.55014086:28,0.63032943:32,0.6108641:31,0.4495861:23,0.015175562:1,0.17020337:9,0.81164664:41,0.86613667:43,0.5689078:29,0.28951025:15
