20
0.902773781332315,0.07135446357468606,0.003887390242925653,3.6201683103291783e-31,5.0471407793729635e-139,2.1648796259183073e-34,2.461883023372044e-85,2.3099212257226167e-155,9.071360688564225e-67,2.5998900706562473e-22,0.0077051590665184674,0.014279205783554579,5.157429312850575e-90,2.995817467640069e-126,3.3837344098055066e-105,5.359757577015278e-120,1.5191128950958652e-114,6.731549693718238e-23,3.9115343270296743e-110,1.490225092529623e-267
0.05263315096147467,0.8196545805601484,0.0351449012858286,3.2569398866486753e-13,0.0004245574653986018,0.012242208437861963,2.1904820476913222e-65,1.9426700016606275e-72,1.4081212184588057e-15,2.15448371061998e-56,0.0605337925782134,0.015474940097043333,1.0971478313397857e-30,0.00028119397683798274,0.00012263869622727085,1.3618314914918648e-84,2.152132622691146e-8,0.0012050575439387253,0.0022829568753734934,3.3377197549809486e-143
4.84639367694177e-10,0.024001797524630615,0.08758521407089492,0.20724757700151195,6.079440268262115e-9,0.03511591856071342,0.009111154088606714,0.006384548270101419,0.037574268169342805,0.027621686408547168,0.040797877409227745,2.808789637308121e-5,0.0841976529284622,0.07164000505553297,1.8470065710578923e-15,0.049732999022535286,2.8369051828150005e-35,0.2471187741634597,0.06364855617528459,0.00819387669069403
1.1172238283866423e-10,0.005910668061115332,0.012508493297680355,0.8474063753047526,0.003098472914498723,0.0004957759868705076,0.002565721475937053,0.0011553234031415577,0.0031776650421487225,0.002800350737262755,0.013571591137115537,0.03881779922159564,0.00569394368027777,0.0029135736312992998,1.387789878415785e-9,0.006853174688107671,0.0016007828283631832,0.043268402080100195,0.005517446898719008,0.0026444381115017144
4.9218487118915135e-104,2.140001821720513e-88,2.8949331558104796e-14,0.002668072051759113,0.9704381309002689,1.4653060138139628e-71,1.5962709454741982e-26,9.696907609894686e-55,0.011894030421475646,3.8447019665967385e-78,0.00047387502377795076,0.001363357975040676,1.2755420620797841e-5,2.310096942419909e-9,0.01314368141651145,1.932889382133835e-30,2.1983222460827315e-7,3.9600830978935637e-38,5.874648195004432e-6,3.65577047774344e-150
4.5649290030061114e-5,0.018787598772748906,0.00010253522355022504,0.010566259754269275,9.025346874939748e-8,0.8872805254558085,9.80823416226624e-33,0.0012206476007811933,1.295057158045033e-13,3.3619334959561345e-17,0.039818110355895726,0.013116857464335557,1.7659169531809227e-35,1.6324840159697416e-32,8.295764944400269e-17,5.403603339361931e-22,2.3709828400044276e-98,0.02906172582898177,5.604506997774502e-20,4.599254597188183e-16
6.130183720198972e-70,0.00031780511553893627,0.0009405796974698693,1.4626274779871495e-5,7.267881783426948e-104,4.486007539810369e-20,0.5998931463599793,0.3436782519555784,0.012524093338182291,0.0016832145021557395,0.000510218386482975,0.0034318524234468696,0.021903556647867146,0.007866020716818663,2.4695379916669503e-91,3.37917057822214e-12,2.2049111197110136e-98,0.0017491985747212283,0.005487436003599771,1.875877655747848e-111
3.140800001489369e-51,5.579105444918403e-24,5.735650769157343e-10,0.011132844557112867,7.573884629020295e-78,1.3246204873749244e-42,0.9467335820183179,0.007312760948926892,0.020236005913823362,5.5401723181156984e-8,5.057361929079941e-35,0.0012715711068129111,1.4365724588762437e-12,8.08371023105576e-13,5.045541981986666e-81,0.003762701112808254,1.6727154702593237e-93,0.009550472616047053,5.74861732022298e-9,8.552276123202728e-103
1.0912633280091685e-9,0.0036025897657036145,0.0041195214743545835,0.01534697631102084,0.0073850863216785596,1.9422783035356502e-27,0.015961881932710597,0.0005371206444149942,0.8189511965592139,0.01488327210756955,2.097528063353926e-25,0.03037379663279425,6.459727574395073e-8,0.03501980497578722,0.0030452737587077683,0.015439360915111482,1.0766274624731396e-5,0.022947779670628093,0.012375506967140485,6.487931335593823e-78
4.3225718210174327e-162,8.511975116352246e-54,0.0014437462361854175,0.002894833240068495,3.226671137326272e-40,2.1188750389813992e-35,0.0024186514661489497,5.730350401876872e-7,0.02493565681150596,0.9637781051301927,1.2175263675778469e-55,1.4201807828404754e-6,3.0634775117588405e-5,1.6008056895976802e-10,6.419409309787264e-49,1.15812765706544e-15,5.191876381480448e-56,0.0011167281148757818,0.00337965085000045,2.447081737028061e-75
0.005418176786478145,0.049125147886606456,0.02871250329896741,0.00012621833487144542,0.0013576508667377894,0.011385537885188307,1.729615202772184e-31,0.0009392344095990173,4.7519830030706685e-18,0.00024095282690359763,0.8908808638280171,0.007296516939402614,1.557097890388343e-22,0.00023722880345748682,1.6507851523682204e-67,5.563635188833913e-25,2.2574388963320243e-127,0.0001108885589768562,0.004169079574793709,1.0664967717911875e-92
0.03526610799295471,0.04890766212555915,0.037037827216217324,0.06132592909050358,0.0019019738484942063,0.025262459705027638,1.8102787979496327e-5,3.847775160694953e-27,0.0036381862814708348,0.003858159312670985,0.01611656885995813,0.7351378439545712,0.004217119992001315,0.001333997865776502,1.212590294924329e-6,0.001595366270966253,0.0044668629223035515,0.018117592499667174,0.001797026681760055,1.823069283198832e-12
2.236505672773153e-87,1.1221414432066167e-49,1.3689031643274175e-23,0.010236549719866749,3.717269287693872e-57,7.619899932377234e-63,6.609804569819846e-12,0.014991893359444595,0.06447114096593871,7.89191055225645e-35,6.772402680753272e-86,0.004393882638100777,0.1519992149719999,0.7474303716040656,6.163938783470908e-65,9.07176502701503e-32,5.278010448414538e-68,0.006476946733974102,2.9073844834486425e-29,6.421409905165667e-100
2.3912223850165505e-86,1.819296429534543e-14,5.576146580380867e-12,0.018138432836528117,1.0848194625033654e-32,7.46277139535664e-64,0.00027767138971556614,1.2470364110528072e-12,0.024817187123619865,0.0004600660143839871,2.563097603862898e-41,0.0033685494454150406,4.426068355192311e-12,0.021786066238356314,1.2569993305498797e-36,0.9311306350211537,1.0565880514429115e-40,2.1391919559812687e-5,3.3790489682800524e-30,4.6769430603162486e-76
1.1216091108639332e-127,1.691365683839062e-44,9.993516311520883e-20,4.3100372748958854e-7,1.7449559467239848e-5,5.021837478646867e-43,7.038587316836888e-98,1.3876489782960693e-95,0.011522687822367494,2.802000782289095e-98,3.697940559921579e-130,0.004889344192729363,2.2434507759901497e-50,1.054287877901407e-49,0.0991633588836155,1.876290480658452e-58,0.8647055232250388,0.0022219429321025204,0.017479262380951516,7.667410771560156e-114
5.983177136713184e-72,1.8053684837669594e-30,5.462050844710402e-11,0.010377657455377574,7.503453950310438e-40,3.5423323010863256e-61,0.05227280989922154,1.742882383297317e-18,0.010993079123476406,1.5213994102871686e-10,4.787391591032594e-49,0.008538001387459014,0.7755366466354195,1.2855196209878322e-10,7.971583455505548e-32,0.13437981387275824,1.3054455172910336e-32,0.007901991290975206,1.0501388497365864e-33,7.239626333621012e-122
4.940049372767657e-131,0.0005011671056000435,1.9076908112926817e-28,1.7964753217691518e-10,0.008814125251752722,5.809455523623681e-101,3.461404070431353e-106,7.663931940424621e-97,1.979006059389362e-9,8.233137483606963e-96,4.6184255304039777e-107,0.0035382373293318093,3.135021109488716e-51,2.59949466285926e-53,0.6192110945016014,1.6761317757403642e-40,0.36045078504343814,1.3066793041928782e-18,0.007484588609622138,1.0794178515497201e-111
6.498140724434724e-7,0.014498459385778371,1.5041890152196737e-8,0.04104464380393479,9.85204405008605e-26,0.038204736538629616,0.001118353824385591,1.2190884774615495e-17,0.006365181627278028,4.232870688057362e-18,0.017800419157436922,0.024533558535444783,0.000607395953484647,7.020841286997367e-15,0.0003349635442386576,0.0003775976367109143,1.573479805934828e-42,0.8427982580888956,0.00937692574270971,0.002938841305102533
9.794503183666873e-55,1.6696100327625758e-18,3.4118768775896757e-18,0.006778832099088903,0.006818027919262392,0.004596903777615545,0.013727456553668315,0.00573155958455556,0.004791453612162795,0.008763902298476168,8.315348875831226e-20,0.00668352477683027,0.018658083614328833,0.0004485449508919305,0.016333214636620724,0.0008963529293542248,0.01077816560317317,0.015158450347940488,0.8796996050124003,0.0001359222836302263
2.306791099072224e-41,1.0922369973273955e-108,4.7179433067323954e-40,0.007138890193827369,1.1631153891152759e-82,0.003426055193686363,4.571353105246671e-98,1.1461571405009742e-95,1.3559891411669917e-36,8.444474079248937e-115,3.172091881022806e-116,0.004801261428288176,2.455246814065014e-90,9.688684522126357e-71,1.762771011298647e-88,1.0597827903994617e-85,3.882953322812702e-121,7.790876818851034e-6,0.0010120042541251172,0.9836139980532538
20,50
0.0,0.0,0.0,0.0,0.0,1.6462613496082908e-272,0.0,0.0,0.0,0.0,0.0,0.0,1.3983456395775833e-290,6.8862484e-317,0.0,7.260355966811406e-276,3.075627884e-314,0.0,0.0,1.8118968834219957e-303,1.8268047492894174e-187,0.0,4.794360874425058e-255,3.2443961795551606e-286,1.1699760113954745e-267,1.6259310476260635e-177,5.278997763609109e-261,1.240410341281332e-218,6.924389297185169e-162,3.8430415601061095e-99,5.733070979107642e-173,4.616627082253617e-191,1.742228800627986e-87,7.253398289844123e-119,5.677081035863942e-72,2.960582464440765e-32,5.444819979987919e-134,1.918874863313395e-51,4.986321920244344e-63,2.5500247492425843e-78,8.245938559653571e-23,5.042318216110767e-22,3.6816477993454855e-17,2.784393446234265e-13,0.013894018709305378,0.17944235265303074,0.24897566642279217,0.2911197360468437,0.23157699098498125,0.03499123518276801
0.0,0.0,0.0,5.4247136441100556e-247,0.0,4.192695149302523e-276,6.725465123592293e-247,1.3757246252163217e-294,5.153e-321,6.050636355943703e-201,3.6509871160499505e-287,3.223e-320,3.208408489052649e-184,1.6005586038119483e-196,7.049015765813358e-178,3.031056262295678e-229,4.877150595242046e-176,1.2682388324924689e-269,6.514068366007608e-241,2.5126030060282607e-292,4.288665206186822e-148,8.774561151254575e-197,3.8005346581415375e-195,1.513582553741097e-183,2.8151356614748236e-116,4.496161429526152e-132,1.4099075111652232e-112,7.497517072196434e-118,3.399659792322979e-8,2.7441395386450932e-45,4.3848595669959835e-112,4.98778867681859e-101,1.5119015997179158e-52,1.7748889912222936e-29,1.364378186218808e-34,1.573450542413077e-34,1.793091292428454e-32,0.0021333933177979767,0.0019981952194116316,0.015343433543120066,0.09506552572886974,0.1829957563942201,0.21624191053409958,0.22071139137379595,0.18406522954785803,0.06877702130694836,0.005790046437670181,0.0019226532689159696,0.0027855615220702596,0.0021698478086239702
2.9134759099885316e-232,9.664736415525702e-152,9.076607578765943e-139,8.278549289357823e-40,1.5689559783269578e-115,3.454121998866294e-55,1.3594012750429867e-88,1.0272823733647897e-48,1.5817322605537495e-57,1.637629701522235e-29,5.773419315502222e-53,8.181933540907866e-67,2.4600764728916084e-21,2.539662237300832e-32,7.180558461415852e-22,5.042680441572785e-29,3.924333139200696e-12,3.0121055728085082e-37,3.8616034393789593e-50,1.0275523436550207e-51,0.009417927152188664,3.2259294354847365e-13,8.88399608802591e-25,9.00305746810106e-6,0.01602437138716829,8.244970329576603e-11,0.04712034120149952,0.03401601473142846,0.04161351542112435,0.06617140707439734,0.05239487788114193,0.08979017683388703,0.06845697494454868,0.10663333354507966,0.08181119774079496,0.10742622342498571,0.043693591330517846,0.04124233851871833,0.07177315067646754,0.06022892832064952,0.04178518768401501,0.017613770509846378,0.0026585943276542768,0.00011900558739383154,2.090461298576868e-11,9.000293383657537e-11,6.845008471624731e-8,4.410428697658181e-21,1.3322910610848317e-16,1.3356731817214874e-12
2.845504517298937e-230,6.1333976360738976e-108,1.4872615436506287e-79,1.4210995182712368e-7,1.252980648075532e-88,2.9390322237459214e-85,8.223799649862563e-77,0.0006393326355561728,1.4361955355334064e-79,1.3306237688669881e-11,0.0003484213036463956,8.492989220102388e-62,4.293862300701438e-61,0.00019898514945258764,2.1534536073534935e-63,0.001671826124946832,1.4029929867762231e-36,0.00016892156935816615,0.0009391129584216435,3.0149597903193205e-9,0.0017956578904378259,0.0007596110159340976,0.05224546148351971,0.10765497548989524,0.16608186950897535,0.18736208737331278,0.16849630697091114,0.10363323808579814,0.06668307505074735,0.050984039990882114,0.028902468249448938,0.010756156419143945,0.008144680463103973,0.0032540960233599426,0.0016967490749323533,2.6892456422990354e-23,0.0007277065959703067,0.002477748124965197,0.0013004729946745825,0.004195890044597918,0.004607409228152066,0.004334520995891513,0.0013491847564373858,0.001114997625242903,0.0024466997979630417,0.003702319952423855,0.0047309568588404785,0.0036880679338052256,0.0029068071210329683,2.1675358968755307e-18
0.020788449534362208,0.45850555849477725,0.03397228057960673,0.02382205811605388,0.011323751789662276,0.011057886700755044,0.011073520700336723,0.0076563688810776425,0.017552190946242913,0.015731074598686723,0.028337279234629684,0.03633524443246587,0.024946751094380933,0.03492278831152725,0.028675985290741907,0.03727550019742054,0.10365819906786448,0.032178000732219735,0.01842575752857903,0.021728039324724103,0.009085741954042137,0.002381590614267172,0.002043094276578581,0.004216689405169331,0.001347304554154116,0.0009917609771974032,8.07440235159108e-5,7.908456350742746e-147,4.1761044218044314e-50,4.238363274915834e-232,0.0005722081397001415,5.726973320674596e-119,8.902798528582545e-188,0.0005626486363481456,4.823970258942666e-126,1.8197794367186666e-16,3.393741603160485e-163,1.0962721766137276e-110,1.055033288729418e-157,5.263098996700156e-56,1.502029635543173e-122,2.2813098425303984e-113,0.0007515318629118188,6.038605535688305e-134,2.779264766133152e-88,1.9725306752746087e-103,1.2758319759373403e-65,2.155380496445682e-273,4.556937226382086e-184,8.764131845889993e-157
0.0,0.0,0.0,1.5223254151160852e-190,0.0,3.093238329323352e-241,1.3797166752567704e-293,3.145817438855905e-214,2.4175383454568133e-258,1.2654228117788559e-170,2.06373643895328e-172,1.7852327852896e-215,3.799703010289698e-210,8.364475072865257e-181,1.873206375824478e-30,2.4402461410662095e-197,2.5670434763887643e-79,3.6344234587172585e-102,3.2219967213255965e-206,2.4381319022752305e-162,1.0009339225710304e-82,1.044909331648209e-147,6.826676454289641e-149,0.0002863483007776233,5.202492360158762e-50,2.1855850146862335e-63,2.5070289481780008e-24,5.861030432948918e-21,9.860798604630452e-37,0.038509168192989635,0.08808735317428822,0.16319984438182897,0.1662054363512465,0.18843464955826777,0.16884012902376971,0.1024391850204671,0.05054243625492599,0.01536752304932954,0.008749063489067788,0.0006388357665152696,0.0009082415562880412,1.2602746103018459e-23,0.0024842772321270407,0.0013138567215499335,4.2915427231464915e-65,3.1294926254350726e-8,7.016720690190988e-17,0.0028088626601672673,0.0011847579714673235,1.6696650105417106e-43
5.207850702391984e-240,6.053488208437064e-54,0.002138007900048826,0.23640723059794005,0.44047879648502897,0.026898906847944132,0.01548862043194739,0.03513976169204453,0.027785122876812167,0.00799856889476461,0.01695830644213759,0.002892433974678026,9.789451320848933e-7,0.043709668166821564,0.034199383933060275,0.04995249189560011,0.03738637985186008,0.00793725819474672,1.914692484384471e-11,2.891027337242843e-13,6.03812674466625e-12,2.880409212273719e-10,0.0035712049887184653,0.008048776521931804,0.0015874202391907373,0.0005122843129928252,7.45005153271649e-12,0.00046887260149850205,9.349513690328814e-141,0.0004395238085294325,3.0862071936412697e-146,4.6811874342627397e-26,9.906794826880406e-47,5.017647163445643e-77,1.0385012359575313e-39,4.4182000816511024e-85,5.889967833703202e-120,1.7552345318673137e-22,5.741430993629279e-44,1.7619582160404627e-24,7.129804374964762e-87,1.5721688656985034e-74,2.362804607710898e-100,2.6427180683930913e-21,5.0477899485844675e-64,3.665725149868465e-29,2.9617323455321865e-56,7.560615903890611e-11,5.8861782720221215e-207,7.034400840790156e-160
2.6821167195059286e-241,1.260497819519947e-187,1.402533157443192e-60,2.052998104394288e-6,6.538737207407332e-9,1.1195938800585249e-11,1.0687256455757294e-17,8.966216050190485e-11,0.00023391575306828241,0.021932224066443445,0.06347157431911665,0.09750330184266219,0.11191898117323491,0.01145108698696961,8.018319310659593e-7,3.4566317415625736e-14,0.0012898380297770606,0.08953560512204525,0.21345760881957923,0.20254158284647575,0.0920957116298238,0.06762028149511806,0.0031326549092879357,0.00608642112533648,0.009414581103734554,0.0006334483746490021,0.00326281798884345,1.3019573013731576e-29,7.734660420527569e-121,8.496904208907596e-73,2.3127203861075536e-111,0.0012144877136565863,2.6831525909008e-19,3.380946666368592e-86,2.1220534090309274e-38,3.903891789953581e-94,1.3620960245978076e-138,0.0009779615095730117,4.819208771153522e-99,0.0011565710375695056,1.298117405019041e-98,1.0060739335870728e-97,9.000750684965603e-68,0.0010664826833698085,5.191991206141608e-47,4.615199806594087e-63,4.7433503454451585e-56,2.4478028138509522e-101,3.806175900473627e-192,1.0423959386823694e-118
2.52397189957941e-55,8.47018747070927e-27,1.416354497819276e-17,0.0017851472411445416,0.001499188575955914,0.00044575706657661886,0.0032166987914422065,0.0026948842693291244,0.008880769543637737,0.010066624418789355,0.02146718093835503,0.06334361179424783,0.11774369806434314,0.1133348489643628,0.059641805766452755,0.053624609664067846,0.022938320854009937,0.02621811607851491,0.008576926795698938,0.02111790824654098,0.03979101626693393,0.050817856985490205,0.07799761641239536,0.035960910158239864,0.01638220174021768,0.0035070248972811956,0.005642101382870709,0.008842343842709087,0.005192708666861295,0.0013234128669338033,0.0018742221751363252,0.0038332450675864814,0.0061443836527377135,0.012217718083420018,0.010334548897066191,0.010696112434911451,0.0140583146157579,0.01209370285778928,0.012907091922245473,0.014832951581912815,0.009197268850909891,0.012386819173758687,0.01503397272888529,0.01959518566020586,0.024559208752933305,0.01577842639642368,0.01556089880835558,0.004943113264561931,0.0018995247819992044,6.741464033284646e-39
1.6636857508083441e-231,0.00036661170160627414,0.4543172195939662,0.03630960950877506,0.006819442159646588,0.02257551495348973,0.019005981365657548,0.019657454872132742,0.021060102716990107,0.016815982849887553,0.028264646454739875,0.03987416428366472,0.02431606187277287,0.02508919402062625,0.028625345113890647,0.035283934091278585,0.03592830229250618,0.05755548670204699,0.05645350835356984,0.019930133430961595,0.03030854004030509,0.007203194076335947,0.0031383733788529957,0.0032511180285778726,0.0003348141318738665,0.0009844524945760173,1.780046946222685e-8,0.0005120156904968936,1.9423196368977537e-79,0.001170946314154434,9.576038942340839e-143,0.0006312807513914001,4.0477916514373494e-156,1.5988940325172582e-101,5.530708586707479e-171,0.0006109881055065966,0.0005565535873074165,7.702419787448893e-133,0.0005923070900917825,0.0005818885395826785,4.471848798881984e-37,0.0005697077452273346,1.4791054797277816e-13,6.074317868267964e-11,5.25051135733934e-32,2.4541570469745446e-15,0.0013051058233255408,2.8219174520532363e-12,6.205597935908402e-183,7.876412620327655e-115
0.0,3.4953161462117815e-301,1.2970872403e-313,7.812342375674182e-220,0.0,4.745593026806501e-274,0.0,2.5185035899054334e-257,4.242615259406785e-208,6.5887526302955825e-127,1.1746941842301668e-244,5.432360759534411e-244,7.751869461338554e-187,2.5503965310273343e-153,6.6930012255421045e-211,4.607377889491185e-168,8.68344530737604e-121,3.302923393522042e-186,1.2941523626284314e-265,1.502666116859907e-200,9.730230252328964e-154,9.635733526995323e-165,2.4102102412938537e-164,2.607885200646499e-83,1.5968750099539285e-111,1.9589256621037284e-90,6.021073315089472e-111,0.00021580622355402525,1.0880425592780303e-117,7.224372104439502e-80,1.4663360703802026e-65,1.5889182268156384e-33,0.004826092017946621,0.02075091084470406,0.05527354845620932,0.11171811812328296,0.18119851282751143,0.19194343112078183,0.15856442309190139,0.15234595774390752,0.08218334593053103,0.024338486404828767,0.0006825757368419206,0.0006408547079822368,0.0035070374499141578,0.0001905614672483847,0.0032030794522103665,0.004790711875670747,0.0028328607472761155,0.0007936857776971668
1.008849469520731e-113,3.010500627620955e-120,2.470857043346688e-114,4.378728859773981e-9,8.369905532592883e-69,3.523724569400316e-62,1.777325684507009e-60,9.31809919405888e-39,4.127511483164046e-23,5.527719930959812e-7,1.3120222728311562e-48,2.6404184612526757e-54,0.0018611066397721118,0.0006374983643896421,2.661102871205368e-18,0.0024671922648307767,0.0006720478504857593,8.501133945576512e-7,0.0017094912775129187,0.0026783220367372837,0.0007467185175061106,0.0018453764731424709,0.0015084653003739784,0.0036426411529968815,0.0016571896249364863,0.007001528123308436,0.005327761877739299,0.002141971873236785,0.0002388259301289165,0.004761485687802172,0.009074488832217793,0.005216185323871168,0.011362163591986442,0.009495002344500854,0.008945672747002996,0.015205456278494926,0.005922164671764407,0.010961564113474542,0.020473555034507446,0.018093046667345323,0.026126456372072192,0.02739382014889711,0.03986797879065827,0.027605853545574672,0.02061027235823638,0.03239570460582706,0.048193009083009025,0.0689815383566435,0.14007545212348027,0.4151015847514193
1.3090065211188743e-171,5.435598955963871e-155,8.596077422342653e-67,3.807269943517694e-20,0.10265806414396615,0.2427922966901043,0.10697443469313148,0.1602544172893373,0.10236775459559089,0.04622732341858454,0.07244450820398342,0.06846200536664897,0.04263739060402575,0.02645211291092524,0.010600701919586484,0.003093129855548491,0.005756638113932581,0.0024738271221260632,1.9265360377302509e-25,1.0538317307452585e-8,0.002008961294215952,6.828007022850788e-10,1.3572642212881895e-10,0.0016886894084422919,4.184108587217413e-21,0.0006817128155915431,7.705798421425866e-22,1.996623063136546e-25,2.2202503429476405e-76,2.734092478245648e-45,1.388544313927397e-57,8.449750499964938e-39,8.698720332277775e-49,3.6336112027665303e-23,2.929951812415214e-54,4.926429421524569e-28,1.0673353432422934e-35,6.762942939978728e-16,2.5530335998744518e-54,1.5257021097466937e-41,5.075457117453904e-35,1.3509616692468618e-45,0.000977965737189353,2.324115976991711e-23,1.4211024464226495e-11,0.001448054446013244,8.965988660158711e-25,5.912462964824237e-49,2.1903871504748348e-87,4.259723252010871e-58
8.594707872401459e-190,5.266217733342173e-135,2.316927417617748e-103,4.502488454188514e-70,5.994694132711422e-41,1.703536633169302e-35,9.460781376085259e-36,1.8540049030884681e-37,1.8090618031892318e-39,5.574685511191595e-29,4.2190070106679e-19,1.2541114014796984e-21,3.5773271725642386e-13,0.024083630636201746,0.07618207774812231,0.09164009608503319,0.07535977499531771,0.07434310019760249,0.1797621206896605,0.1816610474164365,0.14969942866501504,0.08762272157446263,0.03266793681569091,0.014568688632019119,0.007784097568824363,0.002134944522687653,7.780212601419788e-17,0.0008298459820758969,2.3564566252533736e-91,1.7310848839355184e-26,0.0006261400413902248,3.9951566753894365e-38,5.755770676894186e-31,2.0818258549494703e-62,1.976363092131996e-68,1.3284977565201559e-48,3.4771933929335755e-62,6.88875754965741e-9,0.0008208471851639448,1.0901184492761684e-54,3.2835680650813745e-20,3.927971598362595e-41,0.00021349435518029717,1.0971338453550608e-57,2.283024150150233e-19,3.800752951242052e-20,1.0772388559460393e-50,2.0572921803124423e-106,3.4641951807236354e-120,2.8460723857613733e-80
0.4254838086050551,0.025372972571040583,0.056624307706475786,0.026988926136416475,0.01337504679630233,0.019400586037942584,0.016247344557497788,0.028007976831143908,0.037423796402813084,0.034993681088985304,0.05608220501126283,0.06132960665051681,0.007609934971294242,0.00045828529546510947,8.568706557457438e-7,0.0004943531047955694,0.07827968256560675,0.02271494466901668,0.026514560548428965,0.003151187148826909,0.023438676714246744,0.005259269357670981,0.004772034635022463,0.015534244841041081,2.179395574323802e-5,0.0007158569358968369,0.0009243386379776643,2.595655342543998e-132,0.0022973682238773096,0.0008466120748939613,8.108516352658477e-107,1.875356943928434e-137,3.069425139312753e-64,0.0008496650155954367,6.64110474036653e-23,1.9502823974840283e-108,4.4027191946419276e-30,1.7456712747480224e-234,1.158334216673551e-172,3.9798433909886873e-207,4.843857663574524e-117,0.002080026401982139,0.000849438660190415,5.374110886923192e-99,0.0008877071063181907,0.0009689038700008804,7.69203408641144e-130,1.1413875525784696e-233,2.1210272944511057e-150,3.92013218003217e-192
8.838599367260145e-185,1.8581237253362083e-65,2.1371458060012545e-32,4.0317264736142597e-50,0.07839765097337957,0.2176680055330113,0.11508413439409984,0.1505945891763556,0.09883173869371431,0.06489380471038836,0.07685858967263615,0.09113139990082826,0.04424459012548266,0.030645686344204445,0.004228425986867,0.0013124530572473242,0.01046779688669029,0.00445209248217915,0.001322803978074995,3.3770609630176483e-21,2.1488165268242734e-9,3.935321942782902e-15,0.0012551938113947,0.0017476912347302554,3.26233120335119e-26,0.0006778512127677418,0.0008311057399198807,2.019598720503855e-31,5.30807097956428e-66,0.0007451235925566127,4.172720825872157e-45,3.3882270601370775e-53,0.0007787720062856045,3.1893558976045532e-53,6.669145711488646e-63,0.0009450886874912233,1.4250873110433702e-21,8.281983166259579e-35,0.0005705999894918427,8.165034912260782e-31,0.0007761874662068875,2.248447304858909e-53,2.631174305814534e-25,0.0007960097145511637,0.0007426124806242158,1.4164852672009503e-18,5.162303841592391e-34,1.2643894233323352e-82,3.790534063229828e-82,5.256764481929572e-75
0.4720202119280913,0.02942206359460035,0.0208818445975809,0.004500147587048469,7.572013490093952e-24,0.0006342064926255777,0.00039015451436387645,7.145061474201517e-19,0.00019741332773277775,4.379387462507335e-14,2.8538306694125455e-17,0.01907794757010302,0.04275847801043774,0.057982531112486975,0.08382152001971516,0.08193436400449983,0.08082668248238872,0.043492830998962485,0.013163859014258556,0.01943495181882598,0.006428299197548116,0.003891451412597914,0.009693715964548027,0.0015364727214486871,0.002008410222445463,0.004251775395056403,3.6373762532157346e-20,3.635238302558592e-135,8.08926372563293e-5,1.7166320029243328e-58,4.9229239182271336e-141,7.62343749042395e-130,7.427437853205825e-9,1.680929462943305e-24,0.0009554291940588607,1.3485003248035103e-133,0.0006143387468782219,8.019208459394948e-243,1.3815252378166883e-147,2.6460863899679036e-210,3.401298528993996e-174,9.230335310189464e-13,6.035566214149918e-12,5.554004923704372e-124,1.0756143461622188e-45,9.830078785306917e-37,2.0780904433191846e-146,6.276973271057489e-222,1.3345789010495866e-162,3.932112075765584e-186
1.0454812779174571e-283,4.642340104253523e-249,1.7142423226121143e-209,2.1094682125187836e-108,9.347948965628344e-190,7.26970657473949e-117,7.973763397076617e-177,1.3123990320026077e-98,7.996023764324465e-147,2.4605391720122702e-123,2.1162429660861962e-144,6.523783500786222e-135,4.511429943125584e-102,1.1605910071858942e-46,0.00021092350895951444,3.568636591758739e-72,1.3238944577121981e-105,0.0007144889225462783,0.0003701632787061641,1.8351997937178504e-112,6.6147280449426736e-12,8.427320573104972e-73,4.765602114267545e-36,0.0022560995825673933,0.0033135933299205038,0.0240510381622889,0.04592251392711422,0.12745386941754244,0.17762508964307844,0.16423516314741265,0.14350559112434488,0.11666993914741323,0.0882579619185391,0.05062261657503959,0.024633258684215602,0.006270502113083203,0.0021390924793468105,0.0041058542859611896,4.80430161677093e-12,8.455222942227069e-26,0.0038988451497956717,0.0021288698757390865,0.002270801021661579,0.0014581897936269256,1.245546417477638e-31,0.001397848188754971,0.003445282331875334,0.002308697394397633,0.0007337069846495805,3.035469129848823e-41
1.4874761352604095e-5,0.003674780721476636,0.0033207824487685167,0.007700070231724205,0.010587245703779254,0.004280580699694876,0.0018469172353880654,0.004514635127978958,0.013724226561444909,0.006179143060101004,0.010960325719614143,0.010242621230346,0.01224798098313182,0.006475446991979765,0.0282324095505088,0.04707888983543747,0.05352216973709478,0.028140840741121394,0.04009987147810949,0.07725966922768515,0.053200773299664855,0.06379823959491585,0.08095959265539451,0.1155471721732715,0.09857102194049285,0.06884424006428175,0.05804243262664664,0.03419348974995918,0.02564753533840496,0.00857745602199436,0.009155893970647267,0.008812748163429304,3.758331911566221e-23,2.7354481139612716e-24,4.803553646075728e-76,2.953802677997703e-25,0.0015526664375129938,0.0018381777988573393,4.515771258482627e-67,5.388391594364669e-16,3.7888256008430355e-18,4.309115681256917e-11,9.808968638051253e-101,3.471371217353267e-21,4.4395174270310755e-88,0.00023345967639473708,0.000921618398302271,3.417129045541485e-66,1.1872080547720177e-121,9.297980158300257e-27
0.0,0.0,1.5379104683850734e-286,3.764638198215651e-248,1.93e-322,1.201027696687283e-163,2.2610155000630685e-277,3.6654641809904464e-250,3.465951950001539e-191,1.1439117434471467e-265,1.335293278642655e-203,2.753437096842385e-301,6.635749702582335e-276,5.7904211224377875e-118,7.280535359541791e-216,1.622922847069532e-228,0.002914024074270054,0.4168242276368799,0.07938042619699694,0.04791986381847461,0.04099999003199329,0.05568326843468713,0.07023698649597142,0.156677683750641,0.10713226126165477,0.008551908564900661,0.00350608677866356,0.0019046750998910746,0.0021680453913516993,0.002968737494691905,0.0012807844707319058,0.0009835847259899043,1.1205706515646387e-147,2.913806313513476e-97,1.344124916970444e-252,7.1246907647575965e-130,1.0696085808244682e-224,3.0797755354514557e-98,2.675739078089775e-94,2.847691532883449e-229,1.4690584662485558e-144,1.840063378047066e-167,1.5262643583779895e-295,0.0008674457722101628,2.707079887140925e-282,5.236818790252863e-149,5.038224113463327e-80,3.2444338870119823e-97,1.102647146423098e-213,5.911467236894422e-174
1.0,0.0,0.0,0.0,0.0,0.0,0.0,0.0,0.0,0.0,0.0,0.0,0.0,0.0,0.0,0.0,0.0,0.0,0.0,0.0
0.026496075,0.13363376,0.07775229,0.09750279,0.065530084,0.073500656,0.14793147,0.022134839,0.015556712,0.015070025,0.033031248,0.024637315,0.013589313,0.013827123,0.16321224,0.18038489,0.24477023,0.013210332,0.06939626,0.3844961,0.04012593,0.081590235,0.014038177,0.016224544,0.023154754,0.049786247,0.04357715,0.030125372,0.01739079,0.011926824,0.20711954,0.055855792,0.11921077,0.036601685,0.012594553,0.0910389,0.0470608,0.027894406,0.05277004,0.08601959,0.019752081,0.023969758,0.06204793,0.0143158175,0.020924812,0.014655557,0.018542198,0.10676311,0.058895368,0.025447857
0.24477023:49,0.012594553:2,0.036601685:25,0.05277004:30,0.14793147:45,0.055855792:31,0.015070025:9,0.011926824:1,0.0470608:28,0.16321224:46,0.022134839:16,0.0910389:40,0.01739079:12,0.065530084:34,0.10676311:42,0.033031248:24,0.04357715:27,0.073500656:36,0.020924812:15,0.025447857:20,0.016224544:11,0.07775229:37,0.04012593:26,0.08601959:39,0.3844961:50,0.06939626:35,0.0143158175:7,0.019752081:14,0.015556712:10,0.049786247:29,0.06204793:33,0.081590235:38,0.018542198:13,0.026496075:21,0.09750279:41,0.11921077:43,0.013827123:5,0.014038177:6,0.027894406:22,0.013589313:4,0.058895368:32,0.013210332:3,0.030125372:23,0.18038489:47,0.023969758:18,0.023154754:17,0.20711954:48,0.014655557:8,0.13363376:44,0.024637315:19
