40
0.2698423622762099,0.031587619479310255,0.0030296405861075723,2.7800052070257958e-5,1.010436657732067e-6,0.0008083913155846402,9.519381111964617e-13,0.00029974250751840694,0.08806702966898573,0.0015564501243609816,0.011160079625029311,0.05073696970260067,4.33081585803754e-5,7.729777746060231e-19,0.020084840572218318,2.332341343111541e-6,0.025544138708693126,2.560675537339888e-5,0.0001386145632981916,0.0010306766561984618,0.0022208998210902094,0.4514639857779644,0.03581706854410014,3.45143190349942e-6,0.00011832482057656171,2.1189356323922362e-6,1.7713513069802585e-7,0.002846565051093631,1.077344084864069e-5,0.0005856938182758999,3.6113720861991747e-5,1.6039927360008904e-6,1.6788902715167654e-5,8.453870117200195e-20,0.0020757767459365067,5.053090124165038e-6,0.000484938855591306,1.163892056382357e-9,0.0003145245217893917,9.52669864478262e-6
4.4182301297737545e-8,3.367505870893732e-5,0.00776721278230735,2.0797467692272906e-6,5.6074015089278194e-24,1.2575244058185027e-6,6.7728801410808245e-9,0.00012856586676727075,3.638230877560617e-5,0.21079259487051602,4.914311401812337e-11,1.5341552947434274e-5,3.371470831007128e-6,7.902095083984563e-8,1.4015701213840716e-5,0.6702079546293109,0.005939477892767367,6.359654705945534e-12,0.0002940847284436608,2.8105148389158924e-5,1.0272914044322768e-9,1.7469017144736938e-8,6.879207959601865e-11,5.930396084050942e-6,1.639062351127037e-10,2.708565932682878e-10,0.00010301070819662106,0.0007886151297880036,1.5514327397867817e-12,0.10320085705272251,3.7016303380186776e-5,1.8582747167256965e-5,3.824054373597623e-9,1.111426709448602e-5,5.228035309711537e-7,0.0002556114948770297,3.029668728538972e-11,6.767698441506044e-11,1.282248064428124e-10,0.00031446673170248415
8.783579487033643e-7,5.750577147285048e-14,0.011027617682053297,0.15320353377206034,5.546384706957651e-7,2.852373393581404e-10,8.735813348562137e-9,0.18293043299167916,7.150355877876305e-11,5.2651468802231386e-11,2.723950808571749e-6,4.959556307043741e-9,1.1157021906825863e-5,1.1935693056231011e-7,8.657813445625845e-11,4.5137750616918924e-10,2.6504894291961575e-6,0.3507396210980013,6.230956195375233e-17,1.3765406387339164e-9,4.428651034839219e-11,1.2289769860992291e-18,0.0013015423309661104,1.1976879889193303e-9,6.502612936141757e-6,0.0003769993293061039,1.5364172032210057e-13,0.00012078002609650354,2.109136863898663e-6,9.506359531453857e-13,1.8077941325900845e-11,1.4232025195286642e-8,1.0115613276086283e-5,0.0001541828712862597,2.456349990418575e-11,7.833977489019669e-14,1.9192513703961237e-14,0.3001018391164719,6.539233904092637e-6,6.883244547010473e-8
1.835069080938392e-5,3.1788587066296295e-26,0.08493979679307816,0.10013704047244362,2.155055296413853e-14,2.2285852483228157e-15,7.160053217091931e-33,0.38461443225245195,1.747688419452254e-18,2.5291855391284158e-20,0.000529738682425414,3.831276012065272e-14,1.8001595312012679e-10,4.1034618582474244e-8,1.6335708236047412e-21,1.412357024149416e-41,1.8910067696875225e-8,0.3709380277186876,2.2496036350277413e-19,0.00524065498432655,0.011308633237956759,1.4529829210917697e-26,9.75260410352698e-7,0.0012167522517019264,1.1453931161238339e-9,9.705568523619643e-7,9.916500596768575e-17,0.002256042630004647,5.370966968334715e-8,9.073063841248652e-28,1.0918104173227468e-7,2.2006708556084607e-18,0.026243841948676665,0.0003920603279172171,5.581213427269616e-8,1.0352336280069205e-23,9.944525931255507e-19,0.0075798370863030635,0.004582563880176625,1.2527744559145715e-9
3.65447574530609e-10,1.0412124055129585e-5,0.014140667797927902,1.2022697741947623e-14,0.18823508011264747,0.0033342344745503805,2.8552350180897295e-27,9.159544308406384e-10,3.0817601583825683e-7,1.3007027344132851e-12,3.953945017474169e-9,0.00024866473188900513,0.0037285014088208695,0.4919462580482382,1.9957229256595267e-7,1.1745985343923769e-8,1.492162121408497e-11,8.902029608795824e-8,2.9544948802124006e-8,3.916120476845634e-10,0.08049375594063937,1.3907406688505131e-14,7.844009488239176e-7,1.1251600606892442e-7,1.3980115983468344e-11,0.010432559747615795,2.974949070674872e-14,4.1724560215761923e-10,0.17041683622878856,0.007010882010706317,6.510541467186819e-15,0.024229313267778652,0.0028593657469653012,0.002894516079602788,1.4836125764626176e-5,1.626054075921963e-11,1.9658213973324704e-8,3.3284097651374105e-18,1.9633241498649428e-7,2.3590961571118506e-6
2.0191872913006506e-5,0.522194110002623,0.008059091525796114,0.016935686402284014,5.239710737671402e-8,0.01183281058714906,2.114417449346231e-25,0.07027232846713162,0.016007520215413146,6.377830584503274e-5,3.085234796167889e-6,0.011962411957392893,1.2298336318055692e-5,1.974641008014242e-11,0.0006839000011176115,0.040184576892025994,0.03803993938708874,4.755410686229067e-10,6.391697795663592e-5,0.006392383969896803,0.002020509168865982,0.002534117959499297,0.003351868649458773,1.527236285866597e-8,0.0009050034027262341,2.2610475407924374e-5,3.590738275281291e-5,0.005644915734549992,1.3706211804149748e-6,7.525454147119676e-5,0.000124907345423901,0.006988580152307066,0.19298545820077304,2.7697154694201717e-9,2.3732014205546004e-6,0.0004407968400767225,4.902738360101465e-5,3.920868399631189e-13,0.0002230479426466154,0.041866149927225545
1.4307117981370347e-13,1.3590637242942354e-8,0.003143356252455595,0.00045391419920450736,0.0003645314904717876,0.0023466393959947875,0.9851935141714693,2.7952819854446787e-16,0.0028232469074276237,6.424921119655426e-13,1.351530752918249e-16,3.57939451802775e-17,2.3686440107215605e-10,1.0530179594263105e-14,3.7694784049490045e-24,6.12446291277801e-13,0.001657779501918491,1.183824829496584e-13,4.711801082513018e-5,2.1081891440048084e-9,5.100109115686557e-12,3.796840725682594e-14,5.474421340648631e-26,0.0014032574763425763,9.532093092936787e-23,1.0993235797741687e-28,0.00025887550425190097,4.299703191022068e-19,2.3395347841071005e-44,0.00151079851798166,1.1168436112150404e-14,8.189334931135732e-19,2.587665017665371e-29,4.8582532573696405e-37,2.9289945958645742e-30,1.5670584735292155e-18,1.2191221688932112e-45,0.0007969526292892151,2.124609390806613e-25,4.616098241701256e-34
0.056205564361839655,0.010194951391922955,0.001402423917421794,2.5099144589210757e-8,0.0003947952893014047,0.0005627893720636842,0.0016356107766819158,3.303093293735499e-6,0.020211967779640055,0.014607668342018161,0.0008602802312346298,0.006684960622490678,1.538297073500723e-5,0.004248711569792863,0.004385118884410189,0.0038219660607263237,0.1250618991974781,0.00874387638966197,1.2378642681228202e-9,0.00031835625764538154,0.017431478423001814,0.01725905159627879,0.13275242360674355,0.014131725175079064,0.0003344611544054557,0.037673057346123175,2.2518173948063186e-6,0.41065845004477886,0.06656985390119048,6.718062150768504e-8,0.0002620200204669081,0.005667492385321727,0.028150309144785265,0.003676585331826748,4.7732368785894654e-5,0.0017505836570106698,1.3916570989594441e-6,0.0002508104637865745,0.003609194199154357,0.00041140768077793503
2.007690223214978e-5,1.5046701129128923e-5,0.1676045464210908,1.2980972988572716e-11,3.5828734875203003e-12,8.976209501553758e-5,0.005553297239451379,0.03557566107938005,0.0016011338761338896,0.1691883696516343,4.1354724391514484e-8,0.035644181670929656,0.003220233432429991,2.0742063685142341e-22,0.06638028280053936,0.05606033971568286,0.3374782043575427,2.232587729096969e-8,0.0004629599669575782,0.014039118986842082,0.003174042425695682,0.005301014780131577,1.657366112254128e-6,3.2574565725522055e-5,8.37382111341437e-8,3.7995079000170887e-10,0.03507300075858348,7.252546283156864e-8,3.951559962093156e-7,0.037898375678554,0.0010651353393352778,0.004497709824744834,5.778763236945913e-6,7.817299181219351e-24,2.4936473238028378e-5,4.330238148730214e-6,5.613221432131801e-5,0.012927074436203148,4.514151167144014e-6,0.006999892591023973
7.772248096407516e-6,0.0020894579317183694,0.000494446850972438,0.00766172522918641,5.987505388466474e-9,0.0006699539260117368,3.419852127293357e-11,0.00033856617596818024,0.006822321910294983,0.031247081656963525,0.00023997543826669344,0.0018628125003932565,0.010283572172524744,7.179416451347851e-11,0.049544031070545655,2.479843064337666e-7,0.0650746464506246,1.6210353488337576e-9,0.007714992091747127,0.17464977395890827,0.006039797358065871,0.002332785172552734,0.021876106826692658,0.006346889543300987,0.05003687431074556,0.006907641907840017,0.19587518252947214,0.00033053782029567047,0.0033819941371149085,0.0005842565787099361,0.06332688218661324,0.0025793167514124252,0.007706224723554632,3.191687184454353e-29,0.015236592671589338,0.043581851460894064,0.16905838366951062,0.0022667835020970532,0.012088567800395899,0.03174194573807982
2.276949158080769e-5,0.6207790561725839,2.1471481038879458e-7,8.215615765116634e-10,1.5282485588478963e-12,0.00022311521756773157,4.532043720663706e-31,1.576187657341911e-6,0.06040927895344703,0.0001207882917889593,0.00042295776777621463,0.0065459222183709255,0.0021300335408589123,1.0757945601455146e-23,1.2994370818868802e-5,4.1442311704289706e-5,0.004626112059732704,4.8224349034864466e-11,0.041709141735234566,0.07922950219653674,0.021444303498135565,0.14081024498718564,5.624117476945219e-6,6.819873428528251e-8,0.009518007272948461,1.0383074502208832e-7,2.2119077614711563e-5,2.3997286133914114e-6,0.008577573664086662,7.896653972167942e-5,0.0012455119591077654,0.00023007490173495014,8.737187689200763e-5,5.1334505073142366e-17,2.4379639365624804e-5,0.0007381338057610047,0.00025783899111767375,5.936982786566095e-12,0.00017949717834471533,0.0005028746246932687
0.0031345583805843743,0.04268999830608755,0.002109687536284314,1.4951221962980692e-14,1.0002869369141885e-12,0.00022516242239707966,3.555112503240797e-5,0.03989883525294631,0.04910839660185856,0.08900235181946602,1.5333915539761254e-6,0.06522858232080413,0.0008460096296651684,6.45391385973743e-9,3.2953348256199295e-6,0.025568811457305878,0.028056899991646046,1.9776712969172044e-9,0.015067739011055906,0.16494255568282615,0.15698080156219837,0.007772284263803274,0.0003689660856046664,2.0016329935199467e-10,4.0899985361930054e-5,7.690000632371789e-5,0.0002231083542295333,0.020191510110797044,0.0022112831620514153,0.06508300549590812,0.012063343972759212,0.01484626197496966,0.02953418409349455,7.273365591965485e-23,6.07930893174686e-5,2.0225442943355392e-5,0.010214435964301478,0.004687667141793419,7.77496427075739e-7,0.14970357490061267
8.474009360657298e-6,0.44457711585078075,8.564884023934803e-5,0.00025691627697084144,5.021733998723265e-14,0.05982185319298173,0.0001326238127534374,0.014813328133033423,0.0006723823983449507,4.275378681020706e-6,0.0005959087829057455,0.0008055525471562263,0.3517928502928416,2.547534648318143e-18,0.017367423434539318,6.622723014443771e-6,0.002546838028624307,8.405243240447083e-14,0.007209643589922684,0.011711777898324376,8.442413976003956e-5,0.0017018773166418164,1.5954089648826468e-7,3.159274689548202e-9,0.020995983328045184,3.313867161323732e-5,0.0006672417082278012,0.007068383537705525,7.844040084362245e-10,0.00011960754409100402,0.0004034191137373204,0.0011167224299204134,9.597997382474525e-5,8.368639602719127e-17,0.008400827095065821,0.015200806842525519,3.1064603825550724e-5,1.2385052406568148e-19,0.031098366912222772,0.0005727581076087959
5.703633634155384e-7,1.858095820722534e-8,3.5163347019541334e-9,2.4871263968263645e-14,0.035999485563441326,1.981166906938007e-10,1.3027651288308815e-26,9.437481267518133e-13,7.042103732513978e-7,1.0456399869340646e-17,8.686316234237269e-11,7.180683223251883e-6,2.985016615406349e-8,0.052878254216855824,3.594166668315885e-15,1.5944018529207333e-13,2.4567621111450072e-11,1.4811218585670134e-5,0.003642650611743086,1.0828743861785254e-7,4.931823027766536e-5,1.4953374599810275e-5,1.0312794631917713e-5,0.01136082568365383,0.0007409383183400248,0.05312480024264809,5.766771399338929e-11,7.821950553787005e-9,0.04856905708165506,0.004479971791435432,8.292354406325842e-20,1.7086051839344678e-12,0.008540612809300727,0.7804939105595655,2.143792669414376e-16,1.6731682296887036e-16,1.996570649193537e-7,7.567296712658436e-27,3.3075000701622615e-9,7.127085483702831e-5
0.04792711542588691,0.10879782079524664,0.00011488459664270836,3.084547682769653e-8,2.0258866270233911e-10,0.05877857844876887,2.8380587603414386e-28,5.7196454572041984e-8,0.00017816038710529767,4.335159059208759e-5,0.05005333113235777,0.000628310775714883,0.011103433324749933,3.365429105439125e-24,0.00857983461901056,3.216926597587562e-6,0.10856180016687601,3.240971100499128e-12,0.00829870023908699,0.0039535823472256265,8.832421022373092e-5,0.006418382250576128,0.0002693747224830142,0.002204807930223553,0.4656806682398356,3.475944418688175e-6,0.0016668552736783695,0.001202844221653566,1.9748812182698852e-6,6.971358097958591e-8,0.0001254721878141212,4.9516020087321466e-5,0.0011789481555377099,2.5080184145266514e-26,8.651592055951564e-5,0.003306298003713846,0.07071306133290539,1.5013387358699538e-5,0.0399659856557535,2.0292475501533885e-7
3.661756964544701e-10,1.3525020340878508e-6,0.009983897622872256,3.285109708512572e-6,4.707415917490608e-12,0.0001482440904428303,7.74655142760983e-9,0.003714738661566347,3.7901867200778553e-6,0.05741602735560991,9.186265426310507e-7,2.4859492783399437e-7,0.01957213870341194,0.00027890399820325193,0.0010940308887081628,0.05743482602579707,0.0050136737492380646,1.1689010776213443e-10,0.003658061069410853,0.003031153789869915,3.7835695021949224e-7,8.731801825120579e-8,6.805213138405144e-11,0.0023375054249124296,0.008745242638121724,0.005243524551455403,0.04817746011244498,0.002859903015035738,3.353860667691584e-5,0.18658095639656436,0.370422173171882,2.4288224646650328e-6,2.103406533053437e-7,6.442048753659443e-27,7.086982225908179e-7,0.17356327019782375,0.03300845257472166,3.728519452284057e-12,0.007571780674952398,9.707981793045855e-5
0.000263438003258886,1.0927069389016123e-5,0.10030701391423179,0.10309456827875531,5.642254394209548e-8,2.4713116948831236e-6,6.112037604440588e-17,0.4745081785396185,2.6063135958983655e-6,0.010962640366955363,0.00020052006408316237,0.001293950089053061,9.391552789401639e-7,2.0419561507868004e-10,7.535048394121543e-7,9.705081281737188e-6,0.03914620000203696,0.00015577658143699184,2.7311285394954243e-9,1.303329311385171e-8,2.785967348808014e-8,1.0140864736511407e-5,0.25202466539008284,5.336326153251634e-8,4.986920674781777e-6,0.0002659129873583064,6.818261462066265e-8,8.820346691217927e-5,0.0015211660363419967,1.4877730576610637e-8,3.3773965700407065e-8,2.1130570101370808e-5,2.689417025863021e-8,1.6896123875276846e-9,9.784301841862594e-7,3.449640580198725e-11,4.098585181619297e-7,0.016044094852735936,1.584083576688293e-7,5.816487180000006e-5
1.1376261433152875e-6,1.4060331816278648e-6,0.25508656373933936,1.120056575004822e-7,0.022773354344578722,1.4250594901078024e-6,2.026832889065144e-13,2.773479513038012e-7,3.3892710931752594e-7,4.366573547832294e-8,1.132992707973938e-7,5.170941547617661e-7,2.6501416466047297e-7,0.0447157481293063,1.941652722663147e-6,0.006893367664545805,0.0004476917909899008,0.042471724646145834,3.670087221748804e-11,0.0013959657950148876,0.000712667342934671,0.00178463372387883,0.00015579885921106765,0.5538581304523442,2.6918843010560585e-6,0.017254084806465706,4.851933517415356e-8,0.00506333450739443,0.042156581546033196,1.1503357119883418e-10,5.187651149311637e-5,6.915401152941963e-7,7.959637699743283e-7,0.005089864620961312,5.163746646301322e-6,2.2462028610972548e-11,3.5979920688696617e-5,1.61051113324355e-5,1.8891735790695146e-5,6.651974024227183e-7
0.004023199394989752,0.08197850456981993,0.002076822536638203,1.9992213508734667e-11,5.727147496724581e-20,0.011393479833682288,1.463489609697395e-7,0.0004222659153230629,0.00027629415583634904,0.12293734248082235,1.559381215600383e-6,0.06786178452526646,0.004655069923145773,5.626627566622531e-10,6.318009544967506e-5,0.4106034259617678,0.0002891100497779131,4.625820670555883e-7,0.02264744283467129,0.0834282856820583,4.6123789925364806e-8,3.815137752159767e-5,6.688166847680769e-8,0.0005374025751611187,0.0015464111610563565,5.38303466360222e-10,0.01451859127264688,0.00011961378305405702,1.4984856483372434e-10,0.030282361761694004,0.007584489967451187,0.016681777760677075,4.664069719653706e-6,1.9833726426104922e-6,1.6460365098220003e-5,0.1147622410653801,1.0763118640194693e-8,8.640014973203653e-15,6.483755385593412e-7,0.0012467017814728717
0.12913237681209974,0.0726312244122165,0.045401581150391564,7.940411236162703e-9,0.005370976562523901,2.292645641818861e-5,1.346287657779556e-14,0.0010261093887415842,0.05625589679634709,5.652838054062872e-8,0.20997636705213885,0.000301271099417434,0.000691633312574032,5.476969413063437e-7,0.0022724284689096975,1.2405825783514944e-10,0.0011180591320516413,0.0004249490860750232,0.020978896618786963,0.0066195527854712175,0.00032651649889022725,0.001770854055229298,0.028407951570729822,0.017910614722662584,0.0103165620597842,0.007455602926068154,1.948426173029231e-7,0.03710300413524066,5.249366441415275e-5,2.3249915714324842e-6,1.1574147516987991e-5,4.1093792139653515e-5,0.07771692575758131,0.01442215368441195,0.00028556857184714596,0.0023194881878452742,0.1134312549008094,2.77795912282203e-7,0.13613266532447188,6.801694628789815e-5
3.1919197666302474e-7,0.0003863820856544886,0.0006144693430506487,1.178343035370441e-10,1.851237306846367e-7,1.0693905734064527e-7,0.00417425322629228,1.6441558018426627e-7,0.00017981716950181498,0.2186757584989322,2.9576331025357465e-6,0.005973101085911699,1.0372796191739455e-7,9.954779785438212e-10,0.00016033349342591387,0.001781366889353073,1.2658724812632232e-6,4.921835955508748e-10,1.7879213142031225e-5,0.0028580585678923674,0.09057279698184538,0.013101538357258623,1.5822284124517674e-5,0.0002468373365103225,4.5897359574875566e-6,0.003739545997116844,0.0004081436236309289,1.8602863662354907e-8,0.19337482043947543,0.004371232478180867,0.0003611203094197356,0.10132246915615056,0.0001315707707889882,9.978654887281046e-9,1.6293006528015503e-6,1.5015761954020752e-6,0.02784766662708627,5.723482508544305e-9,0.00014314293010372653,0.32952901370795795
0.0008624979671100302,5.396268920944013e-5,0.0006444874815341861,5.0748266756805294e-5,3.833080020112399e-10,9.994129232594672e-6,1.0774705468944643e-17,2.4850232725106402e-6,0.028880174864888683,0.2274965376431925,9.374675829584474e-6,0.0003177608876427007,1.1757836509096493e-5,2.2025236441160466e-14,0.0175057886189756,0.009886966598672497,0.009126933602325858,2.904552870898801e-5,0.0026524853624012713,0.0020055899459948913,0.01863414842472443,0.012746599044143443,3.0648599901440754e-5,1.5858036604583542e-9,3.5649417305538175e-7,0.04453566988969388,5.268196849130602e-5,9.605659261141923e-7,0.00010133319968589908,0.5723699052103277,2.548136466486527e-5,0.0002885588749271132,0.00016760484752635784,9.305987739156395e-8,0.00023657309096794115,3.5741405203539546e-6,9.02461235230943e-9,9.59714343711056e-14,1.169389639993956e-7,0.051259092169385456
0.01807058119802423,0.030706805025103843,0.20854324552146267,0.00012459327958040946,9.37998357102107e-7,0.0026712292508245016,0.021305563487387894,0.00010233425280161065,0.0019264239356129964,0.00014047102273825464,0.004033226558109353,0.4698379757080513,3.824893573853402e-5,7.65451585027355e-11,1.2576977628740876e-7,0.006149676685389284,0.02745008685095062,2.4970566480456566e-9,0.0006655820074825202,7.033741769014979e-5,0.003105719094195312,1.0419840460460487e-7,0.03799758543621722,4.6984316839553825e-11,0.017704698740626582,0.0006631532785094717,2.4825795742025688e-6,6.937020746209403e-5,0.057682014878902295,0.015052330038610338,0.00014379882404185637,0.004650566179589441,0.04312692817546149,8.244082289992364e-15,0.014745058755069942,9.030242436244684e-5,3.5134577994155516e-6,1.1774773150305033e-7,0.0028785424219409115,0.010246266035824998
7.141645681442684e-9,0.0019330538800792353,0.1681445390613584,0.08224765889558633,0.03652084481559636,5.896604704508973e-5,0.0026539199353641492,6.829811974924825e-9,0.0004200075898292478,3.9202936389889044e-5,0.003611778381234554,2.46543410335571e-5,4.468034189518566e-16,5.010001743065046e-6,6.213685210898857e-21,0.0022912836219943005,0.0008755123622199778,0.21128773493063266,0.017927237848100668,1.1975743342101964e-5,0.023522573386107595,2.6179257656986243e-9,1.940033022565382e-6,0.21754566631141514,0.0003276692371767833,0.008068746071188976,3.66759014697428e-9,0.028893659023006814,0.045220551948842426,6.721948014923138e-11,1.3812308634956895e-14,2.4073555711504134e-13,1.8685831133026612e-7,0.08738233265628635,1.8704727683996653e-14,1.0538972900710422e-15,0.000751015130053081,0.05603072096844328,0.002697095145767606,0.0015044425143606846
0.00022707677015878738,0.5178405825388954,1.3446317758314469e-6,2.654119369665965e-9,5.287054371536195e-8,0.005817015358083632,3.0040341797646436e-17,0.0013475788295526508,0.0037878775133183534,1.5220765559612255e-7,0.16150197954572182,0.0009050374902090974,0.03791373470754257,4.600891557359041e-28,0.08827949066458571,1.5656257919079492e-10,4.115733194714788e-5,3.1404014392105705e-11,0.0011701237655942069,0.00011380695971595123,0.0022859145599705443,0.0007761021566444445,6.707796556509544e-5,2.7345572906879383e-10,0.1351432780494097,1.7171885672688176e-7,1.1611108144343585e-6,2.878827448398604e-8,1.44895467027729e-6,2.786986607267327e-6,8.147364381931096e-7,1.0437681419291532e-7,2.9028705564871914e-6,2.5716292696250014e-12,0.03168625332922905,0.0057687753964981645,0.00016017318753915806,2.0525597163170404e-11,0.005130560715900663,2.5430772271620187e-5
1.4663041691102112e-5,0.015313729829863844,0.03159675765522049,0.003147367621513532,8.014516450844514e-5,0.026090975538639906,5.791521556472576e-20,0.012553572176204049,0.0053876347720517494,7.748730904311647e-6,0.025312880114097738,0.010354882903582368,3.689198796315325e-9,4.5619095406271586e-5,1.2338742779812803e-11,0.001386175324908296,0.0002272248004595573,0.0033467290538709018,0.009633782370395961,3.06821639955321e-8,0.0005203389940364077,1.1247147129178101e-5,0.005436065909424674,0.022981684991488633,0.001804579902469507,0.44140292434675416,1.5044386967866998e-10,0.001924904304946485,0.37199752197589014,6.223177361943344e-6,1.367887162002499e-11,8.175342655760642e-6,0.0002770182523567757,0.0059593464301778126,0.0012587967483505265,7.917421722051769e-10,2.0967301682790926e-6,0.0012649271911177895,0.0006346808848996997,9.544137887287577e-6
1.0809754065773159e-5,0.023679629657382066,2.8465940060083226e-5,1.564885823180149e-8,0.0024448517873351056,0.0006520135026384751,1.4173943936053269e-6,5.479238592597731e-5,2.6867783031657e-6,7.70690716386703e-6,0.0007141850029809215,0.00041180613118529073,0.22757692960096818,3.2425742513920156e-23,0.0010020573159180467,1.6681578014938062e-10,0.000259672822783069,1.3474687509912946e-9,0.02755720257720495,0.06366665338911683,0.00012197722861068746,0.0009080352083304954,0.00047516572579043236,8.815616014850804e-7,0.3806057580282587,2.284828172178562e-5,0.004918764219154909,1.7787409899370835e-6,3.6849687268768686e-6,0.00011341967949572089,0.0002616869265643976,1.4253735617740402e-6,0.060412893175006685,2.014383411217783e-22,0.023622266080238714,0.10620100935090396,0.03440246049683923,0.0015097803249094267,0.038336523604707136,8.742914019526382e-6
9.33258607579136e-5,0.017126843902264433,0.05476180921761417,0.08303490283787593,0.00041192795841672633,4.163332548260885e-6,2.0944228862860956e-17,3.717588041931689e-6,0.00013732610766273746,0.019965565494044525,1.2201072442121584e-5,0.0017763904208989345,1.1539347975468382e-8,5.07994419565968e-7,2.343575673611758e-6,0.003500361976154105,0.1540785121838651,0.00023695780145494924,2.6485585731902555e-9,0.0004442890313545163,0.019633855843876852,1.1181248257816257e-5,0.17034158793107898,0.006229764933642024,6.53379187471744e-6,0.30054343012887663,3.998549996621735e-7,0.028803058554920272,0.08190144078444829,9.432279005794492e-9,0.0011817061519959816,5.028012012763656e-9,8.046224822724537e-7,1.8807997715165026e-8,5.228489511605599e-5,9.646455803829074e-12,0.001791743997398004,0.053596964189726336,2.8908301233461095e-7,0.0003137601669625315
4.889625950303161e-5,0.004116416129873572,0.014769764466753542,5.814623030407527e-5,0.007932817209327894,9.725210636691601e-7,3.865133933876906e-8,0.00025725693418739495,0.006849250333877891,3.7641310791328776e-5,0.0026981307816374817,0.007547881600703368,7.669279267273532e-6,0.001387829891539209,8.069039487520113e-10,2.9388741542666414e-5,3.0057535657550912e-5,2.7555404141547003e-7,0.00787975248602299,8.336075744241856e-6,0.13418295279689557,9.318443688079931e-5,0.009290222994306697,0.012599967164184479,0.0018279660441456336,0.23028109280638764,5.772830799209932e-7,0.006726004033526253,0.420374290046653,0.01176457694957498,1.3922563110007494e-5,0.00018930758536924642,0.0020253036279665438,0.006132173119566275,0.00013645292592024132,8.569273580411321e-6,0.0010954536422166335,0.01108341645440753,0.00010191111106499396,0.09841213234108137
2.5289128491871726e-6,0.00032336208153772774,0.007133446312511856,1.195438556352879e-10,6.136831181188665e-20,3.8824890504333934e-7,0.002887642424260407,4.454184465093248e-9,0.0006865279554594205,0.00039645127974192323,0.0009629595238061357,0.0005890121312759154,0.12510568479188885,6.163918090692197e-7,0.1257588997267585,0.0011979705401277691,0.002065086041196348,2.0158864982800183e-12,0.022714483903483077,0.08155311241286509,6.03887190407579e-8,5.665075698000112e-5,4.083978899103902e-8,4.142237249894485e-10,0.08665034549511327,2.077884759640414e-8,0.2996199765132291,0.03837099125399341,1.4721025681551166e-7,0.02728554069807222,0.017093118506629812,0.015249782834191256,0.00138321588705321,6.240362094464777e-28,0.000549286956289942,0.06834625866434717,0.06123051570045102,0.00605428011909693,0.0009874209479885446,0.005744168780507481
0.025135782953506103,0.0003330292948654021,0.00021716706680854631,6.885581342146071e-8,2.0943647235780054e-6,0.00021865896972650653,1.0245886530499911e-20,0.004876496721766508,7.142289002694336e-6,3.621819037816526e-8,0.006927031288128946,5.8315993405025267e-8,0.0036079512118679636,2.7224417876798114e-26,0.00014622564300823096,2.0098134349773427e-15,0.021722529487926197,1.0457732606419401e-11,0.0017263476326470004,1.0696362468903625e-5,1.6136797283374428e-8,2.916911719402695e-8,0.0024508089765704973,2.723852047372477e-10,0.4208013018792667,0.005548051177437874,2.379701314678624e-6,0.0009011924997514342,0.0009591490090714979,5.121930256112111e-12,2.2298389508977134e-5,3.5068452416509177e-9,0.01359090740770989,1.2897084363321172e-28,0.1023887583988979,0.00115881111755542,0.10254225135944434,6.558170724305049e-10,0.2842027893763563,0.0004999342741271585
0.0003021582282394331,1.4920756405362785e-7,0.0008059921024549877,1.1614587525295965e-7,6.458506587266868e-9,0.008213163446811037,0.0007943564201912176,3.7031876783336686e-9,0.0006920642811443647,0.00016344459272386871,0.013845384119932615,0.006736026782914227,0.00022109080778387875,1.0219026382197894e-14,0.14201608805484892,8.141573249801752e-6,0.0020484124259233633,1.18702835394051e-12,3.505518308039521e-6,0.05667145398513225,0.0003688080478365176,1.6815854070483336e-6,0.031560098460728866,5.605904982025914e-6,0.004775961802952931,0.0004623247382345205,0.0138932685434125,7.662087508898432e-5,0.0021768319173739643,0.0001447642571515932,0.0854929230251437,0.23708726061466212,0.00043834810109858553,3.8739704988883965e-19,0.01367503350662065,0.0021507494528573124,0.11032696250286898,0.19613627818292723,0.06672352247792451,0.0019813981467392953
0.2182744363451,0.007182086906211898,3.6604698256458584e-5,0.04208035505848826,0.00046934820875082475,0.00042973532479234796,4.460529912666125e-22,0.012054761805386748,0.00026535287813908874,2.866381579033875e-6,0.11809893268740478,0.0111091057326717,0.011640283151390068,2.9559139840109414e-17,6.148458110433798e-5,3.836089814147473e-12,0.00046646524146394026,9.320024820446485e-8,4.5648186205570894e-5,5.7596623508247666e-5,0.13801992854007955,0.015423597783127668,0.06143825833360127,0.008669184324811296,6.5530615587892e-5,0.009162689436772767,7.141921919696701e-7,0.05483940792512323,0.0002803680709301959,2.5337310194222687e-6,5.275210925465903e-8,6.443417439007789e-8,2.0613369201154323e-5,1.7216963895584777e-6,0.009188628513637708,1.7197085396739823e-7,0.26803128840073037,0.011940673020556368,0.0005857729008562006,5.364297370814343e-5
3.6118041466764186e-16,2.755358799679851e-5,5.680534966648357e-7,0.00566373898420914,0.3860852488050221,0.004693355318239029,2.1961176977111122e-7,2.0140461844581618e-16,1.569733979479442e-10,9.596514705758404e-23,8.84645181424602e-15,0.006482788786352232,5.3555921010467103e-17,0.014072806480323134,1.3981684516523556e-22,8.336703123648484e-23,7.56270492290277e-16,0.0007557600613320979,1.0009387036467437e-8,2.2584818952299374e-10,9.462354681735792e-5,2.914888115520675e-6,0.018898955190951548,0.020715443786205393,4.124499556840823e-16,5.6205781182011386e-5,6.982932474579122e-22,1.3023580269069408e-5,0.010106209895076792,1.4885634860157345e-20,1.779882210204806e-26,1.2938903118895293e-14,1.5994427747924855e-9,0.532324520563304,4.177201410321993e-21,8.595063831299391e-26,5.840189242434985e-6,1.013806504395239e-34,2.485833678241403e-12,2.1089593404137172e-7
0.00034904005773126644,0.013477047263039693,0.005360781547150596,1.8629335326026796e-13,7.073127673382737e-11,0.005006409191985153,1.179669259137407e-29,0.000952440512752502,0.00775928354513574,0.00461683279348239,0.062348920068677156,0.028972802925888903,0.36651980960952407,1.2183189517437642e-25,0.03964480310888836,0.003320799144772958,0.08120683201105293,2.953688025408858e-12,0.008281510583211497,0.001025994153654411,7.417029696663773e-5,0.15622202845350838,6.699917579728136e-8,4.515945114605118e-9,0.00924720163593466,2.377485029297914e-9,0.0008085093788518491,0.00029057760538866637,3.8312714670272575e-9,0.0009708434935337728,0.0003137962541484151,4.0252390311699004e-5,2.925758350005375e-7,5.590288087034752e-22,0.015232781546547091,0.18409596165164982,0.00310302735742232,7.829204979205145e-24,0.0007562879816775519,8.850635279347213e-7
0.00010231574647062374,0.01546407307010019,2.6044463058195956e-6,0.00318353672019168,0.010728370956134435,0.0004644928870581384,0.009532461348734717,8.398619832536842e-5,1.0892477941021217e-5,6.845367597323937e-7,0.25644990937930207,5.712952415733413e-5,0.33658816390211366,1.0550333917488836e-19,0.009501997498790497,1.948105539719876e-7,0.0007153210490786451,1.3084650171422772e-9,0.005064513292542864,0.00034398606534379527,1.6731502567089659e-10,1.1400845659662053e-6,0.03313898312891999,1.979521181016063e-6,0.03589365189621705,1.757082525039916e-7,0.007620280169985308,6.222218125664439e-5,0.010466632094829082,3.5358400233027708e-6,0.00011303105193353757,9.91072130669888e-6,0.0011487109400902396,1.4406718772485694e-26,0.01694724279190769,0.04121731733175263,0.0016496084236670308,6.888240515599343e-7,0.19815076341831744,0.005279490486057738
0.08774315115572574,7.5178398132249e-6,0.003425398121179465,0.022075714717264158,1.3325121241175674e-5,3.080639980384764e-5,3.982486887334348e-17,0.00019896032091287665,9.16199359517643e-6,2.5130610990522393e-13,0.30011606397538704,1.5821698873366636e-6,6.103896078678415e-5,3.6331852307662083e-9,8.83286130922453e-6,6.622905677110892e-16,0.00043923142005141194,6.1070077782727965e-6,0.002614561038121166,0.00013703327465717174,1.0071610637733865e-5,1.3323019231868618e-6,0.03812107402998924,6.4778810337383e-6,0.128352737533758,0.001624221600267343,1.2353732949119842e-6,3.976822373691257e-5,0.0034430350220421846,2.3058539881194983e-13,6.023109702838021e-7,3.608905396584747e-8,0.0470099462871558,7.346103982423388e-12,0.07565288045234926,1.2915473317084026e-5,0.06910948930940333,0.008045927511858385,0.21167896657108906,7.923995916383908e-7
5.442801104113892e-8,2.3611191836959344e-17,0.0069635543457178435,0.2729434452687148,3.5283800282636827e-16,2.4061504175998444e-12,1.9080120903108319e-100,0.11934560016894599,4.0086726088019673e-29,1.4158569065850422e-28,9.678503051667191e-5,4.9316141737004975e-33,4.886273170671928e-19,4.724724959991374e-19,2.2665885990088038e-46,0.0024016190044808088,9.84079450681269e-13,0.11187763007921646,2.367763043686531e-37,1.2644839603983126e-17,1.1124254162329326e-19,1.1918918584640215e-35,0.0011175774970567352,3.3558862223421866e-8,2.8007836746058154e-23,0.0022524734016602954,8.870934411506012e-29,2.414157624415992e-6,9.257661431353404e-11,0.0011830316345302606,2.8445545916085154e-18,5.485274398754546e-26,1.3049028927311667e-10,4.0229233674556334e-10,3.4573254643537524e-22,8.88823710962334e-58,1.2592652393751934e-25,0.4818157807959125,7.225067611182126e-33,3.638725247191372e-18
0.00033389326536235333,0.17222049982789078,1.6248529710843348e-8,3.579004095299222e-6,1.6609905937646294e-11,0.005035997451455177,6.347468604747723e-26,0.00582545605615248,0.00026705391942195107,8.327988818800263e-6,0.0172508727835723,0.0010038201106833079,0.1970936943718747,4.0882601353098737e-26,0.0099894427144304,1.3300821975152118e-9,0.0002651572480992636,4.3847305940363974e-14,0.3848425083874351,0.016964406076633534,3.613966920933037e-6,0.07461402483199003,2.1630741350258035e-7,2.680163243663035e-11,0.0004584467210703224,5.340953734736763e-5,3.0401628290860174e-5,0.019481724694719583,2.548424388945346e-5,1.3666266895622611e-5,2.7704782840011905e-5,4.0438641588764585e-7,0.000671981738308106,6.894225224843849e-19,0.08707854328672361,0.005571710582220043,0.0004360871492433253,1.9567824169916353e-7,0.0004230684671949644,4.588902282102253e-6
0.00017800344267790275,0.05590327765088299,0.029408840048193143,0.00011275793955960613,0.005037631536861676,0.00018588187819280772,7.47326780567226e-8,0.0006234112058482133,3.688937149877634e-5,1.3462891324786706e-5,0.014944954504360298,0.05826039522684247,2.9765226186428284e-6,0.016884614004715425,1.2910633341146211e-6,8.197389439341997e-8,0.03551564854966127,8.228247982866469e-8,0.00020438731932350632,0.0002062814974575273,0.04735834988056042,1.2954449191941225e-5,0.005860608009052014,0.028281465771019275,0.0002650472683764703,0.3839519656731298,6.2680885316913485e-6,4.282510419784505e-5,0.16289619906295005,0.00023576740114999122,2.9358199123195514e-7,0.0006244280338817998,0.03957779569442608,6.911723271006862e-5,0.009377853510754548,3.209891750046276e-6,0.08970893858815006,2.485749798381384e-6,0.0007388666312848502,0.013464616734688016
40,50
5.978207495328813e-48,4.218842859552609e-29,4.692963099039865e-24,8.742350263829655e-7,5.660687176091525e-11,0.00713178739830034,2.0982039863185644e-6,0.0012002850492408362,6.649668530609212e-11,1.5225113398097904e-9,1.0822180367893824e-5,0.00032114225917934813,9.60607577285466e-7,0.014914585475178559,0.01561633045577225,1.6899607933327582e-5,0.0042068397904289016,0.02958396117033798,0.003472668785498245,0.05187280725308794,0.09296795200398136,0.13618338939628566,0.0370919624554731,0.00610782009501462,0.022545076220446908,0.026189168649175636,0.0002575785211673666,0.0511576216633793,0.12107000935401575,0.05871017950503872,0.013817623653228561,0.00012638858280790825,0.005876530683865019,1.0864864158467575e-6,0.008562039812757646,0.04313663582433441,0.019460931201675156,1.0571110713061869e-7,0.07520939231973574,0.07037219966887472,4.524285919192095e-11,0.031162634063759825,0.016215490697596327,7.781851470422574e-11,0.014438613350235245,1.0087001914273433e-6,0.0002136946216084445,0.012901346629181331,1.894821735106073e-17,0.007871455888054796
0.035626745488592015,0.059629111635807905,0.08806528693398225,0.07694105309978282,0.09687510872780425,0.08284684304901019,0.0694588584203302,0.08578699234826358,0.0800225357716988,0.06202850758577594,0.06650702930460457,0.051604640534315876,0.011729392074155373,0.042035445312570155,0.020364348900079876,0.025702151591020246,0.010904949586996584,0.0002398566979989749,0.012900422383836511,0.007874826184771045,0.0024657748507347587,2.687958762555033e-5,0.0034958963102332203,6.153072628517177e-10,0.0001975771185429546,2.8919763626949283e-15,3.3107552466600865e-20,3.123153432880814e-11,1.7578270110527823e-19,4.545817972925625e-15,6.608816336941264e-26,0.0006346262540159751,0.0009514282699751392,2.867917154267722e-47,1.1524834874854591e-28,1.0513310341380627e-34,2.9481367528735357e-43,2.3093721050844248e-7,1.4730821023913931e-12,0.00100522177143444,0.00033337061745348514,3.1178212593695885e-17,0.002224732969990489,1.1161202518058767e-16,5.42543637606495e-7,0.00042097794363808646,0.0010986345460912283,1.8137607972656787e-20,6.03535703796969e-85,8.6582512982744e-53
8.320132498649678e-26,0.003143400338051265,4.695032020998408e-29,3.2312423787530465e-20,6.336719961483227e-23,7.27020882809537e-40,0.0007500590447103073,1.9458677308071742e-17,1.356467425393921e-31,5.439723088003674e-20,9.485240396915053e-21,0.0041660517216942725,7.435629042685003e-36,8.597439952054687e-7,8.486582587890846e-5,4.861304684395796e-27,2.861676719765682e-20,0.00045476291550407706,0.003431423125718035,1.0804224555681697e-23,0.0011509426796557508,6.622970527438375e-16,0.002931268267562658,8.140904380227049e-6,3.571416009254646e-27,3.533052938648359e-7,6.554334560618989e-14,0.014744721996969256,5.915645527293732e-7,4.6322999124338256e-8,1.727029129181528e-11,0.01015876476914904,0.00010192922277748589,1.5259397063723856e-8,0.012163799390530453,2.0377417146048655e-5,5.263337534067486e-7,4.3689761488556544e-10,2.926820564888707e-6,0.0031074448121052563,0.004435460616185174,2.1050290363551987e-6,0.031479115164452474,0.03054817917150695,0.12096470237310898,0.1872860615599474,0.2744760856374908,0.2193305629539541,0.0750524575132027,1.997744491664657e-6
4.1204543749521644e-32,3.7182503088519376e-65,3.208352126863037e-26,8.656557645848687e-37,9.244728307816062e-45,3.344945657885864e-20,7.811129307572258e-38,6.404150483781806e-21,1.1199934677076328e-44,6.063921995483678e-49,1.2846209102808653e-49,1.775350218449742e-20,1.2059783381360873e-28,5.0278360541201935e-31,3.4047094083979535e-17,2.5707464187367166e-31,2.682877252432616e-45,2.278870718553245e-23,4.663266960401449e-36,4.268248026701814e-27,1.0933853394752884e-34,3.970484192347395e-17,1.1236798822170363e-30,1.940683392561734e-31,1.1322995568030431e-29,2.4386783786647184e-5,5.896542075716645e-26,8.632169027133995e-13,1.9545007553532998e-5,4.197112937149385e-25,1.6919403833850981e-6,1.2362245969723453e-24,4.307980783749576e-17,1.128690130512371e-21,1.867043766573185e-13,4.328601270454565e-22,1.204347270428098e-9,2.0562350754275336e-17,1.8040972802968527e-15,9.436691616284594e-7,5.4176452514362593e-20,2.7526852315268715e-8,6.970197982532883e-5,3.5182456518980984e-7,1.3222843119343533e-6,0.04310429801693374,0.0854920027868889,0.20390199220418093,0.6673623213813423,2.141338881496117e-5
3.9544369146598974e-89,6.313015991420082e-46,1.368289801983732e-78,0.0018731584802043823,7.819814626901594e-35,6.406684499104872e-64,1.499470207364432e-42,8.561353751697099e-7,2.7360859038589057e-39,2.980841467600097e-46,1.1735145694632191e-55,1.6946116465632706e-46,2.2640180005678645e-60,5.984566462587977e-18,5.036621964760085e-71,0.0054137072223837904,0.007209008763294691,7.234512114580308e-15,1.3029794676842803e-40,0.002269598792572239,1.4821946170312817e-21,2.8290582865470227e-13,4.755179468048637e-11,3.348582428541594e-30,2.709644622786017e-22,0.002607260621585229,1.1116701654741516e-16,0.02575212562484987,1.72412525980102e-14,0.011906813819100097,0.004596150156898313,0.044083014660816766,0.051331077737681266,0.1014056868342489,0.08069971816498353,0.20094168106276147,0.229884080334018,0.15826635204048375,0.03870327246287666,3.5502980281571e-5,1.853884330827685e-7,1.1310998380141824e-8,1.3340565796126795e-6,0.0010000745832655221,0.031167292098602015,4.598157446822042e-12,5.700205377063156e-17,0.0008520360536592844,5.615887212134467e-10,1.245831505945034e-34
1.9080894932553957e-23,1.2232903861441858e-18,3.2750006342831403e-22,6.175873922114374e-12,2.0794103124509134e-7,0.00025574557733735114,1.7457599782008139e-6,5.7837621636072555e-5,4.400453242979482e-7,8.638008661782611e-5,0.005208220743871705,2.073217599229901e-5,0.010216691223121592,0.006107355147016413,0.043206216299187604,4.590872672567794e-5,0.23774525430975102,0.09693271957138493,0.005753810749304355,0.02271275798923057,0.003552737810778356,0.006596255150221924,0.21909709916893516,1.5019762035460276e-5,0.009417745077488087,0.1666995072681235,0.016386058062656157,0.00040366925699269633,0.0005023446070118599,0.0173993480329929,1.534977125492203e-8,5.028482810103182e-6,5.150980529676713e-7,4.940897274815299e-7,0.010894972259309759,7.886999129706786e-5,1.2845394600138658e-13,2.1188944002681104e-9,6.523663567996729e-9,0.00207870874845246,0.04480997094703565,4.040277929862415e-12,1.6519162650178316e-9,8.272235406826714e-8,0.05735390095024639,0.01635562289137632,3.5615198673668304e-17,4.3301160901662593e-16,4.6559826030952425e-24,2.312796337766723e-35
0.27307348422603245,0.1344013076486971,0.10410509947563847,0.11670602666404485,0.09454567905906258,0.048029517644180175,0.035008264865277076,0.03462243263653811,0.033742556870508325,0.033507053163695386,0.03238534577431868,0.01997030714306622,0.016895379391759818,0.007081114248566634,0.004457398294476121,0.0037467942273508147,5.825461350411087e-27,0.0019783931278256764,0.0014385436527970382,0.0009786212119877674,3.147810290717024e-20,0.0005341008949394291,0.000846088634698793,3.4523902107243082e-202,5.59385076077306e-126,4.036133526985837e-136,1.921927057924583e-204,8.592156780712624e-179,3.1946530293841477e-182,3.365002223037205e-148,3.023685623702252e-182,0.0004786673049908818,3.7411350140311194e-90,4.114596137677019e-172,1.687097698297262e-86,0.0004629053207625768,2.4795028633433967e-134,1.989766987144342e-212,2.482096835147004e-258,1.2371680135477431e-147,0.0005757305398129789,1.813508751661083e-165,2.5773069497576237e-95,4.292822136772027e-34,0.0004291879789719721,7.467096149992408e-195,2.1791980061035367e-156,1.7192471177281539e-149,1.1746233441439745e-187,3.9908650944258466e-215
7.598614610110096e-39,6.077395595761452e-42,4.483963147750364e-11,1.6197976596336753e-18,1.64679181176182e-21,0.0029332967360492204,5.329110543940805e-30,4.46067522497954e-15,0.0034079407383651584,1.8202804903770465e-9,3.042138293165956e-29,8.18970791646849e-6,5.171325519965075e-31,1.867958029081088e-24,0.0071053636318585255,6.0539770176157815e-9,9.006640768629494e-28,0.0017996981231621146,5.5122775097617e-13,5.533534281705056e-23,2.9019842759274984e-11,0.001856935127928052,6.505164457071022e-11,3.3904277168027696e-17,1.0655793802061399e-24,1.31000819097655e-8,0.006759238888607892,0.015303835141647066,0.0007843435913673881,0.02099672124443615,0.010296364911316766,5.014312750878646e-6,0.012955784682697964,4.8781901696413974e-6,0.016674907636810735,0.012633976570054235,0.042027295729019136,9.225810575452492e-9,0.01016151840162866,0.04346356245615551,0.03911010479857933,0.014084122712552627,0.005751430511253773,0.08088662923450825,0.16414194428641846,0.19924108478596494,0.13141339167250574,0.15507048975961257,7.346013560002491e-10,0.0011219053424445175
0.0006625831258139325,8.247992211116427e-9,0.05059969443177302,0.03691918823639003,0.061759449011931936,0.00784501996170928,0.028152613995372167,0.00200216084189966,1.816828688781048e-6,0.12980500970016487,0.012431650353226107,0.08387103917901678,0.064604185827139,0.14017442047472362,0.09063484988089142,0.0025966263654830296,1.0884531577354049e-5,0.003075045012503964,0.010654833203439169,0.02824526536811512,0.1532258616643815,0.0008514595294305369,0.00023241247679160607,0.017253033992220564,0.018354600324702732,0.007249763488636362,4.125260970418349e-5,0.0002056358887363578,0.00018383965725773244,7.748599540983231e-7,5.423346392163679e-8,0.04532090605394427,8.4227954701599e-6,2.2886121456193136e-12,3.625252887019476e-5,8.609276223501262e-9,1.9655124552811582e-8,2.6821815442526e-5,0.0001361225620979225,1.626179113800404e-5,0.00014726849897715418,2.4797875399975024e-10,0.002451667386275968,0.000166415273726975,3.054117478764861e-5,1.3739892770332972e-5,5.170979065983274e-7,1.3107916250915797e-9,3.3173751113156166e-33,1.4345083977891838e-15
1.9343376776960285e-10,1.9510385493288104e-8,0.0015887537831284718,0.09916141634082044,0.0798713497656581,0.047664631301105854,0.172138220120906,0.04945676601852231,0.02390333018174074,0.10071968862990067,0.15553913617056508,0.04471423806602638,0.009294912779368851,0.0683980846414575,0.05632429443010501,0.025056290977023908,0.01153497343486565,0.03822654312945358,0.005379682974759379,0.0062648511349998924,1.6377125603237327e-5,3.9403902826500336e-5,0.0025110671681783424,4.9959195914895346e-6,2.1577087404108965e-7,6.081809984582037e-7,1.7732291984533985e-9,2.560540559506631e-7,8.699071144743779e-10,6.699986446266808e-7,7.7116941161231e-15,1.2738213923817067e-13,5.664789595797121e-7,3.611296313418147e-26,6.248224778989073e-13,2.2682401134587214e-19,5.123009436151352e-15,1.2129962091118847e-7,3.1977083075060307e-10,6.698621535986787e-6,0.001503659521725241,3.75810094282683e-15,1.791216437744526e-5,8.2063300604676e-9,3.704881967097325e-12,0.0006602530269279866,8.142085276497038e-12,4.788447902370223e-23,1.9254126087560864e-60,3.858615533565574e-23
1.1873441908852803e-47,2.553571110100653e-34,7.170965993704486e-31,1.75827557254245e-19,2.6899273775583273e-18,1.0935185942482175e-7,5.982721119781004e-7,4.770717205069394e-7,7.701621706520721e-10,1.9330649234334894e-8,0.006512896667595368,9.522934552437607e-5,0.018677817341048522,0.025005087570583756,0.0416147693373827,0.0916072511959101,0.03107478921813646,0.09025297268215837,0.049636042677377805,0.02817339139460988,0.0879666466449276,0.04600574462876537,0.03871658858298254,0.03619863876198807,0.0734559027700023,0.021714413538764115,0.051969187575133725,0.04358363199443393,0.09206151339188393,0.07062640531445205,0.04327823940536537,0.001282766263294047,0.0037735394452702345,0.000363638078758919,1.096294769227188e-12,3.681472765820507e-5,6.221404521898045e-10,0.00599351142190538,1.6973677492796237e-7,2.2804639477662834e-9,1.7152542122889805e-10,0.0003163178741679003,5.769488343058566e-17,8.296141002235033e-14,2.167237747746312e-8,4.360010534607107e-15,4.8528445794572635e-6,2.4370254504770823e-11,1.9547933400561845e-20,1.1861420391828652e-41
7.365380840810261e-14,0.0067486695773146255,4.413708155934408e-6,0.00063684198642344,0.07001616648384879,0.04835478806515614,0.01094460652333799,0.0065171881432465,0.067140937228866,0.002901906049209211,0.10154047079577289,0.017505793321855208,0.1028819315389569,0.00034425359274781897,0.02631009912896348,0.04897002053290156,0.06598616545953682,0.022199674073942344,0.002452611956011488,0.0027489358934716024,0.06342711737970548,7.127247659242863e-5,0.03578453463345701,0.1734481887947386,0.0648529221541913,0.0005344226986654829,0.05507897918733196,3.3213630198241447e-6,8.892027732579439e-8,7.899386700099734e-5,0.0002216534602269901,2.529982783738084e-6,1.9989535682083553e-9,9.842736184648661e-15,0.0007567530236882372,1.3958982414027229e-12,4.407280722821795e-14,0.00020854894751243548,1.002663026907751e-6,2.783868901856675e-11,3.692468496107053e-6,7.8683125824369e-13,2.8932502971969383e-11,9.191538066097211e-7,0.0012983134915288846,2.126585897721213e-5,3.35379324919371e-9,3.4255114661950465e-12,2.8021770774586212e-30,3.455188574938883e-18
7.864180803078543e-34,2.759121076269428e-28,7.376503363065206e-17,2.654657614608903e-5,0.0014581463272608202,0.01817603761247529,0.03419817355567411,0.03550688797828695,0.0399664170345982,0.05076391586796992,0.07321960716742956,0.22382136971594152,0.16498613532100692,0.05894334551641673,0.026066883370000047,0.014041769386108228,0.0096258857141544,0.041603280162528566,0.02355733261366585,0.03362962035685986,0.048886847178434244,0.04175965986981519,0.020485646837091413,0.03550271786196924,0.00014124531901719013,2.429929821417737e-6,0.0011458089860552961,0.0001329457044355038,0.001998110296426123,1.575796675521853e-8,7.419038432229125e-9,1.946610148257499e-10,3.90968956794037e-12,2.041050093319362e-12,1.9642442940258704e-9,2.0552237220725742e-12,7.371669670624725e-12,3.2685073831213674e-17,2.610986246628652e-24,7.563212916384932e-14,2.583436511676665e-11,7.745653979237613e-27,3.585657056392915e-22,4.4815683131155367e-10,0.00034780243825217953,5.405476753021362e-6,5.096327053229869e-14,6.778925703236294e-28,1.1742910413367177e-51,6.105828166070268e-29
1.093713578953846e-126,1.3457538595278052e-38,5.054921898088643e-92,2.67658853265099e-19,3.781509075579625e-84,1.4560772872916563e-90,7.463190298609148e-66,6.628765696997652e-9,1.0156730455628364e-52,2.0635099976099933e-63,3.291765373792774e-74,2.217268632582236e-71,1.5929447318437567e-60,2.705705750391128e-15,5.0291415538264425e-93,3.499118626351737e-19,1.486028572835884e-32,1.775035797452215e-42,1.706954604215722e-35,5.047386985851667e-25,5.21411681655418e-35,1.1958272828187092e-28,1.2794974361261217e-20,3.253546645409836e-49,1.7998558596819445e-42,8.556795647280488e-25,1.1008915434370208e-30,0.005018327004815402,0.004039461304373024,0.03478472292855333,0.012232982016563912,2.904920584886503e-12,0.023288729433112658,0.027868767260616014,0.10390881221251513,0.10974095345930662,0.19007864554855064,0.21456511519709226,0.19502959531241923,0.010695881527162446,0.0032558965918565858,3.5864908969313285e-5,0.013509204473829362,0.021110308931731214,9.82285396196535e-6,0.009448407755127912,2.683420354533197e-12,0.01831608029191534,8.376913370534362e-14,0.003062414353087047
4.732287986955152e-43,9.924511616844702e-27,1.9839063882436262e-21,7.852189154838298e-11,1.5896493082563282e-6,0.003952863204334837,1.5982495793766772e-6,7.121038374869204e-6,4.201088633548649e-6,1.415346945733405e-6,1.278617233596803e-7,0.014020244981986197,0.024844286426800866,0.08032695741712359,0.0525681747917727,0.3277416867936988,0.00252774624944205,0.009680083586793462,0.07905325125451579,0.07059586868333041,0.030015770631138635,0.08316002719092165,0.015026543669231505,0.08550332208412244,0.00047567840625367246,0.002517497495740564,0.01951533212723417,2.528465405405754e-5,0.08309531971441117,0.00021716354722293833,0.002415294071518258,2.2928488457099615e-5,4.064804559529837e-5,3.0742301661688586e-9,9.535420993676324e-12,1.1421490413055403e-18,0.004493529004559976,8.066746996291391e-12,4.1237910028281584e-10,0.00011139868331370578,2.0367980564843794e-7,2.966101851712371e-19,2.0464958227339406e-7,1.797054149933923e-8,0.005700114474266821,0.002301229480452503,3.527172443824175e-5,1.5505083940883107e-22,1.2175716813542976e-32,4.057343421570878e-14
0.13752882814047765,0.20678934970368376,0.23689768773176414,0.11576677887829741,0.07257545311361747,0.08369962132733595,0.04349641429013733,0.018751249740096686,0.02765826862212016,0.029323067984269258,0.014501621187276518,0.0005326220418245591,4.540715319282755e-6,1.1669699832195893e-7,1.1552263597468059e-5,0.00023937347501947878,0.005296307258650514,0.0036575668665373238,0.0007809611055655741,4.787840682698502e-8,8.01709081962217e-9,9.3417595440713e-15,1.7780167617991695e-15,4.521037926348327e-12,2.8813714986389723e-9,3.808428981144449e-18,7.779688514954784e-22,8.6263324987682e-23,4.526796045091536e-25,3.013984630631354e-11,1.2061528710027045e-30,1.3268831688618264e-35,2.9160565840334044e-30,2.823028273130738e-55,1.4024348762896501e-19,7.47382891693029e-7,2.5369841347584327e-33,2.3590322462084537e-11,5.752818053957704e-16,0.0008089426811883308,5.065777640088997e-15,0.0006376677379121721,3.19385565493029e-9,0.0008992295072005066,4.0449893632021935e-13,0.00014196951882092736,8.521057922806773e-38,2.936551065294322e-47,1.0822691167583516e-66,1.0342480991666266e-35
0.008049775526545172,1.2218400678111815e-17,7.363847776393932e-7,1.0593035102595244e-17,1.2058862402534383e-10,1.839552659357332e-26,2.1529921779808526e-5,3.9852209082500186e-10,2.9042238298412272e-18,1.3233057576933487e-7,3.9837063946981397e-13,0.00040233540682046206,0.0026764893121951436,0.0118203842739507,0.0016745932628228822,3.6151159298811223e-10,2.716942967024576e-7,0.0031566269878743505,0.026824963527611996,0.026335840758000703,1.4772586072196257e-5,0.012769256405570936,0.01094643593365131,1.0577187412167258e-12,0.06409101258540607,0.020385101102884218,1.534727948914503e-7,0.000551329648957973,0.012551955979855272,0.0108764913848077,0.005637190132732134,0.02245672815479774,0.01517876402312908,0.0031256905718397817,0.005990369632195782,0.015063591371078645,0.0009417462756636821,0.00640260215577393,0.031439576868943324,0.060452539336492105,0.049014764905334456,0.03045904361999735,0.04362940442920761,0.09254474970260741,0.15450775971092784,0.16784233133155643,0.0643800919475018,0.017781881685155942,1.2670628053036247e-12,9.84774467711691e-7
3.6041567654803146e-56,3.3635103555787455e-48,0.0010922431630256736,4.7829458851564497e-26,9.141063451818999e-78,6.1039114900052966e-27,2.1793896310568295e-34,5.380782610496539e-17,9.420796161418281e-18,1.096947906705726e-25,1.2992061492439552e-65,0.001653725484955358,0.0014929187997431309,2.4106109152704252e-21,6.159056708895824e-23,1.9091857634066403e-24,7.430300626500618e-28,1.8841699767682324e-25,1.190452173238151e-20,1.52957166851074e-45,2.9188994308849325e-20,8.7216846489397e-7,2.9588945159577967e-25,0.0013808879695193204,1.8115884865081772e-12,8.782565109333864e-18,4.712294922973763e-22,1.367673979662886e-5,0.010937485250778435,3.1633092788201744e-14,2.5660670114096362e-5,1.6425728336034512e-17,0.00923206078128196,0.006142882278884585,0.03823273001346355,2.523137075797984e-5,0.020803830534668184,0.06672271913669628,0.04149190782842903,0.03564469653717023,0.0357409669420104,0.07478705513103089,0.08334717758692559,0.08980384226579523,0.09236622591148062,0.08553823266288946,0.15738425170109413,0.11748155274375599,0.028657166315902087,9.523148658090697e-12
7.174618300674453e-13,5.967963948158014e-10,2.2339017639889475e-7,0.024002914202491586,0.040006566214463024,0.04489982480293263,0.014322117596837658,0.0037560310538464273,0.04498340452136065,0.06035661252153634,0.08170241029954244,0.028289483768004733,0.26623059218874284,0.01641032257493915,0.12299512170390754,0.017003640929039405,0.12253479817841775,0.08795353157477916,5.9027422701690927e-5,8.506472071823762e-5,0.005603669401030774,0.0001832025932786065,2.454234574647334e-6,5.0116237537908625e-9,4.1870723831670796e-7,1.942902737686627e-11,9.075719695149034e-13,1.1765442818233225e-6,1.9866367650359174e-11,1.1252965897513954e-6,3.1959152272839106e-13,1.85199064106913e-8,2.447307588337083e-10,1.2035191607830758e-38,2.915114364031476e-17,7.240698743401926e-16,7.831949356341404e-21,3.557851085890095e-6,9.920429144362022e-13,1.0985098775839171e-8,0.014321792530383489,6.434041432665427e-15,1.8121263133795864e-8,1.1918742327142522e-6,0.004275885942360201,1.1380477274660004e-5,2.403361572726126e-6,1.3815946666970247e-24,1.833827401287418e-42,1.7490362536363912e-57
1.2131812646315842e-42,6.795156208765208e-25,9.54607801017204e-20,2.2462176724405598e-11,1.3780490631916249e-6,0.0019465176989131004,3.376785796116257e-10,6.843051603834454e-8,2.5683200377439248e-8,2.7386236894530527e-6,1.3408875992145724e-7,0.027734521369329104,0.008263788576694929,0.00028362698103789034,0.06858288722865205,0.002175183414162878,0.15186482608836663,0.10729096024886364,0.07469705132457542,0.03740855985717848,0.055151212955911154,0.12633943854633184,0.025783557306068433,0.11580268308318224,0.014226708699486154,0.00613417247799074,0.06657782021711253,0.046130367751924806,0.0008339270976581635,0.05901517114896512,5.670581212291861e-6,0.0007177920038164616,0.00024634055181946925,6.690847814327473e-8,9.506984418999895e-7,2.6101660494429583e-11,0.0021541692885629223,0.0002451887469382837,3.5578246193051734e-6,5.170321368009304e-6,0.0003130721567266616,5.480530112061979e-5,4.72556239021048e-13,4.507776016231094e-12,4.0968517733560507e-10,5.875298800607232e-6,1.2566109845323519e-8,1.3510146932578573e-13,3.308030603975609e-12,1.531435932596129e-19
2.023674331324997e-9,0.0018035107290717237,1.0185929898424256e-21,3.367218755576308e-13,1.8174092993448626e-13,0.023610079509998952,0.00020437314066111255,0.010451003032973768,0.01761957195237986,0.03394060658348646,3.1187681153480893e-10,0.05845472418151615,0.005711948599669113,0.09137664203011396,0.08033575411279137,0.04014798992328408,0.033281219237402064,0.025103869050831205,0.11813908119791496,0.07522264171575199,0.025635843463198724,0.09258786395036227,0.106479975209487,0.016119053950316112,0.0684797251101307,0.025674340596390306,0.002022901478485594,0.009020963315598624,0.0006011134230079229,2.4691832820010996e-7,0.0002842346875084958,0.001469655738626674,0.0003372298091457235,9.624205051514223e-9,0.01460392242761331,1.0152229058399895e-12,2.6163204503490756e-10,0.0057012238966180065,1.0691231587605659e-13,1.2623611732859383e-12,0.007517452411953338,6.369784269929567e-9,0.004330531427083733,4.115189408769522e-5,0.003310962309832742,0.00037857222244384403,3.153472853105923e-14,2.167827119862459e-9,3.5895199192580626e-26,3.292428793601311e-26
1.7486833444442362e-7,1.1205944460037093e-11,0.029102705894818007,0.16194556490149353,0.0010742495722594115,0.0001473919720842283,0.0789260759361531,0.05653965667772855,0.0841161054245978,0.130507953795912,0.025690880417621867,0.05791603469240675,0.0011067105569462087,5.2491097681605896e-5,0.026246991610170658,7.519592687873198e-8,0.0929453593314988,0.017082260868760753,0.07296634579552398,0.02407995063219589,4.166083937536043e-6,0.05500488517183168,2.0360284624105983e-7,0.008447344901512116,0.001923341484446767,1.385242726333898e-5,1.0612210259758961e-6,0.016890568476727635,1.4388915722430254e-12,6.641979564143548e-14,1.0962456230550804e-16,1.0593054086424237e-8,1.2819380456703204e-11,1.2940759026402639e-33,0.003356818245038206,2.7168080005097235e-12,2.992212379235366e-19,0.0009097247558124687,0.014332786277840596,7.25144236865181e-10,0.0004295042814885876,1.2436720261086886e-18,1.8838279023470756e-9,0.007164223696900024,0.0050246924012616045,0.024832175118692124,1.2006817229777181e-9,0.00027294462678092806,5.122236650430363e-38,0.000944713553524251
1.4615359229410866e-28,8.561578096248422e-10,0.004651622101676757,2.0658898658211859e-13,6.180746650098425e-14,3.2026055727019575e-12,0.023100199024660144,0.043021571487875186,5.2591422271327935e-14,1.2467969659074112e-10,0.009840887086206979,3.171417185482831e-5,3.957997945533949e-9,4.286654900439679e-7,0.009412462371854707,2.8050735028767914e-5,0.019105390981060115,0.022269290725938255,0.0001477622121844851,0.019066202240903975,1.3190707735837663e-8,0.036603731358049646,0.029723811523178933,0.019933844821046615,0.026719224757364338,0.07829337140380341,0.0744539719486293,0.008364935999775416,0.034882038944714006,0.061521786958427714,0.09043832211134634,5.239785258471511e-10,1.377663710964313e-5,0.09347136298078113,0.00032389544084275644,0.0020216812395463645,0.0425221308852105,0.019328019226291883,0.002082172626877756,0.0008074333296316748,0.0277140439392964,2.2611666524714084e-5,0.008599170631815799,0.08449153939463618,0.02659878920964348,0.016875273425721638,0.052787952034758126,1.8202162310991558e-5,1.1554807833631063e-14,0.010711304880874163
6.696372914175273e-31,3.929023598361116e-29,1.1603376503123499e-8,1.4712624860978983e-26,4.8723355990969257e-54,1.73538602764126e-64,1.7230740050874044e-6,1.240950740961923e-28,1.0062094398833927e-37,0.00016929628642605387,1.59914808228393e-36,1.57872530471945e-8,6.80877090282343e-35,0.0026390587992330488,1.978528480932397e-28,4.294436271177017e-31,2.271895783020578e-11,6.277346099091739e-7,0.003490763775022506,3.2811395129049384e-32,4.902706539689126e-19,3.716054000418958e-16,5.276025778566036e-5,7.459078789275666e-18,4.487059327908195e-21,1.5829560670112496e-21,5.233590498147236e-15,1.7266783632316972e-5,5.0774189080245706e-11,1.5519679329265325e-7,0.010628320350844284,0.004238117181394829,0.010220553641589128,2.542783969731476e-6,0.005730604817571945,0.0796751718207782,0.02001655048044526,0.03330122962329127,0.08225729440709054,0.19061137223386884,0.18700192721225148,0.1393672073168172,0.1029837875193251,0.11112115389880232,0.015709777071128816,0.00022257211462190524,0.0004873850996852701,4.2913911545363335e-5,9.839143342296405e-6,1.5403912999016638e-24
3.5819321893191204e-56,3.129414182488228e-41,2.0290397039979683e-29,2.259520321181208e-16,1.982223146171812e-12,0.0009046543549417362,2.9159184136994032e-6,0.00016303728126960477,4.162749864815537e-6,0.0005615394399410386,1.7015025613463355e-5,4.152591148737899e-6,0.00029972559707015176,0.026652050907427276,0.053323266762296026,0.021332912545795765,0.109750856559165,0.049014903218741926,0.08587540903883847,0.09054424585425466,0.059394675319558915,0.04431554171432448,0.03361809985226914,0.09775539907782237,0.08426044435589101,0.0856971705590173,0.05352718840941872,0.07768576401081857,0.0006496499612807054,0.0030390751627094835,0.00017070352724339255,0.0019842673973113046,0.012343204091328192,0.00457238811840738,4.8460985531107905e-20,3.648838506753256e-17,0.0022000624023052902,1.3687678392493955e-14,4.269837090508212e-9,3.455746792393569e-7,5.38279391505319e-12,5.656906909062725e-8,9.114921524664466e-14,0.0002105320935051131,0.00012449611815806207,4.2523406378349266e-12,8.355017020372503e-8,9.685222951894498e-19,8.370015993680332e-12,4.016949539438611e-17
2.5925844776141464e-59,1.1939099262465039e-6,1.05689082594476e-32,3.170125538846646e-24,2.6046352760451647e-50,1.3384706395935125e-15,6.735782392483762e-8,1.0560598666189297e-9,6.800876705812526e-13,7.929444540584506e-5,1.1507787981864533e-22,0.000451830609709408,9.277232120241776e-24,9.289556189889556e-18,6.270569421238255e-18,1.4274556591167257e-6,6.7097646179932e-8,1.9254568847450103e-6,7.35097261448818e-15,1.2704455235633656e-6,2.47371619783548e-8,4.2448980699334e-7,2.297694199922642e-7,4.627893245684907e-6,9.02379511777981e-5,0.001252215145177047,0.0015528336708001396,0.0054130313813123485,0.008851934748491382,0.023521374427831216,0.028559843927302635,0.004540741064752632,0.08019272106916205,0.1122847106857531,0.13262576045238147,0.17307749358437738,0.11943812690246035,0.11917926223413704,0.07255297648942262,0.03255888128813207,0.01711583890660125,0.021820393524053846,0.0008793549965111866,0.017356049956517038,0.01720930494599085,0.005689102683386456,0.0014994581724184885,0.0021959670102167845,5.667057120911382e-11,1.4479806458646533e-42
6.738455927697393e-33,5.4616278320354537e-17,3.485114945661671e-15,5.7030882219875756e-8,0.001389462113562823,0.006753987783463228,0.014981061798450067,0.005100718542361673,0.05223920477127216,0.06290856101113075,0.006729948164907589,0.00516365109187763,0.0594128906033476,0.0768219144544999,0.08101078848655713,7.651379398689356e-5,0.024679392779148327,0.06014429876395597,0.03899568693115439,0.13615566565586373,0.014847565824038933,0.07482640142149309,0.01537227300802926,0.027620688976007234,0.04427878537091424,0.08464134674417491,0.07014570989925749,0.0011138610549340465,0.02906191473959526,0.0006796896104936827,4.704027197769755e-6,9.033169263319676e-11,9.172470637186246e-9,2.3150964702916986e-13,2.0300504182997774e-6,1.019357612693482e-34,0.001832768355192577,4.960326334481895e-10,0.0029929681350705233,1.4429851938006945e-5,1.1989592232750258e-10,2.887558228151621e-20,1.4605274335066471e-13,2.4120627486568736e-11,1.5277332252967373e-10,1.0490984994749043e-6,3.172036463992475e-13,7.799986472049628e-24,5.119135543799202e-78,7.074622307492545e-28
6.270378943406285e-29,1.7753886472744618e-15,5.90131322618218e-16,0.009040196581989943,1.2693894979107955e-23,3.3469950536422187e-9,1.356873051489191e-13,6.906110684194266e-11,2.2032235499468935e-20,2.9715514279364076e-14,7.249787703539243e-17,5.844810791721427e-8,3.537003526753419e-19,3.986687811319375e-11,7.254595197262696e-8,0.004562339879808769,0.0030532944848908933,0.001558722175780813,1.845426659911654e-5,8.911353108900391e-18,0.013655303925608854,0.00040302560865676035,0.014621743505236708,0.001032963050808684,9.729869850310259e-14,0.009893602979640247,3.4983416006618283e-9,0.019489944860193616,0.006940027086304194,4.5570275890641874e-5,0.008100838789550757,0.04356522100244842,0.04119376227116913,0.047042359294272,0.05379739168015151,0.017088248668756547,0.09262562174260337,0.14186789341706224,0.09996246964017183,0.04727562782881851,0.04601093988178745,0.13617221040557106,0.10905807266674031,0.0027910441211778563,0.02911719838810963,1.133368800637226e-5,4.4369745370025795e-6,2.908628516128422e-9,5.5634212789882864e-15,4.3307157075754966e-13
5.0801086790674446e-23,0.0011485415793128979,1.4193088755589978e-36,1.8704683717453478e-31,1.2333051248995512e-43,2.273772155784217e-18,0.0024319810786935132,7.176842806448999e-16,2.3495828572259035e-8,0.00030513852041349517,1.0969818698363716e-24,1.7958167961142396e-7,7.822412506433676e-14,4.609033902914125e-9,1.9704826862188065e-13,0.008222780809935352,0.00010671652565343458,0.00709019875957121,0.00015262515122413698,0.00022286110907551244,0.013646134200934445,0.007350868712996829,0.011512859632489941,0.0320751720847676,0.03878417172860942,0.035376137009142834,0.07337801861203838,0.06944180808943415,0.08610607718865228,0.0881054926419101,0.11332511804700113,0.1505407627516857,0.08309437754820717,0.07390645388444386,0.06617646815527034,0.005932068435738414,0.020503552481035237,0.009431747908987832,1.6779347525945827e-6,0.0008326693357867508,2.6160032496895995e-9,3.7291080795073844e-6,8.293194839873588e-10,7.95598119248279e-5,0.0002366464554035196,0.0004744679807050979,2.899330685572961e-6,6.263140945604458e-9,1.5523198738973262e-13,1.5650270516987152e-52
1.4945321763202095e-13,0.0172646601615733,0.005776752626734399,0.044366412289448834,0.030797033045088056,0.07754591304228495,0.0013727254677861054,0.22603409850546904,0.22763023765397608,0.08099098116694434,0.07115626244354242,0.11718180749601233,0.03876669085397044,7.85651857518864e-6,0.0010747015412669728,0.030702434826963183,0.004857560995052579,0.0005901967380631644,0.01677403541600426,0.0021386308140674375,4.207796914801633e-6,1.0504519920437635e-6,0.0004822162454510673,1.2151207009280702e-7,5.739244394006235e-7,3.3835570555127596e-11,3.556607844102559e-12,1.4124878559893928e-12,1.3234335942882295e-9,0.004473338927929022,8.917325390242058e-21,2.9492947396310125e-17,5.345499621248944e-19,4.856163703254484e-40,3.513275903160009e-14,4.9671415395043245e-27,5.644488858016548e-19,2.92711768415392e-11,3.992753882669272e-21,9.48881954593863e-6,2.7454246524842736e-11,1.4281789584044727e-15,9.516096683566206e-10,3.8315623638457716e-12,8.00492001934603e-9,3.393236195579927e-10,5.191460730147365e-27,9.58509150905119e-19,5.5279882668052985e-86,1.9902013960972994e-38
6.628772029742215e-17,3.6638812676250564e-7,0.014522298274623473,0.01860784251044667,5.548459024969274e-6,0.034899431379810573,0.04643326147319952,0.006924857588298137,0.011635199761395291,0.038145410982194386,0.0425525686022062,0.034973155726790744,0.035119606213724744,0.06364957802281836,0.04902860099164622,1.7265468570285318e-6,0.0842052791828856,0.044498019957541955,0.05277680861610423,0.06272869530386296,0.024484132570412317,0.07820115910692167,0.022111698532659197,0.040124123007532556,0.04890707736610531,0.03238245975610497,0.013041837898831572,0.03779789945311311,0.016878264114312046,0.0001683752667786465,0.0015242085658767402,0.0012889690323912902,0.0019342741452645215,1.9368786002475464e-12,0.008627943688793426,1.5847850516700346e-40,3.400291227357648e-15,2.3782045380687035e-7,5.371843607644408e-20,1.4901858482630207e-7,0.00515549020558854,0.007018389332116499,0.0015023776210135774,3.07687898720464e-7,1.1351422667891408e-18,0.012431774506969157,0.004638061990332602,0.0010725333284467289,1.8809682432120083e-50,3.0082093370159155e-23
8.494390889562151e-17,8.63438190545025e-14,0.02125501315192231,7.450659097038298e-5,1.5131065573288247e-6,0.03951457891984307,0.09591778890988482,0.07595992512246887,0.008921996555985506,4.282360852642175e-8,0.01551643064045284,2.132257657136278e-5,0.15843156734307262,0.0005660822928953606,0.13030503476010516,0.10012859058859337,0.02078562020678821,0.00022637922129406925,0.01204140754759142,0.012702243888939348,0.02868202670994791,2.8863550833992213e-6,0.00534436845929526,0.013164726011488336,0.003319109440779365,0.058876068952367314,0.0341317067032676,0.002719342043840864,0.04428467053854018,1.3424593516835997e-7,0.04488697414826893,8.518380940059847e-6,4.615037584408783e-9,2.5947229836731063e-15,1.9726848725215498e-5,4.251688315634103e-18,1.7154769777063145e-9,5.527954065881171e-16,4.307595900138371e-7,5.3624922474254615e-12,0.0019531029406339672,1.6418345573604953e-17,0.0002177310530803533,0.01688425734252265,6.106465095485122e-12,0.0037750518707601976,0.0493591166053086,7.460337381520694e-18,2.8376119569707675e-26,6.962207457602411e-15
1.1781217448420547e-47,8.915338903958503e-22,1.2422934452044014e-24,2.998882524095902e-13,7.938615958929232e-7,0.0006080704723489698,2.024477607916106e-20,2.4274853505856683e-6,1.9266076003962434e-10,2.131902733226292e-7,3.403035844441897e-5,0.01303183692736387,0.0005801384537597311,9.616097028597835e-8,1.1875715927548444e-6,9.171724874881357e-5,1.5080593087076613e-5,0.0001841554150141184,0.08557494927110462,3.731995302109862e-7,0.07151231178213012,0.0022438011016332085,0.0009123599447391574,0.05402439455793579,3.9459563583532954e-5,0.1881423144927777,0.0017688187725291003,0.16949274452771484,0.0024904117922277084,0.01529868078123473,0.0005030832826601959,0.05402697367083037,0.006929872340972499,0.013361675260627833,0.16683080431328914,0.11323242339325383,0.011271393593667644,0.00034854289558453695,0.0015689179288117827,0.0072761979810818745,0.00023758103789784876,0.0009596519872066488,2.529966602009184e-5,4.6234414347749604e-5,0.0016390946665761645,8.591458218392317e-7,0.004737919240743591,5.867026337271335e-15,0.010953066172676997,4.12892722633538e-8
4.120762341743148e-117,1.1872584924178227e-78,1.2416981121823586e-109,2.1536490557139858e-8,7.10182225397549e-72,4.5423815226703785e-104,9.698168209575633e-81,1.874475091712713e-38,4.736446324549887e-59,5.852206596621616e-54,2.7315919032062607e-97,6.300763526584127e-83,1.958575007016224e-72,9.75364052580789e-44,5.242002647600296e-111,1.1091358335473866e-44,4.5813614049562076e-5,1.6444083521692226e-48,9.022965425128978e-67,4.214287547743937e-5,3.54196119439657e-44,1.1518526563181167e-64,3.903965575861618e-27,6.185531073874907e-61,6.48333862293951e-45,4.7941270627454424e-23,1.044830899163963e-31,8.144340885381949e-5,3.3005958608524778e-15,1.0497469970291475e-6,2.4025378231205355e-19,1.358300565665459e-7,8.22275886149832e-9,0.002332212993601678,0.0010360966050793434,0.0008767946471830851,0.013196694408883465,0.09681421819847236,0.24211142264593674,0.33351844689780225,0.217086494110004,0.049168116219314106,0.013938139736550911,1.4656973181141285e-7,0.01400795219467938,0.01311917952844477,2.803456871697907e-10,0.0005102686199582366,0.002113201109312463,1.254276345746895e-14
3.4220150756407255e-31,3.612696308382926e-26,7.372776597084686e-19,9.18862828249596e-11,7.161889426554926e-8,0.0022461884293651633,2.0992856719650566e-5,3.1286584000057987e-7,2.1248751889091233e-10,2.7185041276806923e-6,1.172410286016784e-9,0.016368134958168024,0.07831362249997369,0.26630934186767985,0.11289655623350875,0.244995711754043,0.002325895858958045,0.02238671662851916,0.1027543099923165,0.012761911586151376,0.0004241906738753598,0.00012401761299651103,0.0011721034831375452,0.03299912686228816,0.04872455997925452,8.899558870922645e-5,0.0001936152302375239,0.00042337212259188373,7.5350461534370104e-6,0.00012175837959623542,0.006556651932713169,3.435099270532525e-7,1.1216217888779795e-6,4.925358569555762e-8,1.883057358993929e-11,0.005377227101495659,1.2517693702124673e-5,1.5193092525544567e-9,4.721212844747989e-8,0.0008129059369219512,0.008605785354011915,6.696466901205062e-10,6.0202778213085346e-5,1.5078738905135078e-5,0.03134911818545598,0.0015412087192233743,5.977644250253293e-6,1.0898279770016568e-19,1.1407788918862899e-15,2.3188801762455006e-19
1.0596077982704159e-26,6.183305136383132e-13,6.648675292029381e-10,4.302570577091915e-5,0.08027749095963313,0.0009994209152747442,9.802383774202536e-5,0.0024844523515501343,0.0020946309917768656,0.0029317634859462706,0.04208303373755767,0.014546428776764367,0.10782817242982663,0.08713940289967437,0.12215833076148698,0.17910225524555048,0.04293746870160735,0.005808165769537584,0.015759196080290624,0.02401285468659151,0.15036727232609293,0.0017741002100776005,0.08201930061027664,6.210775987315423e-5,0.033656034131802716,0.0002239498787288878,2.1989519174672855e-7,0.0004769728803054412,0.0009018243064912503,3.867638482656091e-8,1.073501924074301e-11,1.872400965832185e-9,9.461056317343801e-10,8.131619374049671e-22,1.7481132202381777e-15,6.157402822401443e-32,1.3483327327656953e-18,8.473249728149273e-17,4.0799530542757843e-22,5.765012264860347e-9,1.7932589016484618e-13,6.159487446515563e-9,2.5907034516218415e-15,0.0002140460584781044,1.5965411380824635e-19,4.324915120227478e-12,2.3648667994536333e-16,5.059789355519661e-10,3.970064264320518e-51,9.657432485640962e-36
9.269560369108524e-52,7.731361185190988e-32,2.1727577656709134e-23,6.386852200269226e-17,1.4942161480579724e-12,2.6230730491133325e-8,2.8494915062680183e-12,1.1393043204482972e-8,2.676548918663664e-15,1.144022240332937e-10,9.404377181397683e-8,4.093927281004907e-8,5.591246796708902e-7,5.689711978067623e-5,2.8693227738414875e-5,0.00012449450202969058,9.883652456388819e-5,0.00694328468612741,0.0005609874319886591,0.0008609359831556323,0.028012567988876275,1.5674184806496854e-6,0.12744073932712516,0.01862281212793173,0.10228222371139997,0.0004046924768936364,0.06560405376079347,0.02311420549893148,0.05964270771017073,0.15187747838586693,0.10204449683192669,0.12495553263460984,0.10334831326583067,0.020967361659605867,1.3487084050806283e-5,2.210830669596048e-6,0.003531674561824575,0.002273648788405275,0.008816521096591059,0.0002622322938475059,0.004695333766005142,0.00268832047317847,0.01861112503000565,1.0136011535701331e-8,6.295374574223484e-12,0.00967827871713587,0.009703523776013067,1.8637821109298363e-16,1.9290281287283666e-7,0.0027298264130789225
1.275139086706874e-67,3.1140835690471854e-29,7.14932526498519e-45,5.387323006997086e-39,4.570085483600739e-47,2.1731427276235005e-66,2.5139523188036823e-19,1.925653837811696e-22,3.3884043920587195e-82,1.050560164265911e-79,3.74013995252102e-67,7.519798002170791e-33,5.1448852365145565e-50,8.37990340454554e-53,9.950237264842255e-8,1.1078027530053891e-55,8.310046157199679e-46,5.489809425637963e-46,1.8161308572220493e-27,2.669838025602089e-63,2.7967585961415613e-14,5.912516072921814e-51,3.8545623273393e-34,2.5107945255822052e-26,9.508256685727334e-51,3.0858815673006274e-11,2.109954080272611e-43,8.059325344304851e-19,1.0148239581479574e-25,2.4529305152450572e-32,6.934986685984177e-30,3.7634539470851994e-11,3.7400883337599165e-24,3.86832364834407e-32,1.2440079507348159e-23,1.9211355498269467e-33,3.8546767765578422e-19,1.9966493624554877e-31,1.8339426682293174e-24,3.339833358724489e-20,9.934326212267027e-18,8.00513367854194e-17,0.0007337264336027071,4.0187192294269467e-22,0.01076702432310054,0.0018901158728393216,0.006926777502257996,0.016127860924917192,0.1719253242423179,0.7916290711300703
2.8409972958405735e-44,3.2018342698411176e-31,2.1896107445653043e-22,2.0547396629455446e-13,5.815920004264637e-11,3.750523549330925e-5,0.0018421470088160457,0.0003434696699685073,4.145900830802941e-12,0.000959658670853425,3.259380869570882e-7,1.5072175220716444e-6,0.03211806947578866,0.06711333731617121,0.042135050409328155,0.009318474443806754,0.009416666969043481,0.073203358588951,0.06562593721629659,0.08541032055127178,0.00038258888718439496,0.07490348179611112,0.1454755860667645,0.07893673189590421,0.03454208510218678,0.09977670708952853,0.025043670660477482,0.03139752627723249,0.028662811600137086,4.655234126477752e-5,0.024675308823927235,0.05378236993126646,1.3083772874898414e-6,0.008516734456857395,4.3430290732891645e-12,0.005046702870489706,1.3624598177399844e-5,1.662209687790424e-11,3.4460449508974747e-16,3.2800841736718876e-18,1.355647640383075e-9,9.872552205535946e-8,1.2587850079606742e-11,7.250850372926713e-9,0.0012492975680049906,2.4139731813862552e-11,5.577153333705551e-6,1.539834003531133e-5,1.588970463251527e-13,4.864735948725303e-14
0.00011456584291435073,7.755621844924456e-12,1.6599568606950892e-17,1.6030933726298336e-21,1.5882714647249683e-18,0.0005061854715539465,1.6129225553605692e-6,9.147357180836755e-14,0.0001229840512886985,0.0012797285861087663,5.3893730494060414e-9,0.002676911448570874,0.01565056440682512,0.0003222323735249632,0.0018754564527794614,0.004247969062906745,0.04884399917555895,0.058129362005254565,0.011186379716581332,0.1211635814593543,0.031811069583210685,0.033348891839579564,0.06829237685436726,0.051057290943424906,0.00888784673064059,0.1362513044127024,0.07830307585156332,0.05497116013768416,0.06253552182488133,0.032454143951731164,0.040845492919250014,0.0223540804401678,0.032225217840580425,0.04148048455549492,0.004668202000508156,0.0022928489315116184,0.0018430824065571048,6.305413888953385e-5,2.7899894003926597e-13,2.5641154585528823e-9,5.268199754514219e-7,3.2215887634827994e-5,9.930337814659853e-8,1.282790544206876e-5,6.744255390328496e-9,0.030139239992216984,8.396905776713305e-6,1.411834757069565e-10,3.8526499675585857e-19,1.1398557060210718e-28
1.0,0.0,0.0,0.0,0.0,0.0,0.0,0.0,0.0,0.0,0.0,0.0,0.0,0.0,0.0,0.0,0.0,0.0,0.0,0.0,0.0,0.0,0.0,0.0,0.0,0.0,0.0,0.0,0.0,0.0,0.0,0.0,0.0,0.0,0.0,0.0,0.0,0.0,0.0,0.0
0.041615367,0.04554458,0.014887837,0.026434954,0.016634524,0.050909676,0.017988153,0.01428405,0.009820221,0.011185361,0.034427125,0.031462025,0.007105588,0.082065254,0.03624933,0.056035046,0.015498669,0.022144997,0.14582843,0.028114747,0.020213012,0.012912782,0.025015991,0.019755445,0.02374638,0.26302934,0.3793903,0.01216498,0.1115488,0.02068529,0.021163935,0.029126221,0.06410989,0.03286335,0.016077735,0.018423086,0.01930067,0.030207925,0.027219769,0.03855908,0.024373591,0.017136134,0.022649368,0.02317547,0.017572584,0.021655984,0.018862281,0.0136501845,0.19751987,0.025697025
0.01428405:7,0.016077735:10,0.011185361:3,0.041615367:40,0.009820221:2,0.0136501845:6,0.015498669:9,0.026434954:30,0.01930067:17,0.018423086:15,0.050909676:42,0.06410989:44,0.018862281:16,0.014887837:8,0.021163935:21,0.03624933:38,0.03286335:36,0.02068529:20,0.01216498:4,0.031462025:35,0.04554458:41,0.02374638:26,0.082065254:45,0.024373591:27,0.007105588:1,0.19751987:48,0.017572584:13,0.021655984:22,0.027219769:31,0.03855908:39,0.02317547:25,0.3793903:50,0.030207925:34,0.029126221:33,0.028114747:32,0.019755445:18,0.020213012:19,0.016634524:11,0.034427125:37,0.1115488:46,0.017988153:14,0.025015991:28,0.14582843:47,0.025697025:29,0.012912782:5,0.017136134:12,0.26302934:49,0.022144997:23,0.056035046:43,0.022649368:24
