55
0.1379754793966389,3.868315283687227e-13,8.803871594643831e-15,2.711513283706913e-13,0.2590345812341136,0.030802594455096716,7.314087382763963e-8,6.384218886563145e-7,3.3266077254509883e-19,0.0022840599176233794,3.4395669622530275e-9,4.386577179153523e-9,3.61621955650824e-16,0.0011097491355540187,9.907477799989299e-16,5.490462829742986e-12,5.797126878299885e-25,8.948088114831158e-8,0.05452705545528952,1.0045171001239948e-11,1.9095713152020945e-15,6.766841383970787e-6,0.0970873538526363,1.0539638778297242e-9,0.09079245527727194,4.608177841326894e-6,2.170350592470217e-14,5.7857045967869056e-11,7.471376186969444e-14,3.8043532635956847e-19,3.032808580707157e-12,2.053698950452015e-18,0.0028260425091914884,3.3470357603223905e-6,1.0527572300279619e-9,0.0004449342080779741,0.0003288758396396304,1.8292060279916287e-8,1.2683538201902864e-12,7.333996576925568e-12,0.0006251474911597003,3.613746685316573e-7,4.367162246867515e-15,0.01067068531413925,2.1059258988732374e-8,3.086027240576131e-15,1.5351843703818782e-13,1.555027571535735e-10,5.864813179462433e-20,0.0009421315204457827,2.675020351900282e-7,0.007870214809758379,0.30013087750701467,4.40241935172993e-12,0.0025315605709708405
1.0619791116984173e-24,0.09691102411683009,8.433289621433745e-5,3.5906482273090573e-16,1.056466131062683e-8,4.627189407327044e-29,5.254338813102486e-6,8.325807982715793e-9,1.1537884481458439e-17,6.064714324241291e-11,3.4010715455152836e-18,0.00017194846267029598,7.647857876366599e-11,0.3442850929279949,3.952402246182735e-6,1.6403101782922662e-8,8.252890082430141e-7,1.6167014703371887e-6,6.070055381898591e-16,2.749881114908931e-12,1.0044940524604125e-21,4.85909773335997e-8,4.118459612094785e-13,0.18324424027822858,2.930665245541262e-18,0.0022615441328082023,5.298446595275092e-10,7.832198570341477e-10,1.814414144333813e-12,0.35821125699206197,2.2046342274807702e-33,6.1228458983199184e-21,2.9975714294927354e-11,1.688068043606555e-10,3.022786549307237e-12,5.513751380165377e-14,1.1594309527220081e-7,1.2382285238700887e-20,0.009042967778632989,0.0035703040898860867,4.8629204967714465e-17,3.613764501498344e-7,5.023690387114425e-14,1.8952251044270217e-23,0.000677981768803917,4.301476190350548e-12,4.760768062114812e-18,2.5955138279607095e-10,1.8467269727453693e-16,1.552493665696148e-7,0.0015269394495769065,3.4560421584588234e-13,4.0597908163720054e-22,1.6742252702659337e-14,5.183067088584684e-17
4.999506345751731e-8,2.0041364163472223e-17,2.0130511307153932e-6,0.00032630363599030925,7.869566411278011e-20,7.630792622064224e-11,1.918063649174275e-22,0.13037966010796864,0.0021701517726316942,8.645756994751731e-13,2.2117224273288873e-10,4.274037619552457e-12,0.004799725113341676,2.7157090160329514e-5,2.7418983454968667e-21,8.81946140385239e-7,6.77131762555762e-7,1.0381889459599706e-8,0.0071019887337992966,0.016571915912093373,3.19012374781912e-5,1.2183428534371048e-14,1.354510941663654e-10,0.006380555384082089,2.747336978362094e-12,1.8053892285191757e-9,2.2310055199140714e-7,7.099982752680387e-15,3.6002743303653055e-16,2.7345826262147007e-14,7.040441321201573e-10,1.8545391481634136e-9,3.322192871063826e-10,2.811602130559801e-12,0.24130346607541883,2.7909945628609078e-18,0.012227984667753274,0.3422814154104585,0.002650302942359724,2.901915869227332e-10,6.848547351257426e-14,9.075799241823634e-7,0.21432986871371493,0.018230860405635818,3.214525209842303e-8,0.00018283361918932744,8.225600561742728e-6,0.0006946992024934192,0.000282851978153753,1.4107374863338715e-12,3.2111455384379116e-9,1.2776051472516878e-10,2.3176758360970868e-15,1.3327489856950274e-5,8.04696524208669e-10
2.1863396310713795e-18,4.457491073464307e-20,4.832947897639886e-13,0.00018144559641600853,4.025806463139156e-20,3.027232942458942e-32,3.92243861816572e-27,4.800990537793186e-8,3.578199659015823e-6,0.0006060999067482099,0.001280798377194287,0.02492617494661169,0.001077988962327515,0.020074504272924187,5.683382083728858e-5,9.073098158547204e-5,0.026726309435031882,2.5322200963288945e-8,1.6471787822254403e-5,2.31576091784827e-8,0.3285138631213826,2.9018075029419577e-11,2.7683428069353383e-15,8.312147460469257e-8,3.1378290441501468e-18,0.03276246066208459,2.0044428726337375e-7,3.4638583048084757e-9,1.3962788581209589e-15,1.4969068309228867e-8,2.310075767219457e-8,1.904748800419443e-6,1.7226849984526456e-38,1.278139243504474e-17,0.020710732866284318,4.9247141802422127e-26,4.173597422976913e-6,3.319138202070879e-7,0.003096826435224044,2.4886430208476156e-8,6.737711794452008e-16,4.680234618027364e-18,0.07121902089108516,5.505353578270256e-10,8.549544950122229e-5,3.4075846972174506e-9,0.01298153113889646,0.004505893405024013,0.42845675705864533,4.508298489849129e-16,0.021415300042339883,0.0011633705857937134,8.330911653427716e-38,4.095133331857036e-5,1.3675931210084035e-18
5.522981189594178e-10,4.942101171103651e-7,2.0614582172582261e-13,4.548108425854605e-16,0.001428487741603426,4.401524558245496e-9,1.3043881521161073e-5,3.344234283926433e-20,2.772030581379756e-16,5.126458022662936e-8,0.0009504533846265768,3.45191296431002e-7,1.2959000570169556e-13,6.257322247693329e-17,0.0028203337348479646,3.5413835935465506e-14,1.2754936178361339e-14,3.440763896891641e-5,4.4992889166680866e-14,6.0863331324759035e-9,5.88811603057624e-20,0.3405186119986471,0.00017456280609241026,6.53797477409375e-8,4.008395205368303e-9,0.014694322364158647,1.8651192363330316e-6,0.17139897072282015,0.14441872683992207,0.00010386119155909439,1.4038357503312212e-21,8.516502611103089e-7,9.208857117372063e-27,0.02856280578792178,3.233434943377871e-14,4.0719115874993006e-5,6.271629864885816e-17,2.0293135940011763e-10,4.518130079738503e-14,4.440143309124933e-6,0.16838497715675488,7.664668959444305e-24,7.242703699891606e-14,2.5110193520600763e-8,2.779634096857348e-7,3.7030334318702723e-7,2.3282458983138444e-18,1.0422902877763318e-17,1.593931990892732e-21,0.1264381195748457,1.1777773657400422e-7,2.631981298710693e-7,8.355183244418209e-6,2.5227163683038474e-14,5.8313142503813675e-8
0.03362542392571075,2.7364096902546936e-13,6.390675902364122e-8,2.846489655505843e-31,0.1859265094470941,0.3832407626903123,4.8025106807332474e-17,2.2855359879320546e-28,9.63632170729019e-18,0.0010153094982818234,1.199724044359631e-12,1.3994933396968344e-19,2.3353698914119573e-24,1.246945396157517e-17,1.3282317856906371e-25,0.0005184995268713684,6.010200407647564e-30,0.008888492460461316,1.8825097598254443e-5,0.00020927450344859297,1.2288767501479105e-5,2.4532591870037843e-6,0.009420164235585712,9.419067930203475e-29,0.000692910549841708,5.000421320916664e-12,1.118384522243479e-13,0.005044045350363326,0.021803581937468817,1.6257082607362554e-17,6.248793066030153e-9,1.7255160958467956e-30,6.770571229810809e-7,0.0008621759176331216,7.00854391789209e-11,1.2565940354801632e-13,1.2758119257189665e-6,6.148229238752992e-8,7.588418520165166e-6,6.700461749247228e-33,0.00014482794505345418,5.336507755124066e-10,1.8984402890547738e-26,0.000743589996331295,1.726750539409602e-32,2.68975465852557e-23,1.9419560637909504e-14,1.1733233919971367e-7,9.670476842687274e-27,0.008690781530102852,0.000254496417813253,2.373829232610118e-10,0.26957895422626166,1.3893652923625197e-16,0.06929684161147508
3.3505911416796904e-18,0.6850759507340136,1.6226835102591807e-9,5.3222146680360806e-20,8.746626240128958e-11,4.489649563186587e-27,0.017432954233315527,1.0988023753484721e-13,7.774151873503998e-22,0.0005032792935502947,7.821500610806201e-10,0.004696818464496415,1.589771531303791e-21,7.362814973358931e-7,2.15268834859081e-5,1.2852155971245247e-15,2.9077899399575593e-14,6.510132143494915e-7,3.506968321830228e-19,1.169977295034637e-15,6.301455557360961e-17,0.00022214489944438593,1.458706186248723e-14,0.19884158446152092,2.361440048708118e-13,3.9614413471101233e-7,3.889421185416102e-17,0.0001330840514153752,1.8841060800288429e-6,0.07209790675995789,1.2986841908187985e-32,3.698041108914317e-11,2.9931722984964396e-23,1.3828262402067006e-11,2.6532552014059974e-11,3.0401055738842373e-6,5.1511506700441856e-11,2.5667984639255835e-20,6.217291696105688e-11,4.029629809855645e-17,6.581796114245197e-6,4.308230837952098e-29,1.5398206212006394e-18,3.662019744915367e-23,0.0009316735192876426,1.1283446377219006e-9,1.7816161412339148e-15,5.379005411882879e-5,3.0029103503672306e-16,4.1718895768926425e-8,0.01997595161022919,1.2979260311528511e-11,9.2187659548918e-16,4.460898546532901e-11,2.868607881241219e-17
0.27024153740841544,1.7255557071970682e-11,1.8675031649438405e-8,1.9820738296781162e-13,3.417371248021586e-11,0.04036946706922397,4.682389585092043e-11,0.001105467359098662,6.67342146343309e-6,5.438733343817772e-9,2.0112050183555496e-10,2.340925355897387e-16,2.7293616163434547e-7,1.1156117424141702e-13,5.795723114716765e-6,0.012080067686527998,5.570967162146804e-10,8.632156898085753e-10,0.004596777168650789,0.15623824717700485,0.00574653227382958,6.206657657505493e-16,7.62301559428696e-11,3.3475986443444826e-30,0.00012463129190021092,2.0631576043681652e-22,1.1923150966843632e-11,4.668559064970877e-10,2.271181184772782e-16,9.558525714521875e-13,0.12683326741516912,9.976927243366887e-25,3.3821695146858505e-18,0.00016079398102107124,0.01762835996869486,1.5529773455997945e-15,0.18436666624940432,0.0444309106611067,0.005022360487562737,0.00011140188163909063,6.210555607123914e-9,0.03386787671861423,0.003137993390959887,0.00018887818953409612,4.3865379323638425e-12,1.7732282950468203e-10,4.2125465130858756e-8,0.0005851488977339422,0.0012316348594920588,2.524579734926868e-13,0.00227616713469641,3.886888433137212e-11,2.793601819787403e-7,0.0009484096844320969,0.08869430665778623
1.0757771089211591e-7,5.347195293257227e-18,0.25913002223932236,4.047733015000953e-11,5.5083992055940436e-17,1.0292386748425718e-6,5.882141234611499e-20,8.152978916121959e-10,0.008107680219834724,2.391688163827246e-12,5.972758067889754e-10,1.2411875096245003e-5,0.00013743341972428976,4.204489215671475e-10,5.513292661787195e-21,0.003194095074278509,8.329781484145622e-8,2.4748214934515743e-5,3.5940100231361638e-6,1.67543975666002e-7,0.13006640364766273,1.636361168013051e-5,1.5335872049666609e-13,1.7458663390869937e-11,5.892129192388044e-17,0.010948916800827773,5.017443737014457e-7,2.936132723608205e-16,2.2245050261164716e-18,2.995331078868656e-8,0.00016507156336661432,2.624840712549783e-21,8.529449540734947e-6,1.0897701746893705e-16,0.0017726447713347594,1.940493284303867e-16,7.539395171279182e-8,0.0012024319755306785,0.0006056607247106003,7.932433817225979e-39,2.258797800621091e-15,0.020482448479073573,3.4662030875644588e-6,2.1564185112042114e-10,6.101858419391412e-15,5.644943400906635e-11,0.5586597005050059,0.005433675572845004,2.2679602057593027e-5,1.146942232034337e-18,2.4545425494234244e-12,2.510624697641061e-8,1.5144283598104584e-18,1.5944452755988276e-11,7.068424152688919e-18
7.251048629662134e-13,4.6007043540898117e-10,2.421645885718907e-12,0.01804981869628792,4.4164989449563405e-9,6.894192366289183e-12,1.6467878405323014e-7,0.008693468085315223,6.143066069511091e-16,0.47231458239171914,0.006529933687526281,0.001686570458337512,6.381472074655676e-8,3.8413762032297055e-6,0.12447902206456872,0.0002040761371702879,5.869082370999897e-11,0.0014292942499791175,0.0003651933391846845,1.201102036435301e-6,9.313486187397384e-14,0.0018915365729259715,0.00044060356787417924,4.147071848352431e-7,6.293020122088793e-5,0.005084449188799956,1.101990548659376e-7,0.021839872495940268,0.00019438262396267292,1.1518828016672621e-10,3.660852296771157e-13,8.616854410503741e-5,1.7796297468687402e-11,2.122858272599089e-6,6.701690156101954e-13,1.8144769258246569e-12,0.000375803119186183,2.1208097034995868e-7,0.0001805783618349775,0.19114685916889154,0.0037950524849978966,1.4286985258558863e-11,1.6437447617621648e-8,0.00024777621829937083,0.03723386510146876,9.247209216228869e-8,7.0447831017702695e-25,4.1529874780663605e-5,7.366835978697231e-7,9.735401334394747e-9,0.012881421294323979,0.004615647871354693,3.802018373109521e-11,0.08612057023576716,2.6848734345859015e-9
6.6993648765353306e-6,2.273596152040981e-6,3.9434332298499494e-8,0.009562409173950539,1.4575147098899621e-18,1.1044662817954209e-17,0.002234818002379689,0.045995437516755,0.0019946891289017578,0.035159080343634096,0.2394775784034941,0.013591854541557282,0.017060919040945668,0.00013854481739111976,9.810724382035755e-7,7.930551767795114e-9,9.008446771110946e-12,1.3161906017562226e-7,2.6724743128489587e-11,1.9680724107147388e-11,0.013360537179544947,5.269858948501406e-6,1.8621616389413146e-19,0.031108916693606388,1.3087519803886805e-7,1.0564223938046256e-9,0.08959871565205897,8.100943033026994e-6,8.116614730251308e-8,0.01589338545474286,1.737349165850869e-8,5.8235438247893366e-5,1.0859950551913087e-14,4.6479758912174525e-11,5.000749697949688e-5,5.441003920765766e-9,4.5786925834034444e-11,0.0003202731152152117,8.352421488656629e-9,1.3585033747164207e-5,1.500357144237032e-11,7.035976236096784e-16,0.4118879647922353,6.3749437539394845e-12,3.0442650599478057e-18,0.002005079842649787,2.0495872482994665e-6,0.0027150147571115444,0.06773941572356752,5.557480759525444e-15,1.8741560339804953e-7,4.076983796934274e-8,7.021051012722006e-8,7.439360134507609e-6,2.2547958459268866e-9
1.5990053596926472e-26,0.004954770974077969,1.1164297383364124e-6,5.729032122037321e-17,0.002699980798323626,0.002897366558169532,2.0046134847898822e-5,2.281983117011438e-16,0.005885884180719739,0.0733553133453333,0.004234316536959375,0.10663393890851901,2.937100978913851e-17,0.002376455665754465,0.0023036282065484453,6.119840103486581e-6,0.002049416213361722,6.093047244755258e-8,0.009704218756380294,0.001930808769888837,4.8176500412950775e-21,5.7979731018957925e-8,0.00743675305436669,6.950642942304377e-15,4.476391553449782e-13,0.38344837529101206,1.1684900830835649e-11,0.0012048176194064098,0.00015434762276319991,0.0021862591323690635,0.011290234502936801,1.9990339853899854e-11,1.3049154040997874e-22,1.5800178522720418e-5,2.257044773360696e-16,1.422930473081119e-22,0.012410288500705125,1.307123508330432e-6,0.04164187372023,0.265352734112712,8.008319710284353e-5,6.9696990258573e-5,3.45707797241451e-16,1.3490406461185314e-11,0.0003253455616888585,2.451060837729344e-19,7.741969469857412e-5,1.2573221726561554e-9,1.0928620771154855e-13,1.2120867869714939e-15,0.006269724896245723,0.023898366868270345,1.738404283481217e-8,0.02508305286831453,1.4886212675635277e-10
1.4502458723941254e-8,3.9328765073934736e-19,0.14338314248402664,4.69575348620351e-9,4.887901478709052e-14,4.638864642357025e-13,8.780359050044407e-19,0.0011171603438064343,0.01828739635443662,1.948748019411052e-6,0.004210261001402845,0.0009016648106705812,0.0030100272038635608,8.477812017466717e-7,1.4371185489855415e-21,1.5149768205455287e-12,3.7042729151545e-7,0.01891760267029775,0.0008770441694569163,4.744208180516875e-10,0.38446599593975966,3.735764092774082e-10,1.9197564792695744e-14,5.4105245707369785e-11,4.912845650248986e-12,5.423305292985343e-8,7.63303654600337e-5,2.959988878334018e-10,1.7375527483806948e-22,1.65095170515111e-6,7.719612787267709e-8,3.8514525576140035e-14,2.513527495158296e-13,6.645237513490722e-13,0.024626622876402913,2.834143077942925e-25,5.0678758927504315e-5,0.0007634989003523574,6.8821115441645265e-12,6.684539514156902e-29,4.11921655556852e-17,0.0028157154499924013,0.05306576007362213,7.132747401932919e-9,2.1569725976820304e-21,3.9818098935354745e-8,0.15461330417002433,0.005159445714316914,0.1836391754284177,2.91290361672394e-18,3.7214708377048543e-7,1.2340692521353e-22,2.3546302072359135e-22,1.3784437956631393e-5,3.674028128441814e-13
1.2090883647367915e-17,9.172491910781525e-11,0.005846097296946369,3.860607227805427e-15,8.687255160626023e-18,1.0073589726750514e-22,5.975997255055541e-19,1.0394486654171644e-15,1.2804631040406278e-13,0.0020928759969353733,3.3112972118582954e-16,1.1855736005126455e-13,4.756209965898492e-11,0.002879709968190033,6.133661460470975e-15,8.211858148038711e-6,0.9543530476816889,4.8612012697220265e-12,3.6998170601710805e-10,9.814524434249659e-11,1.8921424375430416e-13,3.7764665563158754e-15,1.9065683245673942e-11,4.734807319623765e-12,4.074651338378072e-15,9.457776886594168e-9,1.6356929338793966e-11,4.516571216329544e-15,2.9047698095549816e-15,0.0021928153534539942,3.3595322084380443e-14,6.254608046289347e-28,3.204865462803032e-15,4.204647987833422e-15,6.164760234149134e-12,6.623161381681692e-23,9.420485222510725e-8,2.6137290922450956e-7,0.009656683768434059,1.9896917112615512e-24,5.051845221695864e-24,0.02296980247982019,3.721191228628745e-7,1.980695945778019e-15,4.8145550509069576e-26,1.1723199834860573e-15,3.546945206461927e-10,7.238916987017098e-13,1.273771406345743e-16,8.935307864203402e-14,1.218601174719299e-8,2.1000807190979327e-15,1.6523423550000126e-22,5.241096122960199e-9,5.96752611371813e-19
0.0047895332053744,5.8417323494684415e-9,1.1589672783540167e-31,1.8270113154748747e-5,2.76581784308873e-17,1.030843701474884e-28,1.3036987162549188e-16,3.162586366465898e-13,1.3853836880587886e-12,0.0030597368354109062,7.421732827710492e-9,0.0017058603551115407,1.7436622776343784e-12,2.110960856978423e-10,0.3719984949079061,0.0008494126297680802,1.05338663888294e-6,2.7663401163460492e-14,1.2074987375698817e-9,1.7442587071788455e-6,1.4927146803705818e-5,4.644909312660926e-6,1.1111447959396052e-6,3.947456270419058e-12,3.120051482558529e-7,0.00020146849297903742,2.3017996684813276e-11,5.486835108016698e-10,0.003459945406939387,8.734454052983815e-11,1.6546627126434716e-7,0.07967370451446229,1.048429967093576e-41,6.0865566339175354e-9,1.1885446551204972e-11,2.5825808616900498e-15,2.1311905608977475e-16,5.1872765587495625e-6,9.068607455617804e-5,0.4625046242919768,0.046559133290254996,9.226201026929911e-29,6.824580725551662e-11,3.4213725535531164e-9,3.684791872118236e-5,1.3990811560960887e-8,7.386598772488187e-10,3.415127094754282e-9,3.2254943812141493e-7,3.3303765835150934e-5,5.107378579610464e-8,0.019323974123056833,2.9942272354707324e-17,0.001527849258279397,0.004137592517563883
5.183106864015879e-12,5.617113695582908e-25,7.512148210029311e-8,0.006239742120946309,0.0002804429781109543,1.800522404423178e-11,4.52679947558985e-24,1.9752386847650095e-5,3.5190701538603606e-16,0.009291916030931675,0.00013388835981989106,8.171323886787197e-5,1.11538813818746e-8,4.80503218946344e-12,7.94264310518815e-5,0.011951871115412425,1.872368215631392e-6,2.9751767782255644e-13,7.137453011465539e-6,0.7159297804589163,0.0031696634450946466,5.844828866246104e-8,3.1307493269715454e-11,1.0674505766327352e-13,1.703097159574586e-9,0.01378483893117639,8.807310879928784e-10,2.792270656700611e-11,3.0196782300960777e-12,0.0010611335477136938,0.0157378628804436,2.296053022140287e-11,7.146475264017322e-20,6.7245528673571024e-15,0.0023981940663366282,8.203123973641234e-16,0.0886890630013024,0.015005430218682224,0.0009625095649706026,1.0117160268118844e-11,4.4666473191260404e-12,0.005719346802824908,0.019212634530464328,1.6339362776711683e-7,9.076793202502805e-8,1.9912454767003665e-12,7.283662346389983e-6,0.0637729272246978,4.192414310628891e-6,8.713824675005664e-15,0.00014941654487548282,4.307065915964643e-8,3.627525001675313e-17,0.026119190774720337,0.0001883247780088313
1.7011262459424974e-19,3.5550129958140924e-12,4.9886268000592067e-11,2.209538709945992e-33,2.3207619209627345e-23,1.7992907888081483e-11,1.0531423772115555e-18,2.9979048960013087e-12,5.824875820351916e-19,1.547101396531312e-8,1.0329007058739939e-25,2.6982871331772068e-5,1.3613715750527536e-16,6.102857977866478e-10,3.2524344552534544e-38,1.920922379529746e-23,0.17838399671125216,3.362072554545647e-19,1.1010639945933457e-14,7.080524862756544e-23,0.00030407885891498725,6.315352946027671e-41,7.519831532981022e-19,7.452653269447559e-31,8.827849499601509e-16,5.823752929133669e-10,7.73776055672286e-25,1.0330868127799041e-27,5.667596063467431e-45,1.8633107084086663e-10,2.7193761047312794e-8,4.139445535568636e-21,1.5595420608080082e-5,1.0209406896639728e-12,2.66032850811836e-9,4.9277562915060925e-6,0.010907058267702779,8.359263321039992e-7,1.886044745778059e-21,2.2673709376225632e-39,1.5723981614303578e-29,0.8046584536157586,1.6741532508796452e-15,4.242310391974426e-11,0.0038239916293172924,1.0076589611584313e-30,1.3460215777186802e-5,4.223392186202991e-12,3.1425470453249435e-5,6.581005398118769e-21,0.0018291055793502244,6.469876452561909e-18,3.911741035781493e-16,4.085070061565929e-8,2.416262963160922e-16
4.989655243634188e-12,7.177773150592974e-20,0.0010494555495309584,0.00025203456317992093,3.903854938076302e-13,3.785618200766461e-9,3.5303505612783274e-17,1.3567676296851447e-6,0.00027596370071422807,1.0432945925539513e-7,0.02883596670229615,2.926203003980261e-5,0.1503581233057092,4.510557504916616e-18,3.8423321695167565e-12,5.517683010448073e-6,1.5207417211684292e-12,0.006566590965510795,0.006783555847677786,8.870329477995239e-6,1.562999412156115e-5,1.5074168330021438e-6,1.2741925086856264e-8,0.02155654142310166,1.5014083689431803e-13,0.06448365238279499,0.10201857988686665,1.06877595091094e-6,6.854571649046234e-9,3.7931785710997197e-17,1.10558302514737e-7,1.3048095390753948e-11,4.8215964961648134e-12,7.725386273448213e-8,0.36046632053116195,1.3270047949049426e-20,8.420918098413969e-7,5.93318327342457e-6,1.3803291165438202e-7,2.2974861073940745e-14,9.03031269001757e-7,0.0005005995022229979,0.1117347657232412,3.756888006884343e-9,0.012334115227524839,0.13270895811206126,1.0964602261154941e-6,1.0157234399444247e-8,2.236665290928908e-6,3.942548259561966e-8,3.98485385297953e-9,7.611405608735718e-21,1.824405166606178e-17,4.1230336033652785e-8,7.240603978365278e-12
0.30119650485940813,2.9369932604440884e-21,5.124759421944199e-16,1.8938583139215556e-5,0.0069091788607410455,2.411087867461537e-11,1.488057237908924e-15,0.001637246747197362,4.468213722460389e-10,0.0025475180236374678,0.06147726700633183,0.00047122177574326397,2.0099708159282316e-6,5.920646653096654e-26,0.0026844753223428824,0.007574503180228971,3.94356299341588e-19,1.058957339426148e-10,0.0054987526662312125,0.00930405228942894,8.054529395478291e-12,0.001977579274417031,0.16258426492105035,9.720964174145153e-17,0.0011716516178646773,0.056765016495034105,1.0305453862968948e-10,1.2085899631505462e-9,0.006256645417625622,1.180716293432823e-23,0.17209034331468553,1.6134623218065947e-12,4.363350407528769e-14,0.007502657472078509,0.0006205863721853169,1.8506108642257362e-16,4.8704091427281334e-5,0.0007285537247735104,0.0252928236094877,1.711957800606947e-11,2.817278220888174e-5,3.000181310042941e-7,0.002957326189384474,0.06645057145952303,0.016150170578795284,0.01579583731193416,4.914954121016398e-10,1.3889162935237278e-5,0.002265841856164505,0.02598931118490038,1.296477518178051e-6,2.666276987091129e-7,0.001415007254806126,0.03401920427002011,0.0005523068233026625
2.005094115689783e-5,5.811936704960533e-29,6.657569355130626e-14,2.8973801828619938e-5,1.2500351977846189e-6,2.874446807063014e-9,1.2097257372557785e-21,4.282918611730748e-7,1.949905412701725e-18,0.0034581586797109037,4.7861264592165805e-17,3.3873257447126184e-5,9.877435045276759e-15,3.714547135304515e-18,0.32172721441529123,0.0007777082975155377,0.0010978103561091702,2.246061481732994e-11,0.014809216584435035,0.47178970732274583,1.3595434169761662e-16,3.252782811166322e-8,0.02545973057325001,5.149214896289148e-17,0.0822212366516181,0.019647140504298024,3.339721444613947e-13,1.2489515292027398e-12,0.0029247138300528713,2.3190906427566847e-12,8.85786671710478e-23,1.247722656495508e-6,5.322230438207966e-21,1.7559406730735683e-8,1.346687651721011e-11,0.003235877536027924,9.061135085605721e-5,4.875822392170543e-7,0.00020699840622535594,0.03502924838801432,0.014940278360445083,3.2297952687398133e-25,8.34667716144864e-18,0.0013546360348528701,1.9520862284237167e-6,6.716597785424228e-14,2.5093635873140287e-22,0.0002514617678424846,1.335272542808451e-7,1.1918613608293874e-9,2.065164017896301e-5,0.00012224567448031174,7.065911010048167e-13,9.493821697671904e-5,0.000651963968980125
0.08083597654406025,6.887317126985788e-19,0.0013924329288495013,2.191252595288431e-12,1.0563524246871731e-13,0.11595708916459076,1.418665149886142e-15,5.366291752739899e-6,5.655112732898632e-5,4.941137593140575e-16,6.079829380685495e-17,1.1367466625814158e-12,4.545342155380125e-9,1.7152873278983445e-16,2.213537703813421e-20,1.1828789050921044e-10,8.738252757590857e-9,1.6937334046116283e-11,0.0028602462593068554,3.3304690603059926e-7,0.12383702574353316,9.556578394158927e-24,6.8708209184471955e-9,1.962482422856366e-11,1.9058362063851102e-7,9.99077266179808e-10,6.100475552549574e-13,2.2892870336553472e-20,3.265165190135782e-29,1.2871381910281627e-14,0.16196357081868532,4.0323886282490183e-22,1.2976680487149505e-7,3.235784499233583e-17,6.945292488056459e-5,9.936789506324319e-12,0.06119061881027693,0.007056276760523086,0.00044056944397243805,2.1389369287128617e-29,5.807987817610999e-19,7.74814979293323e-5,2.6574833907916115e-8,0.0026777628264435566,2.070348246819786e-9,1.5657909684869388e-17,0.3701167064201189,0.0714620932688131,3.791059575319942e-8,8.889198647806243e-18,3.595425773601555e-8,6.632228888458522e-16,1.3804389264962298e-10,1.801032651692235e-9,1.5151765074257062e-13
2.6023249481407057e-32,0.0021515504784688287,1.5330652302925597e-22,0.00664334362908974,4.471785023753251e-16,1.1198724862535724e-42,2.955154466799087e-18,0.0005377882488653125,1.8966233724829628e-6,1.42356944398723e-6,0.020318399682326536,9.759910428948268e-9,0.015213699229680609,5.264851160403613e-5,3.0956932606461777e-6,3.4994117297485624e-6,7.056888322348637e-13,3.089144330981659e-6,1.5396936292456551e-6,9.996296369297248e-17,8.103568375959624e-15,0.05691076494526002,8.594796825350922e-16,0.0068092889357645615,3.4549657043419554e-20,0.025788469066855293,0.007428617446621631,0.03637103222748993,2.0957490702071867e-5,1.3692707751718378e-12,9.881464284653672e-21,0.12766530893133018,1.83085720228708e-59,8.330897151209241e-8,1.6323600700587168e-9,3.2385154141756816e-21,6.710084391821525e-25,3.8658170630720814e-22,7.657181064123513e-11,0.002659096262878238,0.0010930186318033332,7.552543020862802e-46,3.6321353615175195e-6,1.0569292319953754e-14,2.822542318515163e-9,0.6878165975129856,1.1343683090253187e-24,5.220169108172387e-24,1.9577879497888443e-6,0.0024991564263185254,1.170099964451856e-17,1.4423604523517422e-9,4.1314927665123704e-31,2.9238065625631668e-8,8.175606681306719e-17
3.414214411697682e-8,2.153551628013027e-7,4.5915405263663854e-14,1.9364572134127357e-12,0.02301753713842782,2.490285354708714e-9,1.3889850867707022e-7,2.0487761742329749e-13,1.089477737590196e-13,2.937968084133083e-8,9.990009400371185e-5,1.3038597956964754e-11,2.212076985662888e-11,4.253409741548088e-13,0.008709284371779306,1.3333541747318544e-11,4.844627348468869e-13,0.00014105983344336374,3.8952257665528657e-11,2.3329446626776656e-9,2.828886041299891e-18,0.04563442120612224,0.00894348626917113,9.476650719687468e-7,7.047066425620111e-8,3.273167382374069e-5,1.2788330292026907e-6,0.015958813344184534,0.013737761431899538,3.403195301927291e-5,9.905449881129013e-17,1.498975763540987e-11,1.0357257698615487e-20,0.15146354028898953,1.5942198902453497e-11,8.603818316877244e-7,4.48659494369931e-14,3.0561067766684027e-10,2.40248075035126e-10,7.499012890104762e-6,0.3433208467428159,1.021113025410906e-15,2.8766475285578945e-10,2.1487954837408767e-6,1.2783754407817601e-6,5.097060305250351e-6,6.005813044446821e-19,1.125434994824813e-15,1.6988696662857142e-20,0.3876809246374659,3.9896285917249334e-5,1.9396647204648988e-8,0.0011605390723990264,1.6775102029953028e-10,5.601943542309615e-6
1.7269216202403319e-28,3.208836839566931e-7,3.378447370784009e-13,8.414499199990789e-5,4.0135886779099076e-26,2.5180607587289727e-31,3.772287049203845e-18,4.762321728203064e-9,5.448458544037193e-10,2.365091797328383e-8,0.0032175438509562796,8.563456858500267e-10,6.370364277240209e-8,0.7290279080277622,1.5243624901211868e-8,3.7810446609939595e-5,0.00013465236969792166,1.1175578891121444e-13,3.011774124695101e-8,9.65022582670507e-10,2.8554785868289743e-14,0.00013557022321124656,5.082423780912919e-29,0.25417561872324823,3.5253566340398435e-23,9.927228315378479e-7,4.18324021688903e-9,3.461880516860771e-12,6.446468015915494e-10,0.0007247509580972901,2.363146719731026e-23,3.211908663558812e-12,8.579181231930489e-33,1.8994127164302774e-12,3.606904902004229e-11,5.187884371400365e-25,3.02189208235047e-17,5.263557937468907e-13,0.012426036336082793,1.1665024283576244e-15,2.605041020510887e-16,4.3565122143402705e-18,1.7836206563021498e-7,2.647869206389104e-18,4.372580013149835e-9,3.431756965104071e-5,1.018706848007329e-11,5.433834688284787e-19,2.9762304305649315e-12,2.2185000203485884e-16,6.165096414789346e-10,7.046512758942397e-10,6.653023306757151e-40,4.109199422882893e-9,1.0335252508211667e-22
0.002103962212721872,1.4104595020580255e-9,1.1001646395386841e-16,1.0531887779870933e-17,0.5860656085333925,0.0010480147992547146,9.109090464006912e-8,1.6342559848953675e-13,2.0417481232819098e-18,0.016678461402469532,3.334637940879188e-11,0.0007608642921071134,1.3748827880099235e-19,4.0579554528464724e-20,6.49947069006052e-6,4.059269689592833e-12,1.6570410177097946e-16,5.047098121627313e-10,5.929539925157588e-8,2.6855156220812157e-8,1.521502046903178e-19,9.273062748416882e-8,0.14965735644212633,3.360338290987765e-16,0.00046137231705168773,0.015982660213455506,4.3241542556502887e-19,4.848998129520318e-10,5.5378339109792053e-8,9.552657258031815e-12,1.4538871513439856e-13,1.713464582905881e-12,3.0414714963393344e-8,0.0013429148859066807,3.285719751891623e-18,0.030562727790438095,5.856922614202155e-8,7.556163608807082e-9,1.3286337229655078e-12,7.195666526709059e-13,0.053475835492578894,2.0933603765757995e-10,6.751625470804872e-15,1.248649496232071e-6,0.009446723781746371,9.46164427372358e-15,1.267863156821902e-19,1.016191880125472e-9,1.9899385088326038e-18,0.003850930360543635,0.006858113162423753,1.7884612933537553e-7,0.12169504760967077,9.388887302028857e-8,9.602817497595346e-7
7.659386372853758e-36,1.154459128223275e-18,1.2684660907893179e-17,5.965541403321772e-18,3.1440826373004457e-21,1.6115211002648568e-20,9.058700864838811e-22,4.233634784099755e-16,4.6322065598471954e-10,0.015198134947980592,1.976086566221891e-11,0.9235236231925633,1.6537188441252655e-22,0.004514109557957031,3.821657909537548e-5,5.274107308591234e-8,2.219478593278531e-10,6.7731604446960406e-15,1.673887642820388e-5,6.358483853821969e-7,2.2427507485519772e-23,1.5543285489220642e-12,2.8670179002403757e-10,1.9986728671446648e-26,3.775696621991378e-21,0.03168575938586143,5.808772217742382e-25,3.5514044385991066e-20,9.495957886200066e-16,5.7110120532745e-14,3.611518394631731e-18,3.3259204227444706e-12,6.647930126938357e-7,2.641448268433157e-16,9.994344498309111e-17,2.61360527727128e-31,6.186272653460533e-6,1.5321265335658552e-12,2.3822270682453085e-6,0.0007112097286292792,2.46938621648868e-13,0.002686702186400283,1.9021615475617003e-12,1.24563130512092e-11,3.310250613038195e-5,1.5359238471057314e-19,4.209545307018842e-17,1.7326061679018013e-17,1.4075233228318133e-17,6.67327237958067e-26,4.152828176879357e-8,0.0004733029214113755,6.039048737390263e-19,0.02110913569435352,4.041436376422097e-18
3.0359751889790423e-14,8.28928972668528e-6,0.14604793721263787,0.021035331682389566,6.256843787964587e-16,6.936434635452202e-11,8.363928074507851e-11,2.1716855974845427e-5,0.2511109329996504,2.2525139286063425e-5,0.0062060496334201505,2.4184080514416244e-6,0.02206734584580156,6.290367457827344e-8,0.002409847930360937,1.6862829255302974e-9,1.2834495868061169e-8,0.04395914582021937,4.3428562152299594e-7,2.19800614770472e-15,0.07291510590661021,7.883189782915563e-6,1.5932031566584149e-12,4.987915663454325e-7,4.088451401446788e-18,2.438555880637236e-11,0.03104402218958711,6.790992481171895e-7,1.739545372164368e-6,0.003632328463754782,3.1764227020594707e-10,2.207843984327144e-9,3.0056763711887803e-28,3.1344495042732634e-10,0.17202827663841938,1.337280870200691e-21,7.288668524179828e-14,7.644596349564369e-8,2.0734398253839446e-11,7.224556032198714e-10,1.7127309838047902e-13,1.5415381031711916e-15,0.044494528773265644,1.0340864956409416e-16,1.2695033762005599e-8,0.10550272460175718,0.07405121782104264,1.7089551534976218e-8,0.0034288301602019735,9.10083485747613e-12,2.2614262623992866e-9,3.332327387604032e-17,4.651269838397946e-22,2.9333425033700705e-11,5.903135612801525e-15
2.6390665163571586e-23,9.905480617551092e-6,1.0067387882882254e-9,2.2593974726480205e-6,2.0387893857460883e-15,9.039336957024808e-15,2.6530001847130713e-13,1.5599469386372292e-7,0.11608438224901065,0.0022337912724272077,0.00500461863993949,0.0034898296728673233,0.0009181766461558709,3.855891925735165e-7,0.00012417783649448582,1.7630842569405135e-11,1.704705043790435e-13,0.005212519904164616,1.1334128193943012e-13,1.416729653441539e-11,0.00013844068202113562,0.0128346746966005,2.431067066024213e-17,5.198318307743374e-13,6.304343383438069e-17,0.0003242774306423329,0.6597465803859313,0.015315468513704916,0.0002856836586272386,4.057254645516757e-10,6.311756817860506e-14,9.713690533364772e-8,8.091260077323385e-36,1.515500348834393e-8,0.0001833065159523222,1.5669482487085833e-22,1.7430099766706076e-17,3.3451025616716426e-15,6.758189088347167e-9,0.011140038038269354,1.905775590792541e-8,6.275205457334849e-16,0.00031168626863452493,8.884473868680297e-16,0.005924183254315251,0.1607133803202699,4.315714288341525e-12,7.738918625227528e-15,9.43484534927415e-7,1.1388949397365361e-7,9.259851490138797e-9,3.7167373991994804e-14,9.408375863659663e-25,8.713604852457292e-7,4.5917090779318875e-15
1.2745170190416966e-31,4.329003312304856e-9,3.935639354189375e-32,7.744432258215914e-5,8.001466028506175e-15,1.3596717455167512e-43,8.621474135274169e-26,2.2126570832513716e-7,3.7944674246187436e-11,0.00021971399030376904,0.003986521526318725,1.5436775922159619e-9,1.0030584200193574e-5,1.3905409840391323e-7,0.007426580849819345,3.5031412255373923e-6,4.601389667215706e-15,1.8352883599558866e-10,4.0103326412947545e-13,1.169208848280851e-12,1.683929398091753e-20,0.020543395062830164,1.1095199460288859e-10,8.819028700852187e-6,1.7663749727818905e-12,1.90296336663242e-9,2.9553360532329468e-5,0.004852214303362553,0.00044633190408803827,2.8319756603174264e-17,2.2353869258863075e-19,0.7525745045886715,4.4968283782702506e-61,6.334261630322546e-5,1.369691555987734e-19,4.8548844111152004e-26,1.6288533972938732e-20,2.532084068555859e-25,4.729157886075031e-6,0.08326311913985775,0.00020278132406991773,7.388046135025632e-44,4.787299535973993e-6,5.2110422828288115e-14,1.0606890659684886e-5,0.12087119902705294,5.337448814022025e-24,3.4003551544021845e-24,2.5734902278439544e-11,0.005399341609742069,9.514774691639236e-19,1.1118130335384146e-6,2.777127947666682e-26,1.7851655374373267e-13,2.0322769002506625e-12
1.2345279633201947e-23,1.4096342996650964e-6,0.004038121817067222,6.2382934241660745e-22,4.670521164689244e-23,8.6880443944726e-15,1.8717606384300124e-12,1.645000908517489e-17,1.6063440351244864e-20,5.809306249024039e-16,3.6239384454251535e-23,1.6329822368716603e-9,2.991637624265431e-11,0.021575835449814704,3.8971654025633896e-34,6.090344145848316e-24,0.6101649914389758,1.6321264911618214e-10,2.498524830828711e-20,4.0805343483924007e-20,6.028232952928184e-12,2.0931643946499379e-16,2.0042030388834854e-19,4.261929433321021e-17,3.4898890204262625e-14,0.025119263525835392,6.922400504856842e-15,3.28297053487142e-14,6.026795836384249e-29,0.2890655930250866,4.1026991322843734e-19,1.1562557252076014e-20,9.522149296559741e-5,1.1619255145928214e-16,2.3252764505602883e-7,8.431782919626473e-7,0.00011511388792997848,1.931856431499592e-8,4.0555679113987434e-11,1.218230328701097e-36,1.3863041275466599e-30,0.02712939426978945,0.02259963072308,7.918687969680276e-16,2.5606623250233976e-5,1.1463106305460416e-14,2.858414715272828e-6,1.2128470800607367e-10,1.1150408939333207e-5,7.956051191247919e-16,5.47122677753254e-5,2.2920135428856797e-15,5.1376750143631126e-21,2.296898738251604e-14,2.817538974359321e-19
0.010371423737153213,3.920683362678108e-18,1.760742622067527e-11,1.2126512426687047e-23,5.754673951382152e-5,0.016872008904568317,1.1744610444402785e-15,9.623658275692255e-15,6.828980792338763e-28,0.012448596809837762,2.4691102299001665e-15,0.00029538717009148255,1.3215287944313581e-20,1.2351850451044824e-30,9.922751619013262e-6,2.085288521743511e-21,1.4871639583589838e-8,1.4544766513459991e-9,2.224179871187708e-7,7.865942545605435e-13,8.070208745968646e-17,7.483883237438165e-23,0.05014987557894784,5.606072692024654e-30,4.262264832203102e-5,0.010935804059486283,7.449434736666646e-14,1.0601020512029813e-9,5.21169645995164e-23,1.2416288959524162e-17,0.20728139820216387,5.956303925346545e-33,1.4302793494706867e-8,7.365116612221275e-8,1.8011397182663477e-14,1.0984738709961597e-6,0.0020456783435002634,0.004425136036835385,4.0553750773125266e-20,0.00016482298518590775,1.0432230479920444e-10,0.0013017652393487794,1.8248866768056993e-10,0.08710646573245794,1.697969094901733e-11,1.1533186360606974e-27,1.2711203039541358e-14,0.0001289807083624637,4.5595856335269676e-24,1.1337946292213818e-12,0.0201190344815218,1.0495903002842015e-33,0.5760599630482608,6.990934963528444e-8,0.0001820703580004706
3.3736467397970064e-28,5.668255609329383e-22,2.7726044934332992e-33,0.398149416557387,1.0804541090435446e-25,4.45376560546006e-33,2.2341452008257383e-36,2.9456821885123006e-11,0.0013439927196383197,2.6024038039530337e-5,0.0063733256599341585,0.024660011848227564,0.0011347611538325515,0.005459738457526111,0.00010231802418810809,4.2414597655771784e-7,0.0030762217395918254,1.717863114227483e-12,2.71930270808482e-7,2.6476340134112243e-13,0.0014891862530094682,7.792672342843761e-12,5.251347467893301e-16,0.00930674807897263,1.591727840485121e-19,0.00586065692093146,5.883154398354307e-10,4.3073490935520963e-7,1.4911781952290557e-13,1.3333870144794618e-18,1.3817609379339606e-21,0.2671573625351478,1.1195031077828556e-43,1.2970267400347168e-10,2.6761421880583697e-6,7.661932741509399e-41,9.203955706121794e-21,3.692164960227065e-20,8.464801803146242e-6,0.0222503517460824,5.5511251703856044e-11,1.9830714531106097e-7,0.0013749871174644976,3.346519080926802e-19,8.207105761921066e-6,0.00024987685536400625,0.00030495207340970083,9.594304360806974e-18,0.2515411223395591,3.3066120284070695e-14,3.248956036053984e-9,8.73792175867326e-5,7.193862174091956e-31,3.088943415155762e-5,2.4892279515658005e-18
0.0007440174475453877,2.6955097306452895e-12,9.366227278750956e-22,7.506938499925739e-33,0.00881369265307773,8.799436797763686e-5,6.676540801274973e-7,2.0103745417728854e-10,3.095603030645254e-33,6.7933730229298625e-9,0.0035056685062059404,0.0010624483416278299,6.74320227428182e-25,9.000932741079088e-42,6.776362102931681e-21,0.00025718582554032273,9.141581419576812e-34,1.793225364511298e-17,4.5994167364707795e-17,1.453907314320034e-7,1.3112761659118306e-16,2.1859140876053183e-17,2.6440036197880943e-5,3.9882752337876165e-11,5.845056455772449e-8,0.006512769139025026,7.5981677527014e-29,8.090686369979501e-18,8.272296927811024e-31,3.3889611861625226e-25,6.2476678951670565e-12,4.154732413467714e-46,0.29199522262348954,0.005864688758705825,5.161662045725321e-29,0.6561893436601454,2.657805489604232e-7,5.772597073413443e-11,6.409091870616544e-15,3.758431907786619e-12,1.9073703419204605e-7,5.991189948361174e-17,2.1130246120784923e-14,0.0001494641409163373,0.001565560223078642,1.1422292511270101e-29,1.506085666910913e-6,5.971038860763382e-13,1.6740653557947626e-22,6.71207374800144e-17,1.768294049037332e-6,7.964796399096746e-13,0.02321884727680227,1.2893358262177955e-6,7.581650204474037e-7
1.3072509337678249e-18,1.776591143597368e-10,3.113876890249113e-18,0.0006589375357189964,7.2383788491786204e-9,1.2234351854812114e-17,1.7538262885582682e-7,1.3780000779939839e-14,1.6880353068381989e-7,0.0005916181302095312,0.0006618190833608266,0.029195699570313777,2.149054898473574e-6,1.4615549305456103e-7,0.02598707020978096,3.6688287979960146e-7,2.2649047334775782e-9,0.00012057258905368422,1.943566463801247e-14,9.354067031571139e-10,5.905811945903525e-13,0.034213319811687806,2.398725531982216e-6,0.0006319401249253705,2.364721459115535e-13,7.121093032807588e-15,0.025235162243729865,0.6809200341290961,0.04473453429725993,0.011235821617208156,8.195796309474731e-17,4.8038183283460684e-5,5.398197827081976e-28,0.108935205016783,1.420900443183755e-15,8.582209500731305e-9,9.637038424621667e-20,2.3156274262009846e-17,2.7389184296389133e-11,0.0024118516975675736,0.0016906195044079323,3.9889430719206344e-20,3.752027215278026e-8,3.905868817419586e-15,0.00010368949548206268,0.030894163897951757,4.604077131171226e-13,3.427906345171158e-19,2.4342601905445054e-14,0.001674999391649551,4.778206004629266e-5,1.658027581203242e-6,2.8178537825927407e-14,1.5591261150873084e-9,7.120723257358614e-11
7.457275837224681e-6,5.604998623174627e-21,4.77924859082977e-5,5.46912386030555e-9,4.519950327323323e-15,0.04484551505980011,4.845003110895352e-16,0.006504890158061513,2.1436359923228404e-5,3.0354085489718127e-13,1.9025168133457503e-7,1.3986049792286523e-7,0.00019978572688757757,8.888727307881667e-8,7.550094848216315e-22,3.070267373852536e-10,1.7072686227718064e-5,2.024476168018266e-11,0.02598672204201465,2.6997941529962105e-5,0.078512065650171,1.7618178027588608e-12,6.164594680361294e-9,6.500141230072582e-9,2.418647053448291e-8,4.1413549575258575e-7,2.397524935973133e-8,3.954795225348058e-15,5.928735880683203e-15,5.358148843670549e-15,0.19044161603936444,2.881213418256113e-22,6.696041802272736e-9,4.923033946734789e-11,0.2782394440412289,2.845329816562462e-11,0.023322098117468992,0.27232414968647534,1.6966224958705327e-8,1.0756672160122352e-40,4.673429059982167e-12,6.580626293622539e-5,0.0003017485356189137,0.049970906810742614,3.607856781194804e-17,1.3114920107476064e-10,0.02837407962395466,8.366110142028103e-6,0.000769407892406301,5.4137027474442335e-6,1.224242665809349e-9,3.948525153811201e-17,3.9712358294583594e-11,6.198718712567072e-6,1.0417222726597858e-7
7.352747122178265e-14,0.0016297870830423611,3.0123011092176005e-16,1.0562867694060665e-20,0.0039356648175558956,2.8280887344710454e-33,0.6937212700780402,1.4239433471919914e-14,4.0873011568127217e-23,3.37903068644274e-5,3.157223023103515e-9,0.0011889688669353324,5.0346685888534435e-25,3.3373321306198e-20,0.015098882762169396,0.004168055148683188,1.5403383998654435e-30,1.3600846653460254e-12,1.359546766871671e-17,9.597574974478637e-10,3.413426030493646e-16,0.014994120016820628,3.041923620130957e-6,0.029825579080353833,2.5552516725402213e-11,0.005144938013404577,5.596410805996574e-20,2.7441671710528024e-5,1.3587407158340943e-5,1.191612884603407e-8,1.4551365240813265e-24,5.18194454113861e-20,9.624481323948936e-20,7.31220000856211e-6,9.758745593869002e-23,0.21251184601001455,3.0754506297914424e-16,1.106244998326604e-14,3.808460734071029e-11,0.00036898374344506276,0.00576232069567077,1.1202176847261039e-33,2.142139066430077e-25,1.3261691712055673e-11,0.011562345202604199,2.252000034766765e-11,8.144421605392479e-21,4.302820659811012e-13,3.6720538254597315e-18,4.34450294453812e-7,1.4609984727712873e-6,1.4781319070107443e-7,1.5895227294571405e-9,6.965312259272481e-12,3.979033800783067e-9
0.008972135050687014,3.8832058760880044e-13,2.4474014929291868e-17,2.282863660095614e-6,3.1736948977105406e-6,1.9281657729172738e-7,1.1346357809229628e-10,2.8073716887777692e-11,2.795136660224418e-16,0.0012108842757940724,6.269116174641247e-16,6.371938057739591e-5,3.6854999769402083e-16,6.032715509135153e-17,2.6520659478630588e-8,5.440482505277582e-6,1.4935227806090102e-15,2.902629281893077e-14,0.000318295505640289,0.10210566988130021,7.700202800815504e-13,3.03722075586135e-10,0.0018953543017525074,4.9168380991501675e-18,0.6263111357576407,0.02727679854226445,1.5481940885195982e-14,3.2087187363385673e-16,4.482358012460295e-12,1.575149232587781e-15,9.955805898729058e-5,2.7753115178427664e-18,7.398139394486305e-7,9.425669796432691e-9,4.26406470322094e-14,1.6905088596540866e-7,0.019416064173432605,0.00037856269598008366,8.639668056901475e-5,9.280991911382043e-9,5.049648102141235e-6,0.011271814044476159,4.579351837879005e-12,0.19820620497658117,2.891569655316469e-7,7.962756113794178e-14,4.768209148052405e-9,4.192644379811313e-8,1.0126659226003723e-13,7.045878641084188e-5,0.001489647791252796,2.420554194033198e-6,7.838381230291781e-5,1.032119140714749e-5,0.0007187446334895857
0.23822563886823975,3.42934760265081e-13,9.913487698400804e-12,1.1210292746504407e-9,3.5404035889433106e-8,0.009549492292128422,7.650215693989894e-7,0.008653268274980468,0.0009488562388227605,3.4767192459842184e-12,1.4799217823897164e-9,6.267424564573523e-21,3.912539042034735e-8,2.826949042468927e-21,3.9375860068384345e-5,0.018725496376623046,7.186083865031299e-13,8.304306823711965e-12,0.08252989268758384,0.013385068828436764,0.003331971851273326,2.0525497194431662e-15,0.00020548780669558397,7.570256509470529e-18,0.010944736331570596,4.462368862630923e-15,9.458455894633981e-11,2.3382271797365144e-12,1.5502034011483943e-15,3.486615512746038e-24,0.1707415839727568,3.1886179162523746e-19,0.006626311514090196,1.7320618282767392e-7,1.2435501642752073e-5,0.009141288528031671,0.010290509825631636,0.048797261807187,0.00323359898172177,7.835488730396594e-25,1.7328933736159553e-6,3.841954025008146e-5,1.645061736092455e-12,0.21774517142279332,4.275347117379977e-8,4.656314099948253e-16,9.595650905545178e-7,0.01955512432718314,4.28920644734451e-8,5.170465625990663e-13,1.4515890182361484e-7,0.0036886079034584296,0.00012533902665994685,0.003789978193045214,0.11967114529624438
7.856901042615935e-20,8.49341022355212e-28,1.3615368859731233e-11,1.2114194732683778e-8,3.45939122706768e-12,9.528642953202373e-36,3.050231957568134e-33,0.0002924364629707059,3.5194453966076876e-17,0.02318907692266898,1.393136467216993e-11,0.00045661679008594417,1.3224580809602133e-9,9.273061508801353e-11,0.038194259761550615,0.0010670596341527444,4.649931843115567e-6,2.5196066335286157e-18,0.0006842436338741486,0.39501288293610176,1.6484634792074994e-11,9.786893051534395e-15,2.0836707551884266e-11,8.473696748927787e-12,9.353367583969978e-9,0.06667422170385766,7.800017001665425e-12,1.3323726913765187e-19,3.93757168637154e-9,2.7653622004929334e-9,1.2518928720694656e-11,1.5784169979022838e-11,1.2874810385272959e-43,4.1540871360924475e-21,6.794336363079179e-7,1.8900453060972413e-28,0.0007087684027538873,2.024316113593785e-5,0.2512532620248485,0.03153643036767533,7.434531934198211e-15,1.464411156016867e-23,9.963692170472617e-9,6.253414015226759e-7,0.00858007487385149,1.125678513822965e-16,1.1434692235579315e-18,0.003116672384062758,0.00038485346216321373,5.650602348581339e-17,0.00010991835068755487,0.07674416546913258,2.175679394898513e-19,0.10196881926659715,2.264928920040704e-11
7.42719894644839e-5,0.0013846774190014895,9.401200139163566e-18,0.017901359989174564,2.950798632933709e-21,1.6699578097431776e-33,1.0066270850695312e-23,0.0011212790805423813,2.044190912306756e-6,6.1157974122138245e-6,0.0009598519522989408,0.009114715978225128,2.4356182925812774e-9,0.0018278897937274725,3.924524323836505e-6,0.05474122539781507,1.1838088296905272e-13,4.4456168610700815e-13,7.622934735773709e-16,8.489163278796522e-9,2.3557942505258456e-9,8.933043895380731e-14,3.996108502984219e-9,1.705097252692736e-9,0.0033688912656870684,0.04373433862570321,0.0031310518786590966,2.387251138045374e-13,1.7196168529244804e-15,0.0005086926044458764,1.756752359885221e-21,7.66194305473508e-5,4.400874319484335e-8,6.19335087622642e-20,1.1563006898944662e-12,9.71972494442499e-26,6.924942088656591e-8,2.388648439612135e-15,0.06939015697062391,0.5136423923076341,1.2060985311880313e-15,0.0037800460609536952,0.00629783981400431,1.445089787271669e-12,1.1731882897611085e-6,4.716620315704493e-6,0.0008734726229352772,0.0019223495335786334,0.00778683217221213,7.514805849004182e-23,0.001503842778366777,0.23672761159957814,2.411627737074533e-10,0.020112483902851547,2.6108559085455146e-11
9.92582927611635e-12,8.919121322559953e-9,5.2384299134898774e-21,1.1841200953729537e-7,9.197114242793912e-7,1.922820844202773e-29,2.990315937131281e-12,3.095447791576503e-7,6.801401838245796e-12,5.76911302850129e-5,0.0024031770479962045,1.7169108176610717e-9,8.936219307950941e-5,1.3405355333765605e-12,0.006046484951256211,7.584219536605429e-7,1.2633170458423774e-17,8.987744791479147e-7,7.099695375731504e-15,2.1334513098021104e-12,2.8568315323189656e-20,0.5799111168425464,0.0016841363216252144,4.468835520819602e-5,0.00020940452187375084,7.472208116341822e-7,0.0114488570506413,0.24776641497025437,0.005246705015497866,9.148675814427279e-12,1.2170651132295464e-15,0.00580457202626418,9.451230521238046e-39,0.006524778137640301,8.336617998868383e-18,1.797918696215668e-15,1.4791048116772666e-21,1.1290472261636463e-16,2.3594670280702143e-12,5.3297972823588865e-5,0.08346518937443873,1.4839185939652929e-34,1.6571462021378994e-9,4.2119325786647857e-14,0.004307811058615491,0.01018475298843316,4.4113873860612995e-26,3.173868596592458e-14,2.4020320126113644e-14,0.03474731910759827,6.598242975989174e-12,4.6204545331681796e-7,9.608346836510863e-10,6.6959908997723056e-15,1.3507586005529394e-8
1.1818522396799616e-6,7.35445024862233e-12,7.884394845394944e-20,3.3229020789013296e-46,0.00036985194774724704,2.024316759297381e-6,3.4913249616964375e-17,0.0030176941640467003,1.7541913191251854e-37,3.330273049623292e-24,1.212590567129003e-21,0.004669210371984972,8.178136355058876e-19,5.545873706172307e-25,5.52856656355409e-32,1.2866743153381619e-17,1.5796788592869622e-7,1.6784122851501811e-15,3.1720336811608433e-13,6.949895445856147e-22,2.6130062041764494e-19,6.885675618754134e-28,1.2329078332163776e-12,1.8807234093000046e-23,1.9703113898100808e-11,5.698045977986624e-10,1.9012625715480228e-28,8.43548243020254e-27,2.3419853541323383e-49,1.1862540047717665e-17,5.562924817148217e-6,1.482244120745526e-51,0.6909706409673966,2.2819834396057538e-9,4.154381967950262e-21,3.6491308103721724e-6,0.009628043860757309,2.441044001281631e-12,1.0887223367105867e-27,4.217004983684475e-23,4.934025815557572e-18,0.28640012994908864,3.834609604608774e-24,4.128399327166915e-6,0.0044326393931009515,6.64989066898525e-36,0.0004950072431069352,3.355505796164307e-12,1.2689790134507349e-8,7.304615158309982e-34,5.347403154955781e-8,1.5384014153120883e-11,8.411054042550573e-9,3.443126586584412e-11,4.6031072819033626e-14
0.003169635373063769,4.2290172082574035e-26,2.6587285073909406e-7,5.193035500031709e-5,7.891540677920623e-17,5.068744823634215e-5,7.858647390162658e-16,0.07778156271927464,0.0024091844290120997,3.84032726089402e-6,3.945309572932278e-9,0.0037003451967061677,4.640171948656605e-5,2.6316413901893807e-15,1.8439052124853115e-10,1.0228169406835367e-7,1.545014092695864e-7,5.8264235424265334e-8,0.20974594248899284,3.867083087537205e-8,0.16132222306749058,1.5133272237049247e-13,1.3887891190268134e-11,8.690075476801474e-13,1.7707064454097052e-6,4.79343671339138e-8,5.227517691675772e-10,3.379507663813493e-8,5.657617157196613e-16,6.0760903969822885e-12,0.010798157823767645,4.386829879472338e-17,1.8486965469428673e-12,9.557506030069816e-11,0.015156871750815808,1.7398318175239946e-12,0.0020575928206672846,0.005654690301352958,2.2491796343349744e-6,3.0539745142533676e-14,2.3250530073978552e-11,0.01288203700257285,0.22892437398462068,7.379349902361913e-5,0.011976668313314428,1.0081171160202799e-7,0.11402937416407036,0.0022600706551942473,0.04926622107455139,6.426701427241678e-15,4.569281429511904e-6,8.259171719839663e-13,7.624111684243579e-11,0.0886284122592385,5.870536426779465e-7
0.024813200564981264,8.661473970001404e-11,6.159419745824281e-20,1.3302445104371292e-9,1.0169867211103501e-6,1.4303954115377006e-23,5.341023845160783e-6,5.211361108249505e-13,1.980749937711584e-14,0.0007978584920425978,1.7361936985032062e-6,4.866468203578826e-8,6.0936968535202415e-15,1.1875435388722109e-26,0.11776585392707709,2.2856330558361964e-6,7.1340324147257435e-22,1.1368150550360606e-10,2.876638418163474e-6,3.485194002758961e-5,1.7539218952867557e-14,4.8151480092715094e-8,0.00015603633564605993,1.0067554259224393e-11,0.0388093690694831,0.03705630563854817,6.838724200756738e-14,8.839892346214315e-9,1.8198507665889406e-5,1.1885377879624857e-19,5.207117487084014e-6,5.84873807171699e-11,5.634082101746529e-22,1.4037846723337672e-5,6.519642482097893e-14,0.014758135295225497,1.9850572527312466e-8,7.591746092596035e-9,1.3954744582739969e-6,6.499815282098786e-9,0.058334798273762443,1.934369204207272e-15,3.650313587100877e-12,0.003742354205253627,1.390220633037276e-6,1.0013120308674064e-11,2.3451514754595526e-14,1.1170814164504997e-9,6.39045329821457e-17,2.785675748035235e-5,0.00039684150187465646,1.6062577365111183e-8,5.101927300293952e-6,1.9016192695543907e-6,0.7032458904179912
8.029796306233128e-19,0.0005853575767820096,9.439007384311083e-28,3.4838172012460944e-11,4.223604817363179e-19,9.637211449569407e-37,0.00038105641220523273,1.2922788197487185e-13,2.271944463518688e-15,0.0024854499841792423,9.335060021636263e-8,0.21740481295321906,1.3590546574630706e-16,4.760438307630211e-9,0.005597659496897173,4.90042499073511e-6,2.1283390273007204e-19,4.1383649955808394e-13,1.0861503143539845e-12,0.0005360606693992812,3.504125772423122e-13,4.3141078343900754e-11,5.5133929669010625e-14,5.301987372099991e-11,2.6634395582448593e-14,0.40653677723014314,1.4119733923375873e-15,3.072679747875146e-6,0.0004942704897485752,4.531336509319939e-11,0.024355182307483465,4.655097628965019e-9,1.0332202281757901e-46,2.4316540567887226e-13,2.9692738389449143e-9,1.8533667739863728e-10,1.0849878319572581e-13,2.3293227203192518e-20,0.22694102824828377,0.018453863529901932,2.5994607774759657e-9,2.349281332065734e-31,3.492301142288833e-9,3.2151487825299693e-11,0.09314728980694391,1.2341751745100035e-9,4.789374197136041e-18,1.2130145056071308e-15,1.2620573996796032e-13,0.001273006814355868,1.7801110902820288e-6,0.0013964859990828042,1.4071681388910953e-11,0.00040183179047105657,3.3109474007813406e-12
1.5769668840239181e-22,3.2390436747252296e-14,1.2058064032317113e-15,0.21688231044722026,2.330024739465506e-23,5.174581491792347e-20,4.185710550446197e-21,0.00039234035595741147,0.21020688004617927,5.895490308619113e-8,0.033881690758313016,0.0038182328245217403,0.3619635305402009,0.000473882041466797,1.1937875298699439e-11,5.467596512561572e-10,1.107305840150113e-6,3.4120690979605167e-6,4.1402063172852544e-8,4.49398668034596e-15,0.015155421164779612,4.0407681445476856e-6,2.196807081611415e-21,0.0002021021208691443,2.996780291285812e-25,4.341082882851637e-6,0.0012832036790572335,0.00014314488729276018,4.3945505309048155e-11,1.5289148682712145e-8,1.2890623657546417e-10,0.00024034290711893286,4.515220510250145e-51,2.1031599703730332e-5,0.018726681242875014,9.640209781676909e-33,1.5247155695955323e-14,4.439907029396868e-6,7.192619465620332e-9,1.0671131995130139e-13,1.589902563453001e-12,1.2357589715410036e-25,0.035963414638814084,3.892422667760901e-17,9.39536744286226e-13,0.049824897966289895,0.011142358416981763,6.856343078039318e-13,0.03966099856780423,7.173292661019998e-12,4.817666947068876e-10,2.0928518267903335e-13,9.038073548065624e-34,7.059875106983463e-8,1.476880747291905e-18
0.011078884098071895,7.836365305408428e-18,0.018516321994049505,8.964464022284901e-27,8.124090678493873e-14,0.39148905047359817,1.2791520686972934e-16,8.626821938430733e-12,2.8306785439762016e-12,1.742131399326746e-17,0.0002628407120416936,1.4783543805172905e-9,2.132466687735659e-19,6.72192712241344e-9,2.8918481070866098e-36,9.469461713991405e-33,5.71595206239151e-9,1.1720455068631946e-8,0.00019221864506481273,1.2611194089792945e-13,0.03933743119995545,2.9602751072349005e-38,8.061680561727363e-12,3.0964499586927603e-24,3.8008290533293907e-10,0.0018123480651538314,3.3508435553643563e-19,1.9876710784306594e-18,2.132400706885073e-22,8.099121167137594e-10,0.3207035275925959,1.0797205933033731e-29,0.0003372999772099945,1.3605359007394453e-18,0.0001665456008970392,1.2952788670170205e-8,0.06900205295439897,0.0006957484238057622,5.719463571040887e-12,8.544709400853557e-15,3.9310747354355404e-27,0.007835751723290516,4.118308970101795e-7,1.669478767542141e-5,4.892559125247939e-16,3.6671923575995865e-29,0.05613542314285345,0.07431098321129523,2.788896242145581e-20,2.047338719912803e-18,0.008097348113709234,3.487011331890919e-30,9.077648478272396e-6,7.518822146329279e-15,2.283723656200893e-14
0.39348057048550716,3.466133249544133e-21,8.304965795976223e-10,8.868784325361423e-14,1.8063058751989792e-8,1.298315699792029e-8,1.7052968344571095e-13,0.02979155379196455,5.2601175717437054e-8,2.2873348195433017e-7,7.661408521778972e-18,3.200380135503186e-9,7.326449259253937e-12,4.868449604930894e-24,8.082365494837516e-9,1.3125315600980131e-8,4.7720487583598945e-12,1.4098949273415205e-12,0.001365653078618227,9.09622434844132e-5,0.0035866237431202326,4.138582662493975e-12,2.0054346533276274e-6,4.764416004003008e-30,0.00010963976286908896,0.0024723007779185024,3.7632975024358293e-16,4.523754821015605e-15,1.2518558460964815e-13,1.3900801477038744e-17,0.00010062313183824852,6.069444354418138e-17,0.010043581496861648,5.758528650447608e-13,2.3923007183234964e-9,6.958711183751883e-6,0.3352011515219808,0.014315485950875074,0.000740958703355541,4.64772368729512e-22,2.3330624249842517e-8,0.006356098730044661,8.890259136088017e-7,0.1218189828427719,0.013739406505193211,1.0461734785199559e-15,5.037404089447598e-5,0.02451634365823996,5.615811378850426e-6,4.926333732265484e-8,0.04219861214860302,1.7346899265488485e-6,1.0034571648292256e-6,2.4533325788799996e-6,4.2987527333471105e-9
7.026348917164e-7,8.723511947381222e-25,4.686266460988653e-6,1.4805939025666525e-13,1.0526672457612348e-10,7.590457230754859e-10,1.316379539117602e-22,8.046874339727972e-5,4.878085380260182e-8,0.005376592860412315,0.00027302000591991805,7.893523827580447e-6,1.1856759671743903e-8,2.823823241930634e-12,4.339339038461939e-19,5.230856364066589e-9,7.624046232827119e-10,2.2774136510571255e-5,0.03240462919779825,6.814939222872803e-7,0.00032527246816474204,2.1359862869896014e-8,1.3970683941518772e-11,1.0789612570740961e-18,1.9911019209061092e-12,0.019611303428329733,5.828855521614526e-7,2.1695138045725093e-18,1.7549672619757383e-15,1.8975973165839077e-7,5.7713656995384224e-5,4.0563554362898222e-25,8.353514701955142e-12,1.9126674261818188e-14,9.547770079247115e-6,1.2058018878754917e-19,0.0016015174546332295,0.00029683278949718466,2.464245998971725e-9,1.5883352671268504e-25,6.1315949724389605e-12,4.9408984509326465e-5,0.000305215785412536,0.00046833418952260767,2.31222934573647e-18,7.170663994688506e-14,0.15213477576312562,0.7850485184205175,0.0001187222265094572,1.0319644653914897e-12,6.861348652780168e-5,1.9145494463425855e-20,1.9515283656994262e-14,0.0017319101413494525,5.725428260944638e-10
5.620482702142597e-22,2.4838383603958857e-7,1.7461507584153442e-35,8.461140617431418e-6,2.4858714617203e-12,3.061020838582269e-30,4.08728013150952e-18,2.8982068132262787e-9,1.5904464731774187e-9,1.6191394357056377e-5,0.060611653383276,1.6853647833386e-8,0.0008363297903874565,2.6739726782952353e-14,0.004986717114317966,2.9317930802576766e-10,5.801546320785893e-20,7.60429623970362e-8,1.738287979162399e-11,3.844266520207796e-15,1.258169248577424e-14,0.4122174615672903,3.212157718108108e-5,0.009020660582656187,1.026731451489234e-9,3.2054840107892366e-14,0.027730333476201838,0.30078781293767953,0.008201720781837592,1.4842736482415462e-11,2.753045518080392e-20,0.040053890405366326,4.889289417033778e-46,0.027348852474804404,7.826045774906016e-10,1.287008243238826e-20,8.322655950855548e-23,6.208517713971595e-26,4.559562677564623e-12,6.183443490136331e-7,0.00027287340916765633,5.760696805007785e-36,0.00020390271777486588,1.1100339455318207e-15,5.086411725863375e-7,0.09906382343736159,1.528948218701706e-20,5.187661339469236e-22,1.222755200992008e-15,0.006656574328683461,1.6211914018081566e-10,0.001949143004645771,1.6408420716167257e-24,1.417653880846235e-9,1.35288245674009e-13
5.65523965116645e-12,6.638704783589088e-19,1.4761816496220587e-18,4.438334271773359e-13,5.907480986326889e-11,3.152204972369008e-19,6.57833688938078e-16,1.7273711219029955e-11,1.0349549104124247e-15,0.3554059632149762,1.4425763258545174e-14,0.008773214048943427,4.076554368669576e-17,2.9662580979187145e-15,6.408664888702024e-5,6.1508835889225595e-6,5.941590900536131e-21,1.5682423335251556e-11,3.206517949134718e-5,0.0002837299204079193,1.2880839857279298e-15,2.882265389787003e-8,2.0174464393950002e-6,5.637684625285495e-15,0.0028424516038868318,0.307971842752313,2.2883631621933284e-17,4.787099056574969e-13,4.60297014153423e-7,7.008009385218646e-22,2.0112555640700185e-5,1.612591953931487e-13,2.0347115260899104e-16,6.006235926627952e-12,2.614004484263618e-14,2.96950736198293e-11,6.807278897944312e-7,1.599063151692152e-7,0.0006595166997985691,6.77756460705556e-8,8.87139647685747e-8,8.222511106099696e-16,1.045255788443184e-11,0.0021453879680667777,0.09669298262174557,2.796490444853067e-15,3.928167524998534e-22,5.668280306447584e-10,5.0115352521573565e-12,5.825994781604527e-14,0.19513860976756733,0.005715224001031676,0.009978564289615348,0.014266593018829177,4.184092738683817e-10
1.7424196711594635e-14,8.608058626920863e-8,0.006128559579326683,6.611771281042558e-6,9.971921433922842e-10,2.08894575195948e-16,4.611487699949017e-34,6.28935456706998e-13,3.166181042125841e-16,0.0019823752390606547,9.898445664863773e-6,0.0013394509417920342,3.686155322421616e-5,1.5582860869323343e-19,0.07951378686451005,0.17977482432450237,3.245291220422897e-18,8.440354974431912e-10,1.0082372178879414e-10,0.019775701702047514,0.0025912239275688418,6.02891746919754e-13,0.002186127906509837,1.5109005653750928e-15,2.0440207392858635e-5,0.00021399021734339803,0.00017498622109247535,1.185328980909501e-10,1.1217904426348733e-10,1.8193020898762679e-16,8.025405232056209e-15,1.5808591258250236e-8,1.5318259712645995e-32,5.085819772206949e-12,0.009279020497729077,4.7437572928449445e-39,0.00018372044716184714,1.3146522560814324e-9,0.48605954173557986,5.061231608034074e-5,2.257612283026712e-15,3.1913771888179393e-7,2.4803198927071077e-5,5.404244698203982e-14,0.06586049587112859,2.675676357161676e-10,8.193274290925995e-5,1.1542060674713044e-6,2.1232650298205173e-5,3.993445739142457e-18,2.2500618852202083e-5,0.12790281066197456,1.8318641215155114e-22,0.016756911363562575,1.3082620044757167e-13
5.019283956343617e-12,1.0659217979626264e-9,4.022617792757115e-13,4.8169075877849494e-24,0.2881931710403405,6.446059597972434e-8,4.579657245217489e-8,1.1809885778923378e-17,1.420348226270001e-26,0.005416127736455786,5.963705278621488e-9,1.1925437962029857e-11,9.647609587201631e-21,8.692080907280886e-20,0.003261097894787845,3.4209936081068713e-10,1.0264329289793236e-23,0.0005693276896026086,9.250103726697246e-9,4.703801052320409e-8,1.9264925906721483e-25,0.03391446117039582,0.06416430662456662,7.110548216621526e-12,0.000835269305742281,8.493557729663483e-7,1.6789269347742961e-12,0.015183609892201338,0.001840526388894562,4.2506846558527654e-17,1.0490051031490746e-20,1.983390241156852e-17,4.6774321615720855e-8,0.14765274584905724,4.455574548975451e-18,0.0007073711170920874,6.190728150212802e-14,1.320863917456822e-8,1.501449748856453e-12,0.002134038814061486,0.23657247290944397,3.4608539581050925e-12,1.759361858888075e-19,5.526908665635315e-6,3.74237601223978e-11,1.9059125640044523e-13,2.5491938018186535e-24,4.566261638659358e-19,8.920859337985665e-15,0.11226433331154449,5.01868336071471e-7,6.599367170977348e-11,0.08682602936442058,6.734323172765732e-11,0.00045799865652724255
0.0006690697574646778,1.2487529414531383e-20,6.412478082944086e-8,7.528042861415555e-13,0.003566634117284003,3.0006608256044666e-13,2.7292401046895283e-12,8.59031364151705e-9,2.5387385242642765e-15,0.0004293830502959464,1.5887497087538883e-7,1.3977876919728721e-5,2.4044741210048824e-10,4.532350479438589e-14,2.0102168600173415e-8,3.3591430824865474e-10,1.490812495016918e-9,1.4600645956430406e-10,0.0046859195360759096,0.001833604125991812,4.448615742052073e-11,4.5730343112111037e-11,8.00628058315539e-5,0.004448782057603297,0.022003829429333863,5.423764991130549e-6,3.3631524170218246e-9,1.816139959389785e-11,7.136882134157897e-10,6.067067646991561e-12,6.323696707426859e-9,1.537828063543917e-20,4.044957275762845e-8,9.937384296953404e-10,3.318412308781705e-8,5.885554805190352e-9,0.0981544595469979,5.394674268566431e-5,5.618476300954966e-6,8.750995299617776e-12,1.3136424202379163e-10,0.0002990585637972611,9.167065363833831e-7,0.003701296290233714,4.176090348618194e-9,2.157527252660286e-14,6.973998730978402e-13,0.07010257965592888,1.7996855956732946e-7,4.933092987498181e-9,0.6915894865670532,1.3719836882521643e-11,7.253112555972019e-9,0.09835536161887665,4.7887171937887854e-8
8.375442496582069e-7,0.0031642382100724674,2.037047289449179e-11,9.659809475516348e-12,0.24007181419602838,5.333007492502755e-12,0.003774886511640143,2.2654510138083532e-17,7.844532983041672e-11,5.056824450043748e-9,0.024644401164601776,1.9690665756900194e-9,1.8367338259478742e-7,1.1977769112257933e-15,5.162106075479889e-7,3.765321089431933e-17,2.8657461691948327e-16,2.705774159130487e-5,3.4972041378323928e-9,2.769772154209074e-8,2.575421563184362e-17,0.0005148276380154569,0.06732924067562973,2.731304351541426e-13,0.0004182776001762122,1.5001562014823093e-5,0.0014498565326156402,0.013430549516939389,0.0033727480234007345,8.041780740006563e-8,8.21347175978248e-11,1.4122651803878386e-13,3.2113431218239714e-27,0.07718536669919455,1.3280507970885031e-15,4.9580769077905394e-6,7.00780421952082e-17,1.892217936124074e-10,8.974365396893209e-15,1.7269419168898468e-19,0.09759468362738966,6.2613035264951474e-30,9.392034762668449e-16,2.0542842355347896e-9,7.804645326090519e-11,6.844172419249576e-7,5.658281540178743e-18,3.865307061402956e-13,9.077934406042297e-14,0.0014927798169419382,6.086504881767374e-9,3.2258072009873986e-19,0.46533963547271007,2.8776873390852957e-8,0.00016729906824554554
55,25
2.8305620779354657e-25,0.007809980905577671,2.007554447321804e-8,1.59161171800683e-7,0.1807081525910564,0.5026378743850374,0.18721559421789336,0.10597238495527729,9.938258000417393e-5,0.002435633162808281,0.0004798705322435676,0.002933431319901616,0.006402657050363675,0.0009190861825298172,3.1428683110951085e-10,1.4699349304463674e-13,2.2875670969495717e-8,4.505898227627872e-21,8.282131487710106e-26,0.0023857496904856517,1.1496566514613603e-33,4.448634073853506e-52,1.4299894653850968e-25,1.1761896652224801e-27,1.0958410201537186e-33
3.702759117568758e-37,3.4136227738389296e-16,0.0014159351095900912,2.256897795965943e-25,0.07661851839158129,0.08099172025503679,0.04866162045291093,0.13435279418061252,0.07090154777264593,0.07230894307962638,0.08200404524146779,0.20674926564431487,0.1206139489346423,0.07438200472299496,0.00313211214801053,0.027841505804682438,2.0895986204474224e-5,4.224152966241942e-6,9.181226078705822e-7,1.4523431008288133e-16,6.0091262579984585e-18,4.96428242320148e-14,9.76904649783971e-48,5.916958273660574e-30,5.4485521057047456e-14
2.436958448669169e-36,3.157778774251428e-12,1.1193934720288912e-18,8.644777739759033e-12,0.09206258160437399,0.0961348130071999,0.07082619408274453,0.10277443173393554,0.12426232786205979,0.24775535034753973,0.16245677461510222,0.05628528222873358,0.02179523189433359,0.0008112571924736491,0.022768313055967316,6.4562974324099296e-9,5.6623992572910734e-5,1.8757728004363415e-8,2.2586766470858391e-13,1.9298879824388955e-28,2.0244495231382016e-18,5.628954305194096e-32,0.0008590755382543645,4.120642425174582e-23,0.0011517176186550985
1.8641031393958734e-71,6.728059634789922e-135,1.3609448571495074e-58,5.670280908945501e-51,1.790914574662898e-47,4.999959820903769e-35,1.348530260494397e-23,8.455368266386255e-25,1.6987006062511098e-13,1.7136906628773376e-9,7.367187782312263e-12,1.7101058218252002e-8,3.1055038823474583e-7,0.004308288171947721,0.004429561565335305,0.0007110175851783518,0.14106093372630918,0.20429567047378977,0.24473303591701642,0.26630592763086486,0.10299144998945521,0.02349568371493917,8.579164491291814e-15,1.2162686582571718e-9,0.007668100636212504
2.326876631355454e-50,5.426323540253111e-9,0.0005392372717352765,3.868879895709982e-6,0.03982336585480206,0.11981037541585511,0.14043360235364707,0.14243108158409407,0.1010488652016804,0.1001200512036675,0.143831285853508,0.1049726082682044,0.06913417642503149,0.027770316935341918,0.009582021938767685,0.000106872798658034,0.0003097778382248303,4.31940751764763e-10,4.7412227566454434e-17,8.248631704788371e-5,5.184494635228905e-16,1.0645982015386513e-16,7.324052510345942e-27,1.5735617208585248e-12,3.876600766734757e-48
0.013146553987107795,0.035224820287706356,0.7962241967552892,0.00034431008351770915,0.013579903659043352,0.01177860994530373,0.04849008741638672,0.010072662816187647,0.048187415258823287,0.022606169910755026,0.00034526987987926774,1.5110019943467716e-22,1.2691168440356199e-19,2.6170060229514902e-23,1.7579735325662195e-29,3.447308623922631e-32,1.4065877364029278e-22,3.9113376820137836e-47,7.254601958354885e-80,6.751455990491846e-83,1.7875187435507805e-92,1.8533202280154025e-129,4.859543060421745e-48,6.581147969175654e-29,5.845090147073499e-63
3.555625965007276e-27,0.010006900827970424,2.065649947990646e-9,1.669296431719695e-8,0.09896123691571607,0.13771275219058254,0.12346296843614826,0.07617011097071562,0.12813550785851055,0.06391225610564624,0.10340237219574405,0.030993424502682106,0.02368599975019096,0.058021143330947995,0.057299012774898996,0.029070453003637604,0.025958066511277588,0.019460234255742254,0.009164425209004807,0.0029233934121250843,7.983157473246589e-7,2.3414674047664363e-12,0.0016589246717557157,5.508021992530751e-50,2.974920814881753e-34
2.4475209318293673e-46,5.475617587299106e-34,1.7251420971942016e-27,1.3929046312110824e-24,5.758069321827086e-12,1.2712483772872206e-11,1.507787334353787e-10,6.09107974707845e-6,0.0006931339188247797,0.008223425186322702,0.0018087115900792018,0.02888184074417993,0.8577959340588148,0.011685567714445113,0.0011465794428154115,0.0001473540585605061,0.08189667363308241,0.0006990616020736975,0.003300228473901581,4.938987900126912e-19,6.851671194007999e-5,5.682411020417226e-23,0.003646881614738166,1.209460077264674e-12,1.5841710382981175e-14
0.0014886059488882883,5.718680150889437e-45,5.351353402001712e-21,7.249319859967868e-5,0.025942163940865494,0.0002243733951078784,0.03238844443789541,0.09947909667531772,0.09997853509201145,0.19467279873761986,0.21949811170792555,0.12448502750044103,0.0333761611592418,0.04290695645369258,0.04982511269035778,0.012005533945574345,0.0357214026852081,0.016073852283429113,0.011861329720444546,3.1110270388438583e-16,6.281281299942849e-25,1.4384304924520416e-16,6.8047120722353665e-12,3.4161815638605193e-23,4.2057395986959057e-10
0.010952236261209504,1.4337198788552501e-31,2.985941191852783e-70,1.6686457389270515e-13,1.2621309305081723e-9,0.0038209386521573982,4.6555085161292725e-10,8.9468427210524e-7,0.0004987922332029533,2.3552784074971263e-9,0.00014922987282354496,0.0002972214099747643,0.04041998758434113,0.0032603824942251,0.03878741725917416,0.05322257942080826,0.10717922424466192,0.07208373311666588,0.06893344999586579,0.08203260143185798,0.041609219123725304,0.015925795222261355,0.0417330711563974,0.4180523483520716,0.0010408734011768126
2.735071572655143e-68,7.795238727845953e-76,2.5693963516898064e-69,7.540981133628489e-52,2.524869225264413e-31,7.972590664959384e-23,5.344660350651996e-26,4.7147639979205646e-18,4.415259154249824e-13,5.469000115336711e-12,3.1294373248154844e-8,2.466849981035791e-8,1.4023484878511873e-5,0.010008550663846327,0.665641922751957,0.03929889786297368,0.23806802922568132,0.0347148759561419,0.012181112378746839,8.992535387965615e-8,1.4322407585649734e-6,3.462975980477038e-11,1.6751784372595603e-21,7.100950624866928e-5,1.9928182114269728e-27
4.263795608955673e-37,4.569494216819951e-54,0.0016006441387470824,1.1418321213957281e-23,0.004328749896765676,0.000517084143789202,2.1590542222055345e-16,1.8336233309913805e-26,0.0003332619477706202,4.0791294275661415e-12,0.003087799929393264,6.57478567941615e-8,1.8361206853553721e-7,3.1736147404431924e-22,3.610833229447521e-10,0.0028954760986920794,0.0009299836872320164,0.003570238827967817,7.870670733867124e-5,0.008622432592324621,1.8336441147871585e-9,0.009141095067324127,0.022471440119389306,0.35925023439882625,0.5831726008857073
1.8855772434432172e-40,6.405042348890337e-69,3.1835022858491728e-34,1.563641454567509e-24,4.5453924603078313e-20,4.149139714054594e-13,1.4585385747765505e-8,1.0407724363645127e-10,0.0009675949021370373,0.004537536983290235,0.027400559495618256,0.16718882319773065,0.22222278352366345,0.07865039802607102,0.24571698377743553,0.17002022040762613,0.04711384818489199,0.02410422762177984,0.012076875029854836,1.3361951518585122e-7,5.39074284635944e-10,1.4337089285161436e-12,1.475106651716911e-20,3.865973700597342e-26,3.88140423190751e-19
2.4491620778075498e-30,4.211503897052796e-31,4.5056230815520584e-13,3.3332857908910686e-10,3.864905899196954e-5,6.608349875537618e-5,0.033607382371294965,0.027187646776312562,0.07705670723071036,0.06470169971082719,0.17642857732366565,0.1257233413562914,0.08698593495176361,0.05270071268223417,0.12410300894617594,0.06830707238344991,0.06455119277228683,0.06998903669574182,0.023785612580812358,0.0047673413269068675,9.848233205531976e-39,8.011049352396231e-42,7.537371819367144e-59,4.905712151145263e-64,7.063377334179432e-30
1.897649196864576e-139,1.19202025420313e-117,3.799737553807619e-88,3.771575930451342e-55,1.6445192062054357e-54,1.0459242331705549e-60,3.293296773228707e-34,7.123655381155761e-38,4.803711545646457e-12,5.653577992007419e-31,7.548456222544467e-44,2.0582780009369355e-24,3.69664720073567e-8,2.25722445521587e-15,0.0020347241715183133,8.52216914714926e-5,0.03662014909031478,0.05633342701173143,0.13562063493499044,0.17635433817775492,0.29601421782457216,0.26929748178730323,0.02719744979155936,0.00040990048983597857,3.241805766986935e-5
2.344559737040594e-99,7.708471281624857e-126,5.230131393118495e-49,3.9395875071334045e-73,1.9570255222377505e-29,4.6869404506593824e-35,4.408762703236535e-5,6.26222233036581e-15,2.781501747867569e-26,5.872346674477104e-15,4.6415900514368074e-6,7.347997548929023e-10,2.4801981068919772e-8,9.934804548605509e-5,0.02424524121211827,0.29746466891015255,0.27874816927725304,0.03981825502387411,0.1947497385509265,0.15929205236422178,0.005513771983470711,3.2011206579441796e-6,1.9257188681067463e-12,1.6798756036501146e-5,1.7594303265138063e-22
0.018161883589639462,0.18778023496574858,0.08216750343838532,0.10203202715780864,0.11251007656271991,0.0890967715284965,0.09512529937523129,0.0935311388415047,0.053144152056126666,0.05441248658676095,0.03592857444726987,0.025148069366729572,0.01736569379485574,0.016060891397011185,0.017186111659511078,0.00034908523120926756,9.910217700583563e-13,3.0448429579466084e-16,8.744425398839561e-38,1.851763158914921e-47,8.218868119386129e-87,1.4466925327766776e-97,3.1045880128142565e-42,1.734835556045287e-64,5.217262460439748e-20
3.8262891099042665e-94,2.075370549589136e-36,3.99383166096853e-37,7.0889185747286644e-34,5.273004830076337e-6,3.2982028972673866e-5,0.020182517936540873,0.007895710416742275,0.003797183145923301,0.008030557958261643,0.3461282059124107,0.08433961784614827,0.2007168475576727,0.2705545853806518,0.0028504299238643494,0.020282916968573508,0.03473931994075021,0.0004438518467626074,1.315854348672885e-10,2.4675937645410485e-13,6.273636670590908e-14,7.6842509328725795e-28,1.1375968015109394e-19,1.151641894073882e-22,6.667447472535672e-46
2.516842917266126e-50,6.966004056100318e-20,8.188467584193323e-17,8.386738613385864e-21,1.0784791901308549e-8,5.795041679802317e-8,3.277486835977469e-8,3.6190317396110255e-6,0.0036250682702732013,0.00010072776801216103,0.44706407417709787,0.5115341403485307,1.4447898101238607e-5,0.006160221347786646,4.061522929236407e-6,0.0029858317121342396,5.61800275143613e-6,0.028299105929888015,0.0002029824709880111,3.922179985047689e-17,9.690495546050524e-12,2.746090579870324e-21,9.410803847912792e-19,1.9375268223148905e-24,4.350200440790358e-28
3.93227686496959e-125,1.903450735661556e-93,5.702584855797076e-58,8.463720991598924e-66,4.39832717887675e-23,1.1276328430129261e-58,0.0018765317396070682,0.00032772129581816207,0.003482881399939184,0.01333401478117491,9.311919990543457e-7,0.00830093044383018,0.013564969539929757,0.15896010243583242,0.15494690692991228,0.1431099290506636,0.1392747128603996,0.13519473185132752,0.1077482841697676,0.11250440790691041,0.0053596205192018775,0.0019434452969716407,8.47182819571972e-12,3.319599704626993e-7,6.954661827245251e-5
0.0012081491331589376,1.6605880555861352e-10,7.65844470650121e-7,0.020017234129123856,0.1040847108779385,0.16760759453017096,0.169399018220422,0.19059856887710536,0.1529969394354228,0.15998826998000745,0.027462295779952444,0.00021137102027671997,7.461075234687895e-5,1.9317380263657634e-6,5.491999877518246e-5,1.3430979795365328e-6,1.7319257791233133e-7,9.389827275009019e-13,6.686736985162256e-23,2.129285687961884e-31,1.2270263112000936e-31,2.4482982676961385e-43,0.0019250641959511258,6.774814660633888e-7,0.0043663615478295855
2.5660751032326503e-133,1.9160116435361677e-64,4.213422359856243e-76,7.002517563675741e-83,7.017442792818982e-47,1.396857977839011e-35,1.6080276489199265e-36,4.299315432338221e-21,1.126549108296784e-13,3.7937951847062435e-11,2.415999591660674e-18,7.216067471548028e-11,0.0011070928071930822,0.0003914062171393347,0.06688450963253074,0.09178177994260592,0.1731714786671771,0.11529541692422601,0.17978975800723485,0.1899330509467295,0.1297462146412688,0.03309528827909882,0.0071901018760716084,0.01032483591230073,0.001289066036212495
8.226139152012666e-37,5.6954651340194575e-11,1.3112794343440245e-8,6.78826034798029e-10,0.000768881655388624,0.03702919622215335,0.1984119837824746,0.058533239531307756,0.13157800613877182,0.12955967614945293,0.21624205685657444,0.07458051480482014,0.09185374212666655,0.042032426218812466,0.003457875981860547,0.0015288319621294996,0.0005026655191746667,1.0506271543603418e-7,8.251425996851695e-9,0.013913428362347966,1.6321883361635318e-11,6.130284940785847e-14,2.3265725475224328e-39,7.347508964925864e-6,2.5300793984733045e-53
1.4773632131910677e-89,5.54831821621255e-50,2.022875732802781e-25,3.223048961513537e-33,9.840055238445432e-24,3.63250690115669e-18,9.339815015931642e-15,2.249715356028252e-13,0.0005883777742085262,1.9059827915944346e-6,1.977172046515368e-6,0.039748074123072956,0.037030383624339,0.04472537091058613,0.17695952341322083,0.1883064963309608,0.17350194900585042,0.1387497504668351,0.09964793794257923,0.05597706859315585,0.04147561414101425,0.0032855705191033287,5.737737521077987e-31,1.028909629336334e-29,1.0430034436922374e-15
4.429233863880098e-30,0.014272878565610088,5.769417530086486e-9,0.01610183218656387,0.05893409181436593,0.0026215461583933,0.19648186277537535,0.08678794301888347,0.0809744954064759,0.11524661091839805,0.1663406950570481,0.06188951113729605,0.08807595993346089,0.06159229659797974,0.019308848261412756,0.029819347521401845,0.00042006378468722696,0.0011209048727885906,2.4632614905339307e-6,8.090424411537363e-21,2.7017458332927695e-10,9.470809391184138e-33,8.642688776179285e-6,1.1164665143224034e-22,1.1331588794698774e-46
4.188846009685782e-53,4.67201221702023e-13,1.4786829458716757e-13,0.0036069681816962287,1.3221024579428178e-18,2.78351957692563e-32,5.936398379947483e-6,0.00012548038415838872,0.00022190887321854857,0.0038110395255822158,0.005601189477761773,4.005996624124068e-35,6.8908785104761365e-18,0.001974801905474756,1.0445965925991641e-14,2.714508344487106e-7,2.2935291471944172e-5,8.950203730432492e-12,0.00028155388344375677,1.8667011757489645e-5,0.003161194759409587,0.0008381461531159643,0.09185134626966106,0.30684832939379875,0.5816302310306596
2.203917567706284e-111,1.918038769166575e-85,8.01667096402327e-55,1.1740812506810736e-52,5.300568739458359e-33,2.0691162388671977e-21,0.0017723040566973319,0.012280795373748753,1.0278495121131864e-10,4.196028742701784e-10,1.313048187640303e-9,0.41314800881764496,0.10856910450267794,0.05982524883735416,0.08976006993045646,0.12187837612354414,0.08600776216285448,0.10636554147916878,0.0003927855635217517,2.1467889841960295e-10,9.77493280218935e-10,5.8453868141740215e-15,7.017512652021508e-22,1.2471724530964502e-10,2.688595394814098e-34
1.3106004902617152e-114,3.2018331614547033e-53,1.0783583399955242e-43,2.2492990321004075e-72,3.644127929177043e-45,3.6036848405915702e-34,5.384251104201292e-26,4.79346158511393e-9,7.682333131688684e-15,7.092340293440263e-9,7.059422145506354e-8,0.03410062142169551,0.5061190391504128,0.12494636973860855,0.03012093866162456,0.09577269628499332,0.07385513430613498,0.07316802739475343,0.05709814372319275,7.714084418285056e-5,0.0012115147772257728,4.0630350137261075e-16,1.2238137319005773e-21,0.0035302912171440693,4.3520299964161245e-39
3.0013158942842974e-143,9.498990804086243e-74,7.953864638095743e-74,1.5300983170322926e-57,4.2967350734269424e-36,3.688586428223e-43,1.8694201242275506e-18,2.4234732394515336e-19,1.305057432090294e-21,3.1244867721165724e-8,3.0971903340973587e-7,7.660787793058463e-5,0.049025009936044424,0.11724089102095189,0.0051978125468446715,0.10800692795469631,0.009146753977685688,0.11539218245132264,0.20472518287390756,0.14548077052916172,0.028052616170960037,0.16259067818575934,0.055064225510831954,1.4790366405982626e-16,1.7697532420882316e-15
3.0145172346468587e-7,4.2767861337614216e-7,0.014834297076403546,0.022372919586903836,0.3117307167231163,0.14305815007204845,0.1074351678605707,0.09626717724567882,0.13225545818829731,0.059785162190480245,0.09531889424903223,0.002148681393141072,0.00016323978019293044,0.011597401611480684,3.237424061744957e-6,0.0005642529849847412,7.650550200235462e-6,6.555393104501946e-5,5.274859868290753e-33,3.7379953161610746e-31,3.694815658940046e-53,9.580803682555944e-64,1.4029260152469706e-46,3.8125803690247994e-36,0.002391310002025439
9.904874230324217e-13,0.0001762729637643608,1.6425700830114108e-6,0.5823213228121403,0.09661467146266661,2.951148055874507e-8,0.0006424231455421245,0.10524606348270535,0.0985999754668573,0.09917992214886352,0.00765983456416987,3.112361134068985e-9,6.34088839347891e-9,0.0010397188843974208,1.188714840658779e-7,1.4846295265068017e-10,6.707527643565303e-7,5.647901526881187e-19,3.017275770626782e-44,3.985085037170914e-61,3.454256467767144e-41,6.973018288476807e-49,1.7150592746269869e-6,0.008515608701103652,2.0765561361707865e-22
1.4748306635973224e-95,1.4922496238968152e-177,5.705875395678809e-138,3.2839351158415634e-105,6.415903042267003e-85,2.982912564130895e-80,8.975918563911767e-67,1.2511489123553137e-37,1.7915287995217404e-43,2.7978554428070195e-43,4.5556135203897976e-30,1.3393568698850557e-26,1.262952410430227e-18,3.3648683181279634e-14,9.31224644582284e-13,2.777702174760774e-8,2.0309881119706094e-8,0.0049698456895524495,0.028828925607039823,0.14727360310176993,0.31341105043461537,0.3385164200524878,0.13577190628683486,0.019056774903777638,0.012171425836054364
0.4733658339977494,0.3350988104617757,0.05924440281606767,0.043936020650057646,0.03581395922177452,0.03647833995887792,0.0010257541246477772,0.004536821821466886,3.379276745831236e-6,0.00026255595591914666,1.4698056017114535e-17,4.950030014547136e-31,0.004977378525330053,1.7911955156488973e-25,5.307057319066845e-26,0.0021692198687852794,8.314583407182404e-9,0.0009551324470979425,6.993958726718291e-128,1.2901442692310025e-96,7.14296569335498e-179,5.754309620205529e-142,1.67578618617761e-76,1.0978728289834425e-25,0.0021323825591207587
4.1393584911040943e-57,1.045763388728916e-5,4.2187266522733425e-11,6.684951114096509e-17,2.3059156177543226e-10,2.312753460825443e-12,0.004152863013460869,0.0014528768760146327,0.07842854569533175,0.09716174355620699,0.06934845951857885,0.17397322939457516,0.07115700392004409,0.3622622151548463,0.031471608422125784,0.0007606375233192818,0.002280316581829268,0.0016413477011589898,0.10477278652064961,0.0011258456359216022,1.2667305889896074e-14,4.249103441261773e-24,3.5757963334806867e-13,6.257658765519997e-8,3.8616323707521165e-54
4.44465080628572e-52,3.1128785513391854e-28,2.3595325720111126e-14,1.4919669787212145e-7,6.553959629987369e-5,0.03366011584533557,0.1172812774605331,0.042495563843871285,0.17512328822514361,0.08525441724777752,0.2593556070742731,0.0021250011818254922,0.0004763114651725131,0.018255047255735547,0.02785656330493993,0.12104636355209777,0.10949953756151957,0.00043682194462196506,1.6685709323385276e-8,1.0183652047857646e-15,0.004827155423893496,9.535373960497043e-25,4.7989156330223033e-17,1.093725949793146e-10,0.002241223025155199
0.06533133797148494,0.1895945441436294,0.053352534080657765,0.11532794940255349,0.08633759441750073,0.08181217847475863,0.09953121767778705,0.06573114605822804,0.06235746518483628,0.059845122439744595,0.04794080007212232,0.025922272775978025,0.016709169328487997,0.006904470898259309,0.012652020810308699,0.002016419657741445,0.007347980774245968,1.840523496584359e-19,3.8220482545377147e-47,1.2007987896893645e-10,2.1532622762139273e-52,2.3312838842218677e-49,1.436272907689526e-16,0.001285775711595239,3.4353028824966016e-44
3.2725184959680727e-33,8.389484636671017e-10,2.7347810038709777e-19,2.8757277450076686e-16,0.0012186461713448687,0.00024749396970260597,0.17073285314556355,0.13126745593158357,0.1606497204668902,0.05664195797947108,0.1859719875468061,0.11003018792717023,0.037761191801329606,0.09477733008057232,0.02294477680446003,2.1383401751433433e-5,0.013350284574767515,0.006790238524912013,4.040063730295922e-7,1.915312947241149e-26,9.48326072556172e-25,1.2726820226482346e-28,0.007594086827874945,4.779881437009726e-13,3.8373249479666165e-16
6.283877451357358e-30,4.2242920327111014e-23,6.989648860817401e-18,1.7983622248798195e-11,0.00028538863759822083,8.597395068847017e-6,3.742391309624498e-6,0.0016645007441453796,0.10110733528133416,0.5318406969917099,0.14661291353314354,0.0728744463204489,0.020533225607803542,0.0002878131175604442,0.12367113224659894,0.0006282231285923934,0.000447542474449862,2.800572871128723e-7,3.416205490611779e-5,5.924479153152646e-14,6.140539461620789e-23,8.128595029592543e-40,1.2243715995453957e-17,7.136423715501418e-19,1.3537113966588441e-17
3.776344339664871e-94,4.74824754794686e-128,6.103968812448965e-16,3.186060160608595e-65,3.055613429306288e-15,4.871549498606138e-54,0.0005685795965074184,1.2236166302407745e-5,9.150856559569056e-19,1.9148215749634186e-13,0.0024369747028807616,9.423902428401053e-13,1.6627517964062827e-5,0.008934619681793946,0.11820118314930494,0.001110418157739671,0.07285070586454112,0.23865359446618362,0.15485408627204175,0.23736363574679528,0.12471394402781165,0.03500686609480866,4.2667877746028767e-7,0.005276101691464971,1.8394472188113429e-10
1.2672866471565675e-119,1.3290307033817465e-157,1.2147924693931405e-88,6.433032178293531e-68,5.767827371791331e-37,2.0126312355608758e-67,1.4750955501699422e-35,5.17654202160049e-35,8.609103156148358e-28,1.9597001629418476e-53,7.120051047229297e-51,0.0010623362919482688,2.4131014211646236e-24,1.2954817050680173e-14,3.891490724894227e-11,1.802528462741524e-22,3.759778486558804e-15,0.0002448173645520483,0.0008102439291861471,0.008002459438326212,0.07140151614082822,0.23084031327851498,0.5822120288553767,0.10542628388053288,7.8180284525761e-10
1.2491040407541849e-42,0.003210441608884065,1.8277754176206904e-23,1.6736318452790864e-23,7.634382317986036e-6,7.551011866846562e-7,3.8898901932222355e-5,0.0023817938930147825,0.0015231270372178564,0.04612426219450156,0.030367392086331716,0.046751648576681556,0.12821838007329417,0.0702601433200604,0.20007970552617468,0.19859533085119627,0.16798599757036195,0.01572023054991529,0.047982759004002576,0.019967149103411685,0.011824501113185608,0.008790470391256102,4.855179930543867e-21,0.0001693787150730115,2.109723301598778e-46
0.4017227390113516,0.3321669208414702,0.07131045170274679,0.06756719180227727,0.04696316927155545,0.01788952778363481,0.022716930643628504,0.014450497012348929,0.010327006732737629,0.013856024916763056,2.18818822800273e-15,3.063192373929392e-23,9.48234299359571e-6,1.658935283678898e-36,2.0129634844336828e-39,8.244845454119476e-18,2.783292705849895e-29,0.0010200579384900459,6.214508091247883e-119,2.4728415533021192e-141,3.1738361682732057e-145,1.950116312155624e-128,4.179515344792247e-28,8.713294005241462e-44,3.3064401268252726e-46
3.383871411564839e-45,4.005794778578148e-34,1.8078391849444063e-36,3.966060274920468e-23,6.554716623639386e-11,3.0400178925106417e-7,9.027750741725308e-9,3.103381285487175e-9,0.006989454032659571,0.0012612792361684432,0.01371085206754675,0.012988856282216372,0.07477358057594659,0.40856683172489283,0.06000422904998459,0.1175867445158468,0.17203351406598905,0.08251624630621456,0.04956734603222802,2.502432669414492e-10,1.5745300152426927e-8,1.570740692714451e-7,7.268418160034279e-13,5.768377522321415e-7,3.746296460166736e-12
1.0187445337908466e-35,2.7567435143511094e-28,7.180092123761084e-22,5.543416853041482e-15,1.0722723462426586e-6,1.7701609774891727e-8,2.207306899724133e-6,1.3129927907646206e-5,0.00035256783399693794,0.16064233922719587,0.1054621077476226,0.10214510793604152,0.021093438135330475,0.08021105288737364,0.1532743744023093,0.11461756920157627,0.12003332425452576,0.07645696501746899,0.055064880035085584,0.01062420771052568,5.63839897855143e-6,3.620680142518754e-34,7.317556427999185e-18,3.199812037053465e-12,3.948682671758605e-34
5.421256126988832e-62,2.172828641014465e-29,0.00921931948930663,1.1238843184771269e-26,1.999396405587136e-12,4.922034059667565e-22,7.051793023853013e-13,0.0013232508309229192,2.4291868273844644e-7,2.5300882795441813e-12,4.721824106049274e-8,5.558407192779469e-12,0.09492369022913312,0.01901183466623172,7.17041541869706e-6,0.11749918712232772,0.08760126585210719,0.0007911409773735224,0.13923192387021413,0.00895415351099014,0.2398589351774433,0.25386266634142146,5.213449158407953e-6,0.027708816065522335,1.1418547119082156e-6
2.2934369816864974e-78,2.9882392443633615e-126,3.695680561645783e-102,3.6844418319915186e-79,1.1553954143897654e-44,1.7972557926975188e-26,2.7526472282052483e-33,2.1283690039719163e-20,3.4001337709200924e-23,3.150450829274239e-23,7.349120353525881e-9,3.118556131605923e-8,3.811657965425082e-5,0.05052752697505431,0.04041312111637343,0.12456293561825503,0.06416077814127798,0.16054324942875337,0.2479483917768815,0.13821364221591811,0.10846876452405783,0.05732545050513282,0.0044131681917512836,0.0033848163603013184,3.1906925493530364e-11
0.003935769927885007,0.03359948118698924,0.2819931281724917,0.33704328841656445,0.2222813592371784,0.05009948725654783,0.026257956523916992,0.021920573437060702,0.019442056574749234,0.002292530854076395,3.086645570674499e-6,0.0011311702586956982,1.1147180495294867e-7,3.5987245366832645e-11,2.1486680021108968e-13,7.380999747520275e-14,1.0412408146689563e-13,1.034829372386929e-20,7.619834187236206e-40,8.965463849668318e-56,6.095108956551353e-51,1.2647811281657325e-50,1.7714340143103766e-25,8.703688071011224e-14,1.6299642042581307e-15
1.7091445937480921e-18,1.532302574989037e-20,5.840849208543656e-15,1.8690293206714402e-13,0.06635534788356266,0.16477533161724842,0.2449282905604839,0.22836662059467053,0.08594935379512904,0.00549305858659514,0.054476031845118025,0.06683358497693045,0.0314888514247434,0.012635283249014098,0.011640842598189864,5.485163981805834e-8,0.02705602496850653,1.416650075963464e-12,1.7981804863461273e-8,3.9708086016492083e-20,2.376324943635811e-41,3.5122240964601902e-37,1.305064753822036e-6,3.67792379347669e-26,9.557993496866725e-19
4.6320671716802e-25,2.441847277825916e-66,2.1763582149853046e-44,4.80134831461019e-6,5.819901850014641e-11,0.02592256870942545,0.0032194537964915066,0.008669436306621663,0.07348221170880916,0.08057094937336608,0.11892553247101177,0.06284128988566753,0.13016387794872325,0.08937669669308841,0.13825280727418857,0.13949183506955512,0.047682598709455584,0.06649347857969957,0.003777910706840575,3.3013036849887105e-5,4.701398901839914e-14,7.332390819536051e-7,0.0008990266382665604,0.010191778446296549,2.8087707818386837e-16
1.6265230769556761e-50,5.467933986831593e-9,3.097911950454608e-20,9.241979434385384e-22,2.6964093457156644e-5,2.202288590149023e-6,2.936875938638862e-5,0.004227473742714803,0.00257946030293857,0.00010835556808176987,0.08924422657671267,0.04364710262646666,0.002854048237173002,0.32336622822344485,0.029194705634181622,0.06718908013435658,0.0004716688824850426,0.3940532701416622,0.00036938288340026756,0.04262977630670896,4.423418341335334e-6,2.256711962537115e-6,1.8946558697557407e-18,1.2494078058387456e-15,9.568679240027345e-47
6.14239672776586e-17,0.03671489599501777,8.568148847536433e-28,0.01728210100065809,0.0016056110229638841,0.03736292587425044,0.044564548246584755,0.10561009881584774,0.08520420972299496,0.08055927225617192,0.04493030039601026,0.05873750291193567,0.05515966866956242,0.07339566253402115,0.08176400749910845,0.0045756141472059544,0.0002051740879479312,0.056593612567188915,0.04956605133641992,0.014030766426924749,0.0010252683824714178,5.543614386756384e-10,5.250219827740319e-8,0.11201187754860187,0.03910077750155204
1.2221236028939415e-121,2.117320080707993e-167,4.3852958445947174e-162,4.343081110672965e-76,0.00045818323310295965,4.0049122210810296e-81,2.1323585913483953e-28,7.589868389688078e-16,5.235684798959348e-30,3.9775192108132707e-26,2.302553078944901e-33,5.170245095886903e-26,1.0712977762986032e-28,2.8585452142907495e-13,7.152147842073792e-11,4.445899901407185e-9,9.56253903599021e-5,0.024063453623461545,0.07091367183283649,0.18115385460369288,0.38019750017701925,0.3277311649309488,0.010641221970990968,0.004745319719878972,3.0320131122375996e-16
0.0011926094893388833,3.309371008365956e-7,0.14032477342431354,0.2664167557274272,0.18263278422621432,0.08144882618808977,0.06344541880515789,0.09284544230159031,0.11307836372143386,0.04934886139267525,0.0070234360507367265,0.00019424069848712,1.205595751687463e-7,0.0002480582987780164,1.3406613768475422e-5,1.749159857010868e-8,4.016047006483378e-7,1.8376181972444454e-14,4.270746269839156e-29,3.885923456676393e-22,2.919948375047159e-44,4.266897357126582e-49,1.4239983833873403e-48,0.0017861524689950453,9.51003047790816e-44
1.1999706407560092e-29,9.50274676892828e-41,0.004329521778953378,3.820747962459002e-17,0.02814198085554348,5.458957168586094e-5,0.0269262485893754,0.03227779151909432,0.06164117671507859,0.11165835110278287,0.0593979615347389,0.10201470185243962,0.08679591723012817,0.13774733333149053,0.10664614245136185,0.10729068880656091,0.044235766255584216,5.1865379959841245e-5,0.039402819732987066,1.1235982283832937e-12,3.6705847903233863e-6,6.362220698972373e-10,0.01469413210449714,0.03668933996559652,5.190790817345786e-15
5.245326814048164e-57,1.2735723887965163e-29,7.38599309318823e-19,1.1727833971147928e-9,0.052715820063270885,6.757285463209033e-5,0.073491449029148,0.17446305499695794,0.17245151402581757,0.10845488777575171,0.12024849485604582,0.0531488769181463,0.0014325116158224072,0.06041242330602929,0.06890172784582903,0.06496194811913174,0.04924971722237439,7.155846982659975e-12,2.9639540233297316e-11,6.864076658329557e-16,1.0677535863554879e-14,1.3524505976101074e-35,5.598828144254621e-37,1.6145275497786714e-10,1.1189560418905727e-71
1.0,0.0,0.0,0.0,0.0,0.0,0.0,0.0,0.0,0.0,0.0,0.0,0.0,0.0,0.0,0.0,0.0,0.0,0.0,0.0,0.0,0.0,0.0,0.0,0.0,0.0,0.0,0.0,0.0,0.0,0.0,0.0,0.0,0.0,0.0,0.0,0.0,0.0,0.0,0.0,0.0,0.0,0.0,0.0,0.0,0.0,0.0,0.0,0.0,0.0,0.0,0.0,0.0,0.0,0.0
0.021235332,0.029358372,0.050552808,0.06269017,0.014878757,0.033682507,0.044479083,0.024432683,0.042224307,0.054947283,0.032489873,0.03833139,0.02787164,0.035040937,0.047199633,0.3145315,0.03090717,0.022930883,0.018184593,0.10494114,0.03665533,0.026208008,0.008295296,0.0401298,0.019144453
0.018184593:3,0.02787164:9,0.03833139:16,0.050552808:21,0.026208008:8,0.033682507:13,0.029358372:10,0.03090717:11,0.032489873:12,0.035040937:14,0.10494114:24,0.008295296:1,0.024432683:7,0.022930883:6,0.03665533:15,0.0401298:17,0.021235332:5,0.047199633:20,0.054947283:22,0.042224307:18,0.06269017:23,0.019144453:4,0.3145315:25,0.044479083:19,0.014878757:2
