40
0.5952095116709577,1.9998554213924687e-50,0.021280949555485096,1.7483013348098785e-12,0.01420298578533938,0.008100634637388467,0.00032281883905843303,2.1813791016692537e-7,6.432285319227944e-10,0.007725374108618194,7.740945013384516e-14,3.760002811239332e-17,3.198510462202374e-21,2.516307670105639e-6,0.004224869384835784,9.221149969711765e-20,4.692770048465967e-10,0.012834151256436886,2.7800358375935423e-50,1.7184416615625916e-7,4.501984071543792e-5,0.02940882708281756,5.730027493231786e-5,2.1907465536181697e-13,0.0003786182878833911,5.564979244185111e-8,0.004564123226504605,1.8121430829237182e-9,1.32772909011558e-19,5.3812957800768825e-12,0.050318872675007606,1.9983170573330806e-10,0.25003479912953014,1.1472370041290537e-5,4.863371697890445e-16,1.3988800647626274e-14,0.0012763878855598385,5.594173886737333e-16,3.189174275633446e-7,1.1240359403384912e-22
1.524844187203904e-21,0.5448777256257326,6.367744979628555e-7,0.008149803131473872,5.594623744989931e-15,0.0005476708154978691,1.8926013191662295e-8,2.836333950007092e-17,1.1072138959203621e-6,0.0035048685272958983,0.00016275843514165138,0.0007087553367367448,8.138732435777218e-5,0.00011771300119982678,2.4859863578344384e-5,0.028121377596020517,0.0006764251083259372,3.3345047628800304e-5,0.37905275410273603,8.552464536526477e-5,4.165594998795734e-6,2.8838342746091725e-9,2.171939197734785e-5,0.003277339779778242,0.011818191077399832,3.356085056757656e-5,1.4990146149166703e-6,2.0843544268774364e-9,1.6916570323101733e-18,3.3989674104212803e-7,1.6367274540942024e-33,8.989401791913301e-10,0.001451172684757961,1.3016040659410787e-5,0.013571042839997112,0.001878804923099925,0.00031256213389592414,0.0002120973263965962,0.0009132905752452453,0.0003444605272374542
5.557892101619744e-11,1.9785634941694281e-56,1.025941027151046e-9,2.0704814632073224e-40,2.8391913145845073e-9,6.437764527641396e-12,3.0904464807193506e-14,8.4406620759479e-9,8.363961712682833e-30,2.275732674265169e-9,4.8448148219773266e-29,1.503006121810589e-27,3.8627413068122145e-40,4.6978311741340616e-20,0.001024536524359742,8.305389667799667e-26,0.4828103478482167,1.4930922697764325e-6,3.5087879125444745e-55,3.8181589859138537e-13,4.618238008726551e-18,0.014066312182135892,2.925469048735943e-6,2.8548586187171467e-22,2.0306027259704587e-26,0.4592404903608757,1.1595822514146638e-10,4.223241242132657e-24,3.1884255179681306e-8,3.0847151537394326e-27,0.04285384729286125,1.9734232337905823e-22,5.829675934270427e-10,1.7957910692803333e-22,1.465920393203134e-45,4.884410048361776e-34,4.681213866635861e-16,7.4752268448844325e-34,3.0942764434285997e-12,1.7009580372849813e-50
4.277445817062448e-75,5.196560891500821e-20,0.000742234652851802,0.8774653957889047,5.89081983533962e-44,6.801959924365278e-20,1.141559769861875e-5,0.000881222889548227,0.03414022164832889,0.0006026594881029715,4.251800261777287e-21,3.227711998814789e-12,1.626254292554766e-8,8.044266774279812e-5,1.6688375103337201e-26,6.831875713228057e-30,1.6838538429579216e-60,6.258802644715882e-9,6.098082709306756e-20,1.1153286879831109e-19,1.1610218559215519e-9,1.595787715635459e-36,9.609748435503275e-44,0.06838571172369544,8.86758555579776e-56,3.994339094551708e-57,3.547685968597019e-6,0.0009660917372776994,5.732142655721532e-46,0.0012197809522945914,3.955564480566885e-58,5.81893340345287e-5,4.40686943447943e-45,7.562439427451976e-11,1.6047884773044216e-21,1.118997883782899e-17,7.147248863621326e-22,0.0009076562291322909,0.009169098287838079,0.005366307555361428
0.0014105084118014803,6.418505981939195e-26,0.0003496942542938679,1.133693674776599e-44,0.533195801921138,0.10918857721059609,0.012678047322525374,0.004686845372138467,1.227750006002522e-5,2.354277521994803e-6,9.55281886088452e-12,2.7061891042179346e-12,1.4022630871321933e-29,8.980520869235321e-17,0.09307287288276253,2.912411745045594e-5,2.239442910345844e-7,0.0005927590590034465,3.124422953888218e-25,8.503358344131982e-6,5.90107444441076e-10,0.07723202398500138,9.986420238277818e-8,2.080500811074795e-36,0.0023008534249910157,5.322801353042561e-11,0.014193673918124244,3.7848040679503363e-19,2.257389913367388e-16,2.3713331384905054e-8,0.005589629004646881,0.005291004323180449,0.1346811182482652,6.031208441653375e-9,4.8125779130295976e-26,1.3778182991017098e-6,0.00038884709948715744,0.0030617353286311894,3.381217616951444e-7,0.002031678831347819
0.010878544075118035,0.025733001732427093,0.0024218931077311634,2.0605899831944682e-41,5.124097317578399e-5,0.15100331296971292,0.012344840085744163,6.251890335856416e-6,0.031238128699955115,0.015723207101556558,0.00515981305637803,7.751735472183634e-9,1.1557074714741569e-9,2.5021284965763763e-8,0.04213513038328938,0.013395506348363314,1.3843944479438807e-5,0.0014634965224092703,0.00020121172655733081,0.007784688645103056,0.13473998283265112,0.014584888041622543,0.001594277111518985,1.551698458155328e-5,0.3616933287255577,0.00023826169888024873,0.012600414198335911,1.5079893239917509e-9,5.220426800562293e-17,2.7003273712244424e-5,0.0390189953312682,0.003252129437748191,0.05214192962240879,0.0034120649437126742,7.932171295565149e-10,0.048140052866549085,0.005179532083198796,0.003604545578608496,0.0002029297773745664,3.802438306178265e-20
0.001471543461702642,5.992074873553881e-9,6.056367593201487e-7,8.690569460404798e-15,0.010317079484479666,2.795700770373555e-5,0.014883085056558543,1.0945256065882816e-9,0.08377916765390643,3.3221494453909714e-5,1.3840109587601288e-10,6.209718862807232e-5,0.0005967673233722179,0.042520303334748336,6.835562789878725e-6,0.12752987640680183,1.4669396917756797e-29,9.34418422357491e-5,8.890982533973374e-9,0.007747439090555998,3.554068773073117e-7,0.000858043952301199,0.008430124475974745,2.058681566682396e-5,1.1414744270289404e-5,1.936124598518248e-10,0.06114089968174265,3.3874093828478058e-6,2.492483501280614e-13,0.1410493081030196,1.0329653698266856e-7,0.007045188198137617,0.032720181496613064,0.13841899950698225,0.0002673349409188821,0.00016456888867695928,0.25765957893282093,0.003291533957673386,0.05984895333757971,2.739284629230865e-13
2.967363380688494e-7,7.238920814662338e-62,4.112154025046486e-6,2.58557657272194e-59,2.207209765735269e-6,4.19537747055883e-9,1.1950479694367612e-8,0.0006976837391073472,2.965557130489802e-24,3.9796380238236095e-6,7.051550491691674e-40,1.5760337031197564e-25,5.685505339756227e-36,1.335604420371741e-11,4.638207136750343e-13,1.0677612406088821e-10,0.189991311165079,0.1656994732689129,5.236744834969881e-58,1.0559206010507109e-9,1.403225761593678e-11,1.0468236074488293e-11,0.00035476522843046627,6.831269151156464e-19,2.722719920816332e-29,0.0721856737470442,0.00017033427872274282,1.7044878699178378e-20,0.4371318910405541,1.0491496744797423e-8,0.019172192410387097,1.0860763986075872e-7,0.09435921080989366,2.290469295999123e-8,1.1685788567731537e-43,1.9181339713357442e-37,3.1533446603833656e-7,3.5019848787379954e-35,0.020226393888545795,8.282321300157507e-45
1.1189408160703653e-12,3.1610569957280576e-10,2.8239691275776694e-5,0.00029552683093067876,2.1678378153495797e-10,5.474095024253321e-10,6.0939192537665526e-5,2.5655578393366287e-5,0.12460921186038293,0.0030076196819818534,0.00015972669916561202,0.025885361721797513,9.808487257572926e-5,2.986584547293148e-8,2.850268828863461e-9,0.0018540406188950307,4.1551661358133335e-14,1.672916536701045e-7,1.1186118540026978e-8,0.0003061917802604366,6.647663345276447e-11,4.961556321601042e-7,3.106721667650053e-5,1.7959155834211866e-5,0.0002550183141177003,1.3979816829411998e-8,0.0030420242527605594,0.0010528074244347003,5.324331378845627e-7,3.8547086225310145e-5,2.4623922494898027e-19,0.0020238680660849395,3.849315199985069e-6,0.1076638890044259,3.9376812044138804e-5,9.07783709497412e-6,1.9198171269257e-5,0.6665631477936821,0.06254331710072485,0.00036499901081875656
0.0511916383727888,1.1090937263356835e-10,0.030116342626890297,5.125711932413766e-35,5.898400359647545e-5,0.0008994530767955833,0.0011458386339220504,0.01015149384952298,5.716896539512032e-6,0.3885914699728164,8.862604894524485e-6,0.0005160196241452291,0.00013892728137064432,1.6685582560199547e-5,0.003950109339682077,6.920176688951477e-13,0.012877839265870094,0.00272133753890694,2.1135793937044415e-9,0.03448824686518076,2.4870463219632894e-6,0.000285260903241946,0.22502013041793625,0.00014400508003904646,1.1630646467871404e-5,0.0215235208022371,0.03875775941088792,0.0001883313149136963,1.3661769351303647e-8,8.253450233192293e-6,0.08262530675495337,1.3076152317390054e-6,0.026663153781570713,8.36314033216067e-5,6.039264748078601e-11,0.00031690293615538323,0.033952986240754025,1.2769416974553154e-8,0.03353633793636147,7.130322931442386e-12
0.002787642272468781,0.24636665709718308,1.1343163217521465e-18,3.2066117942128514e-9,8.228331820537684e-17,9.088978604604166e-14,4.5551060489451433e-7,2.1273210188042614e-17,0.004110240192569828,8.566301840985381e-5,0.08787849448523875,7.407754794130065e-5,0.00034528105462542063,1.8405042807754284e-8,5.358076878451337e-9,0.26914992251327524,1.5557112868797646e-29,8.830807647663769e-11,0.31101873254409484,2.157208600535137e-6,3.046619315691019e-11,0.0025363697948253268,0.008553316818767016,0.01707771727603504,9.228992710985238e-6,1.1034358696515542e-30,1.6499379350883574e-7,1.3182833306413049e-21,2.4488796945565513e-23,3.763429985310998e-5,2.3102708871528087e-11,0.0017345288361323168,1.8314834722314087e-6,0.00025695815205564434,6.253962882656178e-6,0.0016137555665508764,2.1373652670742943e-7,0.02878953969988516,0.001854312915623693,0.015708822914173606
1.0469242190091386e-16,7.799926139996274e-9,8.834779545270611e-17,0.0007588574208023947,4.4475189383264575e-29,1.7827676313148085e-10,0.0013355124447940996,0.019162200562668912,6.626464563857724e-8,2.492829385338857e-9,1.0097400535762743e-12,0.08545417909294706,0.07514853178818948,0.06755040787464082,1.6369466967431805e-11,0.018045021547267472,1.9775599030187032e-42,0.000580773901989267,1.2242654150051342e-8,1.0549179802819329e-6,3.0074159103132935e-13,4.223804935301474e-14,0.014236319410369335,0.008312872705254284,1.586285505173539e-13,4.3588062766202126e-16,0.00040096425413374065,0.0013826075727251784,1.6233028303216948e-17,0.10051264585555113,0.0011194472468494302,0.0005233190207359236,8.76943564557124e-15,0.00010402362926784159,0.20285783101784358,2.243172825922709e-7,0.014873188049952385,2.2097026499785133e-10,0.0006179597804024455,0.38702196837115976
3.278611473603287e-13,2.54289765365865e-9,0.0013468882230668507,4.654798715396674e-12,1.0723528018467037e-19,9.381860974550943e-6,0.0006173429815757866,2.0165160920353734e-5,1.1221612040435377e-7,0.0017119874506579614,1.8964641070607626e-5,0.030954397480259143,0.6366371440748124,0.11598928656549976,0.0008340140186815783,0.005755498295797009,3.755040698500517e-26,0.0019498049239903,5.5523540322303865e-8,0.0001797473847199164,3.347921492786205e-11,4.901504579315069e-5,0.00029131276276093515,0.0024654271471329023,2.3956363587321473e-9,2.2339337547267158e-11,3.745625627854017e-5,0.002650120218081911,1.1829077332250707e-19,0.07200851217833322,4.833742390899735e-7,0.0018526943071697788,1.3698954020353104e-7,0.001442627597461224,0.08912252313130921,0.01875073407993496,0.0038339719448724123,9.964871225191096e-8,0.011470005706703007,8.381065507529881e-8
3.1582211471974967e-10,2.6024938173948577e-23,0.009260157934596907,0.000161798285664599,1.4630350122443297e-15,0.00017105766954538657,6.184632914353485e-7,0.08088171740709199,6.28531043258672e-8,0.08553324039654304,1.6825944071692201e-9,0.02865203408745411,0.06962887116164254,0.2772602110919339,0.02982727568593343,2.7747033628248932e-5,2.41552185152384e-13,0.06145212511291983,1.779910837236619e-19,0.00018755404635800079,1.112843886474657e-6,4.945137674260665e-5,0.09549502425695938,0.013094451328133775,2.9060359487161985e-8,5.36889944157979e-12,1.2851790419365545e-5,0.0016904485612918509,1.743230965736256e-10,0.016572759471246652,0.010926261848524983,3.600487373758806e-5,1.39851163151656e-8,0.03046586327933177,1.655670218336538e-10,0.00033034175262868545,0.1869502413369415,3.838310027235364e-9,0.0013306640059421795,2.8168010190826046e-9
0.011076016377502312,2.2166358669631756e-5,0.012995438798469972,1.8899328013154356e-39,0.014119008138772617,0.028150574046115897,0.002885450387733169,4.113635219323571e-10,0.002345140904597703,0.010054351288528513,4.0715691455353785e-8,1.338858116891838e-6,4.327072454518433e-11,4.1702781432627564e-13,0.5606210745659396,0.00473190047462748,5.714928085499741e-9,0.006357997453162458,4.7572828559825294e-5,0.0008786100673996159,0.022782648345185726,0.07434156127230644,0.0010292078700470247,3.292456821731839e-13,0.01767311963577232,4.953110824984267e-10,0.11242512571251738,1.289250311967002e-10,3.696966469990005e-17,5.6772232005215655e-6,6.998643476188139e-11,0.020772981014935493,0.05042102608821623,0.002007819965522115,4.253682602542322e-19,0.0045866342006726,0.03262457831228951,0.0041840934939054025,0.00027050469949465103,0.0025883340375163666
0.0003157401901070655,2.033666457557148e-6,0.001983458682506009,0.005317966941939277,0.0027103079815888726,0.046647251927520374,4.402668084609006e-9,0.0001070737329945008,1.0440730937749225e-6,0.053344780406144085,0.01188379598399266,2.786803187818864e-6,0.01986324054610832,0.00023246233384413087,0.013659086701699507,0.0021547023695864783,1.874327341530815e-9,2.6015021684458957e-8,6.644376041987729e-7,8.18052619499015e-6,1.7639233945660677e-11,0.004307756530360478,4.439374822631149e-8,3.494018346722117e-14,0.6250773630597811,0.0042714342698962,2.381110831127964e-8,8.381821510386102e-9,8.051956972548023e-13,0.035989627377624955,4.352530527932318e-6,0.00019254604592895425,8.856775613727432e-8,2.818787910243187e-5,2.6636181206726114e-6,0.11089001780019264,0.059621962492980005,4.4689868435635703e-7,0.0004303293287283793,0.0009485373985717698
0.08995816865905083,4.807603387280757e-8,0.055930669180488814,6.275428700588034e-36,0.04928269405767824,1.937881915380996e-14,0.006038311907031663,2.8598667482977144e-5,0.015050109408681228,1.6168748165868827e-8,4.2411732703693795e-42,1.8102349782386703e-13,0.003967617677197856,6.33591427619233e-16,0.0006199300464193423,6.56110002915304e-6,0.4450741643310786,3.821445420246045e-12,9.20768414191074e-12,4.631989807754165e-9,2.0223452322896106e-20,0.018007437667855713,0.06286072271856621,0.003186669528173388,6.598814527151132e-13,5.3692626101200447e-5,0.0402551773780448,0.0020070786599376924,2.972655907082238e-5,6.323464320815905e-11,0.12646050236029371,2.886676862455181e-10,0.06921857067697564,7.776764927154616e-8,2.1886924139300156e-30,4.08620182749026e-28,0.008270220190866769,0.0036932295849488317,3.812982624464836e-12,7.027260720859403e-34
0.03738902734386347,2.6169760725751248e-9,3.1978665440770627e-6,5.250089500560725e-28,0.05432870167325707,0.00038166873163854266,0.10926491246770963,5.0693786886765214e-11,2.217182265169718e-7,0.0002890316972803262,9.913145149016661e-9,0.019279016719567655,0.025129236774360946,1.8237200305754588e-7,0.008284230399400194,1.189721199538057e-10,2.5876786359178212e-11,0.10597905544405607,3.4916750477721296e-8,0.00017951849062611592,2.342130622266113e-7,0.0012117909187646853,0.3814954958624235,2.7693295286367806e-6,2.1445116528001927e-9,1.989203856553741e-5,0.20127267908208793,0.000737242453863626,1.6775902658215536e-10,0.018472916683275827,6.896086428577575e-8,0.00012966879911320372,0.0015857512458643142,0.0040302972193007715,7.483320452598002e-5,1.2349604877879994e-5,0.0011762936716636463,1.1168002309340769e-8,0.029269653890996793,1.3123523715441693e-19
4.642177540251295e-19,0.6907325146032911,0.002650173612666712,0.00353331587470139,1.0752147332024716e-18,2.3529979288756015e-6,4.117981576452598e-9,7.630188833233762e-19,6.208699562274291e-6,2.909776432150444e-5,0.0015049369863285847,0.010719404798806394,0.0003557118680044911,0.0030477214962964932,2.6685963320384448e-8,0.03251732315719606,4.950500319882945e-10,1.6114029448719957e-7,0.09742530778817367,7.7208310485572e-5,1.5348876372949537e-5,1.608596393433973e-11,6.662316812729825e-5,0.0068764484174461855,0.0030028604481822942,9.591582612122286e-14,9.652863320378114e-8,1.426518654742396e-10,5.220549888323249e-21,2.7478295589493395e-8,8.2512539163525835e-25,1.0848924535499402e-9,3.158703977757817e-5,2.0325267438377216e-5,0.09620507720066056,0.05047259831702444,1.899009026686771e-5,8.88920592225068e-5,8.95220091446608e-6,0.0005907012668591159
9.803302367474688e-5,6.505230722704414e-18,8.434251376514899e-6,3.0824187208984135e-16,0.0027125997211867128,0.002200705888789938,0.004476062239496615,0.0005493367992845656,0.0735664238983799,0.10575284396457697,3.721678358808278e-5,3.5839688745205935e-6,0.0015386452233242926,8.86048205674118e-6,0.016171320913310454,0.007324515948444843,0.005166213871622783,0.07092098744851613,1.1218047145209115e-14,0.03565983415284419,1.5469995933136543e-6,0.3076150269083794,0.0025507688015225473,1.318278836446906e-7,2.426372375560691e-6,0.01874806013052544,0.0001698891558368314,0.016719447831484054,2.6111449695537883e-7,0.011951872977857454,0.0032057793404408866,0.004392377594548824,0.05693506661367938,0.024809209732993137,8.948862404616859e-5,0.013254685089606885,0.10670180936626628,0.0006425537416147281,0.10601397431286613,4.884622843385051e-9
1.3009664665221724e-18,0.21707254900364323,6.606664890362922e-25,0.00011021198320036684,9.775100650356768e-6,1.4101782935750676e-9,2.6586607795882616e-5,1.6418378697532105e-14,2.0883655114686768e-8,2.0719370658634312e-5,1.7007957470589902e-9,0.030809324616865297,0.0005518823603975725,1.7150700330666747e-7,8.829470474058326e-9,3.9928000979781206e-6,9.224036188228611e-23,2.1752294542693158e-5,0.278219584598795,5.26202510507298e-9,2.8239140897736675e-9,1.0773969619648475e-6,1.508590600863793e-14,0.052189208049450424,9.87239520852631e-9,0.011422151353689817,0.043969941924419526,8.297675252524384e-17,1.299149340483736e-26,0.0004417346364449183,1.4213825672394166e-18,0.14727945503467627,7.63996776038654e-11,0.0006663069665211928,0.041329777704663735,4.635025721336641e-5,5.305275982611206e-5,6.41071131088424e-8,3.471637371564161e-5,0.17571956233278846
0.0006742149404508248,2.6326133168264836e-7,0.00022997487272971383,1.288204811989679e-27,0.1737086772677916,0.0032623491558027846,0.120408312681702,5.5821681759312405e-8,0.001892018921793341,0.011356557651484078,0.0009727746203270539,1.4829549506450212e-8,9.479274970461365e-11,6.10885607188688e-13,0.19818284706505923,0.0003463386631720141,1.4764053665914901e-9,0.0002393375156679731,2.127405984126115e-6,0.0060151659667020034,0.0005789481260984754,0.42022245202484804,6.952165685355428e-5,2.2374715178341254e-15,0.00574795016506306,5.502119052709474e-6,0.031305916715768496,0.004818314254118797,1.5344155115721976e-11,0.000720179960915737,1.942309559260069e-8,0.003996962551780053,0.004366098667753074,0.002674856232067157,4.225702898151885e-14,0.002304974111432085,0.005173753443371958,3.494292319675452e-5,0.00010135309226340494,0.00058722230389364
0.00011391904751665964,8.89339744591671e-19,0.02747754142204273,4.204954835705103e-27,2.8385896501530194e-9,0.022626589439906253,2.6701683809529942e-5,8.178590590663286e-8,8.98826985777968e-6,0.15603648242197196,2.73594474790424e-6,0.005959929292398834,1.9400269567580375e-7,0.008691377521357454,0.06669692585146639,9.568413141226384e-21,0.002556119252321237,0.06973666674680977,8.184814638052356e-16,0.0015509410899439816,1.3991198085503436e-5,0.0036685322220152265,0.2868107465017506,0.0005246569135070458,8.160833486065861e-14,9.917469030229939e-8,0.07562605160131344,9.174818839286445e-11,1.059628872446399e-15,3.4621459882368247e-6,0.07948506680038571,9.752344140779134e-7,0.00013722158131004,9.824868193611841e-5,1.778204580649862e-6,2.931557151626092e-8,0.005164530050773784,1.0182885120235436e-8,0.1869794034876193,1.9379755985306646e-21
2.340571267604287e-9,2.6387258234828596e-6,1.3619562336486082e-18,0.09358756409592596,3.076028944257458e-27,2.191655276712413e-12,1.9355464310663058e-10,0.0050400134929716785,0.047468574884011586,1.770214665613571e-7,0.002844901850726554,0.0019038769624723738,0.04043875231637231,0.06419355869223305,2.047176443611329e-7,4.05965732801994e-5,3.883378009219625e-36,0.008983522757442526,1.27508136064719e-5,8.568464669992387e-5,2.4383658606833404e-9,0.005272616692460088,0.0017760194310662337,0.10739314478152838,1.155979610417584e-19,4.411380148691968e-25,1.001180115827122e-9,0.013826124624371595,1.3624553879674893e-21,0.002189650775168398,1.5934256258848842e-30,0.00040058172404812674,5.525350305755448e-8,0.024001871813755505,0.00010343467463295764,0.013613716584183103,1.1194244009689989e-11,0.29226861650916647,2.8494326051701136e-7,0.27455105865512064
0.00056273683672961,0.030492982338556948,2.569775599027122e-15,4.455447563699248e-9,0.00018474561645035796,0.0004565456276704646,5.605342076332387e-7,3.678074491200097e-12,7.881534164076144e-6,0.006489637640216791,0.08876304456788621,1.1264626921715977e-9,2.418305029774935e-7,7.983581441630782e-6,0.004610399373969445,3.984224331522263e-8,3.0930613047433636e-30,1.043516025701056e-7,6.299389287759219e-5,5.111894202234095e-5,0.013776405691338247,0.0005409589663868536,0.004685630357463053,2.3563179765853485e-7,0.8202754942863597,1.9796248776186202e-11,7.482725542813404e-6,1.306657591651279e-9,8.800442245223946e-29,2.1053216482763073e-10,2.613880898717992e-9,6.373584878016326e-7,0.004975243724432985,1.17067682518153e-7,3.0728838302730155e-6,0.01763379656709261,0.006215704582198841,0.0001729306129833041,3.116733261388523e-7,2.0951624077416308e-5
1.2549453002263108e-10,3.3679272028092972e-21,8.032503767296747e-6,1.0691765062707936e-29,4.150645975238122e-6,6.750248978601432e-9,0.0022275261205139244,0.2332385244683093,5.344875403000451e-16,2.2305541714654492e-5,1.152681475851504e-27,1.0196583854872429e-26,1.8273981898249216e-13,8.390423442683805e-17,0.00034854743865325347,2.3732779166312484e-24,0.10389100988837151,0.0026742239329742685,2.660378637213979e-22,0.001239205946530599,1.3226474627294442e-24,0.0022647848575091073,1.9132311645321436e-5,7.191066199741992e-31,2.3360370238806834e-16,0.21756047551023722,0.0004881933047334002,0.00989816555391811,0.4118554609207013,1.3159388088047364e-10,0.014206641014508649,1.9239470536742613e-6,2.5997571344388533e-5,1.058536460171613e-8,1.389477536307717e-35,1.0674452105392097e-17,3.743461233229779e-15,4.345831417221368e-23,2.5680928649483556e-5,9.832251145736344e-32
1.472783147991062e-7,1.3256830277512589e-12,0.007559343330492739,1.7337984737144183e-20,0.00030025261556811,0.019909670558000706,0.005691624314978737,7.511443047805422e-6,0.02863075963900242,0.0015011031564443307,1.235276368687182e-7,0.006747407237972627,0.0811469696733878,2.596766417015757e-5,0.00011730228724450072,5.82108707644909e-5,2.0246642649030173e-11,0.03367368736079588,5.954601732658269e-11,0.30134057930437474,7.480022367092898e-5,0.003174160692915626,0.007341547650708276,0.006966938748843523,7.021491673559327e-5,0.00045271805392698084,0.10695230066762826,3.7743485674069003e-5,1.980528578801514e-12,0.13149561649323546,2.6505453272134104e-8,0.020049058292259787,0.04193582114314784,0.10963651045790243,0.0036973196489113735,0.011508191732271337,0.05042591511725565,0.009645809246592476,0.009824646577544926,2.6582525596925363e-14
7.37377947083103e-16,3.904319665375335e-37,5.0274098561961584e-5,2.541905180953488e-18,1.2150901890486532e-15,1.2390931564363503e-9,0.07650987106188371,0.00018770290117814864,7.21599346595495e-6,2.7623666401719156e-5,5.711914445074838e-22,5.178793563580791e-14,1.0735909442597429e-16,2.0398588662112627e-9,1.2895490978351157e-11,5.453312798074661e-13,3.746185393162188e-5,0.10220630614179103,1.87620188698756e-35,0.000931926027170469,1.2904054080442762e-19,2.8649651657303726e-12,5.188919662779199e-7,1.6323496729203892e-22,4.202475910951503e-22,0.659056763409976,0.05817944155967285,0.10221013530532157,9.669899342364472e-6,4.242692549343491e-10,1.7917751306024155e-13,3.912943225398833e-10,1.0134826575766861e-11,6.634167845687267e-7,3.941925114868702e-26,1.8295363124722866e-13,2.609914190706887e-9,7.63706041994156e-8,0.0005843426689112704,1.7497458162094653e-12
1.8085905596200376e-11,3.556532967068497e-15,7.948245203661018e-8,0.0038894887612647825,1.470336784355965e-6,9.14896393086371e-10,0.00046502574571734837,1.8419615959738344e-7,7.604146877301303e-10,0.06700062548148912,5.359429189718933e-13,3.649463390545051e-8,0.0363472309354933,0.0013124953340005704,0.006004289292415925,8.353658749890402e-8,5.458485060415531e-16,4.242307797478542e-5,1.2349349774478694e-14,2.63639560266965e-6,1.1422556276595524e-12,0.07271267952680928,6.006766989143929e-7,3.9962396437274066e-10,1.9449984203937088e-15,0.11485612637662712,0.1712009531169549,0.16350104248404299,3.463655423159353e-8,0.20185079075412152,0.01260590559330205,0.02575841625924315,0.01594545047687257,0.0011161012441756298,1.0588365186519337e-25,1.2840006348759912e-6,3.216401042220382e-10,5.55718171402627e-13,0.07839154963141835,0.026992993735055117
1.9731209497376374e-5,4.599576750626772e-15,0.019326637481942775,0.005645484398685002,8.188426143664519e-5,3.952584254135747e-6,0.00021280457860765612,0.04059362377065912,1.2980489453316692e-5,0.020364486101586133,2.0974676613365143e-7,0.07841631909735469,0.19127113565831663,0.039852061929247166,0.005858693989535683,0.002093348236737739,3.3362886252756423e-12,0.0008759528883950759,4.308920362554557e-11,0.11616712507040701,7.151658704421825e-12,0.042327581834487475,0.0017784276976067703,5.350933018755072e-5,3.329249900347974e-9,2.910396745355753e-13,0.02600238322556538,0.03048889559159707,2.4724019174638254e-13,0.10365881726145623,3.157762891656689e-5,0.04170917522543376,3.422799441010162e-5,0.192437378519702,0.0017700329970236736,0.0001740476552472744,0.025896486327871178,8.305465842786619e-7,0.011867929016014057,0.0009722642716443914
0.13329969334038286,2.468558233511171e-52,0.03313411053720483,0.0002907542757717432,0.03895991931950977,4.2574140400319544e-7,0.0009731905278813153,5.531835746809574e-7,0.003570809955321214,0.034239490531601746,0.0020500583418459435,2.7955380485658795e-25,1.3229027098488534e-18,0.0014345590761373338,0.00047950969010191553,2.3513904194864418e-23,1.5816036130101064e-8,0.0008805436355225584,7.257740048234617e-53,3.512365981816052e-5,3.9557710434282283e-25,0.010471390383291784,0.08777897233377083,1.675596047858497e-27,0.0027275333096742557,4.780054212846267e-11,0.002654674855585631,3.0101409165408615e-18,1.2055297011945863e-6,7.044618273837831e-16,0.6234679183068178,2.697668410090024e-17,0.015668897170699365,6.165009449978638e-6,1.2683627184514006e-49,0.003039493456972835,0.00031943999543173777,0.0004349693007260934,0.004080582667962749,3.0785931286058873e-16
4.1801965316569074e-9,3.822667617017669e-12,7.311621694116381e-5,0.021540869552522584,1.6736734344627717e-7,4.4835514491236437e-7,0.0020196636220476682,2.1874464604871943e-7,0.0058460457757418295,0.012256057954106248,6.800232113144765e-5,0.11838862195992064,0.01137418442121891,4.3434519403296074e-5,0.00010471916129739701,0.013925674946674606,1.917203745380381e-5,2.2758530577168662e-7,2.351200184901949e-10,0.3666992586122755,1.1170107901292354e-9,0.00397449430027512,0.015506793772239154,0.07385368952191831,0.002402775355847436,8.181586679488277e-9,0.027804865190796918,0.0001582888730978024,2.4074414090967004e-6,0.03857914451399035,7.83952456928366e-12,0.09491100034237719,9.714138657779976e-7,0.06461035875409663,3.4587829434171186e-5,1.551115025238714e-5,0.014748559547503187,0.018275144102202198,0.0846322195168328,0.008129291495110066
0.2245153073183691,5.42668609247211e-14,0.03960871670690079,2.4516980231650305e-48,0.2741968865945148,0.007185117813967153,0.013756094209798356,1.3842974149553627e-6,0.00015933461824612304,3.805154812819856e-5,0.0022568377367282707,3.030065292336948e-14,2.5393643438029685e-17,2.7353690562924533e-11,0.11978595591680041,0.002255791731827837,0.01902131238492047,0.00014106451901960303,2.1498074643737698e-16,0.0012311868979234,0.002784697970937671,0.06286078827496946,0.001446959546725719,8.846093907351665e-17,0.03320166866568909,0.0010309946989538342,0.013872121803111145,7.65527736490431e-17,1.0504762318198268e-18,1.599760716619099e-7,0.0360111177803338,0.0002757522104153792,0.09337073341877762,1.1441493166135282e-5,2.411168233968301e-14,0.0006529429160222513,0.050267422568356465,5.856415889103918e-5,1.1370441541557456e-6,4.5515140239815604e-7
8.200203763968949e-7,2.2923119109490737e-14,0.002549614931541224,7.471812604636569e-7,1.1168687665469375e-8,1.2597607086342312e-5,0.0033852762636074987,0.012861477489492436,0.0303767275925646,0.03013362074385255,1.6416699746253176e-6,0.002813781941460212,0.012599292201734853,0.00011826355436969086,0.001191662710285769,0.0018268064122781325,0.0005621732828617976,7.021015830964342e-7,3.1803522714301526e-12,0.011865389050341473,6.713401239279285e-12,0.008272736969605088,0.07452400429864131,0.00014642225178624496,2.2322533094239587e-5,2.597675828840739e-8,0.0007649730124763733,0.003365426463275783,1.5536635166359773e-5,0.016737219844114363,1.410251505903232e-9,0.12752331341453813,5.8079386191063115e-8,0.5450551339064728,2.1020167349305016e-6,2.5640902481479717e-5,0.10418999381339611,0.008693915139140182,0.0003541564314152632,6.410967990024969e-6
4.3311376210073634e-18,5.927679154857658e-5,3.366785721500667e-5,6.140984678240664e-8,8.051737867533906e-17,0.0014591562074235387,1.9350901537152144e-6,6.073282480605667e-9,3.600969372074369e-5,0.0022217688437441516,0.0017245528711491765,0.00391647786407109,0.0015352981841094749,0.018817587091054612,0.0006445780719879442,0.3532541893082496,9.828935093638402e-15,0.0006943403611537065,0.0014421377932333137,0.0008128794238204154,1.6069067349934294e-7,2.4552387113476928e-6,0.01067503881897031,0.009563994099133168,0.04926943117027091,5.586120533731546e-10,0.0003842708245208232,0.008338875803492284,1.5231762942266425e-18,0.0002870767671394274,3.9526354889553585e-16,1.1440003574388684e-6,1.2803708743505866e-5,5.8874660858953104e-5,0.3265078059668667,0.15465975847800192,0.021245776227214668,7.00784100208905e-5,0.032259416601000186,9.115039637149362e-6
0.002446209979933154,0.012314194899672629,1.6499045533523955e-5,1.830309430250813e-14,0.003244451240278628,2.8126061268135982e-5,3.3691481297718745e-8,0.00045009162503213495,0.0006451282527524416,0.019408523971181275,0.01955121095859675,3.4088357944346633e-6,0.5555577161175318,4.131168087474755e-6,0.007004283535581143,0.1471063206420175,1.8393870999993733e-16,3.035037838974836e-7,0.06367298439201009,5.189796522897739e-8,2.0102934156922768e-13,0.007282554826648091,1.403696757672377e-6,3.457276366474022e-10,2.156831769981591e-5,5.7036541344302285e-5,1.4420725599664397e-7,1.0604339185862866e-14,1.9307159298135515e-18,0.026557841324878234,0.010144383564433018,0.0003855905205036409,0.0003016790653401457,0.005505669486320106,0.01512292041686021,0.09571154687002753,0.0013760129854640622,0.00044688327904512877,0.005631086080214372,8.652748499210662e-9
7.041979553704956e-5,5.309475781698541e-13,5.768714796175619e-7,3.118224106001716e-21,0.015666504340266143,0.013172016775900755,0.0028278396368193715,0.025246694084421588,0.00034907472524300926,0.035019446887843565,7.113238528443258e-5,5.335607769297375e-7,0.00016193889526334797,5.716804003303844e-7,0.007837871916920366,0.00022379464980823823,1.1416228624970253e-10,0.0016022337354501435,4.407070241674423e-11,0.00270415761855511,0.00023129307469782966,0.004519033945594354,0.003453621767398509,2.6048922530981923e-5,0.011877618762959808,0.0012932594919467925,0.2605166436955986,8.315452676885207e-7,1.6515199432248608e-13,5.2428609596445825e-5,0.001716921477317717,6.167353668931523e-5,0.0011441580191693416,0.00554393874593318,0.0026266476421709694,0.008108155173335341,0.5838002152486063,6.1149464533519265e-6,0.010066587675834345,4.463918025959257e-18
5.959457228642648e-12,3.5977518041906626e-7,3.3338960250925475e-6,0.010440722227054366,1.3951022604475202e-9,5.8353859383757775e-15,5.44689704265595e-5,2.005280827737463e-13,0.0775814323489569,0.00016808448384213163,0.06580246849867841,0.0007473587983418188,3.573724476545306e-7,2.742625611667796e-10,1.9777390267511467e-9,0.00012166807712732604,7.299501918482785e-12,4.5357584174322764e-10,0.0003535533133010594,3.505522355243111e-5,5.323607455362337e-11,1.344566481294262e-6,1.5823063295925854e-5,0.0472431213614281,0.00870786251818053,1.0447552589766991e-5,8.586247221653199e-5,1.2230219906977404e-8,4.5725163219365524e-10,1.006394414777401e-6,1.1391627686029144e-35,0.04065106791750137,0.0005150411480531827,0.0006201338115189714,0.00012213665935647145,7.037162555109274e-6,5.310598025168387e-7,0.7462558321453681,0.00040595719908549194,4.791512836508111e-5
0.00046989667838331597,2.1435844777324134e-11,0.0029571703442350357,6.380539681450123e-21,2.3631896636613497e-9,0.000225903751272839,0.00045257209437530124,0.014418530982794433,0.0005997478871873268,0.02331207339252119,2.665611473395245e-7,0.022283465278339628,0.0016518387465537453,0.001968202647091541,0.0004428934750803142,1.390964995586041e-12,7.309848243381104e-7,0.04142944037304646,2.7306505189663958e-9,0.05381024093027622,5.003343875346775e-7,0.0003872385199437575,0.003997155798030864,0.00046082500415650754,4.3853231182052334e-12,2.2205634666732276e-7,0.1287088273067096,0.043363051407474686,1.4834666644411392e-9,0.21257322304855245,0.007854762625691084,0.008777797257066126,9.71132069105881e-5,0.13410514890052888,0.024950089148015442,3.005641691479749e-6,0.0016157297216076857,9.855001301647573e-6,0.26907247428976055,1.7641073738386465e-13
5.600748823636135e-56,0.02635114135702295,1.0298977659747746e-37,0.15430665256456885,9.460954171633129e-45,1.484772269976438e-11,3.0415023711386278e-5,4.5785329058637595e-8,0.034765536163693544,4.739891435441793e-8,1.3775242995863654e-9,0.0029207063524800078,0.09451750954238501,0.046803591398271394,2.526230594175813e-25,0.0008682785499794117,9.297547747672717e-82,2.1609722332375336e-10,0.012176087301943486,5.694315422861421e-7,3.2151901602910164e-8,6.5771376716011335e-37,1.2537156198891239e-14,0.17880146513796366,0.0061597661378237755,1.071006032602545e-55,8.639016160565857e-7,0.005428173002706223,1.946081448750376e-30,0.00011393554691561433,0.0055556023168143245,3.1746404960731775e-5,7.396441279161763e-37,0.0002428891179012494,0.027299567752420373,2.033662667513732e-5,0.006265148907349082,0.01878788093957377,0.033241458747189714,0.34531055082986506
40,78
0.0,7.4070616471285485e-155,3.4306286282921e-41,0.00043237025400923537,0.00024448071522286996,0.0011012495869688165,0.004068166596822125,0.4931740205292521,0.36941291037788315,0.11657462453186147,0.00274357847367804,1.452806681563329e-8,3.087288435555325e-6,5.962630169463806e-14,0.004318167936790155,0.00133985252393706,0.0017640119421729122,1.89612276806339e-24,3.232430451488562e-20,0.0018256541565317144,6.596950708756929e-10,0.001082610788024056,0.0007965811162357464,4.563657437901052e-84,2.8985121099223973e-63,1.4319326890811412e-16,4.7371069411332405e-55,3.078974330683946e-20,4.851818955148698e-65,4.740621839506848e-84,1.5065923610206565e-15,1.3519399880149518e-123,2.0552949060255045e-33,0.00101393581798356,1.2247897260465607e-122,2.8305398599215516e-92,8.310385886050747e-5,4.015455730416861e-99,1.1956652189701197e-34,7.671210381320533e-21,2.1578317507922425e-5,7.292381735913904e-65,8.989643116714666e-88,6.3887309882179786e-124,1.1085655222666531e-74,1.5563586602850431e-100,1.2181899405074839e-233,1.8027427821718333e-97,4.728153382791712e-29,1.101024657200211e-165,3.9753215778816976e-126,0.0,2.3985071584965876e-207,1.5767799000483302e-93,9.665484261633886e-147,3.396626142237702e-110,4.2687606943928665e-180,0.0,0.0,0.0,0.0,0.0,0.0,0.0,4.569095001937617e-236,0.0,0.0,0.0,0.0,0.0,0.0,2.631012762014995e-301,0.0,0.0,0.0,0.0,0.0,0.0
5.21244e-319,0.019148740071474327,0.9785851434641368,0.0014792866364260464,0.0007868298279576116,1.5341931458593902e-59,5.525787858127492e-23,8.956162751962688e-94,5.087337231380053e-15,6.830601095552806e-121,7.744044921615337e-216,2.8719475295255386e-138,5.4784582084943275e-222,1.0911041562331776e-184,1.6145928839452353e-160,8.160545342722279e-98,3.8723431125108386e-109,3.425516247234099e-229,8.434088571917411e-217,6.158027868041928e-113,8.221263363946107e-276,2.506127601603379e-306,2.0820717253487434e-279,3.8242578437961673e-262,9.180182633263303e-220,4.388091303327663e-300,2.109109218e-314,0.0,1.123330418398571e-231,3.405278117068766e-221,0.0,2.3343754640366792e-178,2.966928548229498e-272,3.885815232618498e-186,0.0,3.53752994e-316,0.0,0.0,1.1985675894218985e-181,0.0,0.0,0.0,0.0,0.0,0.0,0.0,0.0,0.0,0.0,0.0,0.0,0.0,0.0,0.0,0.0,0.0,0.0,0.0,0.0,0.0,0.0,0.0,0.0,0.0,0.0,0.0,0.0,0.0,0.0,0.0,0.0,0.0,0.0,0.0,0.0,0.0,0.0,0.0
0.0,1.5652621234105267e-45,8.198717277655237e-30,7.073604863074422e-23,4.856201906823558e-10,3.55283636132156e-7,4.0922799803112086e-8,0.07305267597661279,0.029695035609734827,0.07238827355641159,0.042167370034442576,0.03325236588182816,4.553987645227034e-14,0.030867211812506568,6.124442101443941e-17,0.08668122366372258,4.972393490829285e-7,5.3437416591374695e-5,0.014459938992370315,0.01865677812385174,0.05293665075658526,0.01945382367568805,0.040634757987760374,0.05538010758956578,2.838354174168779e-26,0.038695849585751854,0.03665546794872252,0.0112157104875997,0.0019022405449763869,1.4602532336386018e-12,0.050220834794080224,4.545845297627353e-11,0.07031900303106565,0.028221484586703916,0.013656269984412083,0.010031432638336845,0.023314939506503138,0.05108186711485531,0.029590650287065992,0.02674444134047115,3.0476898673410906e-14,5.417504566118442e-6,2.590347756011125e-10,2.7748182388930537e-56,4.753121034222e-34,1.5934085888489163e-78,1.966735198282061e-49,0.009143565281397497,1.224747850381517e-55,2.9869612441332865e-5,1.0786873601235311e-38,0.0,1.2084762074548253e-11,3.0132551159430023e-9,6.293178276557573e-69,0.005663297914620169,0.016923700551223636,0.0,0.0,3.6881213046623143e-47,0.0,3.507686930688453e-60,5.486049306805346e-143,0.0,0.004628776458165812,0.0,6.228375123016476e-179,6.276203568826904e-93,6.317365181784259e-96,0.0,0.0,9.832690652039631e-146,0.0022746324865940922,2.969176163778161e-80,0.0,0.0,0.0,0.0
5.310037069434604e-19,0.9951380100726861,3.567341351741252e-22,0.0033812666122056824,2.0795744219257105e-50,3.326496182700467e-50,2.012398776878893e-21,1.3469126600778774e-146,4.4148381410282153e-125,7.34948281820972e-21,1.549343943008829e-200,4.5315434532902134e-133,5.585377865108176e-222,9.963634671072047e-60,5.05910132353775e-112,3.2969532487152236e-201,0.0014807233151083845,4.067799333954375e-230,3.719051508054017e-278,4.1468131888908663e-168,3.7731421030266236e-266,0.0,1.8489192994197872e-228,9.858225068125955e-255,6.378578848679338e-233,9.88960396535203e-309,0.0,0.0,0.0,1.3343850966529354e-260,2.534684987102969e-266,0.0,0.0,0.0,0.0,0.0,4.549618606547472e-308,4.0079165460701015e-197,1.6333410165354493e-305,0.0,0.0,0.0,0.0,0.0,0.0,0.0,0.0,0.0,0.0,0.0,0.0,0.0,0.0,0.0,0.0,0.0,0.0,0.0,0.0,0.0,0.0,0.0,0.0,0.0,0.0,0.0,0.0,0.0,0.0,0.0,0.0,0.0,0.0,0.0,0.0,0.0,0.0,0.0
0.0,1.3756654007168933e-133,2.090608167175967e-30,0.008406257868867827,2.7704497992635292e-11,2.0572565721380483e-5,0.8592395479324854,0.12707010266663016,5.0459511056159465e-8,1.4665705889588032e-8,0.000669582315695223,1.5059879737135098e-20,1.1435984142275972e-12,5.483693180039132e-17,0.0005652000118174951,0.00013338475824999072,8.167075643398423e-41,0.0014735850341207359,4.1663394846412247e-22,4.0246258628650706e-94,4.313275251877145e-51,4.156934521173913e-25,5.209715493447324e-58,2.5057761264082e-106,6.027868576589651e-88,4.353499245316303e-6,1.028928137586476e-133,1.7507575394843193e-45,5.873791458423687e-11,2.2311479902724298e-98,0.0008181382651655928,1.5348347637233384e-90,0.0008184356649915123,7.596662574271028e-77,9.589969006435997e-116,6.951873401156002e-65,9.69991240369402e-49,6.203687949654538e-129,2.128645059094485e-65,4.047039897714955e-66,1.7037086611449942e-69,0.0007807742042063947,1.209551746553014e-115,4.2765064133692e-160,3.4095949669626693e-137,4.309786017652399e-83,2.2086323192806318e-234,7.667323295683281e-242,1.3335680401282104e-111,2.9117493714917165e-283,1.9832423806188486e-166,0.0,2.7789158824045155e-279,6.755543724607246e-206,2.2824731497911997e-176,9.240696169842346e-156,1.1694710597889291e-244,0.0,0.0,7.284269875035204e-286,0.0,0.0,0.0,0.0,7.958417241321652e-264,0.0,0.0,0.0,0.0,0.0,0.0,0.0,0.0,0.0,0.0,0.0,0.0,0.0
0.0,1.5550141585723148e-51,1.1209613766971578e-14,0.0005646917932074928,0.08506074181340863,0.4320771563790251,0.14747083988105042,0.1311026826421146,0.1478006002775477,0.05224259493932681,6.386971901586421e-11,1.3663250570030795e-16,7.56976577646013e-16,6.201592673827748e-5,0.0005229974836933064,6.857721087480918e-16,8.450207713164955e-21,6.548373260746588e-46,1.1701842992945996e-8,5.34081204543846e-72,4.106353568545971e-5,9.170666900042922e-49,2.1404239179699712e-59,1.0785806392607995e-74,4.587490894089864e-115,2.5282468131727148e-27,4.798616906917136e-96,4.095516249536972e-63,1.6716199702802024e-43,1.0096335652373385e-35,1.0099821935813265e-55,4.981479280306882e-63,3.838231869447595e-71,5.997732869601378e-105,2.425217024484452e-109,0.003054603562474965,1.4875270601133186e-61,1.1830850588199299e-155,2.5225106541805535e-64,1.6778497907432749e-15,5.446017373592692e-78,1.5433857747569831e-117,6.448722928414302e-97,2.099496391719295e-149,1.0563998225098989e-48,3.079144320289829e-106,1.1827151407440344e-208,3.238204904584431e-150,2.0093443534734417e-36,7.11378405090155e-223,6.693033449999602e-174,0.0,5.9581096539279215e-211,3.201354077738132e-215,0.0,4.2420638120862626e-164,1.4870642896213911e-151,0.0,0.0,4.32772202323711e-224,0.0,1.5272283552949265e-290,0.0,0.0,0.0,0.0,0.0,2.0146424077575666e-295,9.295495777822603e-249,0.0,0.0,0.0,1.1398247423564659e-219,0.0,0.0,0.0,0.0,0.0
0.0,4.0779230989208353e-19,3.3930533733656542e-18,0.27772260616694305,0.6721400324827019,0.0058179872271770005,0.0006999418102954359,2.469038149625369e-5,9.399920194386983e-11,1.3310372278670034e-5,1.9493444108775725e-37,7.622703036192868e-17,0.001242929463980299,0.022249222618080045,4.557240086600544e-25,2.2690591189953083e-16,8.289510376968167e-7,0.010246943502717331,0.003950735298983248,5.33081657373917e-46,2.5538244213349633e-16,1.905660651646223e-80,4.9400307582803504e-60,1.878946193445216e-105,8.92722457477105e-117,2.6382646720792026e-12,2.4937514896205494e-96,3.0511641179937086e-83,9.836952260314799e-70,5.34440378945046e-86,9.049049880734523e-80,1.7052459413439e-56,9.160673321141824e-95,1.4750886014160455e-49,1.648139834522949e-82,1.5372005940490735e-70,9.979774922107516e-55,7.968181253095553e-130,1.7891848355788587e-39,0.005890771627671127,1.954872217974212e-121,1.4154922092906957e-207,5.259512904581421e-130,1.553622786508921e-119,1.7160965686056984e-100,8.531953871497035e-147,1.0020244590843194e-266,0.0,6.515526905201768e-98,9.3533392537593e-311,2.3442614121604844e-240,0.0,0.0,1.9204847242976864e-249,2.6905278121922317e-304,1.9009274305969855e-289,9.482178420156e-254,0.0,0.0,0.0,0.0,0.0,9.18421738921402e-273,0.0,5.987663228496498e-300,0.0,0.0,0.0,0.0,0.0,0.0,0.0,0.0,0.0,0.0,0.0,0.0,0.0
0.0,1.950748686008078e-58,3.014843189681081e-26,7.297579130509486e-12,0.007970830768335083,4.779471934693139e-5,6.473700076585075e-8,2.0719041993204077e-6,6.702796431699226e-9,3.718566767320355e-6,0.12030938518244352,0.030140327568352592,0.23381030476159947,0.10858521439663633,0.12716383185318236,0.08120942755670671,3.167598634703667e-7,1.3473054879623242e-14,0.05772359847120771,0.036334532578052955,0.030938390809234516,0.04478286270243598,1.928430490156988e-15,0.020904218012397037,9.181479467334618e-7,0.000269483985990184,2.292763920747442e-19,1.900041160225828e-23,9.515100835215384e-23,0.010332578625903458,0.061447115666708026,2.1619887834664307e-7,2.9121591600185e-8,1.2346175475683434e-17,5.764477690945795e-20,0.007132533379932488,3.526540255480153e-14,0.005400434108556238,2.2910525792255246e-6,4.513324362032473e-28,4.8748311067649285e-40,1.6731584906992866e-55,1.616502669482583e-11,3.5192965277307885e-34,0.003641032805860113,0.00477359727643921,6.7898148824759565e-40,3.167801831465923e-65,5.428061352246641e-103,1.722071713567304e-42,0.007072871555542417,0.0,9.273892025259129e-73,1.7604974498304772e-56,1.7460256467204343e-112,2.9800519431624286e-102,8.794546856537292e-31,0.0,0.0,3.4397833976596438e-127,0.0,2.1274302193071045e-76,2.966034242256971e-101,0.0,6.980346068395225e-128,0.0,1.361483821443173e-23,1.2686957858521284e-197,9.059583529708771e-125,0.0,0.0,2.021718190721132e-34,8.614628385445452e-158,5.588793956940956e-45,0.0,0.0,0.0,0.0
1.1955024326967281e-216,1.8799189631585366e-19,1.5162745437164165e-14,0.8933743537677287,0.08246075155038474,0.0010012682176096185,0.020118343092328544,5.81015828846818e-16,6.402831668896789e-13,0.0005363104957727099,1.5021609415816245e-48,2.3193673270871652e-26,2.4555108940383694e-35,2.7749633045004384e-62,6.465527844710846e-97,0.0011226983404924195,5.221265516036816e-25,1.7467180237206353e-54,8.926186707748086e-88,6.881739878380049e-47,4.460194743238942e-6,3.345492882485127e-115,5.711626198402471e-53,6.431771977870815e-99,1.5074338980048388e-108,2.2317185207798785e-154,2.4304227091693514e-136,7.054346726415709e-176,6.614206004704997e-146,2.244532819491548e-171,5.385598181376577e-147,6.727339102249516e-78,1.9156901750610382e-219,2.151054852905098e-186,5.270213968949424e-168,2.329928466158939e-168,3.135855041776367e-114,1.1866449070769603e-165,0.0013818143402840723,3.833814406001222e-94,2.9257678011876794e-252,0.0,2.9464729781110092e-154,6.06611829165063e-271,4.500271437200897e-157,2.2723924645529555e-189,0.0,0.0,1.8714799218945272e-207,0.0,0.0,0.0,0.0,0.0,0.0,0.0,9.898499e-317,0.0,0.0,0.0,0.0,0.0,0.0,0.0,0.0,0.0,0.0,0.0,0.0,0.0,0.0,0.0,0.0,0.0,0.0,0.0,0.0,0.0
0.0,1.4486943668374544e-52,2.631417569102862e-14,0.00013214323787848534,0.07507008400682474,0.35450134196645333,0.4466463337012221,0.003406576908702109,0.00460759604731134,0.07613115410053142,0.002389641679456339,2.535965124778799e-5,0.017561607888055462,0.0033975633487767,1.3334183698830293e-9,0.0015129354333255917,0.003911429325667183,9.355922630223178e-26,0.0013638268723550754,7.186003003319407e-29,1.3117652828521824e-31,0.0039048369284278997,6.075234337009158e-12,2.578857850663981e-12,1.0723947461118183e-31,3.097524334406142e-5,2.663966380714367e-13,1.8055401270279763e-19,0.003236646649160392,2.3025390895546827e-24,4.0383199817040476e-29,1.5186259300942613e-36,2.532313207668859e-42,1.1044366420023572e-40,4.5786053648041793e-26,3.0369280235715205e-47,0.0021699456688946627,5.836429746383539e-86,2.5323575579197446e-19,1.2463322956298134e-37,1.5333577485853165e-74,1.9720838643412222e-87,1.3851409831163267e-32,1.951537424363956e-116,4.2030298250527645e-54,2.6380234295118135e-22,8.696567920927357e-106,1.0726848421550514e-94,7.4910177558703525e-53,1.3574238093343927e-152,8.226885423250975e-73,0.0,5.378740749919844e-164,6.294769962714427e-112,5.90777258761335e-171,2.8436321389264154e-117,5.9760586864135426e-92,0.0,0.0,9.18985865239943e-170,0.0,1.647315164730966e-182,2.4513183161723005e-235,0.0,2.1219432983997655e-251,0.0,0.0,2.5208358880498752e-191,4.16734766844018e-182,0.0,0.0,0.0,6.218256861947358e-127,4.9721638041490354e-304,0.0,0.0,0.0,0.0
0.0,1.673024077922416e-25,0.0020646129478385047,0.9940721771728952,7.459816802417643e-8,1.8661172272062856e-8,2.9602532422236603e-17,1.446663307249244e-23,1.3192094678073453e-22,9.674731189648724e-57,5.209711714757129e-105,5.9979517066601336e-37,6.863769809012126e-57,1.8819566780105416e-84,1.2598894412426926e-89,5.4917539083932684e-42,4.711491013427007e-86,9.361215189207971e-130,1.3024800433712945e-99,0.002403804825268718,5.1351669347223845e-127,7.32499903334639e-174,1.845588674336943e-117,5.56762649645327e-147,9.827243733151125e-142,2.171629613728045e-211,1.1406939377247055e-119,5.8577783674531235e-251,2.0997026756611666e-149,2.0407488172300772e-116,4.130057852159856e-221,0.001459311794657103,5.854862740133007e-248,3.8969895951471235e-208,6.11311036788808e-231,2.0574359273073215e-215,1.6768527074073575e-183,2.031516306565187e-241,2.48095248014529e-50,1.463060611094162e-167,2.925865544430246e-286,0.0,5.07619058407269e-165,2.6331371805585395e-261,3.339925803595887e-246,0.0,0.0,0.0,3.9205672819373005e-277,0.0,0.0,0.0,0.0,0.0,0.0,0.0,0.0,0.0,0.0,0.0,0.0,0.0,0.0,0.0,0.0,0.0,0.0,0.0,0.0,0.0,0.0,0.0,0.0,0.0,0.0,0.0,0.0,0.0
1.6640365567340371e-108,0.41534973938012526,0.569489734063484,0.0012194136573013326,0.0016890855446240799,3.732239805157435e-12,2.3418735626421512e-17,1.7032029346154155e-26,1.538331981069886e-9,2.431809653989536e-21,3.419976497232436e-71,1.5562407131888688e-11,2.635675482340993e-75,0.008029328164149576,2.7947807709586103e-54,0.00422251883167407,1.788010149260843e-7,7.02539631375712e-95,5.0057723215868e-85,5.3852459319514134e-17,2.0830377711976606e-100,2.1476966371702583e-137,1.3775590858198315e-51,5.786401414039176e-113,2.6070395057092664e-93,8.794134900718521e-100,2.9796364278579427e-125,2.607827871487947e-179,3.1123947678227733e-85,5.653609074061677e-115,3.8829549162148085e-122,6.517907498172353e-101,7.671769298418769e-113,1.8751570777184993e-109,5.832126926299928e-193,2.0354392277567188e-177,3.522153848878635e-128,6.09287517590861e-94,3.073894939566787e-121,9.254208472097582e-146,2.4450122814080194e-194,7.898448397326486e-291,2.63480217413996e-105,2.306081314681286e-173,5.21276470088712e-182,3.3147000740576084e-228,1.037588084974522e-219,6.553642850399126e-302,2.093946711534418e-174,0.0,0.0,0.0,0.0,0.0,0.0,5.3028155109971746e-179,2.01634791028698e-275,0.0,0.0,6.2771944e-317,0.0,0.0,0.0,0.0,0.0,0.0,0.0,0.0,0.0,0.0,0.0,0.0,0.0,0.0,0.0,0.0,0.0,0.0
5.505158840845986e-212,0.000719383930751057,0.7930621566718178,0.2025012426422014,1.9018930826758845e-6,1.8974585925090403e-5,4.0521170219217956e-9,4.4076850621309885e-9,0.0034685335335017807,0.00022614007459252988,2.6653305460914168e-86,1.6582083256927633e-6,2.525569722879089e-80,1.100100423981438e-61,1.120598311262103e-50,5.96822170516042e-21,4.998014750123308e-47,2.4627626205500648e-117,2.570688083700097e-69,4.665634976309493e-52,1.4789324024365154e-115,2.2338726460343515e-136,1.1849621242847461e-75,1.528107068558784e-100,6.722224570617887e-59,9.864426234762036e-140,3.721550963299129e-179,7.307111913385961e-206,7.157043909244365e-44,5.6936447852784645e-123,2.8479147493110004e-125,8.28571898307805e-101,1.1817277828200823e-54,1.6567102567066806e-88,8.97747225838796e-177,1.4896568296159657e-131,4.854671384991272e-118,9.175735370243503e-84,5.9120176326806745e-117,3.4490192996399776e-229,3.1424098307866416e-262,6.026874727055731e-284,5.835128208611725e-152,1.1848272206477599e-204,1.730260388661044e-254,2.539163829594413e-134,3.96433e-319,0.0,4.685782e-317,0.0,0.0,0.0,0.0,0.0,0.0,5.929305916e-315,0.0,0.0,0.0,0.0,0.0,0.0,0.0,0.0,0.0,0.0,0.0,0.0,0.0,0.0,0.0,0.0,0.0,0.0,0.0,0.0,0.0,0.0
3.036257183234313e-168,0.00010127962383585293,0.23578386302377186,0.17580465882220364,0.4198196732906164,0.10041460821332984,0.038998505521687696,1.4899939629375612e-5,1.5613644033288546e-9,0.022426513302108157,5.219356311373965e-29,4.64143300569723e-8,1.2657114318097646e-37,3.4078064474738355e-34,5.221834289904724e-11,0.0007454055920196147,5.215581944355268e-29,9.073458950818769e-60,8.372699640507217e-25,2.920363329877809e-79,8.629207674807567e-67,3.175357037507933e-72,2.294494409488528e-45,1.9310786127669088e-41,7.355479259238568e-28,5.038459361238379e-115,4.741187233447447e-72,1.828276930037071e-123,0.004006942179133155,1.6878489496275253e-86,1.525622490476603e-104,2.452378097578093e-63,0.001883602463751485,2.31721754210843e-24,2.126972656867732e-143,1.8774375231857872e-124,2.2688996369376943e-57,5.920132902752788e-78,3.1661323379785787e-68,2.364357137843845e-137,1.1114187723705401e-206,4.880793956195247e-218,1.4936868853676943e-55,3.4217282435581555e-138,1.4052196296916677e-169,6.061767298337597e-49,3.301370404224718e-166,3.206888820451751e-296,3.974058001608303e-139,0.0,1.518840273060235e-241,0.0,0.0,1.2170921184161017e-204,1.238702844353152e-234,1.7571493495979852e-187,7.93711660042066e-234,0.0,0.0,1.01975525023295e-310,0.0,0.0,0.0,0.0,0.0,0.0,0.0,0.0,0.0,0.0,0.0,0.0,0.0,0.0,0.0,0.0,0.0,0.0
0.0,4.602259574387203e-113,7.91889586972265e-39,2.370469862717813e-12,0.010684522116736437,0.889696668929199,0.08533595480406357,0.0030141675585247385,0.008845497991593947,0.0012555554828400195,1.3243729325644616e-17,6.271553378386474e-7,6.5467554138243834e-15,1.0960320067159552e-5,4.0241327684741874e-11,2.4485722501493827e-16,3.756667635567292e-15,6.83379774088971e-53,1.7475454692621724e-42,2.0512553007080199e-84,0.0011560455972378484,3.2170537910976783e-19,5.225315909270034e-26,5.826181088104077e-115,4.4587672039549164e-128,1.336225593804474e-29,1.1207549998211532e-121,5.012782337006433e-46,2.541555674819909e-13,7.702994127852442e-81,1.5231340045489956e-12,9.81374199463758e-93,8.813267326274892e-53,2.7638168815930843e-138,1.7294430035547313e-160,2.267271150760422e-55,1.39173135143654e-97,1.139274973618616e-162,2.117871695076174e-115,2.9345012441067414e-62,6.7565196585468e-99,4.010372420431904e-93,1.6374579902378793e-127,2.1730444576910603e-174,1.3841671329189408e-102,8.853408359109984e-94,7.115033047680854e-233,1.203064907986478e-299,6.289055592592356e-92,1.6943011913662038e-266,1.21865303607678e-240,0.0,0.0,3.6803364035910636e-231,1.4923480689632562e-233,2.5143397594444593e-176,3.0551198688542604e-257,0.0,0.0,0.0,0.0,0.0,0.0,0.0,0.0,0.0,0.0,0.0,0.0,0.0,0.0,0.0,0.0,0.0,0.0,0.0,0.0,0.0
0.0,2.281154298127897e-19,4.968925884903506e-7,0.8343990096874798,0.16414129933436897,4.543596276463259e-6,3.2436627094200694e-13,1.165699908612845e-9,1.2041726562233877e-27,1.3518953057059313e-7,4.135083095629582e-76,1.377446513298267e-23,6.534915435915662e-103,1.7210104736522746e-112,7.237312474308128e-65,0.0014545141337315198,4.141601658086456e-48,3.193849974745769e-106,5.67715928802078e-65,9.229959259962344e-87,4.6074151506003226e-132,3.870390862052445e-127,7.80746242024902e-117,3.0863296466096794e-88,1.2155069208258434e-93,8.152414753330329e-154,3.008625318479064e-138,6.982791957087203e-181,1.1896222316420759e-67,1.1012935197772649e-147,3.1436768261711197e-164,6.170423357453201e-137,2.209674073858747e-40,1.0878685108874358e-70,1.301466455176579e-233,1.3612887264934953e-141,1.7998190144205023e-119,7.951261364847755e-241,3.471391514069189e-89,3.854170567067144e-136,1.6685301859570475e-240,1.7498031777569559e-276,3.619486923411096e-167,5.897551611619395e-189,1.5034082803060733e-228,2.860901362278801e-213,1.8244e-319,0.0,9.483442516438543e-243,0.0,2.530908173257201e-234,0.0,0.0,0.0,0.0,8.4470901206709e-310,2.353904530907743e-280,0.0,0.0,0.0,0.0,0.0,0.0,0.0,0.0,0.0,0.0,0.0,0.0,0.0,0.0,0.0,0.0,0.0,0.0,0.0,0.0,0.0
0.0,7.166136010864925e-90,1.9324270672273058e-79,3.239366470440595e-37,1.3908590130023511e-24,1.2863239693642185e-27,6.953070594704207e-21,6.558168551775746e-8,7.26009234470777e-15,2.6261191453894096e-19,1.7382531918691043e-5,0.027995329530233926,0.012675287809513233,0.06378850039614498,0.051303877883260025,0.04318665512960631,0.04986460212333022,0.0655491215781354,0.05490796251545849,1.2842379207146754e-6,0.006476103015117739,0.0194796429179292,0.054345829769950775,0.025609856821628828,0.03545729674252034,0.018005148424718048,0.017546555342548203,0.013772470589554681,0.04035822355748374,1.1127479735872833e-6,0.028744006588991632,0.012610998097634949,0.007437026359067873,0.01643390921718856,0.0021179514247229923,0.03379657085614569,0.0642377204506392,1.841650069308984e-12,0.004426663603288775,0.05780460534131309,0.047084783429340984,0.009337049397924676,0.018865361050909666,0.021375420696729257,0.027596240288763674,0.01699491911705471,0.006204073693508893,0.005023019487361029,3.2073395846634906e-76,0.002746942586916124,3.65267994539344e-14,0.0,7.286319516484279e-11,6.446827862306778e-48,0.00744320889327429,0.0019265559725643922,1.0711221522999238e-14,0.0,0.0,1.6866220563825265e-149,0.0,6.792549210932619e-64,0.0024810696310914302,0.0,7.855943987750285e-51,0.0,7.4552319934653825e-6,1.6646228412121717e-155,1.9656452080695615e-223,0.0,0.0,0.002481069631091251,9.013736515308889e-208,0.0024810696310914302,0.0,0.0,0.0,0.0
0.0,7.756927072628149e-29,1.3666919781917911e-14,7.963215838853074e-5,0.13766113614409392,0.6074749677919734,0.01706159154193485,0.011743803559930115,2.5411585869595145e-5,0.00025559454728202834,1.0737258279130075e-5,0.16275975805976708,5.111911869875921e-7,4.936742921425225e-7,0.043083492312211834,7.206430285173203e-8,0.01916926887880699,3.4483455877840406e-19,1.4997862130122649e-7,6.3521389501093015e-43,6.819409126190689e-12,1.983863415795185e-15,8.86660813188574e-39,1.2904843659562551e-27,3.667773970540592e-28,5.838676754097587e-26,6.243116493809606e-26,5.422585401038731e-7,9.362755828686295e-25,4.4196990252079217e-7,1.2725972967503532e-28,1.250233350325466e-17,0.0006723950177804146,1.4670813342541188e-33,2.1958546064309045e-94,1.7740255934114319e-53,5.976000751437836e-30,2.0960575644032556e-72,1.0998569448233698e-15,4.229929584665276e-17,8.062800166600543e-65,1.50606006304383e-98,7.657719258796651e-56,1.6871328804996856e-42,7.206723718281205e-20,2.2901985167332622e-107,2.0922518963106626e-149,2.781736889148807e-242,2.0176133778357792e-21,1.302059002806296e-265,9.313529932047519e-131,0.0,1.472190399548583e-293,8.61805248375211e-190,5.351919593753865e-253,2.076446234342603e-183,6.207863200587998e-201,0.0,0.0,8.522284176798382e-212,0.0,3.040866495344071e-300,2.075147809198803e-122,0.0,1.1460726482381615e-215,0.0,0.0,0.0,1.4774726198531659e-301,0.0,0.0,0.0,4.3205468496493146e-259,0.0,0.0,0.0,0.0,0.0
1.2949618447909349e-287,0.020589803219670855,0.9737039859561822,0.0057059632543438096,2.474317858679991e-7,4.0381293438493923e-53,7.259132422771993e-22,1.8264268492229083e-77,1.3801748642648064e-10,2.307664974191137e-100,2.3810305682746324e-223,4.590629224381349e-113,3.715128366003562e-247,1.1902708597279742e-162,3.6095341178247603e-183,8.561336471464145e-82,1.0034033873982535e-89,8.173286889968196e-136,1.961634319867143e-217,1.5493364260267432e-78,3.3000943773287055e-247,2.7614e-319,7.96475195971892e-192,1.7884566137702296e-247,1.1990204195920526e-152,1.5024035942206897e-275,3.17835424e-315,0.0,8.620418324376027e-257,2.4592145999900463e-294,0.0,6.410845162306109e-269,2.0650459275643046e-239,6.97079638889999e-172,0.0,2.8120863245901114e-299,2.8912604006891564e-268,1.4358645015829772e-266,2.7494771598368302e-216,0.0,0.0,0.0,6.2025389550121e-310,0.0,0.0,0.0,0.0,0.0,0.0,0.0,0.0,0.0,0.0,0.0,0.0,0.0,0.0,0.0,0.0,0.0,0.0,0.0,0.0,0.0,0.0,0.0,0.0,0.0,0.0,0.0,0.0,0.0,0.0,0.0,0.0,0.0,0.0,0.0
0.0,3.246244447091276e-46,0.0011301761082882396,0.001038233418878251,0.7395103346991843,0.24376902608336062,0.00034560924168765343,1.3945514430045885e-5,4.2564622236752074e-5,1.3721482608759129e-7,6.837904481547009e-22,6.6365344589145e-5,1.8118391964116808e-16,2.793520346373384e-13,9.487385513478353e-13,0.008857264471571303,9.214172855893556e-9,7.80705580992863e-53,1.6111639983733803e-40,4.148282562383316e-31,1.5743340054269664e-48,1.0005766015465243e-38,1.2808342278703818e-19,4.108386922275025e-47,7.124994242313649e-56,4.2013066051194645e-41,6.371600241665054e-78,7.967942122821034e-81,3.317622875006121e-41,2.9914100620156064e-53,1.2251948898011737e-38,8.289191532282567e-60,5.2903603661975425e-50,1.3352513972288016e-125,6.488121339717106e-99,0.001397055261079725,2.7166666245216436e-37,5.238018537409781e-149,0.003829278804463973,3.3767372232358792e-77,8.870668749012712e-132,1.5739092212529337e-140,2.9257173105471206e-15,1.7275576864864488e-118,4.078057020379449e-96,1.6787673093290276e-99,1.465100710692902e-154,3.397689632824011e-253,6.898063160639202e-125,3.838148491068897e-249,7.461512782076695e-105,0.0,2.4455178925100686e-268,1.8534051027456645e-280,0.0,1.1505135381414533e-154,2.7266498246729043e-159,0.0,0.0,3.4310740433169756e-254,0.0,1.6158339352407863e-295,0.0,0.0,0.0,0.0,0.0,1.3838335836475046e-283,6.166561791814385e-217,0.0,0.0,0.0,6.87735088377837e-266,0.0,0.0,0.0,0.0,0.0
0.0,2.672130205065557e-7,0.41701107800665793,0.12426181240274341,0.29118062951032764,0.029621358275446583,0.12876683554034885,2.8182409036528544e-23,8.153232017042293e-44,1.3692536902171776e-41,5.219171046033207e-99,1.813865286316635e-45,1.0552796792581464e-59,1.0420675736888129e-78,0.009158019051455297,4.5201073850540175e-96,2.1595817728688876e-78,2.537035474922157e-91,6.679731167974322e-94,7.77054158551537e-98,3.477195888724111e-67,6.243945013608528e-155,3.3410619238731842e-164,6.189732176426366e-212,3.1844697029172826e-207,2.2216865189921456e-91,1.8088470203994555e-180,3.3062006155490435e-163,5.258006732130641e-120,4.281426125633139e-122,2.5004337815479234e-160,3.8668242913604966e-67,4.6368751848185405e-163,3.6748911800843964e-188,3.09648732901602e-194,7.644291650711104e-138,1.1078018318441557e-165,1.8925303474272646e-202,6.1386954696849785e-86,5.660053004741985e-74,3.1335581779399266e-184,1.4030528413964168e-198,2.407659883821361e-217,5.79233767958576e-302,4.450851793146185e-104,4.7278105041863755e-256,3.920019494112891e-247,1.0614119254245271e-259,1.9245073304839413e-141,0.0,7.228227872590333e-195,0.0,0.0,0.0,0.0,5.29081533336613e-205,1.40456373824499e-211,0.0,0.0,0.0,0.0,0.0,0.0,0.0,0.0,0.0,0.0,0.0,0.0,0.0,0.0,0.0,0.0,0.0,0.0,0.0,0.0,0.0
0.0,1.736080150746535e-111,2.891728677619224e-26,1.607894590162659e-8,0.04340565940834093,0.842183363202797,0.09458236140140512,8.772996266226645e-8,0.006830313634542233,1.4280999997375476e-8,2.6127255029638135e-14,0.0020411758199480453,9.129572000654737e-23,0.007655764776139882,0.0013468294128402768,0.0019409020287001232,1.5721814702812873e-26,1.6395570565736764e-39,2.7480778179779845e-29,1.8067422015780618e-79,3.075312546427378e-23,5.378035018265105e-42,7.041509359159653e-22,1.842170644233449e-131,2.4506153213138654e-97,1.696729685930764e-23,1.289369366241801e-119,3.766402643924495e-52,1.3512225351728033e-5,1.2598815965803232e-92,8.85731235034323e-34,9.541358552245876e-86,1.8532182605266903e-52,2.2424390174671848e-93,4.008424770116876e-117,1.0073483864437436e-20,3.0798287753205137e-46,6.335238271406699e-126,1.1653583390487805e-64,6.259262001737944e-55,1.2894382277031602e-112,3.683813581867361e-102,1.818367623138182e-142,1.874661836239861e-116,3.164784917654676e-70,1.1379830404426384e-82,5.051698921267651e-218,1.1849637599621632e-292,5.080615024200664e-35,4.8200912729073264e-303,1.2744814270147064e-219,0.0,3.41387299739e-312,5.2315305560446154e-228,9.381494740389588e-258,2.731104186100381e-217,6.083270006003752e-221,0.0,0.0,0.0,0.0,0.0,0.0,0.0,0.0,0.0,0.0,0.0,0.0,0.0,0.0,0.0,0.0,0.0,0.0,0.0,0.0,0.0
0.0,9.711900871144568e-37,4.6783097000383943e-14,8.843914106773156e-5,0.04478490884887319,0.008898071113415448,0.07991774438945046,0.3829536067728218,0.2901336541852617,0.09636756308226488,0.06294774593922134,0.011724232068024087,1.8101331967971072e-7,0.007207444819771234,1.5771133146398198e-9,3.728437790054996e-8,3.543859030877473e-5,5.2281742899447814e-14,0.003304913487280828,3.9344115572949527e-23,1.0036551398821077e-34,5.594061821804955e-7,0.004315939551986872,4.445666853549998e-6,5.906742705180209e-35,0.003467349531402664,0.002696756212039469,2.033453646088158e-15,8.492335320162785e-25,8.918251865046216e-22,3.8991077499502e-34,4.406900075581992e-28,6.0882231458152666e-30,8.836936985033003e-27,1.9586109684851569e-59,5.941821066212171e-73,3.802284448397161e-16,2.518433568163842e-94,2.0454219299556737e-14,3.5031538047364255e-29,8.797788934936709e-70,1.2180503518427454e-92,0.001150967318841013,1.135761537384844e-105,4.7076706610423835e-59,6.168969498842507e-22,5.565849213992317e-155,3.881455341303454e-95,1.4595556559319556e-44,3.631967155473737e-169,1.2218829747454318e-113,0.0,2.204425690309244e-202,8.730481827313129e-98,6.937236588029124e-128,6.356162023114762e-95,5.552777125274904e-133,0.0,0.0,7.973994424062622e-239,0.0,2.2920278827404115e-308,5.194815450495403e-171,0.0,2.1611010015766607e-200,0.0,0.0,5.402602382628713e-298,0.0,0.0,0.0,6.050500782182852e-264,6.731271392209774e-261,6.771863374360908e-288,0.0,0.0,0.0,0.0
1.1725564679649549e-54,2.1256392182455522e-5,0.972938617641652,0.026156651989550233,0.0008757244962053092,1.3384203736524865e-14,7.749479588619346e-6,1.0694013439793692e-59,7.85738559452906e-20,9.84665653552879e-20,1.7352566069645495e-93,1.4341618011409851e-33,4.258767033296317e-100,1.0088407197892677e-31,1.6673498669653817e-81,8.243236911487702e-47,8.080009887538144e-13,1.0655422912947096e-139,1.5436972227066271e-133,7.59004240922354e-41,2.391542330607796e-71,1.9651738470924434e-157,6.209848588965256e-36,5.311766399378618e-138,1.714728897835095e-91,1.610472333330018e-184,2.747452909511457e-139,2.3366075820310285e-251,3.610987745048051e-139,7.895536222412019e-199,5.454183838898679e-172,1.6705616919160994e-156,1.883748786592599e-153,3.6193287095890087e-183,1.8666199112436e-266,1.2710974083434713e-225,4.583832261417138e-169,1.1105281763765201e-139,1.2774187698156347e-102,2.5281191827586015e-211,6.156821673184584e-296,0.0,4.8833812324437867e-144,9.218322857828206e-266,1.4831873372553485e-252,7.730767102170515e-296,0.0,0.0,3.9721749992319577e-302,0.0,0.0,0.0,0.0,0.0,0.0,0.0,0.0,0.0,0.0,0.0,0.0,0.0,0.0,0.0,0.0,0.0,0.0,0.0,0.0,0.0,0.0,0.0,0.0,0.0,0.0,0.0,0.0,0.0
0.0,1.9354563066969378e-112,2.5878065884607405e-19,3.624741106785621e-11,0.9808857847221303,0.01829215526444992,0.00022966578103014235,0.000571327565175964,3.0616553957984056e-24,7.577108750683664e-34,4.238667832528932e-36,2.4727538950497164e-84,1.4195983331486722e-33,2.1066630966062748e-5,7.675637815607648e-58,3.852092477225366e-38,1.6313783691410905e-35,7.364751950199763e-149,1.5371569227272669e-99,4.282676369638166e-177,2.896254545560877e-121,1.0828542989140033e-160,2.538321418680167e-199,1.1135258456113784e-197,3.356761052520355e-234,2.1391938399323246e-99,4.878292089513485e-226,1.7814737644250104e-227,7.605274695845209e-75,4.588070882911695e-87,1.7687539188355397e-221,9.45069559107266e-90,5.866683011333531e-232,1.0924203089225828e-270,1.0844466897194084e-297,1.1336614859351089e-116,1.3598191957754373e-171,5.14e-322,6.223990895458291e-95,1.6910993896152682e-87,1.2948425427102638e-215,0.0,9.399622239534824e-237,5.610439498785514e-225,5.2064358265877966e-191,0.0,0.0,0.0,5.6460427894039045e-232,0.0,0.0,0.0,0.0,0.0,0.0,0.0,0.0,0.0,0.0,0.0,0.0,0.0,0.0,0.0,0.0,0.0,0.0,0.0,0.0,0.0,0.0,0.0,0.0,0.0,0.0,0.0,0.0,0.0
0.0,1.5661343735134354e-56,1.3697329244766965e-26,7.266671076774292e-24,5.720948438837371e-9,4.695500031212207e-24,4.053256637262621e-14,7.90506320805273e-12,3.094329017469104e-9,0.007535287320701618,0.023079119618750504,0.02160443894004158,0.011036585433975456,0.012936083129580365,7.657404958041812e-7,3.7918167779048036e-6,0.014517101433648432,0.02058778684158469,0.02610760293098045,0.07222736308853285,0.05424047361611125,0.026393037371599058,8.818016535317116e-18,0.04002058407636787,0.012777204367739978,0.046143228411101835,0.06401234190599094,0.10284467355924877,0.07165776184338936,0.07932706929817089,7.420803565374e-5,0.0567085466956779,0.005626871000485563,0.029406924110419303,0.042886406230125164,0.03337836694154472,5.959885083442558e-5,6.447549785933335e-6,0.006101165815858057,3.309766059590882e-11,8.21382299307916e-26,0.01987640860719703,0.028065870053166582,0.008361456996150289,5.651150019797655e-25,4.289075808384061e-27,0.00946778003509141,2.380115387164354e-7,0.008150184154203348,0.002398132535948629,5.760708724544053e-11,0.0,0.010822064216485088,0.010822062541758116,4.480303803800501e-84,8.136224354311604e-58,0.006341207244386072,0.0,0.0,0.002203839071862709,0.0,0.005411013913556802,9.29014420844583e-78,0.0,2.3101198807540168e-53,0.0,0.002697386416770673,1.6259560564434812e-29,0.00270551607575082,0.0,0.0,1.9474761856433547e-16,0.0013759952370313896,1.164431448690527e-44,0.0,0.0,0.0,0.0
0.0,8.860390710387248e-29,9.103028853321277e-10,0.01174524510164149,0.8480138753472042,0.08128735203068817,0.05420837847806646,0.00033643134179045644,7.934141707993642e-6,0.00397957163894604,1.463875203078949e-26,2.031472793117822e-12,5.657980554677034e-6,5.424542210973314e-5,7.012496963098221e-14,4.8004323188531366e-27,1.8632591182165997e-9,3.066995238777833e-30,1.0764733083433168e-17,6.566267188368497e-53,0.0003613057416271723,2.702072100869216e-52,1.4896496321749332e-54,3.373404373502556e-96,2.157019333906263e-85,5.297627614541511e-29,1.0123983410117347e-90,2.063217997310793e-77,2.2376466277140556e-35,2.3403100779999232e-45,2.0030661636652075e-52,2.141405710618624e-27,1.432370696869054e-68,2.9830971828986115e-77,2.1145840657303568e-63,2.2667251522389035e-57,1.048906229551487e-41,6.686222839560726e-104,3.1261610217008126e-20,7.843699159892725e-31,2.8195075332257547e-112,1.5303098741012582e-156,1.8294541601259666e-105,2.7591395267496425e-106,3.003211083047872e-69,8.7697307671152e-76,4.0666437029774847e-231,1.9487112896338075e-298,4.1127889047540287e-78,4.83759624984025e-304,1.3787900560378067e-215,0.0,0.0,3.1198554034197754e-210,5.425951900719267e-273,6.53862862795933e-208,2.013157000399891e-219,0.0,0.0,1.2119058291493145e-269,0.0,1.7717727019023132e-294,3.26251997119e-312,0.0,6.587568492026672e-283,0.0,0.0,1.8699252949876833e-308,0.0,0.0,0.0,0.0,4.578837211509796e-291,0.0,0.0,0.0,0.0,0.0
0.0,0.00648923719671819,0.0371997369178308,0.03393866714586161,0.10701700650925605,0.12957468560225796,0.08937257321607261,0.082475224408181,0.038231155810497616,0.04321524917373773,1.0657762172653318e-11,0.0010518366646340243,2.249758777046297e-16,0.014644586117676689,0.014714257926624105,2.6818577713468402e-20,0.11884189568234436,0.05060568653509857,0.077811930604349,1.5444149340770373e-26,1.6671838976821831e-10,2.387052706011626e-5,2.505453641819409e-9,2.168423408251222e-11,0.07752928835284638,0.035267527027003816,1.7333354884144122e-23,9.38245557207424e-36,8.281293600469371e-13,3.612926895335062e-29,2.8723553634261784e-24,0.035566198547904534,5.45738557372817e-22,1.8384309519718395e-15,3.139291314308222e-12,5.208964527996968e-20,7.453278744457967e-6,2.2564971458322278e-12,1.4394834013203537e-9,7.122139662994178e-54,7.960454886873082e-57,7.140972221720995e-21,2.33211693256771e-17,1.1633060918422828e-29,1.2897752875857538e-61,2.370512826796458e-55,2.5881034705933265e-35,6.083218069776309e-74,3.6625296883132366e-10,1.9781895074540844e-207,9.005829583594943e-24,0.0,4.752197640037982e-108,1.7937022888652736e-130,1.1458651149785974e-211,4.4504130454675353e-41,1.440377049386851e-74,0.0,0.0,4.1402785399153494e-39,0.0,4.329007116326385e-8,2.4791676813627294e-176,0.0,8.534468809999782e-88,0.0,1.0229558729014135e-286,0.006421884948752638,3.3960277620141254e-54,0.0,0.0,1.7009724594747754e-238,2.6403868926387437e-99,5.396421644740362e-303,0.0,0.0,0.0,0.0
0.0,7.884725863813113e-34,6.5930179633943034e-31,0.0005513950685321322,0.021376386313983767,0.06402512120568439,0.020446963336316546,0.04174774384074638,0.07074560117118743,0.08101062412340743,0.037445895853879065,0.06282735201518319,0.019515999299982285,3.952315237553752e-7,0.022673065792280744,0.059909289490851815,0.025710883285254536,0.06226047723972226,0.010201429459433812,0.032082917615144695,0.03121473778552902,0.02617185046043247,0.037485504230485314,0.015065655892967877,0.01928540100879869,0.03749151685510713,0.042511431513624964,4.96803795091536e-5,1.2132529959428407e-7,0.0240283041414278,0.006991172393390371,0.010115398389388302,0.003219892529081826,0.016917823666354307,0.012984369644683903,0.027897179958970196,5.507298847260387e-9,0.041387018881436234,0.00890767506864513,7.363434539716948e-31,3.771604848086662e-69,1.3817179367576562e-106,5.141118905895545e-42,0.005023852881034723,1.8027453196309716e-65,5.424795123227195e-20,6.656236096987948e-25,8.540231043388963e-43,7.756584575528289e-87,8.112956432033477e-104,2.6553569533484356e-90,0.0,2.2942684253802883e-43,5.170627375732312e-54,9.142864506925649e-222,3.340254030024971e-199,4.466492433794105e-108,0.0,0.0,0.0007198671434197839,0.0,2.838841325884295e-47,2.3675981116576892e-110,0.0,8.667156967790711e-18,0.0,0.0,3.843795749076714e-233,2.0694507137825815e-22,0.0,0.0,3.183927635418199e-136,1.924420775816133e-83,0.0,0.0,0.0,0.0,0.0
7.957619411798053e-205,5.937977319710357e-7,0.07232053930433059,0.9027062049929383,0.007172205080848801,0.00520112336878595,0.0013531283176223847,1.4655998110330172e-7,0.003040353713094688,0.0001373057798421511,6.546116568691312e-42,0.0037083787162857855,1.7101955204019406e-30,5.236484893832099e-28,1.824751442524285e-30,9.643539213039586e-21,5.400887351593665e-16,4.645325016652902e-42,9.230616622889565e-26,0.004360020367898514,3.674547485364532e-46,3.07607478697884e-67,5.53629713207754e-44,2.6991446495166712e-49,2.975955496668163e-66,1.3715015817458468e-61,4.605207422379719e-86,4.693740074247108e-107,6.3827041704521e-50,1.0223255063477188e-47,1.072559728369335e-67,3.259501352056613e-53,4.440421169367361e-45,5.72445329864541e-84,1.2378093340172528e-84,6.6384752171486535e-62,9.106464681682047e-31,7.831894827358475e-80,1.5497604285737585e-41,1.650576050788124e-57,9.239059570566243e-135,3.871690918719543e-148,2.091656777499382e-24,1.9309946401692986e-83,1.2888364087373407e-120,6.391678532395493e-13,1.0470565285756389e-129,4.930836716521756e-279,3.012899460863672e-79,0.0,4.946970975562909e-236,0.0,1.501552486e-314,2.2275733748020676e-293,3.0315846060706945e-254,7.503302242568884e-98,1.3038303672954688e-160,0.0,0.0,9.672532096724669e-242,0.0,0.0,1.251362264e-315,0.0,0.0,0.0,0.0,0.0,0.0,0.0,0.0,0.0,0.0,0.0,0.0,0.0,0.0,0.0
0.0,4.554605934021951e-144,0.000848083714082181,1.8129391455167352e-39,1.4561031074448469e-18,4.193305863078763e-16,0.0005724716252207832,1.954484671398882e-5,0.095022939258515,0.23845940589825676,0.24170002058667056,0.16338010036544576,0.1047639754507461,0.06204095861989749,0.03317686993500756,0.019094602541693175,0.012898178857933417,0.00768875539414335,0.008106383054762505,0.003244798843484631,0.003859072350875672,1.766286123831999e-7,1.172167856044918e-13,2.1859911779674706e-37,0.0021457144681505847,3.418099974283129e-17,2.5118817174008326e-6,5.489487117059022e-34,2.7435364396871823e-18,2.3323732078847446e-36,1.2617177096591417e-22,3.368178077002508e-49,0.0009407102879373437,4.6678611202901426e-7,5.334022867871433e-66,7.922852087105844e-71,3.485555865837579e-24,1.1796045758075477e-17,2.4910374702499983e-11,0.0017080021493975988,3.5964080961197275e-44,1.421998761641228e-52,2.1344275967322118e-58,2.9278913031527254e-83,5.6287037679797645e-70,8.07553237958002e-105,5.202336060786213e-158,4.354295454036656e-26,4.660645173405838e-84,1.3691590936244588e-170,0.00032625642959574166,0.0,1.728485680685909e-111,1.4370902767778098e-46,8.237508536576961e-85,1.1346701843860182e-131,2.79580077615457e-74,0.0,0.0,4.3127277416930775e-254,0.0,1.2118901758989314e-230,1.4485843599435514e-251,0.0,3.716614447148204e-134,0.0,0.0,0.0,0.0,0.0,0.0,5.154397393135672e-196,0.0,0.0,0.0,0.0,0.0,0.0
1.7239937873838494e-240,2.4089595856441173e-6,2.290510998269651e-6,0.8390447639051638,0.15584083757493516,1.8287118292608274e-7,1.0445728788118145e-8,1.7157967690928512e-11,7.850338598310047e-5,2.3330140105417112e-7,3.5165740767572988e-43,0.005030461598066843,3.4465951376338932e-31,2.0251180411115888e-47,2.754153978755127e-60,1.4529471035988992e-14,1.4289983388299738e-19,2.460592743628584e-83,2.604721282274369e-38,3.0742978208550003e-7,6.642584327192263e-26,1.9138452235873133e-80,1.2378877925173894e-23,7.84750370687829e-49,7.306636587079899e-88,6.942179932415866e-119,1.7863893408844482e-53,3.2423968806275743e-150,2.1825070087593187e-96,4.702333064776506e-110,1.3571374176396954e-80,4.4598479967645695e-62,1.028543119857257e-112,3.668238334204743e-167,7.414343036224521e-164,1.3241913983556104e-114,1.1661857327581967e-84,5.873238139606442e-123,3.3354690616979497e-49,1.5089180846304387e-86,9.835039750182278e-223,2.3234042232769827e-250,2.4683542443572964e-49,4.5433444530465646e-185,3.688827719148097e-161,2.611167958922145e-200,2.711930619507955e-309,0.0,7.375738352068401e-184,5.3059327085186344e-297,4.647908850081144e-215,0.0,0.0,0.0,0.0,3.0557197188261028e-294,3.2587675372067265e-258,0.0,0.0,0.0,0.0,0.0,0.0,0.0,0.0,0.0,0.0,0.0,0.0,0.0,0.0,0.0,0.0,0.0,0.0,0.0,0.0,0.0
0.0,2.1640808757194472e-122,2.7869998479338612e-30,1.0055236985660754e-7,2.502058752969487e-7,0.0014797474071225746,0.5087765085951966,0.45728471830111045,0.0040597944555493945,0.00015780126081608087,0.02464157355347855,1.66125622982985e-10,0.00016261897621245805,7.79570902301546e-14,0.0020543090670447866,0.00012795024005189302,1.2256190615842508e-7,4.598435411450341e-18,1.2491597948192876e-15,2.764378685075007e-42,4.445953967348346e-33,7.718810250446722e-14,9.784740288585929e-29,6.01017081722346e-78,1.381127403128557e-84,1.3730315718275043e-17,2.0336870535410577e-83,1.5358629910776299e-22,4.920227407134604e-33,2.3984654791710553e-66,5.503463342920358e-8,5.350872184657285e-77,1.2724857268113142e-28,2.921965582399841e-35,9.178830300994941e-86,5.104174335931938e-30,9.511686269578483e-20,1.751154029505749e-92,6.2228037080196895e-49,6.218760244264178e-33,1.1095866453843193e-24,7.387701541909195e-34,5.077714207743258e-71,2.1206199243210302e-64,1.1479846582740262e-61,1.763998236815121e-55,1.024188022294117e-167,1.8825040650570896e-111,0.0012544496223505055,8.52029944937245e-79,1.504282819366581e-113,0.0,9.976780954660057e-174,1.5142969786270878e-128,1.2864161958972063e-197,1.4891449815104165e-111,1.3027237951238506e-121,0.0,0.0,1.0658209960167792e-220,0.0,3.7534076445069597e-277,4.0439193693530297e-178,0.0,2.9756719606715907e-204,0.0,8.259058825851963e-271,1.1130303462424792e-229,3.593738958859563e-270,0.0,0.0,5.037704563281542e-260,9.269261891433645e-232,4.6758973632503907e-234,0.0,0.0,0.0,0.0
0.0,1.9236869916107676e-9,3.077698546215491e-7,0.8414552826985179,0.12835334728461908,0.005753999420484,0.012878038540423917,0.004443360010350298,0.0027131020220427077,6.3496713168759685e-6,5.178376977719535e-23,5.193315850044282e-21,0.0027396977151014413,5.905867320982865e-47,4.630830416444677e-53,1.8732440463694217e-9,0.0013993142443687611,1.9686167323424119e-59,4.995958787111731e-40,2.4108598306623955e-19,0.00025719682598937353,2.3816958417004277e-68,1.7794176305311984e-57,8.512371716670915e-51,1.3105561506693968e-78,7.744776807088948e-105,9.20666355072124e-41,1.9702821390010866e-141,5.714609941626535e-96,9.719482515519315e-101,6.78942061313267e-116,9.665410362321424e-35,1.5115939179311556e-141,2.324682635192761e-162,4.0918455143940593e-159,1.0631246494584062e-118,7.732482983754762e-73,1.3690599622942267e-162,2.3291532207388102e-23,3.5093753234692285e-71,3.3682685377352854e-206,3.1601852566619533e-249,1.1586250383935444e-29,2.062140708355926e-170,1.5292253318723306e-148,8.919178148472507e-147,1.4035187208274783e-220,0.0,1.566654159020262e-141,1.0526454e-317,9.059133933756445e-206,0.0,0.0,0.0,0.0,3.340224494953011e-235,2.1085586946492065e-234,0.0,0.0,0.0,0.0,0.0,0.0,0.0,0.0,0.0,0.0,0.0,0.0,0.0,0.0,0.0,0.0,0.0,0.0,0.0,0.0,0.0
6.556561682547037e-210,0.017463812988544485,0.9277060873252575,0.054830099170291406,3.282701244443145e-10,1.101290038909064e-18,1.8545780933870892e-10,1.4563055919020521e-40,2.178416494666351e-12,4.476499226460616e-34,2.369306156935139e-136,5.424009958947301e-45,8.626862197000131e-128,8.58277996747771e-76,4.59174786797815e-90,4.5536541843490345e-50,2.54874793032695e-101,2.207665048435008e-132,1.1594229610344099e-83,4.863356959138675e-40,2.3178552167229242e-157,2.86445464867442e-235,1.096422296967377e-197,3.510761290604457e-164,1.2701763390205439e-111,1.3764246063000143e-206,5.056541317437772e-230,3.9266095348619623e-227,3.0359991330141063e-82,8.228150595574322e-173,8.576919644659458e-224,8.835546734816469e-128,2.0212018949747284e-101,8.764742000119197e-134,0.0,5.292378662557495e-225,1.202180913838169e-224,1.830849043998255e-201,1.581122814414729e-162,5.8814481633919054e-182,1.1915747985707645e-277,0.0,6.685991186860146e-173,1.4390474508871465e-249,4.187810417035618e-287,4.27961484352117e-299,0.0,0.0,5.49414280666e-312,0.0,0.0,0.0,0.0,0.0,0.0,4.46356271660433e-271,0.0,0.0,0.0,0.0,0.0,0.0,0.0,0.0,0.0,0.0,0.0,0.0,0.0,0.0,0.0,0.0,0.0,0.0,0.0,0.0,0.0,0.0
0.0,1.2553746373460874e-18,0.004908405280361607,0.9867942696708762,8.044907747189842e-6,4.6809084456259367e-7,0.007438764763125453,5.280878413896028e-25,0.0008500472870448794,2.855976592319729e-25,5.293027242543095e-113,6.733149104499113e-42,6.18652140609514e-92,9.825734284604137e-105,1.958468379691632e-74,4.201758617609715e-25,2.0322221424037995e-85,1.2075306807193886e-98,1.6662743622085408e-119,4.0126526169777385e-40,1.0201601180601391e-157,3.779323546250997e-163,2.153600451741277e-163,1.0024533594612656e-136,4.367475410552898e-115,4.764069829511581e-184,6.609008098684472e-174,9.680152013641755e-233,3.7965957284478335e-116,2.3685836824783616e-139,1.969189604976737e-206,8.361836555199908e-47,2.1668592641037415e-108,8.438947825012665e-124,6.30892516345789e-170,9.707544731771223e-183,4.41257455518407e-145,5.888636933558835e-200,2.366479293232142e-75,4.7115645078389586e-158,5.22212452808232e-309,0.0,1.3303081587891076e-223,1.4168764207510521e-245,1.1250954624112248e-258,1.6304638673961503e-257,0.0,0.0,1.2887968659787061e-250,0.0,1.8439834925e-313,0.0,0.0,0.0,0.0,0.0,8.426290254254683e-286,0.0,0.0,0.0,0.0,0.0,0.0,0.0,0.0,0.0,0.0,0.0,0.0,0.0,0.0,0.0,0.0,0.0,0.0,0.0,0.0,0.0
0.0,1.6901129217176757e-49,3.201229239889453e-8,0.0002891919967561257,0.79123939207398,0.18847571176780142,5.490081359420617e-5,0.001400137048061223,0.0067790131353307964,0.0011429073459870405,0.006072463270750926,4.653269431459498e-12,3.729963339094553e-14,0.0018627688407464656,0.0016249622072515518,6.113586875173733e-14,0.0010585194826961421,2.2491184375524398e-48,3.635627302010642e-25,1.0024044912518273e-62,1.786973857500959e-49,1.0815897595892827e-55,2.1811446543209507e-46,2.6274423410076985e-70,1.0573877008218262e-97,6.93161359544932e-17,1.5673464290015328e-89,1.9474509519829615e-91,2.9894028802240027e-19,1.1800995645985097e-62,6.291997722460037e-109,4.196828662252303e-56,1.2160027535944748e-83,1.3223446029008105e-125,1.3888916835631566e-87,4.297303396381636e-59,1.1101972458142367e-43,1.526964725422464e-160,1.2654653152208266e-43,1.648244946842795e-48,2.4468325593352486e-113,3.5458384855591276e-174,2.0363406534143055e-85,3.985639808830708e-164,4.321557380901677e-93,2.0093566610857399e-69,3.2128929632833114e-131,4.193826585846979e-278,1.0178053474484226e-55,0.0,2.9279043708197817e-167,0.0,1.191578297087567e-295,5.651396109011402e-258,3.3640586182496e-311,1.766519060271948e-173,3.116482680892607e-174,0.0,0.0,6.362290689968769e-242,0.0,0.0,8.4689147185e-314,0.0,9.83876289577669e-261,0.0,0.0,0.0,1.4306898604547854e-303,0.0,0.0,0.0,3.2305258782e-313,0.0,0.0,0.0,0.0,0.0
2.9776386976688726e-214,3.9718824960744643e-32,7.997963761277223e-21,0.995850167214779,0.0006946123410552837,0.0014737756434870849,2.0704776071804168e-10,1.8999234479582478e-34,0.0009186590527940546,0.0004542490484594169,2.594662862590451e-65,2.381596060744433e-22,1.3352804758418576e-83,1.75480539752144e-135,7.220837352735377e-208,0.00023725620685535262,3.465017357808305e-32,2.0444862030423507e-150,1.605587869031849e-181,5.744013962944251e-38,0.000371280285521944,7.812423174597217e-168,2.3415262924464537e-82,1.0787806496742123e-192,3.1187401853141223e-106,3.381523149092093e-241,1.93896927028198e-186,3.2011590134069615e-302,6.880435410068791e-225,2.618008023589854e-274,1.6120098948080344e-195,1.2503144522623148e-166,1.4576031394859565e-302,9.072496981020875e-245,6.46870420149108e-257,1.3920802014287742e-226,1.9001453099595993e-176,7.170178660412158e-218,1.1009936013430555e-97,1.0182517917431282e-224,0.0,0.0,3.970938545419774e-217,0.0,1.8e-322,0.0,0.0,0.0,0.0,0.0,0.0,0.0,0.0,0.0,0.0,0.0,0.0,0.0,0.0,0.0,0.0,0.0,0.0,0.0,0.0,0.0,0.0,0.0,0.0,0.0,0.0,0.0,0.0,0.0,0.0,0.0,0.0,0.0
5.615280485657154e-198,1.6898917447639858e-18,9.486516710238099e-6,0.24975777021741136,0.08291328956190777,0.28932735226457806,0.21251020776625992,0.1351295510815518,0.027304197911072806,0.0001025731408213166,9.723342449128696e-21,1.5328719061804165e-5,3.372958257070291e-14,0.0006288658967922037,5.657171543799677e-10,4.456754886974246e-26,0.002301360556296351,2.235494387197722e-12,3.3710214742796456e-15,1.3068480277669273e-17,1.8233761218149456e-35,9.040262784060927e-43,1.2052634528042373e-31,2.8521822309471316e-47,1.2994247694431874e-65,4.5955788841644856e-20,4.522679095368128e-75,3.729210674123408e-61,3.3258980373699484e-48,1.6624530680438536e-15,6.519628729560751e-53,1.246902540991642e-16,2.2717284173548523e-46,3.039005908579107e-73,9.153026612914007e-86,2.5950187272193778e-76,3.0122324269699066e-59,8.192629898310026e-89,1.579954479046708e-8,1.332696711002729e-21,7.259851159209313e-78,1.321530143102325e-172,5.699631191600106e-55,1.1022737332588527e-83,1.4241137903258833e-36,5.678145914290375e-89,3.560634844764748e-141,2.0445806308889548e-167,3.9485513056630377e-56,2.106039939929194e-309,9.533382976215703e-241,0.0,1.11838e-318,1.1698412300326644e-211,1.9575751349338456e-292,3.949505408405293e-92,1.568271571412682e-150,0.0,0.0,1.7709663009014095e-256,0.0,0.0,5.508737737449228e-255,0.0,2.2249928069167363e-227,0.0,0.0,0.0,0.0,0.0,0.0,0.0,0.0,0.0,0.0,0.0,0.0,0.0
0.0023773387316926896,0.9865924061573601,1.269590720227424e-6,1.476326855929536e-7,4.89628075561749e-12,0.0017214039362165405,0.0074438386531466005,4.598046474878016e-98,1.3373578221287862e-27,0.0018620284495097948,4.799548167270005e-109,1.8794466392427298e-51,1.6131042068360131e-111,1.2235022674478226e-6,1.6232485858727813e-84,5.299171453366302e-120,3.433415045715895e-7,2.3802993666933843e-186,2.275876520894588e-186,5.060012105086242e-115,4.150508214555191e-185,3.954859207064001e-245,1.0119996055324554e-152,6.388739678687415e-189,8.79679561927785e-96,1.0432822600135267e-204,6.412947364787871e-246,4.935158861005613e-271,5.6151095544155424e-188,5.4476879329379145e-189,7.226479018797931e-156,5.155655492387338e-251,1.2974825871801453e-186,2.356211393609941e-194,6.401287861548612e-250,1.0394132909855817e-252,3.0412774698844843e-195,3.6403411590533624e-184,1.2014176852025112e-206,2.759240074252055e-258,0.0,0.0,1.1464102430818961e-267,6.20779994648254e-274,0.0,0.0,0.0,0.0,0.0,0.0,0.0,0.0,0.0,0.0,0.0,0.0,0.0,0.0,0.0,0.0,0.0,0.0,0.0,0.0,0.0,0.0,0.0,0.0,0.0,0.0,0.0,0.0,0.0,0.0,0.0,0.0,0.0,0.0
1.0,0.0,0.0,0.0,0.0,0.0,0.0,0.0,0.0,0.0,0.0,0.0,0.0,0.0,0.0,0.0,0.0,0.0,0.0,0.0,0.0,0.0,0.0,0.0,0.0,0.0,0.0,0.0,0.0,0.0,0.0,0.0,0.0,0.0,0.0,0.0,0.0,0.0,0.0,0.0
0.22505307,0.2754902,0.5055307,0.59793305,0.3849941,0.25466776,0.15485705,0.75178236,0.39495316,0.67431134,0.7079893,0.65110457,0.054741975,0.6257825,0.44465506,0.20499735,0.6669719,0.04416569,0.48551026,0.57489663,0.35493326,0.8226521,0.2951741,0.36540988,0.4943748,0.69566226,0.11474804,0.5339647,0.7399639,0.9987983,0.32493845,0.56331915,0.6852273,0.603789,0.43441835,0.17489469,0.1350261,0.0136090685,0.7650703,0.81489784,0.10463311,0.06446777,0.33482763,0.7730135,0.40497068,0.9291746,0.026288994,0.6414477,0.37483516,0.21498749,0.45495412,0.52449024,0.4244935,0.41470987,0.12482424,0.47446224,0.14470953,0.5154652,0.5460424,0.03721541,0.3046366,0.07467208,0.084544696,0.34459886,0.554909,0.4666342,0.24508701,0.09457245,0.58286107,0.6161388,0.31510085,0.2850198,0.16480574,0.6335584,0.18509452,0.23527381,0.19499555,0.26486474
0.67431134:67,0.6414477:64,0.603789:60,0.04416569:4,0.6335584:63,0.6669719:66,0.33482763:33,0.59793305:59,0.22505307:22,0.3046366:30,0.5055307:50,0.23527381:23,0.7399639:71,0.19499555:19,0.0136090685:1,0.4943748:49,0.52449024:52,0.1350261:13,0.9987983:78,0.5460424:54,0.8226521:76,0.32493845:32,0.18509452:18,0.56331915:56,0.26486474:26,0.11474804:11,0.15485705:15,0.45495412:45,0.69566226:69,0.09457245:9,0.2850198:28,0.4666342:46,0.9291746:77,0.17489469:17,0.44465506:44,0.31510085:31,0.36540988:36,0.026288994:2,0.12482424:12,0.7650703:73,0.34459886:34,0.4244935:42,0.2951741:29,0.6852273:68,0.40497068:40,0.06446777:6,0.2754902:27,0.81489784:75,0.24508701:24,0.16480574:16,0.35493326:35,0.7730135:74,0.47446224:47,0.37483516:37,0.41470987:41,0.48551026:48,0.084544696:8,0.65110457:65,0.14470953:14,0.07467208:7,0.3849941:38,0.75178236:72,0.10463311:10,0.054741975:5,0.39495316:39,0.5154652:51,0.03721541:3,0.7079893:70,0.20499735:20,0.43441835:43,0.5339647:53,0.57489663:57,0.25466776:25,0.21498749:21,0.554909:55,0.58286107:58,0.6161388:61,0.6257825:62
