20
0.9759642943150597,0.0030954819848428177,1.7660300148465453e-7,7.65643011280578e-52,0.0003678670165110919,0.0008417243318692778,5.341801803098452e-27,1.7232626202855184e-28,5.143752119002102e-19,4.9328852456754e-18,0.0015501144461411108,0.00020329767881506158,0.00793031645223246,2.760185187364799e-128,0.005703920276471643,1.4507406676311276e-97,0.003570391711910129,2.7902865819358603e-66,0.0007724151831450607,3.1251306707414998e-71
0.001693262120400678,0.8866245720553008,0.030098112045065295,0.01784551252020588,1.5351427418559227e-15,3.5006973695780418e-15,3.557538593595078e-14,1.5373548984867882e-28,2.897489549994261e-12,1.5834119588956005e-29,0.00045020352949958154,2.6179656571927925e-14,0.005335055456569042,0.0006490380201730923,0.011239035634301746,0.0037520173426747266,0.014116258937772882,6.577259812619451e-37,2.7068709658953294e-9,0.028196929628201
0.0067074938309371005,0.028401946382978178,0.8245477924926226,0.013603178865382379,0.005242922091729573,0.007992498477858184,2.1351109077851517e-6,3.133164110352287e-17,0.017276509314053518,2.817765951911437e-15,6.161965406528041e-10,0.007015283186552118,0.05044594853746086,0.003005122709217391,0.017504898833428376,1.3000365507277566e-6,0.005670157535542968,1.3661433998738066e-30,0.0008674879827163248,0.011715323995862868
0.0006258755903484917,0.004711375301656188,0.01607588792211877,0.8965635556486617,0.004626287141143295,1.1502750043198942e-11,5.1195343661487535e-24,3.0554721423443843e-26,0.014040049794548277,2.5682841091748898e-30,2.9676686392804883e-31,0.007211842970201286,6.479815470458194e-13,0.004833864469790154,1.3921182877193133e-5,0.0016549320274609682,0.003332589781463306,0.0008117061141580113,0.002698269136925567,0.04279984290649596
7.778557230604053e-45,8.706830985614518e-7,0.0026989835414711534,1.9665386196993436e-23,0.16558574580653151,0.7828286124273021,0.0037134735373719288,3.118875689786564e-7,0.010277920326351365,0.016461503211778264,0.012767206139491552,1.705519586659396e-24,0.0018193630025443045,9.743567398072161e-105,0.002501281412827441,3.8537990423876954e-95,0.0013447280236627667,1.9290015987384198e-98,2.7959780406394195e-30,9.392899501327952e-73
1.7722465917490373e-8,1.378376352375994e-5,3.0850032226739185e-5,0.0002546264142324019,7.62411690869581e-21,0.17617013832031242,9.946973069892951e-17,1.3166253371393919e-8,0.0012700418950566824,6.273081415235438e-6,0.012720539284771223,0.8094074686580904,1.0751168072509873e-11,7.642729221506061e-84,2.0012463919191214e-8,2.0967663278061883e-100,0.00012622763843692612,4.7965648078696855e-120,9.770551717676975e-93,1.5058837357349047e-106
4.764141800464387e-31,1.0861827697287168e-17,0.00017119635295572867,2.067714472425108e-25,5.676464091319418e-11,0.009228307993997376,0.08817176040641654,0.045072740804035234,1.3202244436102263e-11,0.8492845508049883,1.2753451621652463e-10,0.0015536258404052774,0.0031180945692432685,4.2512478214773145e-49,0.0033975284701587482,1.0802569570013784e-33,2.19456029752374e-6,6.460021094515731e-16,1.0118135720668682e-36,2.349467826665e-51
4.988795671643648e-12,2.0660121616855285e-6,0.013368024361334696,2.562507494945135e-32,0.019116368517152618,0.024369157870523274,0.14800502292447051,0.6886509691356191,8.341094977669942e-5,9.312082479647107e-5,0.007379486799342301,0.07053055557125877,0.010245518015690496,0.00023193284029532035,0.017247003934321877,4.564171354511575e-13,0.000677362237810255,1.3048253664852068e-46,5.810080816935278e-16,1.742895571686331e-24
1.2677798081331963e-26,2.3618698279159097e-13,0.0040041225703447226,0.0019347215194218937,2.301673487852293e-6,0.07507189179747994,3.3627074831173954e-8,1.5888659805511642e-15,0.8674597524218751,6.817377607889159e-6,4.9204007283673986e-11,0.04688927143918308,0.0036510461905302754,1.7653676033525123e-55,3.0443690731976375e-21,1.4066883083896542e-22,1.0889618713001033e-20,4.905655470872848e-52,3.7013308462317424e-22,0.0009800413335527148
1.7725476452968586e-7,0.008261623697481615,0.24969838409076076,1.828165125341821e-5,3.483545956921434e-21,7.905577261744414e-5,0.00012999682450734538,0.09779854905704252,4.934564599606967e-8,0.01118164436574373,0.06877320368546197,0.31353872561614854,0.14238497659284624,1.1790335044668753e-34,0.10480007037856645,7.726830746387671e-14,0.0033352616670821174,1.4160809550770123e-53,3.1317072431891003e-46,3.3309220447385863e-35
1.2761602279822082e-24,2.7977628270319033e-18,0.0006247053472749707,4.5706105952901024e-27,8.744545546055988e-9,1.2306711490983097e-20,0.015600526971820732,0.8703331621122401,3.835591147608531e-17,1.656535752795821e-10,0.009879040801652167,1.19257397657177e-24,6.03473107778877e-6,2.62256465640724e-26,0.08334405685235118,1.7865740881050637e-12,0.0005640642272855972,0.002188513689014699,6.893566447942392e-11,0.017459886286361224
6.490554231079007e-8,4.2345200828546725e-12,0.0007623367525177589,0.0006057744340070708,0.9258421561360158,1.2290119499273921e-14,0.00010991763047707185,4.115834673703502e-8,0.008622605531497561,2.7843354376745214e-8,0.01888577152738878,0.030448532257608126,0.009204676732001323,0.00021420901265821715,0.0041734860354945445,7.117353386274032e-5,1.3444057594337353e-8,1.4712648456791935e-79,6.399067063527755e-17,0.0010592130609229943
0.0005602081806333835,0.00045264895544195406,0.09220644621196901,0.00812558643415674,2.7535732140621166e-7,0.0055358355650214006,0.0007184900213575513,6.719786125212204e-12,0.0057279487524656185,1.1342135200687382e-7,0.0017838441802539358,7.537881153159108e-7,0.8141313187950905,1.4720456818464927e-17,0.04197641791645131,2.91199569245617e-9,0.0253036253709785,9.839495715339967e-34,2.4830563086335795e-26,0.0034764841306758423
4.486899951747951e-134,7.414763027643795e-6,0.00620103681313461,0.016409557935393903,4.45454589570373e-185,1.6249062979546349e-143,1.0998787011658083e-108,6.990851848402111e-34,8.06014955318966e-86,3.5599378523581936e-101,1.9936765857684928e-23,1.145241076679781e-113,3.073472688988294e-23,0.7654095605969392,8.150940993761592e-13,0.05846241855062505,0.016463668564136367,0.06400315158374058,0.028336983548545774,0.044706207643641714
2.4490320062045708e-15,7.997652008046333e-9,0.0016311450154171785,0.01413604957043047,1.5231157463180483e-11,9.42435328013547e-17,1.1363836702899976e-15,5.999031535754273e-6,1.722116707424055e-28,3.0592695185406055e-28,0.03418411614154651,8.814744423894519e-11,0.0005843626022377841,0.00021118322707015108,0.15549891555527176,1.5063587006551771e-5,0.7568027795418155,3.3915241574927123e-10,0.007532494115663978,0.02939788317181741
4.179426538123462e-133,1.4612427813149365e-10,0.00927259968458292,0.04326618209400948,5.425049629738234e-92,3.7948188843623306e-113,9.031786239534894e-69,7.466417435085579e-12,3.1076560561818897e-42,2.377758878742488e-56,2.255960412854122e-8,9.058844887630503e-8,1.840707284418292e-32,0.07799603703457846,2.274220141317217e-9,0.764037380912027,7.2450421085870726e-6,0.008720884077706884,0.017198502172422175,0.07950105340670081
0.008179968375681062,0.09831229147696981,0.05771737589245029,0.035430729488098577,7.0167956717687e-8,0.018138019342019356,6.636314450990588e-7,0.004505365504323147,3.1461275047933215e-22,8.196806464925393e-11,4.831301953844355e-11,5.789176222162384e-12,0.22298663262028287,0.00981040559962135,0.28900018721211457,0.04411869023043817,0.20183352449566028,0.006310727773729967,0.000956856026035041,0.0026984920271034174
1.6101032024598273e-157,4.4505946983000855e-58,8.411237420244503e-22,0.006043378158628962,7.064792666140014e-183,1.427283069978821e-200,1.2338958068022205e-105,3.2454172844100452e-9,6.341455624429704e-197,3.737799232525728e-86,3.42294165479755e-17,4.847641205100403e-150,4.069560321492077e-105,0.07234513404154823,2.877221133364275e-23,0.029648716850553713,0.00018445637905269838,0.8090587879103656,0.05947952281672549,0.023240000597707863
2.5612392110158656e-61,4.076343039808723e-27,2.569834068618941e-44,3.735736946546841e-20,0.001374884044606077,7.924218645375338e-31,5.14969718421807e-44,3.6904696110883655e-65,6.823488252177414e-89,1.4685787825444788e-79,6.037136659885971e-38,5.2872958323852075e-95,3.2060960817273035e-46,0.03308992012770176,0.00978551322484779,0.02914929240384286,6.347217554004799e-7,0.09461647845175923,0.8077990429682398,0.024184234057247084
4.208906946446192e-48,0.015326214938311777,0.021122512094152477,0.0817605837536275,0.0004813461956535563,1.7028211628161673e-41,2.35201725549157e-32,1.9226801539924354e-5,0.011793204523376812,8.079935682487276e-25,4.822821347977643e-18,0.001068314729961851,1.0672217759318841e-32,0.02196372482559421,1.2831463235787237e-9,0.06685777263844772,0.0004823464234712608,0.0077667892059643875,0.0156509855511364,0.7557069770356157
20,46
0.0007696006652937981,0.9744375352757757,0.017379408992874868,0.0022699783253454465,0.0004973355483235369,0.000771171466111376,0.0014944288225720553,9.759866757612249e-8,0.0007990757585036364,6.645308961334555e-93,0.000792345987150103,3.158773579869568e-176,0.0007890215593818573,4.7577530296689564e-145,7.738187894287176e-66,1.9145970248541601e-193,2.6244112816914083e-260,8.057671154874766e-232,5.003750371523757e-105,4.018238104106989e-186,3.32049525434e-312,1.9371694957102753e-222,5.192208507643363e-38,2.1481521150698618e-235,6.788940607473966e-139,1.5462099420828796e-258,0.0,1.6449891247e-314,8.655901693925135e-241,0.0,2.268651036096348e-261,0.0,1.6297436980769948e-234,0.0,0.0,0.0,0.0,0.0,0.0,0.0,0.0,0.0,0.0,0.0,0.0,0.0
1.8578749545502188e-175,0.0011704972136917268,0.2394699324475733,0.7335603310637258,0.021728126426273447,6.503344094120646e-9,0.001363622025181317,6.402547181281001e-53,1.846733551944688e-6,0.00013550934030046732,0.0010469806189402654,0.0010963729495020824,0.0004267746779153794,3.4243566225352946e-61,1.0345818807690845e-60,1.000574721673923e-40,2.135718988118812e-76,8.000902361150569e-103,1.6020576875214308e-124,4.179794796874099e-153,2.3135448047250432e-184,5.469432593680669e-123,8.240030062186592e-62,3.285722600954131e-31,2.1690051645801333e-151,8.125510995831756e-83,6.249240049533971e-108,1.0539054317238444e-167,1.637195255617461e-63,2.8337789340894738e-233,9.622623476092421e-139,0.0,1.5149231444865812e-205,0.0,0.0,0.0,0.0,0.0,0.0,0.0,0.0,0.0,0.0,0.0,0.0,0.0
7.158719749047923e-31,1.9546628974697926e-5,0.7906279273058561,0.20156465747243016,0.0038034068783719174,1.971930129869717e-8,7.317410173584518e-9,5.388489902484841e-19,0.0018375331869567612,0.0021469014701091054,1.054544839308337e-33,5.0079086259116725e-24,2.0590037456760503e-11,9.260543801847431e-25,6.274004872424403e-82,1.6075125236044591e-24,6.2203603046411066e-52,5.752127108772906e-48,8.548367295726303e-89,5.328899069158661e-126,1.5051500427868675e-91,2.7232365151123156e-67,2.101862135147206e-74,2.1024985461047887e-51,1.6300992075530535e-144,1.0443329087453579e-53,1.7739852295903488e-134,3.204534725224351e-146,6.172456405525166e-113,6.947697495720086e-229,1.0451572515895914e-128,0.0,1.845618643018303e-194,0.0,0.0,0.0,0.0,0.0,0.0,0.0,0.0,0.0,0.0,0.0,0.0,0.0
2.5399236643862814e-158,0.0003060122088720728,0.0006916194940169328,0.44025734146676504,0.5302216133270219,0.013193807848449118,0.00011120592193368811,0.005463072638151756,0.0014990079221677743,0.0017342325340233627,0.0011802257132131932,0.0034933685912745104,4.716009576063996e-6,0.0004074586353827124,0.0006658949799961244,0.0007704227091558879,3.73378940506297e-65,1.4916614758552504e-137,1.3859327041475633e-91,1.0932717735410034e-50,1.3899323698832024e-148,6.310821284497617e-78,2.7892030291904903e-128,1.7448098488396303e-81,4.040377584941653e-70,5.08786196221427e-94,1.4158083020496332e-82,7.988576971193264e-49,7.680560748001108e-50,4.982461133718696e-191,3.2863117953605636e-178,2.0774488108999135e-258,2.598192896973045e-254,6.4285778220239205e-242,8.633450865025e-312,0.0,0.0,0.0,2.766616914632921e-236,0.0,3.513480932914176e-299,0.0,0.0,0.0,0.0,0.0
0.9764387038915431,0.020830257833608482,0.000267242669839309,0.0010608589912886475,0.0010230837059113267,1.1635498964654515e-21,0.0001357517044049147,0.00024410120340413347,2.081245879659582e-77,4.7414232216723413e-51,4.219108195677293e-124,5.335817309108336e-109,1.9429575045243544e-48,4.600370311527947e-224,2.5484119064744857e-218,5.3628703432328026e-163,8.678789633410877e-165,1.0403778172552481e-190,6.27898077000365e-175,2.496485556407247e-306,3.761689198519979e-141,3.871581978130647e-127,1.620521809339964e-220,1.8201082143214416e-230,1.873634598861652e-244,1.1472396759871283e-232,0.0,3.3411063243939128e-202,0.0,0.0,1.4479918272073404e-299,0.0,0.0,0.0,0.0,0.0,0.0,0.0,0.0,0.0,0.0,0.0,0.0,0.0,0.0,0.0
0.9920441011917622,0.007955898808237787,7.9312375253685e-37,1.0349491962725136e-35,1.6473089673250763e-17,1.8264269450296676e-17,6.181871781956411e-75,6.902993951066538e-68,6.319463296165586e-106,4.0053142880354e-64,2.57842721125363e-125,2.844589587803418e-167,5.481063663062756e-224,3.883630209429932e-158,9.83135492769957e-221,2.4008290944575663e-103,8.65365930732214e-190,1.8739784406665596e-222,1.57251642446211e-184,0.0,1.5968116636905948e-183,1.8262234793637239e-137,2.5170388089477336e-276,7.906902954341015e-203,9.700465996730088e-298,0.0,0.0,8.042670619364975e-208,0.0,0.0,1.722963322443203e-285,0.0,0.0,0.0,0.0,0.0,0.0,0.0,0.0,0.0,0.0,0.0,0.0,0.0,0.0,0.0
0.8038866603120418,0.1745235147604219,1.8084585863592676e-10,6.19143585053062e-6,0.009136385222028032,4.879660348315894e-7,3.634185015087661e-5,1.3239616355668534e-21,8.347568996659219e-25,1.4555713429303306e-13,7.328668128950839e-14,5.2133661618175157e-8,2.716587641938527e-45,4.017359874937867e-55,1.9700255481997804e-53,3.3650064911313935e-33,8.155929253297866e-45,8.0177543441789e-39,4.029801535259212e-24,2.7642091402292807e-62,0.005679329664558035,1.2724182601329648e-17,3.103677169153067e-95,7.581437412267912e-44,0.006731036474187576,4.848261385301301e-51,3.12860869351677e-228,2.3300958060240918e-132,2.1811513421642493e-225,6.998613147807152e-274,7.216656501825809e-162,0.0,3.8029655457447864e-110,0.0,0.0,0.0,0.0,0.0,0.0,0.0,0.0,0.0,0.0,0.0,0.0,0.0
0.10799030367597039,0.5053374709079987,0.0747412028507115,0.10591239842248049,0.10581175837997885,0.01637828153657578,0.013880546696682056,8.591095440872317e-6,1.2451864346788732e-10,0.010491689907684195,0.004933539180538645,0.009709285393719316,0.003362458868845755,0.00790999564224895,0.0038494273950740302,0.0009409326821719419,0.006059797735290933,0.0033904029359731348,0.0027826836828935436,0.002638544156447912,0.0009089959602713937,0.005155257966637233,1.822681557936046e-47,0.0032826420955033406,0.0023281549771303487,0.002195637729211875,7.164243791518519e-191,1.8669519448322905e-98,4.749599748117257e-176,2.399582546080214e-217,1.8710385780704747e-183,0.0,3.7348588661075624e-62,4.387588045570289e-216,0.0,0.0,0.0,0.0,0.0,0.0,0.0,0.0,0.0,0.0,0.0,0.0
0.17934141141129492,0.6448186795879383,0.17583990900076674,2.486740838257417e-22,1.2666891645059289e-47,4.039971882893039e-55,4.542988154726957e-50,1.2574362099285755e-85,5.0342383163771804e-80,1.626454511508022e-23,7.045271066701526e-58,1.6379245259120954e-75,1.4498125653267172e-117,6.136804488759174e-154,3.419700669750464e-179,2.0368652474953337e-80,2.564476680615153e-184,4.2982452160069313e-165,8.176290616089295e-148,6.14334742118042e-283,2.3529974010030482e-180,3.234175067597315e-105,1.4353991718661012e-222,5.211938949511886e-141,2.056669802409567e-247,3.2534660279305115e-124,0.0,2.1394202343428823e-189,9.4e-323,0.0,2.0020111684971515e-287,0.0,0.0,0.0,0.0,0.0,0.0,0.0,0.0,0.0,0.0,0.0,0.0,0.0,0.0,0.0
0.5530917797928148,0.4155442525717754,2.241149105063158e-9,0.01739131913606323,9.398663124629825e-8,2.007210167590729e-25,3.463047233649279e-31,0.006394643386910464,2.4366180198005175e-34,4.6644532141450955e-9,1.003131854409728e-64,0.00011252241796577319,2.307643878748969e-92,1.2958536630943495e-65,4.566051292235002e-53,0.007465381802236752,3.05679708423332e-61,3.5098146171816715e-142,5.41338480454952e-47,2.4853886898142414e-113,1.1559139434786636e-81,2.9969758140673584e-66,2.6363949806228405e-69,1.7529226830383062e-57,5.467073002695457e-81,1.076012649878743e-93,1.1652457934066068e-304,4.5240624319697296e-55,7.418226508483e-312,4.181645585401361e-276,2.378611693339205e-293,0.0,6.01287489620171e-189,0.0,0.0,0.0,0.0,0.0,0.0,0.0,0.0,0.0,0.0,0.0,0.0,0.0
2.8361758844535453e-6,0.024384378743074166,0.059187398801167475,0.05860759633476291,0.03392253120632481,0.10063774207666178,0.19466891613021498,0.24510337734448065,0.16450474242706795,0.08623743204809102,0.014623041940196643,0.007574300532937633,2.36981666962317e-10,5.160717736585285e-49,1.6751665868947163e-23,0.009965239653842082,1.9974975012122762e-40,4.3590731415901056e-64,0.0005804663483059119,8.24039067952267e-59,3.7997180024850824e-62,6.553068506767801e-49,5.513738852108001e-62,3.154812805558888e-37,5.699531112794916e-15,6.818790994625527e-57,6.823905143535009e-203,1.514232565108485e-85,7.251977193653594e-190,1.3537338970435881e-223,1.0545458927991744e-135,0.0,2.635003567256294e-113,0.0,0.0,0.0,0.0,0.0,0.0,0.0,0.0,0.0,0.0,0.0,0.0,0.0
0.063160778925399,0.9339849483658808,0.001999501830518334,8.09106214599577e-67,0.00023716069858859673,0.0006176101796133941,2.2201665287393002e-32,5.7752670591010516e-67,1.2064680071184508e-41,6.631415777655118e-93,7.982793227398105e-88,5.782879209291937e-121,8.215958429993727e-157,2.971957378611115e-225,4.620518583261106e-189,4.070382580042145e-85,2.0355572138263782e-91,4.977220418134167e-118,2.0807462572155476e-93,1.0340218526510562e-296,4.445991660797794e-239,2.1447444672079688e-222,1.1815899347040271e-256,1.079925149244664e-168,2.45692105839211e-229,1.2545037569412115e-217,0.0,2.428242911339467e-181,0.0,0.0,2.449626307244333e-263,0.0,4.830511547926418e-298,0.0,0.0,0.0,0.0,0.0,0.0,0.0,0.0,0.0,0.0,0.0,0.0,0.0
3.8616508201815434e-6,0.44661948618694436,0.5123309289830552,0.01208256967151687,0.009413621492079392,0.004956944072843848,1.808751835691403e-15,0.00209529800913031,0.004222759801164127,0.0038886153447991105,7.619693655323732e-8,0.0030006085073565076,3.350283194964144e-29,6.761848462476465e-23,1.332867145267772e-67,0.0010483613044247543,1.0009713651687686e-32,0.000336868778926898,2.155004213598967e-64,1.7083333515159037e-56,2.422666762206702e-78,2.0400857123058857e-93,2.9219823209872957e-84,2.1702603029360129e-60,5.0553308380733644e-126,1.6701327400521215e-65,2.44886435580692e-93,3.590307988569498e-113,3.7288584260775475e-154,3.059420838062368e-171,1.482157353294124e-147,0.0,5.0316222969594525e-160,0.0,0.0,0.0,0.0,0.0,0.0,0.0,0.0,0.0,0.0,0.0,0.0,5.7253704556278285e-307
9.352415855901776e-256,7.927081933102074e-188,1.4509949122498847e-129,6.317691455602095e-83,2.2852595973631738e-23,1.0804236123747242e-41,3.1730033294593466e-12,0.1716662305698329,0.5737390438486174,0.2320810282422038,0.009082518980501822,0.004850228055329888,8.350253984430201e-19,0.00248175721311259,0.00040342957615570254,0.0002941545067003126,7.576607149547166e-5,0.0017151695083501923,0.003610670827635592,4.089967205426634e-35,2.596826400276414e-9,1.4393600734648092e-19,3.352613984458597e-60,6.038165561214059e-14,2.3096566032315937e-86,1.4234112918512066e-50,2.3835598427094636e-43,3.275698279030441e-62,2.086167031773188e-27,1.1317272488579755e-34,3.129927073828828e-84,4.623513126274994e-15,9.257171430718459e-109,1.0006637968179811e-107,8.730255374330198e-60,9.695116489457056e-117,2.4716979049292148e-201,1.493724319029718e-109,1.3812859859845073e-80,2.0537038441661382e-140,3.592495899970128e-91,0.0,0.0,1.3569581786740428e-161,7.043710189498487e-71,4.250112038987981e-276
3.9061401657940596e-35,7.637478241367811e-11,0.12345640667480984,0.15521104057284302,0.07262677373856426,0.00031596022176533337,0.0005003236889754258,0.03930576752882089,0.0749146947440229,0.043913648889584184,0.04017186913613216,0.01570111567137966,0.04529670677555593,0.051397866449323426,0.04203333506214924,0.06153630301465604,0.020916697707917358,0.025969110560924446,0.026421215453395954,6.081509029335592e-6,0.0056459486198732175,0.019622033616228676,0.02238283552712964,0.01670016286321168,0.03339272247900143,0.01881844798828118,0.013921023167113196,0.01819167037143332,0.007279512946258258,0.004350724945244991,3.4335681048293045e-123,5.713037339466687e-212,4.7243038778908685e-62,1.706752730052467e-147,1.6680354981218531e-273,0.0,3.870460415028018e-301,0.0,0.0,0.0,0.0,0.0,0.0,0.0,0.0,1.0071692839535363e-94
1.7028865720739416e-260,4.676779325070136e-194,4.8042074098928326e-129,6.94243324444966e-93,3.940342460342074e-21,1.9461977897693612e-46,0.48718210671247425,0.4860435762675378,0.018473000017229794,1.5458386839758348e-6,0.0017190685691998728,1.015720091860962e-6,2.2399430797020001e-41,1.370179383503724e-20,0.0015194718801321528,0.0008812879712077768,9.241437437903084e-11,0.0007350467824365957,4.364533122802225e-18,1.11202889977379e-46,0.001568445458860421,0.0018754346897309883,3.0140683543131664e-65,9.556671950786655e-67,9.40434302730967e-88,1.8528896306237688e-45,3.334761226740511e-53,7.437155158232367e-86,1.3470111063608239e-35,2.786831742665933e-78,1.0906191418183845e-86,2.812503719278961e-83,7.756485032284587e-34,7.459847077872762e-118,7.311498090645721e-88,0.0,1.07604351315773e-283,8.093998092948278e-153,1.9637780941617466e-151,3.3498231592912445e-230,7.719432053107475e-93,0.0,0.0,1.2269797318366682e-261,4.354394687669174e-165,7.528642268761817e-305
4.850428223603594e-44,6.052270035519263e-16,0.07563024385833134,0.10222546203940014,0.1810437931895404,0.1254310697452069,0.1218850434054272,0.052263326584119044,0.025186497731942203,0.0472048940041792,0.05532696544545379,0.032336658492131985,0.027977404617188423,1.6653670952820028e-15,0.012659592984856052,2.8164755027079714e-9,0.019479184031204737,0.016497029800735457,0.008091285889937561,0.012215596683060976,0.005852828290042309,0.005705856002866112,0.0005284495365527962,0.023625761647446467,0.016840375798006246,0.021403765335056123,0.007736056399842829,5.19779503244826e-21,1.2842349101706617e-7,7.787238011527805e-15,8.851132030482467e-84,2.476658891312728e-148,0.002852727247495075,3.126118219920342e-83,3.2909335061912735e-146,0.0,1.76648166568508e-251,0.0,8.6954e-319,0.0,0.0,0.0,0.0,8.549958477947408e-302,0.0,2.78635717611853e-65
9.400867568349278e-301,2.5889880232793525e-308,6.976146490039731e-249,1.6240386799405899e-138,2.678518694758698e-69,1.9030665293848298e-78,0.0006324543778350885,9.99390508368761e-68,1.0864599161427175e-9,0.25971667244836905,0.4584232878353923,0.2582667471470788,0.014915016999024061,1.8214647059187094e-26,0.003032519318293729,3.767176809488038e-9,6.54452515288568e-40,1.26295471632221e-31,1.4610987671968883e-31,1.9955223748485656e-35,7.51108009141241e-49,3.0437388412119816e-49,4.658423436510542e-39,4.172295293464292e-31,1.5017150458920751e-74,1.9136743241579237e-22,2.4754390884934263e-75,6.462264087893668e-82,0.002730815669550728,5.729861539600929e-50,1.5028102525279924e-70,0.0012177746936209847,4.0853241495008046e-166,1.6711975788438893e-60,2.3038980386303185e-118,0.0010647066571983445,7.711954553833837e-126,1.8759932320736642e-97,6.307020105099193e-117,1.5942490222639017e-122,3.3497298961416286e-109,0.0,0.0,5.966876505474793e-128,2.261738162627711e-198,6.901791712574754e-241
8.594987458860464e-97,3.1955263581074833e-162,1.0450911514832411e-129,3.414116290648485e-60,1.5300866566056042e-32,0.0030403667419933236,0.002771604271928182,0.0011603631814617247,1.865402197107689e-18,0.0033383586830581144,4.179948178958807e-12,0.11366478881322134,0.2961798279733333,0.11590491615095576,0.1055577936974457,0.06639532749689554,0.0424617839405446,0.03384936625084238,0.016942283812492923,0.028177180583845805,0.01685026305753922,0.010044860132269509,0.013704095064203267,0.017370197229070017,0.011542071609822771,0.016410495441403692,0.007515784339434487,0.01127959801193037,0.003043441935641054,0.011967765048888275,0.01491982629020643,0.009767804559560292,0.0037600962425223287,0.006216594287586012,0.0037299565725516077,3.3186564551965416e-79,0.0012433188575172024,0.0012433188575172024,0.002486637715034405,0.0012433188575172022,0.002486637715034405,0.0,0.0,0.0012433188575172024,0.0012433188575172024,0.0012433188575172024
2.402725660411964e-215,4.3334727740052196e-95,1.3895577413849723e-81,4.262823252634705e-35,0.2598306755019443,0.5565392391760737,0.15317083730402822,0.002722985944326888,0.004359139745139332,0.003714607266991156,0.004137112780077396,0.0036673498485919574,0.002303271796579427,0.005092689963994554,1.214004887214433e-13,4.841002055186615e-10,0.0022446253110023017,4.0771764819870414e-16,8.413362331224742e-29,0.0009864915535709438,0.0004667827673814393,2.5922668597037335e-37,0.0007563088330116815,1.3037164791322603e-70,2.70146784732555e-103,4.265931285941946e-68,7.662099157245754e-56,7.56132831236792e-9,7.874161736315243e-6,1.9391253059421036e-64,1.5319175309433097e-126,2.541652350345241e-84,1.676775600626782e-137,3.2773282720199654e-89,3.061644968820963e-179,2.8378736968030037e-248,1.7576441165171503e-257,1.296107500850625e-209,3.689959332681705e-68,8.472088591851956e-246,4.7732432519510505e-122,0.0,0.0,1.8181563629408957e-258,2.8464666810701695e-229,1.449812214422519e-296
1.0,0.0,0.0,0.0,0.0,0.0,0.0,0.0,0.0,0.0,0.0,0.0,0.0,0.0,0.0,0.0,0.0,0.0,0.0,0.0
0.7483195,0.58931285,0.14994684,0.7089772,0.30983892,0.5104711,0.39043626,0.027106896,0.18924183,0.6692363,0.9072534,0.469111,0.5497703,0.8250677,1.0,0.48925805,0.109235115,0.20992729,0.32979468,0.7261401,0.22927727,0.45004776,0.12995294,0.7886626,0.24909046,0.40831384,0.43037745,0.06958563,0.57034343,0.28966972,0.08876802,0.88838893,0.530343,0.349425,0.68839014,0.36967322,0.62924093,0.874671,0.76696223,0.014946376,0.6102888,0.80664414,0.050270442,0.16985008,0.26891342,0.64581996
0.48925805:25,0.5497703:28,0.7886626:40,0.08876802:5,0.6102888:31,0.014946376:1,0.32979468:17,0.5104711:26,0.16985008:9,0.39043626:20,0.06958563:4,0.9072534:45,0.6692363:34,0.24909046:13,0.7089772:36,0.30983892:16,0.76696223:39,0.64581996:33,0.58931285:30,0.530343:27,0.8250677:42,0.14994684:8,0.469111:24,0.45004776:23,0.874671:43,1.0:46,0.57034343:29,0.12995294:7,0.7483195:38,0.80664414:41,0.36967322:19,0.40831384:21,0.22927727:12,0.68839014:35,0.7261401:37,0.88838893:44,0.26891342:14,0.349425:18,0.18924183:10,0.050270442:3,0.20992729:11,0.027106896:2,0.43037745:22,0.62924093:32,0.28966972:15,0.109235115:6
