30
3.23502994056009e-5,0.005332506052899221,0.03651539185509774,0.0831132028767577,0.01251219766109779,0.5010581594751492,5.0922095007335174e-5,8.180619092070783e-5,0.02292938125141727,0.006154941686931104,0.0007022655795447783,0.17707194954882513,4.908167542673233e-6,0.01642969771015297,0.0008312326542142015,0.06561403759751766,1.747574657672292e-5,4.349340715378169e-5,0.00733122759871661,4.164005577441476e-6,0.00039815649153171354,0.011546052058527897,5.5389074204909876e-6,0.004481198628931987,0.00019716933766565607,0.0012527012965664508,0.0002999117167025414,0.012286381989712986,0.0001377428753999585,0.03356383523703488
1.831666613967111e-5,0.017899409642417537,0.0005321077485047159,0.03606151282705624,0.0006951353085196146,8.878143826307862e-5,0.08270325099612492,2.3514708537953087e-5,0.018260424080652028,0.08124573576619461,0.004648259514349773,0.11341734734669637,0.0011869392721258459,0.011310941853481759,0.010982271353741878,0.0042978525503904845,0.011086552012619162,0.01062894126724471,0.0398033284537635,0.0009216841107720842,0.0900542086135059,0.0010116274045173287,5.617161740052921e-5,0.002981391380225379,0.0036766335229649837,0.0018936598378458992,0.0038922041034213017,0.4069073115113512,0.04260871779370178,0.0011057672974697974
7.405627136462669e-9,0.001045976071442704,0.08110605130731326,0.020973038198556296,1.0880738133107563e-5,0.0004727301091864373,0.0007195983636270654,0.00315702717367093,0.0060459057683058225,0.0172262619568989,0.008130142000127367,0.049159724319474345,0.05846898703021462,0.22432537864432664,0.001678269474769394,0.07391051698576111,0.008220465921665325,0.01601133767445919,0.01670454551980653,0.006850921155179109,0.0017376985956370939,5.6029728437241064e-5,0.02667273411686129,0.36838629344686474,0.0010242231276116156,0.0003395590087405355,0.0017950990385940467,0.0001307483222850021,0.0044476775413718386,0.0011921712550513523
1.8748814790972947e-6,0.004802203103806475,0.0002937422820188237,0.019402363548784617,5.5929225529599756e-5,6.216653124803258e-7,0.022699702074543162,0.07011525421245028,0.005890632390878043,0.0006326180317981569,9.749877908285562e-6,0.0009033861963128288,0.021075433207415385,0.0018977934446308903,0.06406230389429386,0.011626155984299032,0.012902380069073315,0.004182616625513826,0.015055030495006165,0.0009062976560103523,0.04603732043579744,0.00089546912694899,1.4446391366404126e-6,0.002887347055425094,6.110725955206962e-8,4.9993983007939134e-5,7.41331785432513e-5,0.6659458489697656,0.009454337031802635,0.0181379556052481
1.0878312242834654e-17,0.0003641633796352582,0.09974409209212112,7.311043873974117e-6,0.4556646316845907,1.5239855264250266e-7,0.00043767663974205384,0.0026438768860124646,1.2141382198285338e-9,0.018006702388767816,0.07619944420958802,2.056951736104036e-5,2.707000053932092e-11,7.58411904701214e-8,7.334153156054202e-17,0.011368062458740686,1.002505550998451e-5,4.099192771121565e-13,4.4266801594550475e-5,1.8669950654449815e-14,1.3995914758762959e-5,6.751562637425988e-5,2.0597791095987404e-14,0.09337404332822843,0.2365174976563004,5.629646308091959e-6,8.860649769138369e-20,0.005492574328593917,9.391213885377618e-15,1.7691860488440952e-5
5.994589295470495e-5,0.008438724136828602,0.009031613005879372,0.09805972884090654,0.0027709310952537675,0.000139138271776029,0.004869607506109085,0.2545693395915528,0.06611891443396929,0.010258514422907438,0.03178325155170556,4.438633039985636e-8,0.16891220047718666,1.3832257163582208e-5,0.0003619417242096256,0.006499949796305026,0.021072412959645195,0.0009854467290153538,0.0591799910910045,0.0018699840275174103,0.09033554966132563,0.02045020626528681,0.0002497275137187879,0.03477162596187612,2.439212890421212e-5,0.0070382518269039235,1.4695992551413959e-5,0.06883455696416813,0.0002436625138063294,0.03304181897323762
1.4769299229519992e-7,0.04874268960110473,0.0003011768036909457,0.0017008273240922745,9.78193608176577e-7,4.405008602265622e-6,0.3586123611544526,0.01086443665967235,0.0007470143544492922,0.09121862530320561,0.002127183839001415,0.009312793827993408,0.002393603596263133,0.002553701511614798,0.00021483156902621869,0.017813847924322126,0.0018054888503295586,2.487201528126228e-5,0.0037204831087630664,2.4125821519194027e-6,0.0068345016479680895,0.006136854659329818,2.8255874002438364e-7,0.0012025104808518034,0.002916635896140332,5.952575758829028e-5,7.803339203917026e-6,0.4295827359061806,4.8657980783293006e-5,0.0010486108525961926
0.0006207464716764406,0.0019774377658721347,0.00012765963920914012,0.0010419698765524654,0.0004779835058848191,1.0180678538799622e-6,0.0011470790405369864,0.044948270179728265,0.0011405499753334583,0.0003204880427950246,0.0363165867991828,3.8864796060257895e-6,0.7338095061171016,0.004394237652413902,0.018104226859291934,0.03911079202766882,0.00568191959463971,0.012340555102404827,0.00036414505871417536,0.03177078983060893,0.002440943197875867,0.000264329390901108,0.05095410070562749,2.459142018359459e-5,8.124159603596643e-7,2.1016350316286654e-5,7.687220410667064e-5,0.00029191247624153435,0.008342668531545173,0.0038829052201664652
0.007335764502060547,0.007371175241033203,8.90727604750466e-5,0.004277282275611498,0.0005464659143946065,0.00490477211964605,0.0011038755300780995,0.0008243419837595423,0.3804956199659767,0.0022840159866788197,4.240882447417239e-6,0.005446114119391209,0.019630029412324692,0.21438624537076534,0.06115463470263538,0.15427806354727835,0.0010926524468631502,0.002601623272979885,0.003346226782944144,0.0009255510903699217,0.0016609972308249035,2.300712173095365e-5,0.004798080586343568,0.0009641926554866633,7.025682306987163e-8,0.0073916663518035644,0.021394169132345445,0.00800712890169555,0.04137683048016399,0.042286089375068676
2.6369721666195532e-14,0.027211006104051763,1.1560401491544163e-6,0.00011568168935371946,9.792657021302315e-7,0.0015967272552867232,0.2890633193824297,0.015994401627599658,1.130511182915281e-14,0.5322475951096064,0.051466467411619636,0.01406838868178005,2.2080159768177905e-22,0.00041420426984363506,1.2335911016833497e-19,0.003006176048591783,0.010962352571994774,5.391671276206113e-16,0.0005961840281105802,5.58498063755727e-21,0.004592168420392181,7.941182055471103e-5,3.887085318816155e-22,0.02322831937268769,0.02069918735592752,6.617027106099978e-6,4.91190099852828e-12,0.00464963773368766,7.689410351005088e-19,1.877857428566494e-8
3.20386556049067e-15,5.972617910062458e-6,0.07521704535137122,0.0007375621640321157,0.07934848888181312,4.923378840486035e-10,2.1695351993607285e-6,3.325690105087881e-11,3.165367150768376e-6,2.0096593208900506e-9,7.039766982526545e-6,3.499743677839946e-7,7.273912590217408e-12,4.194826939507813e-8,0.0006709606988107914,2.772107149886286e-8,1.6761107188722697e-9,9.367290224992657e-12,5.112575268899054e-7,2.3105325606905154e-13,1.867185521032696e-9,5.976864596674462e-8,1.0796608973636303e-15,1.6707130663272948e-5,0.8439664384449433,3.2191212469498153e-6,4.853959777765245e-9,5.195266281055792e-6,1.5033154470440377e-5,8.798568058151326e-10
4.6351330997971384e-14,8.627568427807458e-8,0.7697201138036598,5.398501212207335e-9,0.00627948921940751,6.649541953296306e-6,5.186041251061901e-9,3.247016768927571e-10,0.014061966585943216,4.1611787103165643e-7,0.002146488435929268,0.0033251525602686935,1.2846885716636058e-16,0.001966273283024573,2.3248705202087158e-15,0.00023002525087584063,7.469485355433144e-10,5.222149883438952e-14,4.362829495271086e-11,9.868456913630298e-17,6.054747017911927e-10,5.526110332539602e-7,1.4259002684882481e-18,0.16387639953176805,0.03838611095227221,4.193307004358505e-11,3.2771221498177855e-11,8.907044807492067e-9,2.5419066324026624e-13,2.5454290909399225e-7
0.00010708906385091729,0.00011805199608410845,0.002565612049742073,0.0010935623670399169,4.844259485761959e-5,0.000148818999601568,0.0003728398118714391,0.00113050893339386,0.0033630524055761205,0.0005296363866796025,0.020182105308635918,0.00016039052743209266,0.44235994394310785,0.00014020494253839063,0.07608830030181803,0.010033859941934948,0.0015309415389682046,0.047966195412380494,0.022081790413740414,0.05684059381186504,0.014789280642462614,7.284399321601958e-6,0.19267681529770475,0.00040176876492114156,7.359961066511366e-9,0.0007060701463774617,0.011654145411165226,0.00013614529356851567,0.085727383333845,0.007039158599554081
0.4132743647065946,0.012631393476596992,2.3891817668873395e-7,0.012150580084323792,0.0019030574896130071,0.001592631465256897,0.003676230021130826,4.062908691302961e-5,0.17982832271132598,1.7751347484369186e-7,2.9417785568225783e-6,0.15161110671511174,0.0035008685063259884,0.09442085611465428,0.0016227193204461593,0.0011515280050913607,0.00018143727227831795,0.0003519929518822888,0.008153092687810722,0.0008433871744529031,3.0367692805548887e-5,1.2256481643621437e-5,0.0012636125423308427,0.002453427758335948,5.002477791776572e-9,0.024186144112062328,0.0040731787569145495,0.010181457453923343,0.01781367936450846,0.05304831483498018
0.00041864870102667755,0.011708727772100665,0.019980853694185938,0.0079476879248472,5.7958366502645733e-5,0.00024837226114981896,0.01020718328967346,0.0034804921157125385,0.0020467048477990127,0.002157879956853697,0.00810680316816011,6.406858337127037e-5,0.051771272611067294,0.0016236631207054981,0.006464326777392288,0.004132431410540815,0.004567235610194832,0.025319853877849612,0.35478992545763977,0.01279023015088407,0.028402493863556283,8.016691948642189e-5,0.04735069479966009,0.002042185885245315,1.2309596985522333e-7,0.000615343012463792,0.06476125472227452,0.04146376889137488,0.2857987615061456,0.0016008876061660612
5.812420567737179e-21,3.0625698403828955e-8,0.0010360218226036395,3.987516330536381e-8,0.9181374579889224,1.022713403054946e-10,1.9386885788133051e-7,1.5556249440444022e-11,8.781088939937238e-11,2.186909322640543e-8,0.0018140329678954052,2.920970379004299e-6,1.2976791833195426e-20,5.628210945224896e-8,1.5045193922110484e-20,0.0030294738240300378,8.346975425849437e-11,3.974207639264372e-18,2.091235645029073e-8,4.760655141909574e-21,1.849565269022451e-8,5.049745221285514e-10,1.0680945925822867e-21,9.385574899424298e-6,0.07589614455478119,1.68865438596819e-12,3.661798042844125e-18,2.4464795781496184e-8,3.858697916366567e-20,7.415510699020769e-5
7.934575725688783e-5,4.3312714371826994e-5,3.187573970288623e-5,3.531891400772851e-5,0.009736033099113283,1.350685493565388e-7,3.239706866660338e-5,0.37908430263877063,0.0004906343281231581,0.0008039449384561123,0.05497961292944811,1.8446412932418227e-6,0.3441855888091535,2.513065169107995e-5,0.0008523203433512237,0.010614099020503937,0.12738395292531973,0.001967455197284043,9.13402723120698e-5,0.015961264081177717,0.0027521277725879984,0.0015249841331093387,0.04634367430880335,7.630435647996814e-5,5.0051957708551094e-5,3.185208848050147e-5,0.0001335589148226091,5.927604413794475e-6,0.00024016471430216815,0.0024414450107385546
2.252809301990658e-5,4.4132463905272754e-5,0.0001232159734107578,6.4969090634547135e-6,3.119165345675354e-5,2.006612737255478e-5,1.1199966941289235e-5,0.19266435937915352,0.0002816191139853825,0.00021257254412008312,0.0649932354382956,8.889237392289007e-7,0.2519472856843832,6.61988216233807e-6,0.00037492354432716623,0.0002388176927268456,0.02441562366604165,0.08973366234056517,0.036312262172945226,0.055216283476236985,0.027192897651533817,0.0002467052127272145,0.1752064681807283,0.000589209627478937,6.277554877617253e-8,0.0002955238179994054,0.019420612721461075,3.3931982529761076e-6,0.018272701628101858,0.042115440140315104
1.7836269500059855e-5,0.03772472059329387,0.01158372932244702,0.05612606789981069,0.0001260991577907972,5.119423626457173e-8,0.014764225863620518,0.043472756398348814,0.00040048846016567624,0.004655470046737273,1.789625630459357e-5,0.00025131900501992573,0.0014042299798539492,4.215185882378033e-5,7.461303146709779e-5,0.019752071228722523,0.09246759916643964,0.004717512354204478,0.006698095592764818,0.0007693943757450096,0.6887468336154402,0.00022842745249724585,0.001222676465914163,0.003944387877783754,0.006571047692222007,0.00029136379207970526,0.00019454208065416135,0.0009227354139441042,0.00020942077632823118,0.0026022367778396945
5.308054117442709e-7,5.686102497572638e-6,4.25093629468733e-5,1.7500232707429205e-5,5.214665078150511e-6,2.374234439030645e-5,3.350408834987233e-5,0.042380234316002005,0.00012360822524617413,0.001170840065511328,0.07525774156848569,4.044111871711527e-8,0.24287038251893103,3.2122608502484477e-6,0.014399423126084535,1.8519235280015363e-5,0.10530032443992104,0.08556604061702847,0.03364322463303125,0.013449606317114279,0.008990982741888854,0.0001708063655074811,0.3537023601895512,0.00010279795783847611,1.189443410804209e-12,0.0003371649460496368,0.009277432312951313,2.1585177911142237e-6,0.00608575613269832,0.00701865546854748
5.5656485175694634e-5,0.06902518774093563,0.012913029904655428,0.006436020847746699,0.001553113890107884,4.643443113230237e-7,0.009345902421601625,0.20065465343308606,0.0027567518487864704,0.005994812406259222,0.001321263936998665,7.841028002696695e-5,0.3117873391647763,0.006958423602811779,0.0010399558417481965,0.02356293972927862,0.008409397529986267,0.01748764162294556,0.009801250640462252,0.0037646410486084935,0.21777841564749117,0.00035973107852542495,0.006319991278042815,0.0002547184899458054,0.009031818680760736,1.2427171207712173e-5,4.3547192701547476e-5,0.06327781433461334,0.009056994078573148,0.000917685327829254
0.0019221295723510856,0.010851082239129747,0.00011437264806222718,0.0038667407029202307,0.0003806807000367009,0.00015743277173062308,0.004446884872199893,0.08918627428282157,0.12607388153048818,0.0004401122140608947,0.03931509216680237,0.0016104536380102791,0.1678726532923363,0.01415142334609712,0.002378246597607881,0.11725008602301305,0.04509670780956421,0.0677185252093846,0.073163026387522,0.016970919008798657,0.02931000102606622,0.01073432143851898,0.014478146762465819,0.14720499238790935,0.00014873610258447475,0.001670647563135671,0.00751873616702792,0.005042251779558233,0.0008833993748231747,4.204238497260925e-5
2.624366612628209e-8,1.7882980937004895e-8,8.835279303540966e-6,9.774693127085225e-9,5.234762472757853e-8,8.957710482984053e-6,2.616131122743041e-8,0.002103065068143211,4.494004285849479e-6,0.00088310380899194,0.019984056345053826,6.422373801513786e-11,0.012895100598751303,4.424762930865364e-7,0.0004812955616755656,1.1408907476335847e-7,0.061036342473430406,0.04339200542322967,0.0005632864218049122,0.057031764976039276,0.0047775783622570605,1.896820185723924e-5,0.7864131327670629,4.654488615777272e-7,1.871380437543182e-12,5.011515622361986e-5,0.00955066338162116,1.775851565460454e-9,0.0003023052879309583,0.0004937729054024853
0.058124209389150784,0.003951930761374344,1.518334301891099e-7,0.001234476532646928,0.015025540787664575,0.008259464099485199,0.0005120192469589376,0.00271669246201,0.04697247842805834,8.883712687210707e-6,0.0027240066609001156,0.10217962308374723,0.0001875802967827893,0.129532260686241,0.0008516923387283258,0.025484112054010185,0.0012935037671748543,0.00013818352603552783,0.0001403447890220994,3.411848639488519e-5,0.0014691393448926452,0.0015119227502932786,5.583305793650085e-7,0.16278216176423504,6.799224584823708e-7,0.3804194251310957,0.00016710281387207463,0.007567729755753773,2.250409548650084e-6,0.04670775683476744
0.004736639095462604,0.3404783943185326,0.0004889892042742589,0.009145402407371286,4.3412264030046664e-8,0.010616273689675779,0.027043448685108062,0.0005429349153288442,0.022294944051112223,0.07250467411013345,0.0104798424255523,0.09280637240982928,0.0026513502851749724,0.03926157284007166,0.0043993746363269245,0.022479549876502993,0.0005560272897129988,0.006002692908518609,0.023237457533989852,0.007268598487936379,0.004229496878024377,0.0005974344115337268,7.195122422107849e-5,0.1846235206898296,0.009393492612892117,0.0526204775953967,0.008858016715000808,0.03939727475482412,0.000498660652546999,0.0027150918828513075
6.134406659206137e-5,0.00026983709202132793,3.1848599357731906e-5,0.002580777694469947,0.020003556331681834,0.3677926921328377,4.7504066372469056e-5,0.013571894007191204,0.0020044652420421983,0.0001430446446714527,0.11719919512523196,0.3044265400086896,0.0007533846696742205,6.857588786090342e-6,6.244490890139566e-5,0.023285989279860562,0.016365743110244718,3.059942419083922e-5,0.0264440448463516,0.00012132288625362523,0.02612505264372243,0.0026178235187423425,2.2050974032924925e-5,0.010268209272448469,0.00037695513532482724,0.006262016623862444,7.081809692669314e-6,0.00025500245925896386,0.0005677984410433938,0.05829492339644888
3.216098994479347e-5,0.0015033457425758933,0.005011119573121103,0.00022217326064946337,2.1611439015223155e-5,0.0001367616863281897,2.288307954103112e-6,0.1412183075690778,9.090595702300013e-5,0.007745212806650794,0.009378253159162336,1.4997602655963816e-5,0.08132821186875983,8.758214920666687e-6,0.002680716366790873,0.004074237356580295,0.19239406035561904,0.021238250345597936,0.2523751602436517,0.017045895515337545,0.016214077307527195,0.002337285779818328,0.0002761091972001732,0.005180416170949876,9.924572713475248e-7,0.000916024921036312,0.011758743668580542,0.00012354098256651798,0.01496802956390573,0.2117023515897275
1.611440696202104e-9,0.025461760306969554,0.0010291377622949096,0.13094731759940473,5.01942900078547e-5,1.4859065143139816e-7,0.14014262585442389,0.0009795209696470152,0.010709014008771948,0.010091534838993096,1.4116213756846923e-5,0.014572058940492315,0.001050188741340724,0.0009617863740232216,0.0019733597809842877,0.007070601185202536,0.0012982405321828937,9.945341745842639e-6,0.19735596701013428,1.936368393846356e-5,0.013075293463865354,3.1292016082941813e-5,2.9108498860392028e-5,0.0009323010532460954,0.0026945093708533622,1.0851102352232409e-5,1.0467572384594994e-5,0.43796996559846774,0.0013378266856515961,0.00017150100182920715
1.1083448712227841e-5,0.0023279376890398204,0.007351201790583108,0.0035673559554799546,6.555981008286509e-5,7.203801159831788e-5,0.005485854378612928,0.0014275820059495726,0.0005272468457117905,0.00012507378125465503,0.004947873761941264,9.95981264730504e-6,0.13470053920495612,0.0003804944520474298,0.10410784373557364,0.0016400028295267338,0.032538831964279064,0.008769919943765431,0.34889774691576997,0.014122243485412463,0.04018487283625462,6.922553578160604e-5,0.006589596583026877,0.0002729699628175431,4.1229889712166965e-8,0.026977002741479836,0.059242735409610496,0.007800344866780373,0.18576436258354892,0.002022458427865353
8.320000848876885e-7,0.0020963046252787895,0.004782108330792703,0.0021465626401724145,0.41660485053825375,0.0006550826531496748,0.000135137053647613,6.286971202140345e-5,0.022296803263658165,3.6570694448472574e-5,0.0153414046057532,0.0005701741256948857,4.175071395052188e-5,0.020516031091471383,1.0665654495444327e-5,0.00870895223443882,0.00017071677825097734,1.915845322831542e-6,0.0006100947657854505,3.714905408413063e-7,0.0002399025892653077,0.45221036015374844,1.0409805910913446e-7,0.04443968476576187,0.0018624840935321544,0.000954234710846001,1.9873514324968788e-5,0.0013066189510336282,3.700107485494727e-5,0.004140537231361516
30,25
0.6026527922484962,0.38573052919028333,0.006082853318810683,9.580340245114862e-10,4.5836106073737687e-7,1.0702380284901771e-8,8.53755320217738e-9,7.461085095110872e-6,1.1046215920405108e-8,5.773365013339716e-14,5.6615246462420435e-18,1.54972427509283e-26,0.005525837941899144,1.8467824652993928e-23,8.60062311562197e-54,2.9289143171190198e-67,4.950154511638076e-19,5.394920429759055e-97,2.6346391951119923e-121,7.008407393344018e-146,3.6610113802960686e-8,1.3354214053752435e-141,4.495060643844556e-247,1.5699491852645442e-240,1.68859593792532e-107
0.008019907244606486,0.9558488778319996,0.020868995048432794,6.863488092006612e-8,1.9680775000322363e-6,5.310394085102708e-10,3.2017557307164593e-9,1.212280708226483e-8,9.080613667983035e-10,0.005656187350369345,0.009603979048547236,6.006304311578651e-31,1.5388723939782987e-23,4.7025186155472995e-33,1.151823851066314e-23,9.468259828924117e-112,2.886617828745327e-138,3.50409809184013e-145,3.1025797186219373e-147,5.869679290527753e-148,2.0171850710628863e-129,2.920846087379233e-160,5.553357944792665e-233,6.751624238053281e-241,1.2949034370527465e-170
4.926338124336114e-7,0.0003472789976511298,0.2809811167079431,0.39228685535002866,0.1836993561621663,0.06966566183478594,0.023351949778537207,0.04292781010434116,0.0005569238376067453,0.006167245665334461,1.527919723003103e-5,1.4386672222535123e-13,9.432673679291386e-25,2.6220699542990525e-15,2.9730415806110402e-8,6.451535270155602e-44,5.20701078993519e-63,8.225840182663762e-65,1.5509558724334888e-85,2.7444219756725682e-95,1.925737351865947e-30,6.224124752476234e-16,1.5337822601865594e-106,3.707832625924008e-73,2.0657484505743398e-106
0.3424440879339654,0.6118275437121025,0.04092061013158407,3.062454212913229e-10,0.0015935817009795354,6.06879208543808e-11,0.003186796604615534,2.7289887925465283e-5,3.1113693254988714e-11,8.963078035357953e-8,9.190246055337937e-18,1.514809120638201e-17,3.8519550420013634e-25,6.089353484506622e-36,4.748291512800758e-71,3.4782350338914434e-105,6.447154517218243e-138,1.8894390330631573e-133,1.7679697246828045e-150,4.571520225574947e-159,6.340900744304642e-85,3.3822125155858985e-129,5.5505776441268936e-257,3.0546188647688183e-218,2.859911093912793e-121
2.2266089726742986e-27,2.7852785790111214e-7,3.9971057965916376e-5,2.8756255867191156e-7,0.004251404625095847,0.024309640946612192,0.033846223742282765,0.11709895182016278,0.24169748926356235,0.12567031283031976,0.1111599190158879,0.08506388875193276,0.06878574655549317,0.04264758281089566,0.038562714547118876,0.02993647873909207,0.03509287326174794,0.014742405098275473,0.008575571298257005,0.006183924752523583,0.006829102387731017,0.0015653897604987685,0.0023639055864765252,0.001575937057651017,1.1490460080588609e-30
0.033726424234277,0.2673535553207857,4.204542128392831e-6,9.263034010395874e-18,0.01952793905935811,0.12897257724896924,0.4156410662669657,0.13477423332472135,2.7943547956109615e-12,1.6576297056093656e-22,2.9840758912364308e-33,1.1224633412233033e-33,5.046548742553451e-38,3.202902102344656e-45,8.19965477707551e-99,6.635634153448918e-118,1.0884524417688367e-111,1.0089126124564451e-123,2.3761294561308074e-146,1.862317425708603e-166,2.7002056097681264e-63,4.395992687532983e-176,9.194475868690631e-265,4.198888964135459e-248,1.1127197348750212e-119
0.00023334925104775807,0.9342863585901947,0.05624709767422203,0.008087750854317507,0.0003015814276717455,4.2748058097643283e-8,0.000133386889489184,0.0007103367361016007,9.58111063593624e-8,1.0749762594732412e-11,6.433457731694008e-28,7.041220719987321e-12,1.1475188127195526e-30,2.065121578053662e-27,8.918400819440031e-62,4.077942752397885e-126,5.014733259635064e-131,2.54890244389142e-117,8.747569985148575e-158,5.269015880877646e-150,3.611513291476458e-102,6.586431196645367e-143,1.0315332814511448e-268,1.8481194389140403e-246,8.14084971649504e-147
0.1603713466139956,0.8365374822981836,0.0030908334927316873,2.982345050198672e-15,1.7086718571674442e-19,1.2951069974877545e-7,7.145366325133106e-17,1.5872491917939287e-25,2.1787596130494346e-9,9.891209554151092e-28,2.0590562653121574e-7,5.017602535921082e-83,1.6772468924504983e-105,4.615105773841011e-57,5.294366091547908e-141,4.1649942572621694e-129,2.9028970000539338e-155,1.7283823631360082e-119,8.110587971495223e-141,1.5508147937887862e-154,2.1264631768159404e-106,7.475077951570161e-159,1.503e-317,5.080910178951402e-303,1.1878459273479634e-153
0.8763031871943209,0.12307458333365451,0.00036852146399795867,6.866739355446605e-5,1.315844149918406e-5,1.1604504933814992e-20,0.00016952466231224723,2.35748677129948e-6,2.388961905904952e-11,7.755632151628141e-29,5.698300765280364e-37,1.2583310673961144e-68,1.580280075836997e-54,3.951429261474956e-46,3.4140352447536465e-73,3.074285525864359e-100,6.4715070255831256e-102,9.60099530755838e-126,5.847636048837993e-115,5.454147744923842e-125,3.4071030580706093e-38,2.807313928307381e-132,3.876596505484098e-197,2.809617934929193e-157,8.68067783806628e-118
2.5307816624470777e-18,0.037697271459522876,0.8379902352454636,0.04898583855896619,0.015895346413608548,0.010343699344380406,0.0050105251707807585,0.028948529630042574,0.011941345099037194,8.718578854120199e-23,1.517091754804579e-32,1.6117446101827096e-38,7.221241538997529e-17,0.0031872090781978222,2.5123744629728166e-19,1.593644523110199e-95,6.326559687428759e-92,2.4050051858393592e-79,3.0969440556576095e-133,1.6383485162011015e-41,6.636165366318941e-101,1.0971022738675698e-149,1.2441127741273313e-188,1.8517774062659905e-223,2.105710612870373e-179
4.972769786503356e-9,0.0033543699569590028,0.05287765360621355,0.08789534971554125,0.08297748586414448,0.1620635578194256,0.16724062086247488,0.1826575936956519,0.13555533562371344,0.07171959728364442,0.030589281824994725,0.009472500207701485,0.013589145474562636,7.5030922027485515e-6,1.6476116025443172e-27,2.606155079090914e-17,1.9921054209150595e-54,2.366748670615351e-58,9.760182387774259e-58,5.522772412445553e-95,2.046087693546811e-53,2.303476512981213e-68,9.792883957359094e-139,1.3271342583388234e-153,5.630076137893673e-97
7.404284613818881e-7,0.07011993231520285,0.1320801017088389,0.3439338607267862,0.308660879258648,0.1118162924958755,0.019949177495302964,0.0007623349134629845,7.095770369329907e-13,7.550119305735243e-7,1.4587093598151662e-5,0.009053149982833917,0.00011819361312920969,0.0034899949552200434,5.507348963643137e-37,2.5493921101089117e-54,1.4277037960379303e-34,9.483918873524256e-56,6.641886847940589e-141,8.338033363913013e-151,2.9204497186173147e-61,1.5512925012562185e-103,1.020475974488002e-182,4.266854036563682e-200,2.9378070998053967e-119
0.989278259309341,0.010316124021050182,1.1052968917777217e-9,1.2269800380455836e-17,8.265180573127545e-34,4.115913547597536e-17,7.7847229916452e-23,5.999739304404599e-22,0.0004056155225241759,2.803272425240343e-50,4.17876628812333e-11,2.370305716764748e-130,7.153626001759409e-131,3.750060529063057e-77,1.5571150091679303e-191,2.192961514164215e-182,1.7176626374450474e-248,3.957435829440938e-217,7.600440794536986e-220,8.064604605272759e-260,1.52256687303855e-205,6.564354936402041e-266,0.0,0.0,7.441586062250378e-282
0.9336202836695837,0.04928821349670978,1.4835030862048492e-6,9.120038908922067e-11,1.0854164519206144e-7,3.1542011400453243e-20,0.01708986658739903,5.025297401708682e-9,3.908507807270931e-8,6.396406843573844e-17,2.304582374008661e-19,8.071394198010888e-75,6.4822513745723885e-49,1.3731470795860812e-48,1.425732735694949e-31,6.631136093075022e-114,3.565642786130375e-126,2.1414863821189437e-181,1.0388942744872583e-195,7.599991926529667e-198,2.7115450300636965e-114,2.3243259755682357e-172,5.694120614569064e-258,8.066663436378303e-243,2.83339775521626e-194
0.9891846383049554,0.005522574072972232,0.00016229072428692917,6.959137204333643e-16,7.473610888057288e-21,1.1067521245517642e-14,1.2990548296929779e-12,2.2237830749698637e-6,2.67775352181435e-7,6.623723251806715e-20,0.005128005338047457,6.821204347767852e-77,6.855279239707742e-56,3.412840226198469e-17,2.967631690410201e-120,9.023764919699897e-109,4.880786410316407e-179,4.6787532807626964e-192,2.2707133121164803e-201,3.839236563299918e-240,2.0057463341718074e-158,3.6230745872524686e-232,7.466250197034376e-304,0.0,1.3412306263011332e-247
3.16892561145747e-8,0.024370771197648494,0.01668128898440969,0.16529340885787872,0.17202621803232052,0.10030619870774833,0.06190119012074736,0.07622224752568216,0.0750569023719832,0.052349416836531576,0.04750943632325823,0.037776528386710445,0.03490617012637845,0.030223513994395032,0.03438614432153847,0.028366342393163022,0.02118990424252853,0.0046385133705728115,0.006311662154871444,0.0043579476521093145,2.4038529869765068e-5,0.002052111778558961,3.1915115609079455e-44,1.83838364429706e-36,0.004050012401839346
0.05965082507692516,0.9388664296285003,2.2484758034747223e-5,4.87286043222643e-15,3.424602663232835e-14,0.0014602605363144452,1.7440288352609584e-13,2.0663517462060077e-24,1.1797233887091688e-14,8.403099244185232e-29,4.129480176923194e-17,5.290680641991837e-77,1.6048779680719784e-109,4.706310809324398e-40,1.4926183272868472e-138,1.12495794110824e-146,7.06724633171437e-170,2.121553855668455e-142,3.006130835435751e-159,1.8847433284496493e-166,5.6277456479351e-135,4.372182704435923e-175,0.0,4.1584e-319,2.7209255130124863e-171
0.7721575006804451,0.22784084797688128,1.6512016094528551e-6,3.2192085462328185e-21,4.690819752911137e-22,1.2695024723517177e-10,7.804540241473533e-18,2.882902480515907e-31,1.4040598125519395e-11,7.055801179923498e-38,7.303464209754836e-14,2.1136937042215833e-89,7.102699638540409e-113,5.498334956526814e-38,1.85725824563622e-123,5.997500741405058e-156,1.3863269393860136e-217,2.570087835925661e-204,5.713400151996668e-213,2.4754077978118225e-277,1.9354774361982402e-187,1.9149536207199316e-265,1.3846357338051066e-290,0.0,2.781699839609596e-281
0.0018373875935738743,0.9913413730743589,0.000782720965717463,1.452226483121361e-22,3.749344883305149e-6,3.6495878924874487e-6,3.9314752309695495e-7,0.0010065096254099942,2.7645989753512254e-14,0.005024215909640536,5.697052312034214e-15,1.546606605547888e-39,2.5290541703909576e-50,7.509670922705554e-10,1.3783940521319658e-126,3.8246504466133173e-141,5.441022318511554e-195,3.030411895438171e-190,3.2686439910055657e-162,5.16235722143399e-236,1.0334839529175476e-146,7.26905799858696e-200,0.0,0.0,1.6922457416279198e-178
0.9627464724298082,0.03725346191845287,6.564556667770936e-8,1.5683124409563837e-22,7.089698218916727e-28,1.79605920094835e-13,3.7290037790708404e-19,8.742819279551728e-36,5.9926840570987624e-12,9.011388193848817e-51,9.482971434379352e-17,3.7077588363642103e-94,3.5637920174671156e-131,1.9979618441652647e-44,1.7276857532142795e-133,4.581563410492258e-190,3.0311388064806864e-234,5.270990092058769e-221,2.984186760116266e-228,8.084448879564615e-298,3.416095221896747e-219,7.42822286814e-312,0.0,0.0,1.9707667137e-314
0.0035160190153139684,0.9906121218192712,0.0012541186943303415,1.9238615844481263e-7,0.00046158661286050263,1.791575007830567e-14,7.438361983360467e-14,2.2355194686177296e-17,0.0002811120615920458,0.0012356605906365618,0.002639188819744804,1.1985851269568805e-47,9.3067417262446e-95,9.823512356839099e-52,4.929711919408981e-172,5.217677808099261e-155,9.22808641672058e-179,1.9868591356052604e-168,5.170501817810852e-125,3.849915216201771e-199,1.2465162696575618e-167,5.9143962274943896e-189,0.0,0.0,1.8532720190639165e-196
0.12748016863382558,0.322426764008897,0.11201377484662337,3.003280966499008e-12,4.229890274978004e-12,0.3628266829322907,0.00011404063054050283,6.363755989596995e-12,0.07513856890482143,2.9403266189892856e-11,1.259177638944233e-15,1.3980542663865507e-39,1.5002951179216122e-62,2.6932290626261834e-28,1.0713146118741346e-87,3.3370826239144442e-108,3.442439868943246e-113,2.241416042838098e-90,3.1782066390897e-105,4.434176637083968e-137,1.4316067057471932e-79,1.1624621838419867e-123,1.4165239518453409e-204,1.0942286871037938e-165,8.200772805319232e-123
0.9982633820968823,0.0017366179014748008,1.6341367022479977e-12,3.736434504369796e-24,2.8448022142965353e-38,9.020112203352707e-15,9.795905638540954e-26,4.057415184931638e-61,4.177944620747295e-24,1.1288874654589898e-92,3.6875186545607305e-31,9.058915926501797e-136,2.273658503781741e-192,1.2834928104294615e-77,8.529400228511827e-174,7.67147284104668e-264,6.740086892876195e-293,1.0900947081379262e-298,5.053264269058248e-306,0.0,3.076210396034692e-297,0.0,0.0,0.0,0.0
0.003547326613396663,0.8601963284328918,0.12685982760256886,0.0006470470564964946,2.068689366251386e-6,2.470104349219809e-8,2.393414452654149e-5,0.00038727973500257896,0.0024260845162856312,0.0037932462082054187,1.7599691002685937e-5,2.0333285105724556e-42,3.1413446786818726e-33,9.126397745216107e-16,0.0020992326092125636,2.662324854044679e-67,9.93350239072205e-93,9.132517853562014e-103,9.047009501197722e-95,5.919943976162002e-102,1.9590502638594774e-82,8.06287331696777e-72,1.187518785178915e-143,1.4691053409278809e-126,1.3303842910986538e-98
0.0028163589559846943,0.05797197709763982,0.14813886287506417,0.17975240200424503,0.16054942729248797,0.1815949726633271,0.15524818182069233,0.06477243349115405,0.033023768505748397,0.0070427502217581305,0.006606638679247264,0.002482220608554773,8.868707817954985e-18,5.7840957708418576e-9,4.471732872394454e-16,1.0064837848467075e-45,1.2876820342958878e-70,1.3351727442364738e-107,1.0008749975986369e-56,1.4844853011196805e-68,8.445331006677683e-95,1.8346750938194084e-84,1.5550237034314172e-147,2.025662776612219e-138,3.048261705490184e-182
0.05537289991088608,0.8242324546325561,0.0973785472066349,2.6158018524983257e-20,1.458650644799124e-12,8.805274903150306e-7,6.024274007854446e-6,0.013588376462391057,4.8585979435514106e-12,1.7667099963288733e-6,0.002941709033853599,1.2784453475609528e-43,2.448252171400221e-24,0.0064773412358662555,5.30325420616711e-52,5.997208194428493e-76,2.87103300058526e-91,3.1114845220231835e-107,1.3487499132151431e-120,3.2829197035802543e-159,3.2342516076237355e-51,5.706953600152669e-132,1.0260636731873955e-203,3.00822305091949e-221,3.335827132927773e-107
0.8465480425673118,0.14597154946035426,0.003096924444003598,6.163890053167281e-15,3.0433337849895847e-16,9.569629382591154e-8,4.92629558549357e-15,1.5757626255590825e-17,1.605590149968549e-16,2.606258343632764e-13,1.6390319028465543e-13,4.240239739385347e-87,6.971415334872986e-67,0.004383387831600397,8.968240271523565e-113,1.8636050297132896e-96,2.4686407536542197e-196,2.244505980775424e-221,2.8812184999438924e-233,4.350660301970477e-246,2.7059787214522306e-168,8.937783471351733e-289,1.0417547656204042e-302,2.44414e-319,4.571265038854843e-277
0.008978142469474534,0.9743201700653741,0.010549923134426688,0.0007986002287951763,8.966972696628946e-7,3.452724362748987e-13,0.0035992859087130057,0.0009580193497594983,0.00035204874944882894,0.0004429108711982804,7.95830144335511e-31,2.5251951540819395e-9,1.8358248007030463e-39,3.7366588207433895e-38,4.140289061765799e-90,1.0273237414359401e-131,1.237832911115563e-152,1.7382267507080904e-152,1.4483146826054212e-184,1.479239866481977e-204,3.7894593458791375e-118,4.3224239701390143e-138,4.7621777979e-312,7.349476353099886e-296,1.5508571286693494e-150
0.9966811272163022,0.002162389948239943,1.1536389815343332e-5,4.2265579422289594e-17,6.801661163227936e-22,3.0001387043062933e-14,1.3411719626313435e-13,6.71995347096729e-7,0.0011230840913692226,5.157905160546625e-29,2.119035876219536e-5,7.487375245636666e-84,8.250762235035131e-69,3.9881649986612e-23,2.7966625185588925e-128,6.738666147102431e-134,4.241072343894508e-186,6.90459056470122e-200,1.996024066344361e-202,1.1169994272894938e-265,6.993296781778837e-162,1.8821522530366904e-252,7.31337e-317,0.0,2.5471908882813733e-261
0.009968156283058888,0.31878067150572476,0.5349752177327062,0.009737485987291374,0.0670346422756537,0.0008865927893473218,0.05402200893492457,0.00038827970379447523,2.6013132832888365e-5,4.917353749093048e-11,6.097883729465343e-12,2.141931400895244e-6,1.1232022718625477e-8,8.853602480096261e-8,2.364953796755953e-19,3.724601163392278e-21,2.2723909295217072e-31,3.364434809253799e-24,2.1680906452258514e-34,6.807354409598264e-46,0.004178689899946083,5.620028063859797e-39,6.712228288594306e-142,3.738514201561538e-126,2.968196005324466e-29
1.0,0.0,0.0,0.0,0.0,0.0,0.0,0.0,0.0,0.0,0.0,0.0,0.0,0.0,0.0,0.0,0.0,0.0,0.0,0.0,0.0,0.0,0.0,0.0,0.0,0.0,0.0,0.0,0.0,0.0
0.053726166,0.540287,0.819493,0.77837557,0.9432382,0.41853407,0.7394614,0.9846201,0.13911451,0.21918927,0.86063987,0.5795875,0.6586425,0.89141244,0.17944689,0.028980495,0.29982257,0.49945948,0.33900607,0.37806204,0.09568523,0.69636697,0.61973894,0.4589554,0.2589602
0.028980495:1,0.540287:14,0.4589554:12,0.21918927:6,0.5795875:15,0.09568523:3,0.89141244:23,0.41853407:11,0.86063987:22,0.2589602:7,0.9432382:24,0.819493:21,0.49945948:13,0.9846201:25,0.7394614:19,0.69636697:18,0.17944689:5,0.13911451:4,0.61973894:16,0.37806204:10,0.6586425:17,0.053726166:2,0.29982257:8,0.77837557:20,0.33900607:9
