10
0.472087130521102,0.08612225872059416,0.001248873291877651,6.204461494231093e-6,0.0030044681042329935,0.25118563679948214,8.051069877228484e-6,0.008078719690743884,0.17679023989268938,0.0014684174479062857
0.1438048062682427,0.7246884174728072,0.0021035776433643676,0.013637560382868915,0.015302440314589836,0.03421641133486547,0.023621694127823792,0.010976161402342683,0.028126937218578087,0.0035219938345169587
0.0035355703999801202,0.007958236000369457,0.5658887705164726,0.1944329620768022,0.011851118062966933,0.0023540873509403115,0.0008299973354180525,0.08599098325093527,0.017155009825996173,0.11000326518011888
0.0005137005736553585,0.022258759449609995,2.629451903908282e-6,0.10146471557557948,0.0048347886752055196,0.09251163433776892,0.33456682620170214,5.119360476518561e-5,0.4013573562120903,0.04243839591771924
0.00040721185857498583,0.04775505813082847,0.046893668543332295,0.018028513905320155,0.01173286635177051,1.5247095304003657e-5,0.16010210063111086,0.25363069716981074,0.01699896961510946,0.4444356666988385
0.14972768444789855,0.05574437180537024,3.409126473812508e-12,6.203518833680177e-11,0.24796971161477918,0.31937063008346694,0.0007808647551193628,0.0016581922545853892,0.18405342082194381,0.04069512415139235
0.01884132116081371,0.008767389447128095,0.032874237783459895,0.02224068535635342,0.15944203612913949,0.07291255747427725,0.2909145753610866,0.06707489461428968,0.2223204647724266,0.10461183790102531
0.0008724726057374215,0.004981548314622547,0.1393932603776206,0.41052837862435915,5.9536014638210295e-5,1.4829091610396569e-5,0.003890922950647716,0.41014498713188025,0.005585538723885033,0.024528526164998798
0.03909870789969903,0.01747811288981446,5.306158707183916e-9,1.2634719047845544e-5,0.23316050195899884,0.20168214640973375,0.10727570737495573,0.0008474139388749978,0.3644680658047869,0.035976703697929706
1.870857223193902e-5,0.02472706481950431,0.12031799262887609,0.21725387289873327,0.002138134621443343,0.0015325330824523978,0.0852747331271659,0.24774644349661148,0.001966599575768338,0.299023917177213
10,10
7.921171191112456e-65,4.528218640988824e-30,1.5001919528351944e-17,8.127453148625255e-15,3.2619089986004856e-13,1.8502962053868183e-5,0.0032191658600930185,0.03025062721038939,0.7410646993475715,0.22544700461955802
0.002627862453105794,0.0032021801359074205,0.004451512490382995,0.007250396259972133,0.008668265142365364,0.007800199048063042,0.01994664870585884,0.022397862642397022,0.03385951694403484,0.8897955561779126
0.9230962245977145,0.06989259095767962,0.007010976539664171,2.075452658274928e-7,1.2010651117485916e-16,3.391250487802996e-24,3.734873733864507e-17,4.554255419366547e-47,2.3349465910790973e-100,3.596757113981227e-10
6.01199129267082e-12,0.1629979985944836,0.29591102609705283,0.24281645894187584,0.16464422967698336,0.11177726580986283,0.01923431759669904,1.2875016762293262e-6,5.782411017010765e-15,0.0026174157753484388
1.5193891792258383e-39,3.029208329957434e-13,6.81681031344849e-8,0.11998832901114782,0.2790120642631903,0.26724232200013603,0.24803180935432456,0.08200461847846269,3.6450134993530008e-6,0.003717143710833173
2.5584277705704357e-69,1.5475409582804272e-41,7.750723684887758e-17,1.6319405013113794e-10,8.651712734078375e-13,3.0746991409957133e-6,0.0059976416997073135,0.5105859263293555,0.47732183569214814,0.006091521415588908
5.5755224571738084e-30,4.5184096186994335e-15,0.004854263332097959,0.16094226010958615,0.44456243553025426,0.31357820782213136,0.07550125868056354,2.3819341098760075e-9,1.5097547567779207e-16,0.0005615721434280188
1.4915924333705168e-6,0.680842832609257,0.12762691626739833,0.18480518448638966,0.0034007139707377424,4.7604088683721007e-7,0.00036869551021689455,4.395536489493323e-37,1.263898906281344e-58,0.0029536895226801906
2.931091484346903e-47,1.1026381587150979e-32,3.414954633074404e-12,3.0952027466292053e-6,0.0002293501412686775,0.2507748743703899,0.4607833996202986,0.28511056885664154,0.001061803779583779,0.0020369080256559765
2.6539078516133864e-15,0.05037651621417833,0.5088484994416133,0.2761695680401781,0.1504186792130421,0.006259091403985925,0.007458863508998314,2.83939874750469e-19,1.3324696997167533e-35,0.0004687821780013411
1.0,0.0,0.0,0.0,0.0,0.0,0.0,0.0,0.0,0.0
0.05368744,0.013395608,0.019567426,0.045091588,0.032155074,0.13724062,0.024003148,0.039657034,0.035394073,0.028270083
0.039657034:7,0.028270083:4,0.013395608:1,0.019567426:2,0.032155074:5,0.035394073:6,0.05368744:9,0.13724062:10,0.024003148:3,0.045091588:8
