10
0.8630020791925294,0.02156183774895336,0.0037310432548030405,5.708017502327598e-5,0.0016018283354034915,0.10666770261123104,5.886622451726805e-14,0.002741810599614863,0.0006365785021564237,3.958022650523736e-8
0.04606397677232748,0.5602894866141,0.026211260155701147,0.15990570548259703,0.1187928560696562,0.014178448284834397,2.72548253891736e-5,0.005332589137432886,0.06564810722195072,0.0035503154360109483
0.00035920554765752293,0.07466754513995846,0.7358107928083816,0.1322100022668169,0.027404422674211337,0.00022884175303447272,0.0006793118478061662,0.00013835258927819317,0.007247617418844428,0.021253907954010862
0.0007392796036627003,0.13130559112754742,0.15961531468766574,0.42242271677279747,0.1670210925444559,0.00010213322464575833,0.011803982723286904,2.344025955646132e-5,0.053874650393812035,0.05309179866256958
0.006490500144968045,0.2797879123404008,0.014065502299894261,0.16853446544491935,0.2260777070654141,0.01448646429933627,0.03794498933589326,0.15976623824016808,0.05826498342083211,0.03458123740817376
0.06397949688308086,0.013257169169158934,0.021122388340040793,0.0063275299790272336,0.007097609246682639,0.8866336431951906,8.89324398761511e-8,0.0006777128747651316,2.1881883987814927e-5,0.000882479495626028
9.056460827295388e-6,0.03076876556358509,5.0770476898659564e-9,0.027136710158727668,0.004465151693563661,6.94460109798466e-5,0.47848311486958883,0.0789971975077681,0.06104614349115009,0.31902440916676167
0.003930340389316935,0.009196552364461161,0.0007926293107711701,0.01672841606665796,0.07794051272158936,5.543340956768293e-7,0.03490892891666571,0.7063689498447118,0.14671156483686112,0.003421551214869076
0.03860450712957572,0.022606916081055712,0.003010149086766311,0.026953888020769437,0.15933415483149027,0.005732387316059809,0.006144172051260433,0.022531264516526286,0.7099181099243831,0.005164451042112975
3.9749265076511297e-10,0.005584972473260128,0.03759114626691618,0.11464331669012993,0.12845613153408694,1.8419485733922856e-9,0.12399152494354129,0.10408172045802154,0.05420353560386035,0.43144764979074257
10,43
1.4634739157864697e-206,9.527825568738052e-10,0.9986129847952108,0.0008511595338020959,0.0005355777281836654,2.3188909368932764e-27,1.2983123199719226e-61,4.1679795623848814e-29,8.738545043525098e-11,5.0397234756724906e-55,2.6442539267898867e-20,1.716999525981558e-169,2.0381059125659998e-11,3.155560143274454e-120,5.206196711076054e-129,8.72703370573914e-165,4.647568839576241e-39,2.312803300816746e-254,7.472808769956585e-124,2.7688225457642074e-7,6.049222593131211e-127,7.276646361547804e-228,2.8948154091316635e-241,0.0,1.7166262832536552e-238,0.0,0.0,0.0,0.0,0.0,0.0,0.0,0.0,0.0,0.0,0.0,0.0,0.0,0.0,0.0,0.0,0.0,0.0
1.5930931364810244e-280,1.3624042240359052e-5,0.9758941702163454,0.021769027223504073,8.594862807404474e-5,4.672775002655227e-5,4.349858191157003e-7,0.000758530531641169,0.0012921532883150475,5.6934828741506896e-9,5.574297246193052e-10,3.961767751693004e-53,1.373278690725868e-30,1.1989608175280577e-44,4.898712092054532e-22,3.977506609857879e-62,0.0001392888604916263,3.9046252904394556e-134,1.3089064877298302e-37,8.822262994692371e-8,5.199647088056021e-44,1.30042730616043e-119,1.619587113261532e-120,6.036745191089053e-174,3.99088029833946e-100,1.2024516871354302e-223,0.0,2.7822803378525432e-241,9.4551015361542e-204,0.0,3.32811199453697e-309,0.0,0.0,0.0,0.0,0.0,0.0,0.0,0.0,0.0,0.0,0.0,0.0
1.2551553879750005e-91,0.7805201959572531,0.2097317488080881,0.00781547312287787,0.0013300230321062355,2.575803565182218e-5,8.742119529626015e-10,0.0005625104639735561,9.121611215817259e-24,3.325233657179008e-51,3.0963406985144793e-28,5.1641815407763875e-110,1.4287626680843844e-5,7.466908341635035e-110,2.0791566159967204e-9,4.398316708639308e-106,1.6626495203076907e-72,2.887228333558857e-117,1.433742612218507e-133,4.939516265730048e-75,6.263441248111552e-167,7.508299219956394e-214,2.0876517525600026e-182,1.172300908578865e-203,4.0333201859344375e-207,3.6905931010855664e-275,0.0,0.0,1.3303543164504922e-229,0.0,0.0,0.0,0.0,0.0,0.0,0.0,0.0,0.0,0.0,0.0,0.0,0.0,0.0
1.1699084693326052e-247,0.0007942945140732228,0.9095452090378372,0.06029713203048004,0.018707172703368875,0.00700926617829054,0.0017485328489864544,0.00010143541723043794,0.0011722920861500434,1.9308393030911642e-14,0.0006241955646599562,3.1150018997883712e-27,3.810656158987958e-32,1.2692929608737706e-36,3.2507948796076423e-16,8.78087293533635e-32,2.1124330891441375e-17,1.1077740611169846e-68,1.087795707446053e-30,4.696189034037342e-7,5.579663158436143e-46,5.70117553804274e-88,9.67826158056512e-74,1.0993739674083743e-83,1.3205993028562136e-50,3.5124602082044143e-88,1.0543649870812943e-192,1.7528729455352724e-143,1.1055895368823308e-101,0.0,1.3786225979003798e-182,7.048530211437712e-196,4.0204353386020584e-221,4.776832080508809e-238,2.261621682071481e-193,0.0,0.0,3.763043403539654e-203,2.572085164616057e-208,0.0,0.0,0.0,0.0
0.0,4.131633817850763e-9,0.14462087233509155,0.6948322028623242,0.12456595952179349,0.024218191182531486,0.006233649358730999,0.005341179751504076,2.984054569598045e-7,5.7660721359472725e-5,3.232485597125155e-8,8.710192294159874e-29,3.842589022140695e-49,2.1311276582399266e-20,1.0691088552919637e-22,2.40593632281972e-34,4.415090767860234e-26,1.380897868296161e-72,2.6496274799844436e-11,3.5233690785945734e-25,0.00012994937763947446,6.058293860105524e-41,6.078240111923984e-56,3.73923359712074e-109,5.82195720453914e-13,2.8370504027916042e-89,7.342966033547301e-195,8.746638966716562e-176,3.156450689384026e-111,0.0,1.751331358368854e-190,4.185631010100114e-215,2.640915227993111e-295,2.5940635812026826e-283,2.5328229402310248e-191,0.0,0.0,3.9313709066257253e-243,9.590968557382431e-197,0.0,0.0,0.0,0.0
0.00015024648992082243,0.9989923322382029,0.00041501130377686343,7.154581289213661e-30,3.123265984276863e-28,1.0079594030048064e-14,1.2414579456060224e-133,6.262381299076177e-82,0.000321342307112192,5.387158911467611e-188,9.944886476540343e-91,5.158178318752506e-244,0.00012106766097664174,2.3698852331583615e-222,1.59977929919311e-189,9.732902677476292e-237,1.0987636029072151e-177,1.9496096685569212e-263,4.0263419308591074e-255,6.14850233108052e-178,2.6600255744546874e-266,0.0,0.0,0.0,0.0,0.0,0.0,0.0,0.0,0.0,0.0,0.0,0.0,0.0,0.0,0.0,0.0,0.0,0.0,0.0,0.0,0.0,0.0
0.0,0.0029376041841085313,0.005530618569736391,8.733877250254735e-7,1.8391842090934943e-7,0.0052655691420818666,0.062023125246982384,0.06656993120295863,0.058034965300342536,0.047355629511664284,0.059552374505731566,0.056520466071733,0.05317314773343242,0.06721938077318061,0.08336689178115854,0.03672505067447383,0.060188544959142,0.043466872314689674,0.06573907653806176,0.021674110408939833,0.0624613842301116,0.03908199159801764,0.031824806055168964,0.017821890419157046,0.010183937720809236,0.005091806484751865,0.0050919689689893485,0.00891094569573136,0.01018393793797831,0.0,0.001272992242247337,0.003818976726742011,0.0012729922422473371,0.0012729922422473371,0.0025459844844946742,0.0,0.0,0.0012729922422473371,0.0025459844844946742,0.0,0.0,0.0,0.0
0.0,0.0002695403952994617,7.071319545936211e-8,0.054879213567521824,0.5845814731901273,0.24858819182771189,0.07392416450407417,0.023224762196275568,0.0065590195799974235,0.0031678242377515334,0.002150098874157634,0.0020610690559437527,3.557569354835311e-37,1.1644544815719922e-20,1.131722523859993e-28,1.1012043289442808e-35,6.502359349117111e-39,1.0137821586932047e-26,4.147698323922027e-12,1.1609926175358396e-38,0.0005945717894981556,4.691132776718559e-30,3.7709217753427417e-28,2.9032740787031245e-112,6.429822742638293e-11,2.6016151311408454e-36,1.524614745845057e-105,4.439379571441981e-94,2.463193315967242e-80,0.0,1.4792384662134285e-141,6.794726666728056e-168,5.826799971842162e-223,1.079984325216599e-180,7.46057241987249e-125,0.0,0.0,5.634502922586044e-207,2.1040131133400555e-91,0.0,0.0,0.0,0.0
0.0,7.233519401468017e-27,0.011699633293692937,0.889402514391498,0.09596011228242188,0.0003990227319536857,2.7245718066350413e-12,0.0015642943084602607,0.0005555666147740356,2.122902025975561e-18,6.677855545998678e-36,8.829322245108311e-5,1.5028491674943146e-66,1.7480186634284494e-34,0.0002552267979437202,8.001589779375443e-33,2.3851104930273354e-40,1.1009293440488713e-90,1.2124205710186957e-29,3.149804399655587e-67,7.938348480145735e-28,7.533635407988511e-5,2.179278582313268e-98,1.807821081363184e-107,1.7847576531314948e-52,3.628647885434431e-125,6.960582794111633e-221,2.982642073392668e-189,4.8742186647297374e-139,0.0,2.1166267278937354e-228,1.2278611356996178e-252,5.561838225877384e-288,6.153823683561976e-281,9.263906528745802e-218,0.0,0.0,2.7656327743964997e-266,2.526915996692567e-212,0.0,0.0,0.0,0.0
0.0,9.207345711469516e-6,0.0015183884395097305,0.01586584231837337,0.07176615949398202,0.1651045029013071,0.16375531588879647,0.10932535408841042,0.0933760239066845,0.08636732021719953,0.05082964143245345,0.033772754002449064,0.03598168290767348,0.04365307471093242,0.023913582057843,0.04274414765702484,0.009677939019328478,0.015527339885233927,0.017705006217801807,0.019106600223580853,4.184863034270865e-9,1.4332865818615451e-9,6.930434172025282e-13,6.642396853545321e-10,5.220238015065292e-22,1.1100262161955177e-7,3.0957900049969896e-28,8.60440209207883e-25,2.649228011825182e-16,0.0,9.184595242124653e-28,2.5358178490205273e-27,3.7559616744575716e-28,4.8198989736269535e-29,2.0586392547209918e-26,0.0,0.0,9.591095509689106e-33,2.656656198808578e-33,0.0,0.0,0.0,0.0
1.0,0.0,0.0,0.0,0.0,0.0,0.0,0.0,0.0,0.0
0.3893597,0.06842587,0.59039706,0.767718,0.75178236,0.1492991,0.7079893,0.48949933,0.6478856,0.049303092,0.44864178,0.8226521,0.5092561,0.23011315,0.27011988,0.7399639,0.9987983,0.21021818,0.5693835,0.10860285,0.088160165,0.033791304,0.53193444,0.6108461,0.47116625,0.0136090685,0.37003356,0.81489784,0.9291746,0.35044515,0.16922753,0.18977782,0.6891404,0.40932554,0.6283745,0.5500726,0.30960342,0.24989533,0.12922941,0.28962857,0.42910144,0.32936803,0.6706416
0.27011988:14,0.16922753:9,0.049303092:3,0.6706416:34,0.6108461:31,0.7399639:37,0.0136090685:1,0.18977782:10,0.06842587:4,0.6478856:33,0.9987983:43,0.10860285:6,0.48949933:25,0.53193444:27,0.32936803:17,0.21021818:11,0.44864178:23,0.8226521:41,0.5693835:29,0.9291746:42,0.47116625:24,0.37003356:19,0.6891404:35,0.40932554:21,0.42910144:22,0.5092561:26,0.3893597:20,0.30960342:16,0.24989533:13,0.1492991:8,0.35044515:18,0.6283745:32,0.81489784:40,0.088160165:5,0.767718:39,0.23011315:12,0.75178236:38,0.033791304:2,0.7079893:36,0.28962857:15,0.59039706:30,0.12922941:7,0.5500726:28
