40
0.7338963358965194,0.0,0.0,0.0,0.0,0.0,0.0,0.0,0.004461900258898982,0.0,0.0,0.0,0.0,1.4149460073237528e-5,0.0,0.0,0.0,0.0,0.0,7.480724451079863e-16,0.15847110375813955,0.031318248221483144,2.0730954740197244e-63,6.042618662848541e-19,0.0,0.0,0.0,0.0,0.0015785319802166307,0.0,0.0,0.0,4.093891837859211e-6,0.0,0.0,0.0,0.06899038320518386,0.0,0.0,0.0012652533276466592
0.0,0.7061203571281063,0.0,0.030973496035920485,0.0,0.0,0.0,0.0,0.0,0.0,9.358554073568759e-227,0.017201725783009072,0.0033103447983553295,0.0,0.0,0.0,0.0,0.0,0.005767568902858792,0.0,0.0,0.0,0.0,0.0,0.17374114517800457,0.0,6.335615938057525e-26,0.0,0.0,0.0615132954095906,0.0,0.0,0.0,0.0,0.0,0.0013720667641548303,0.0,0.0,0.0,0.0
0.0,0.0,0.7034199390002448,0.0,0.0,4.800206701263723e-81,0.0,0.0,0.0,6.353567443612133e-10,0.0,0.0,0.0,0.0,0.0,0.0,0.0,1.065765140756621e-79,0.0,0.0,0.0,0.0,0.0,0.0,0.0,2.252412478405533e-56,0.0,0.0,0.01402402906685763,0.0,7.200942661814639e-156,0.20638941434616243,0.0,0.0,0.007061403217998109,0.0,0.0,0.06910521373338024,1.1995874689027554e-153,0.0
0.0,0.028675084497587218,0.0,0.7680905672517617,0.0,0.0,0.0,0.0,0.0,0.0,7.3248729937474e-235,0.000687035999924572,0.062100373193591664,0.0,0.0,0.0,0.0,0.0,1.0134583114259166e-17,0.0,0.0,0.0,0.0,0.0,0.12219859824983179,0.0,0.002687172865854394,0.0,0.0,0.015165236424987886,0.0,0.0,0.0,0.0,0.0,0.00039593151646056553,0.0,0.0,0.0,0.0
0.0,6.486323937000795e-66,0.0,0.09329908703613268,0.7740481598131893,0.0,0.0,0.008013762789709805,0.0,0.0,0.005143986618707713,0.0,0.0,0.0,0.0,0.04959767343893099,0.009722334107807009,0.0,0.0,0.0,0.0,0.0,0.0,0.0,0.0008691070502386452,0.0,0.0,0.0,0.0,0.0,0.0,0.0,0.0,0.059305889145283654,0.0,0.0,0.0,0.0,0.0,0.0
1.6184538923756227e-10,0.0,0.0,0.0,0.0,0.7545106071871704,0.0,0.0,3.293947772409144e-224,0.0,0.0,0.0,0.0,0.0,0.0,0.0,0.0,1.784611014717005e-5,0.0,0.0,1.3199183043736275e-72,0.0008790980972201284,0.0,0.0,0.0,0.026195879892534777,0.0,0.0,0.047892686626826726,0.0,0.0017783695456530975,0.0,0.16087662658900198,0.0,0.0,0.0,1.2979241033452548e-28,0.0,0.0,0.007848885789600388
0.0,0.0,7.453758057619789e-144,0.0,0.0,0.0,0.8056813639438298,0.0,0.0,9.733820005003352e-43,0.0,0.0,0.0,0.0,0.1133178069266076,0.0,0.0,0.0,0.0,0.0,0.0,0.0,0.0,0.0,0.0,0.0,0.0,0.0030696563339622173,0.0,0.0,0.0,2.748726905688701e-54,0.0,0.0,0.04662126744883887,0.0,0.0,0.016974882330160045,0.014335023016601476,0.0
0.0,0.03714625578833824,0.0,7.152790289706227e-5,0.023430518980983087,0.0,0.0,0.6267968528173207,0.0,0.0,5.103551857047479e-16,0.0,0.0,0.0,0.0,0.05356836184431862,0.08150862686478237,0.0,0.0,0.0,0.0,0.0,0.0,0.0,0.011617955115385842,0.0,0.0,0.0,0.0,0.0,0.0,0.0,0.0,0.1658599006859736,0.0,0.0,0.0,0.0,0.0,0.0
1.5993128146875258e-91,0.0,0.0,0.0,0.0,0.0,0.0,0.0,0.7703936830680829,0.0,0.0,0.0,0.0,0.05257993721734586,0.0,0.0,0.0,0.0,0.0,0.008414082656448342,0.054130342216787156,8.274620400393589e-57,0.11448195484133575,7.743969256484301e-24,0.0,0.0,0.0,0.0,0.0,0.0,0.0,0.0,1.3992329209741936e-121,0.0,0.0,0.0,7.198765839103517e-50,0.0,0.0,1.1873696667001334e-34
0.0,0.0,0.004292254199350073,0.0,0.0,3.837977836964595e-12,0.0,0.0,0.0,0.7448947901248615,0.0,0.0,0.0,0.0,0.0,0.0,0.0,0.026125636383541904,0.0,0.0,0.0,0.0,0.0,0.0,0.0,0.022583876438123523,0.0,0.0,0.14978670885389794,0.0,2.064212055741465e-171,2.559371045749638e-9,0.0,0.0,0.0523167303536487,0.0,0.0,3.8598142530224583e-10,6.973858991894792e-10,0.0
0.0,0.2980143162949642,0.0,0.052520105684888664,8.074662828472441e-8,0.0,0.0,0.00028448086420960393,0.0,0.0,0.5116885140949378,0.0,0.0,0.0,0.0,0.13747708908858078,1.541322579062836e-5,0.0,0.0,0.0,0.0,0.0,0.0,0.0,3.4256683609565946e-21,0.0,0.0,0.0,0.0,0.0,0.0,0.0,0.0,2.568056874052025e-26,0.0,0.0,0.0,0.0,0.0,0.0
0.0,0.0,0.0,0.0,0.0,0.0,0.0017786406738014534,0.0,0.0,0.0,0.0,0.6841548813570767,0.012904409383767768,0.0,0.006188988973422696,0.0,0.0,0.0,0.05994990195262323,0.0,0.0,0.0,0.0,0.0,0.0,0.0,6.110741484537731e-5,0.15424907921780556,0.0,0.03858675831359736,0.0,0.0,0.0,0.0,0.0,0.04212623271305993,0.0,0.0,0.0,0.0
0.0,0.0,0.0,0.0,0.0,0.0,0.06550988160342885,0.0,0.0,0.0,0.0,0.0070847250569866845,0.7691159281855113,0.0,0.010595618710683609,0.0,0.0,0.0,0.014896558892452068,0.0,0.0,0.0,0.0,0.0,0.0,0.0,0.009573769702848473,0.0034363875984454225,0.0,0.022153991927594197,0.0,0.0,0.0,0.0,0.0,0.09763313832204934,0.0,0.0,0.0,0.0
0.0,0.0,0.0,0.0,0.0033795256734146214,0.0,0.0,0.014585486867061018,2.8494201707582635e-267,0.0,9.821045279784315e-170,0.0,0.0,0.6843275296046855,0.0,5.37918281663941e-58,0.0031404968461429786,0.0,0.0,0.11524481630615968,0.0,0.0006204032025473705,0.11443874208963993,7.982738592294415e-34,0.0,0.0,0.0,0.0,0.0,0.0,0.0,0.0,0.0,0.06426299941034905,0.0,0.0,0.0,0.0,0.0,0.0
0.0,0.0,0.000702415218121132,0.0,0.0,0.0,0.03056015889042102,0.0,0.0,6.590140875176694e-56,0.0,0.0,0.0,0.0,0.8091496856117005,0.0,0.0,0.0,0.0,0.0,0.0,0.0,0.0,0.0,0.0,0.0,0.0,0.05166130419679157,0.0,0.0,0.0,0.05079497341127394,0.0,0.0,0.00452735771836249,0.0,0.0,0.05260410495332243,6.814087042071036e-15,0.0
0.0,0.01672594296434189,0.0,0.05098568084553237,6.441494791490579e-9,0.0,0.0,1.873982210798578e-12,0.0,0.0,0.023514381063240903,0.0,0.0,0.0,0.0,0.7560532594160307,4.0761893977030945e-6,0.0,0.0,0.0,0.0,0.0,0.0,0.0,0.15271665307808743,0.0,0.0,0.0,0.0,0.0,0.0,0.0,0.0,7.249342833192467e-23,0.0,0.0,0.0,0.0,0.0,0.0
0.0,0.060991685330583224,0.0,1.1318711644174776e-26,0.025557206830926268,0.0,0.0,0.1599910314114784,0.0,0.0,0.05898191474923477,0.0,0.0,0.0,0.0,0.042829052623817726,0.5984744587114165,0.0,0.0,0.0,0.0,0.0,0.0,0.0,0.01829331961997733,0.0,0.0,0.0,0.0,0.0,0.0,0.0,0.0,0.03488133072256561,0.0,0.0,0.0,0.0,0.0,0.0
7.773316453556921e-33,0.0,0.0,0.0,0.0,0.050764347778141226,0.0,0.0,4.520550838692544e-231,0.0,0.0,0.0,0.0,0.0,0.0,0.0,0.0,0.7692234846894082,0.0,0.0,2.5266220525540687e-83,6.435752087430448e-32,0.0,0.0,0.0,0.11124654174493465,0.0,0.0,0.04451532917525005,0.0,0.024250296612265965,0.0,4.286135848666386e-27,0.0,0.0,0.0,9.910361573319138e-50,0.0,0.0,1.1980314833404382e-30
0.0,0.0,0.0,0.0,0.0,0.0,1.054257627143565e-43,0.0,0.0,0.0,0.0,0.13259191891567307,0.012183127794086354,0.0,0.06042205762261884,0.0,0.0,0.0,0.6338711172262833,0.0,0.0,0.0,0.0,0.0,0.0,0.0,1.3560873557839899e-5,0.050692949100872915,0.0,0.003453248557373059,0.0,0.0,0.0,0.0,0.0,0.10677201990953464,0.0,0.0,0.0,0.0
0.0,0.0,0.0,0.0,0.04032823849002151,0.0,0.0,0.00047879779035822097,0.0,0.0,9.7889784872054e-199,0.0,0.0,0.1542428323426653,0.0,3.484045874195375e-54,0.001696828411435068,0.0,0.0,0.7485284506435356,0.0,0.005698795662004282,0.03949337154239567,1.63205916032088e-31,0.0,0.0,0.0,0.0,0.0,0.0,0.0,0.0,0.0,0.009532685117584285,0.0,0.0,0.0,0.0,0.0,0.0
9.45021595351961e-17,0.0,0.0,0.0,0.0,0.0,0.0,0.0,0.020409979281166148,0.0,0.0,0.0,0.0,0.17430515583711095,0.0,0.0,0.0,0.0,0.0,0.033659038806489405,0.768005764442572,3.909197114873454e-65,0.0036200247995499066,3.2923802374979203e-8,0.0,0.0,0.0,0.0,0.0,0.0,0.0,0.0,4.328250620285533e-29,0.0,0.0,0.0,3.909308998716698e-9,0.0,0.0,7.605811064435546e-19
2.7260343742914642e-5,0.0,0.0,0.0,0.014306673276328072,0.0,0.0,0.0021269631140073,6.913290154948919e-155,0.0,0.0,0.0,0.0,0.0034897138399578556,0.0,7.00847283437204e-278,2.0202436833823897e-49,0.0,0.0,0.04707176901047921,6.149551368063643e-120,0.8609250864976826,0.003384426416692201,0.006390983097586881,0.0,0.0,0.0,0.0,0.0,0.0,0.0,0.0,0.02125754345150592,2.961065860324965e-53,0.0,0.0,0.04101958095201709,0.0,0.0,5.7405629212668105e-171
0.0,0.0,0.0,0.0,2.2468355385632298e-89,0.0,0.0,0.10264783345011705,7.648131577397017e-287,0.0,6.350623377626166e-147,0.0,0.0,0.11473489524106002,0.0,4.565549069380521e-54,0.015534846965520809,0.0,0.0,0.014277932023526087,0.0,1.8078948630911658e-73,0.7337020057054932,7.600721668557104e-35,0.0,0.0,0.0,0.0,0.0,0.0,0.0,0.0,0.0,0.019102486614282856,0.0,0.0,0.0,0.0,0.0,0.0
9.607653592724956e-57,0.0,0.0,0.0,9.168707436489097e-221,0.0,0.0,0.0,1.6072310111496876e-39,0.0,0.0,0.0,0.0,1.1310700507409098e-8,0.0,0.0,0.0,0.0,0.0,0.7342343719650481,4.1446732824872194e-48,1.787212836110638e-57,0.26576561672424565,5.7590403913704436e-15,0.0,0.0,0.0,0.0,0.0,0.0,0.0,0.0,1.0462736188269439e-66,0.0,0.0,0.0,2.901909572501681e-46,0.0,0.0,3.5076496044883495e-73
0.0,0.08485690838254085,0.0,0.10256587318287792,0.0,0.0,0.0,0.0,0.0,0.0,1.5159557608352294e-245,1.2840127885503e-23,0.007443495120625296,0.0,0.0,0.0,0.0,0.0,1.0182452210333319e-6,0.0,0.0,0.0,0.0,0.0,0.7305641711795117,0.0,8.901416792487372e-9,0.0,0.0,0.01521711464749759,0.0,0.0,0.0,0.0,0.0,0.059351410340308976,0.0,0.0,0.0,0.0
8.752463933242563e-14,0.0,0.0,0.0,0.0,0.37568691374570806,0.0,0.0,5.438878905832821e-156,0.0,0.0,0.0,0.0,0.0,0.0,0.0,0.0,0.10567895966771956,0.0,0.0,1.7598730455472212e-74,7.887873551637476e-37,0.0,0.0,0.0,0.30010731650706635,0.0,0.0,0.17002211704039064,0.0,3.1408074007754603e-25,0.0,0.043823624870651647,0.0,0.0,0.0,1.5616482349163628e-29,0.0,0.0,0.0046810681683763095
0.0,0.0,0.0,0.0,0.0,0.0,0.07663029120065563,0.0,0.0,0.0,0.0,1.5720148672689384e-31,0.06911129786526704,0.0,1.6845865275239769e-80,0.0,0.0,0.0,4.4156550262566547e-13,0.0,0.0,0.0,0.0,0.0,0.0,0.0,0.8347933798855333,1.3131617849077476e-28,0.0,7.231849670616999e-5,0.0,0.0,0.0,0.0,0.0,0.019392712551396078,0.0,0.0,0.0,0.0
0.0,0.0,0.031782215905892884,0.0,0.0,0.0,0.00230409874161206,0.0,0.0,1.700324936769764e-83,0.0,0.0,0.0,0.0,0.14011325885831866,0.0,0.0,0.0,0.0,0.0,0.0,0.0,0.0,0.0,0.0,0.0,0.0,0.8123152209471152,0.0,0.0,0.0,0.0128694375202949,0.0,0.0,1.488952594034196e-181,0.0,0.0,0.0006157680267663259,1.8429408455566262e-222,0.0
6.976888418188622e-13,0.0,0.0,0.0,0.0,0.00041361964932855105,0.0,0.0,0.0029524981985156523,0.0,0.0,0.0,0.0,0.0,0.0,0.0,0.0,2.8056230517256962e-5,0.0,0.0,2.6713791167297783e-75,8.246750309553617e-282,0.0,0.0,0.0,0.16004544564868128,0.0,0.0,0.751093453320601,0.0,1.5560268756544988e-204,0.0,0.008434261462425567,0.0,0.0,0.0,7.701930630450418e-24,0.0,0.0,0.07703266548923306
0.0,0.0,0.0,0.0,0.0,0.0,2.717723317905197e-29,0.0,0.0,0.0,0.0,0.000387878605238288,0.04986980283319955,0.0,4.0412803123319475e-6,0.0,0.0,0.0,0.1674547814525416,0.0,0.0,0.0,0.0,0.0,0.0,0.0,0.0005649950416942032,3.5502567743388733e-9,0.0,0.4966415141916597,0.0,0.0,0.0,0.0,0.0,0.2850769830450975,0.0,0.0,0.0,0.0
1.6386798397547894e-13,0.0,0.0,0.0,0.0,0.023763825817860094,0.0,0.0,0.0,0.0,0.0,0.0,0.0,0.0,0.0,0.0,0.0,0.035488757469598044,0.0,0.0,0.0,0.09865075580712038,0.0,0.0,0.0,1.1582012135636451e-14,0.0,0.0,1.0384710580454073e-135,0.0,0.8353256551958419,0.0,0.006770996900480738,0.0,0.0,0.0,8.808923685740796e-9,0.0,0.0,1.6198672880347276e-238
0.0,0.0,0.030276398978671928,0.0,0.0,9.889250442690937e-15,0.0,0.0,0.0,0.05842393318950629,0.0,0.0,0.0,0.0,0.0,0.0,0.0,0.0044768244244469775,0.0,0.0,0.0,0.0,0.0,0.0,0.0,0.0028616336654276302,0.0,0.0,0.02979957007820583,0.0,4.16946332536105e-40,0.7262090787380445,0.0,0.0,0.02628122803229576,0.0,0.0,0.12167133289339113,4.8693811601342766e-92,0.0
0.22899622060675362,0.0,0.0,0.0,0.0,0.0,0.0,0.0,9.157545228649315e-24,0.0,0.0,0.0,0.0,2.281063225311995e-46,0.0,0.0,0.0,0.0,0.0,1.2844733419228602e-57,9.085230384131344e-18,0.00463905729043848,4.402320506674552e-121,8.219200179542551e-40,0.0,0.0,0.0,0.0,0.0,0.0,0.0,0.0,0.6741304498373295,0.0,0.0,0.0,1.4124090165282992e-8,0.0,0.0,0.09223425814138807
0.0,6.080136900931543e-17,0.0,8.724937806624073e-20,0.13817012912994323,0.0,0.0,0.13754468316352444,0.0,0.0,1.7853566318498278e-21,0.0,0.0,0.0,0.0,0.010160155238889065,0.06721452227587967,0.0,0.0,0.0,0.0,0.0,0.0,0.0,5.252854184038584e-23,0.0,0.0,0.0,0.0,0.0,0.0,0.0,0.0,0.6469105101917636,0.0,0.0,0.0,0.0,0.0,0.0
0.0,0.0,1.535473565759047e-8,0.0,0.0,3.5489085536254357e-9,0.0,0.0,0.0,0.058644408961853876,0.0,0.0,0.0,0.0,0.0,0.0,0.0,0.13006667409517295,0.0,0.0,0.0,0.0,0.0,0.0,0.0,0.0017151641280974833,0.0,0.0,0.01218858819857562,0.0,0.0015627496924544978,0.001616341157000171,0.0,0.0,0.7725264721987964,0.0,0.0,0.002096841774423494,0.019582740889981375,0.0
0.0,0.0,0.0,0.0,0.0,0.0,0.004218565747472441,0.0,0.0,0.0,0.0,0.04187393889877275,0.08362747242246699,0.0,0.055727149100724176,0.0,0.0,0.0,0.1027942855295798,0.0,0.0,0.0,0.0,0.0,0.0,0.0,4.295505504624126e-7,0.00416140123206518,0.0,0.03067045155911708,0.0,0.0,0.0,0.0,0.0,0.6769263059592512,0.0,0.0,0.0,0.0
7.706711657690056e-5,0.0,0.0,0.0,0.0,0.0,0.0,0.0,0.010017514521116658,0.0,0.0,0.0,0.0,0.012875149168481552,0.0,0.0,0.0,0.0,0.0,0.1569570151580438,0.0048787396335595815,1.173494891860438e-5,6.8137914224106e-38,0.019367813855342426,0.0,0.0,0.0,0.0,0.0,0.0,0.0,0.0,1.1248008113262882e-14,0.0,0.0,0.0,0.7958149655968296,0.0,0.0,1.1195116262998094e-12
0.0,0.0,2.8077851724629496e-12,0.0,0.0,5.595959747348475e-18,0.0,0.0,0.0,0.030517877841415405,0.0,0.0,0.0,0.0,0.0,0.0,0.0,1.7565942692743965e-7,0.0,0.0,0.0,0.0,0.0,0.0,0.0,3.7135105666639e-11,0.0,0.0,3.7479218681186486e-21,0.0,9.30473512936e-171,0.1074502378686597,0.0,0.0,0.14227557345052866,0.0,0.0,0.715917371990566,0.003838763149460413,0.0
0.0,0.0,1.0633955536181838e-77,0.0,0.0,1.582439005975657e-14,0.0,0.0,0.0,6.36555624493714e-70,0.0,0.0,0.0,0.0,0.0,0.0,0.0,0.005609736818221906,0.0,0.0,0.0,0.0,0.0,0.0,0.0,6.905416286333719e-19,0.0,0.0,2.051179885199e-134,0.0,0.09754397187481145,0.005461465450143492,0.0,0.0,0.06250871721497471,0.0,0.0,3.3149849382754436e-45,0.8288761086418325,0.0
0.010424671824808251,0.0,0.0,0.0,0.0,0.0,0.0,0.0,2.267641417981044e-10,0.0,0.0,0.0,0.0,1.4491454714498803e-16,0.0,0.0,0.0,0.0,0.0,1.7954200565772566e-18,0.030065864824697173,1.2433782063192516e-108,2.232633305447557e-46,5.6989241383959213e-11,0.0,0.0,0.0,0.0,0.0,0.0,0.0,0.0,0.00012516441649210186,0.0,0.0,0.0,0.13702412311223738,0.0,0.0,0.8223601755380117
40,204
0.0,0.0,0.0,0.0,0.0,0.0,0.00013498335160545407,5.251502203478735e-174,0.0,0.0,0.0,0.0,0.0,0.0,0.9445742656484052,3.2928267477205468e-118,0.0,0.0,0.0,0.0,0.0,0.0,0.05358260953026546,2.248443353222041e-243,0.0,0.0,0.0,0.0,0.0,0.0,8.041853023697113e-30,0.0,0.0,0.0,0.0,0.0,0.0,0.0017081414697239772,3.4357361165437635e-52,0.0,0.0,0.0,0.0,0.0,0.0,0.0,1.2071515896083558e-279,0.0,0.0,0.0,0.0,0.0,0.0,0.0,1.0471711067795304e-269,0.0,0.0,0.0,0.0,0.0,0.0,0.0,0.0,0.0,0.0,0.0,0.0,0.0,0.0,0.0,2.4622470834335996e-117,0.0,0.0,0.0,0.0,0.0,0.0,0.0,0.0,0.0,0.0,0.0,0.0,0.0,0.0,7.766960787446036e-202,0.0,0.0,0.0,0.0,0.0,0.0,0.0,0.0,0.0,0.0,0.0,0.0,0.0,0.0,0.0,0.0,0.0,0.0,0.0,0.0,0.0,0.0,0.0,0.0,0.0,0.0,0.0,0.0,0.0,0.0,0.0,0.0,0.0,0.0,0.0,0.0,0.0,0.0,0.0,0.0,0.0,0.0,0.0,0.0,0.0,0.0,0.0,0.0,0.0,0.0,0.0,0.0,0.0,0.0,0.0,0.0,0.0,0.0,0.0,0.0,0.0,0.0,0.0,0.0,0.0,0.0,0.0,0.0,0.0,0.0,0.0,0.0,0.0,0.0,0.0,0.0,0.0,0.0,0.0,0.0,0.0,0.0,0.0,0.0,0.0,0.0,0.0,0.0,0.0,0.0,0.0,0.0,0.0,0.0,0.0,0.0,0.0,0.0,0.0,0.0,0.0,0.0,0.0,0.0,0.0,0.0,0.0,0.0,0.0,0.0,0.0,0.0,0.0,0.0,0.0,0.0,0.0,0.0
6.8229740702244e-309,0.0008280359274715367,1.325568548827798e-285,0.0,0.0,0.0,0.0,0.0,4.810478402525153e-99,0.003590452354936775,1.2080098079075967e-114,0.0,0.0,0.0,0.0,0.0,4.8044237902748386e-129,0.029589885816766727,1.3716398862429985e-103,0.0,0.0,0.0,0.0,0.0,5.25333155922602e-89,0.31700721132971726,3.2592503607604983e-99,0.0,0.0,0.0,0.0,0.0,2.87074976646182e-109,0.14328797478226574,5.015647376552843e-107,0.0,0.0,0.0,0.0,0.0,1.3955075783565935e-100,0.08014699357935907,2.210768896611314e-109,0.0,0.0,0.0,0.0,0.0,8.901884673046252e-96,0.052977320416895825,4.950358465987908e-134,0.0,0.0,0.0,0.0,0.0,8.233501724406024e-90,0.051746799142379694,1.2940062075610904e-172,0.0,0.0,0.0,0.0,0.0,1.004160560030612e-108,0.039173549009294775,1.1319629280354192e-99,0.0,0.0,0.0,0.0,0.0,5.704196834464024e-89,0.028992646170886177,3.506733834045855e-69,0.0,0.0,0.0,0.0,1.0581246567214302e-82,0.024371241338067985,4.1001757320563437e-66,0.0,0.0,0.0,0.0,0.0,1.0486698933146438e-108,0.035156368224458785,1.974046896119517e-60,0.0,0.0,0.0,0.0,2.7292148087481163e-82,0.01660161832821665,0.0,0.0,0.0,0.0,0.0,0.0,0.017570938153316618,0.0,0.0,0.0,0.0,0.0,0.0,4.03902217772203e-109,0.03417980244044604,0.0,0.0,0.0,0.0,0.0,1.3776621068722233e-80,0.020507881464267626,5.056619430996882e-103,0.0,0.0,0.0,0.0,0.0,3.86858143052735e-100,0.02148444724828037,8.153786385314967e-124,0.0,0.0,0.0,0.0,1.3443782037971594e-118,0.012695355192165674,6.0387638633537586e-111,0.0,0.0,0.0,0.0,0.0,0.008382182660772054,0.0,0.0,0.0,0.0,1.9741990281524335e-57,0.015625052544203905,2.7971495727629994e-86,0.0,0.0,0.0,3.162001282026628e-45,0.011718789408152928,3.542432140950616e-74,0.0,0.0,0.0,0.0,6.734487520104098e-44,0.007998178299333603,0.0,0.0,0.0,0.0,0.0,0.007812526272101952,9.358099461173723e-50,0.0,0.0,0.0,0.0,1.814701022879255e-106,0.005859394704076464,0.0,0.0,0.0,0.0,0.0,0.0,0.005859394704076464,0.0,0.0,0.0,0.0,0.0048828289200637184,0.0,0.0,0.0,0.0,0.0,0.0,0.000976565784012744,0.0,0.0,0.0,0.0,0.000976565784012744,0.0,0.0,0.0,0.0,0.0,0.0,0.0,0.0
0.0,0.0,0.0,0.0,4.813922308105905e-298,0.0,0.0,0.0,0.0,0.0,0.0,1.673624398056159e-235,1.1335052088931274e-71,0.0,0.0,0.0,0.0,0.0,0.0,2.908006265161273e-98,7.013670030534014e-11,0.0,0.0,0.0,0.0,0.0,0.0,5.404453314074703e-47,0.04614499988248339,0.0,0.0,0.0,0.0,0.0,0.0,6.994146031148599e-42,0.6705441333660659,0.0,0.0,0.0,0.0,0.0,0.0,9.61080445143441e-59,0.12962240265211095,0.0,0.0,0.0,0.0,0.0,0.0,7.115501547506883e-85,0.06273178746424614,0.0,0.0,0.0,0.0,0.0,0.0,1.0809945485755206e-44,0.058275478004188454,0.0,0.0,0.0,0.0,0.0,0.0,2.300297642820783e-103,0.010135295976947232,0.0,0.0,0.0,0.0,0.0,0.0,2.135812896007903e-97,3.896908779391319e-104,0.0,0.0,0.0,0.0,0.0,0.0,0.0,0.0,0.0,0.0,0.0,0.0,0.0,0.0,0.007450698146868678,0.0,0.0,0.0,0.0,0.0,6.401480843007506e-62,1.0025055362849973e-214,0.0,0.0,0.0,0.0,0.0,0.0,0.0,0.0,0.0,0.0,0.0,0.0,0.0,1.1005074612553117e-59,1.2697885288898072e-67,0.0,0.0,0.0,0.0,0.0,0.0,1.661033063004889e-51,0.0,0.0,0.0,0.0,0.0,0.0,0.0,5.2071327361158374e-76,0.0,0.0,0.0,0.0,0.0,6.099865093525275e-59,2.0498446065641336e-265,0.0,0.0,0.0,0.0,0.0,0.0,0.0037253490734343387,0.0,0.0,0.0,0.0,6.25665258103571e-44,6.551821102316372e-31,0.0,0.0,0.0,0.0,0.0,0.003918289561769022,0.0,0.0,0.0,0.0,0.0,0.0,0.0037253490734343387,0.0,0.0,0.0,0.0,8.676548805122886e-7,0.0,0.0,0.0,0.0,0.0,0.0,0.0,0.003725349073434339,0.0,0.0,0.0,0.0,0.0,0.0,0.0,0.0,0.0,0.0,0.0,0.0,0.0,0.0,0.0,0.0,0.0,0.0,0.0,0.0,0.0,0.0,0.0,0.0,0.0,0.0,0.0,0.0,0.0
2.735479355745273e-107,0.09514435146157624,1.8123716372151215e-141,0.0,0.0,0.0,0.0,0.0,3.793037766932859e-94,0.8632508185728331,1.5089637030182868e-99,0.0,0.0,0.0,0.0,0.0,6.528138699718584e-109,0.03134284552741941,3.964245644479933e-91,0.0,0.0,0.0,0.0,0.0,3.367337633257208e-176,0.0028949930729827494,1.0156341031763845e-95,0.0,0.0,0.0,0.0,0.0,1.4603895003011152e-167,0.00510624598277588,3.6381774217305814e-144,0.0,0.0,0.0,0.0,0.0,1.623857869400587e-92,0.002196253726822737,1.2143160625508967e-157,0.0,0.0,0.0,0.0,0.0,7.949142710512592e-166,6.443900714047113e-5,4.22429702838e-312,0.0,0.0,0.0,0.0,0.0,4.375558562433392e-210,5.249298729184941e-8,0.0,0.0,0.0,0.0,0.0,0.0,5.1963475226548665e-31,6.970511674899441e-55,1.7978863357919984e-92,0.0,0.0,0.0,0.0,0.0,5.689559305041894e-232,3.551999341298517e-95,7.106944929439181e-146,0.0,0.0,0.0,0.0,7.153489092305444e-309,6.0308849659568e-41,4.809589847894594e-255,0.0,0.0,0.0,0.0,0.0,3.996281363784486e-265,1.7980173179801114e-108,3.6235419568883914e-257,0.0,0.0,0.0,0.0,5.0895626751718576e-188,3.0577995276618415e-35,0.0,0.0,0.0,0.0,0.0,0.0,1.0449516606854069e-126,0.0,0.0,0.0,0.0,0.0,0.0,1.404e-320,6.618442378542538e-134,0.0,0.0,0.0,0.0,0.0,0.0,9.154776381367807e-137,0.0,0.0,0.0,0.0,0.0,0.0,0.0,1.4070006133726657e-40,0.0,0.0,0.0,0.0,0.0,0.0,1.2868165486307263e-125,0.0,0.0,0.0,0.0,0.0,0.0,1.5546185509920037e-10,0.0,0.0,0.0,0.0,0.0,1.1706606549188826e-95,0.0,0.0,0.0,0.0,3.3064985104669215e-131,9.866497109640265e-178,2.0438621984546714e-248,0.0,0.0,0.0,0.0,2.2024415343564955e-265,2.130521168454938e-81,0.0,0.0,0.0,0.0,0.0,1.2330035043900228e-225,9.645031255568718e-247,0.0,0.0,0.0,0.0,0.0,6.66227088795514e-256,0.0,0.0,0.0,0.0,0.0,0.0,1.836735619261224e-264,0.0,0.0,0.0,0.0,5.275075526824684e-246,0.0,0.0,0.0,0.0,0.0,0.0,1.293374298566316e-276,0.0,0.0,0.0,0.0,4.241012472428798e-287,0.0,0.0,0.0,0.0,0.0,0.0,0.0,0.0
0.12646404290515434,1.0720959073161388e-91,0.0,0.0,0.0,0.0,0.0,1.4771202039857293e-51,0.8679833651947478,4.35475354441171e-104,0.0,0.0,0.0,0.0,0.0,1.127718897556144e-123,0.0009695945558792163,5.383107916079057e-108,0.0,0.0,0.0,0.0,0.0,8.805387947840162e-113,0.002684805440115609,2.246664264874816e-61,0.0,0.0,0.0,0.0,0.0,4.687999643003638e-86,8.263199817096932e-22,1.7478041357158783e-206,0.0,0.0,0.0,0.0,0.0,0.0,9.9568026796507e-25,1.7927407920697986e-54,0.0,0.0,0.0,0.0,0.0,7.300202942066748e-239,3.9836516450742734e-89,7.51195827151141e-262,0.0,0.0,0.0,0.0,0.0,5.315440583284267e-264,1.466851772120603e-98,0.0,0.0,0.0,0.0,0.0,0.0,6.284740976368245e-128,2.1573660601450037e-9,9.598812592792773e-248,0.0,0.0,0.0,0.0,0.0,1.4572144180755218e-298,0.0010109274834548634,0.0,0.0,0.0,0.0,0.0,0.0,4.341044997656943e-66,0.0,0.0,0.0,0.0,0.0,0.0,0.0,0.0008872622632821351,0.0,0.0,0.0,0.0,0.0,0.0,1.7225548720659527e-202,0.0,0.0,0.0,0.0,0.0,0.0,2.9343727866677374e-26,0.0,0.0,0.0,0.0,0.0,0.0,0.0,7.985299030521448e-173,0.0,0.0,0.0,0.0,0.0,0.0,7.220893380790302e-229,0.0,0.0,0.0,0.0,0.0,0.0,0.0,4.214607610242079e-111,0.0,0.0,0.0,0.0,0.0,0.0,2.2151584708376256e-183,0.0,0.0,0.0,0.0,0.0,0.0,2.3976853782349237e-165,0.0,0.0,0.0,0.0,2.233226561966911e-239,9.419735821684785e-146,0.0,0.0,0.0,0.0,0.0,2.8004494201408114e-205,0.0,0.0,0.0,0.0,0.0,0.0,6.581270166869358e-29,0.0,0.0,0.0,0.0,0.0,9.046500149977822e-190,0.0,0.0,0.0,0.0,0.0,2.98e-321,5.993102162159899e-232,0.0,0.0,0.0,0.0,0.0,0.0,5.637001383484909e-200,0.0,0.0,0.0,0.0,2.868800653285062e-200,0.0,0.0,0.0,0.0,0.0,0.0,1.0687326105173e-311,0.0,0.0,0.0,0.0,4.038948335e-315,0.0,0.0,0.0,0.0,0.0,0.0,0.0,0.0,0.0
0.0,0.0,0.0,0.0,2.1479980201640194e-273,0.017827395521322717,6.394321520553612e-106,0.0,0.0,0.0,0.0,0.0,1.6898836250128124e-274,0.9803110458472442,2.888987454320162e-92,0.0,0.0,0.0,0.0,0.0,2.4857678825584694e-289,0.0018615586314332689,2.3035102739135204e-111,0.0,0.0,0.0,0.0,0.0,0.0,2.2391382213054728e-164,8.227609220335073e-306,0.0,0.0,0.0,0.0,0.0,0.0,9.239519223292836e-277,0.0,0.0,0.0,0.0,0.0,0.0,0.0,0.0,0.0,0.0,0.0,0.0,0.0,0.0,0.0,0.0,0.0,0.0,0.0,0.0,0.0,0.0,0.0,0.0,0.0,0.0,0.0,0.0,0.0,0.0,0.0,0.0,0.0,0.0,0.0,0.0,0.0,0.0,0.0,0.0,0.0,0.0,0.0,0.0,0.0,0.0,0.0,0.0,0.0,0.0,0.0,0.0,0.0,0.0,0.0,0.0,0.0,0.0,0.0,0.0,0.0,0.0,0.0,0.0,0.0,0.0,0.0,0.0,0.0,0.0,0.0,0.0,0.0,0.0,0.0,0.0,0.0,0.0,0.0,0.0,0.0,0.0,0.0,0.0,0.0,0.0,0.0,0.0,0.0,0.0,0.0,0.0,0.0,0.0,0.0,0.0,0.0,0.0,0.0,0.0,0.0,0.0,0.0,0.0,0.0,0.0,0.0,0.0,0.0,0.0,0.0,0.0,0.0,0.0,0.0,0.0,0.0,0.0,0.0,0.0,0.0,0.0,0.0,0.0,0.0,0.0,0.0,0.0,0.0,0.0,0.0,0.0,0.0,0.0,0.0,0.0,0.0,0.0,0.0,0.0,0.0,0.0,0.0,0.0,0.0,0.0,0.0,0.0,0.0,0.0,0.0,0.0,0.0,0.0,0.0,0.0,0.0,0.0,0.0,0.0,0.0,0.0,0.0,0.0,0.0,0.0
0.0,0.0,1.8991406836541833e-88,0.10444675170960713,2.095472480916875e-95,0.0,0.0,0.0,0.0,0.0,5.720584849066755e-91,0.8487799141247012,2.128652669321357e-82,0.0,0.0,0.0,0.0,0.0,4.530062345606976e-95,0.039728601366642496,2.3930123414234486e-129,0.0,0.0,0.0,0.0,0.0,7.23779345276096e-215,1.658242440571677e-46,1.0336805696106131e-90,0.0,0.0,0.0,0.0,0.0,5.546094198195181e-145,0.0021696013476502156,7.230104278961384e-263,0.0,0.0,0.0,0.0,0.0,1.6460326837475833e-299,0.0012094296664275717,0.0,0.0,0.0,0.0,0.0,0.0,9.333e-321,1.7928118442949446e-137,0.0,0.0,0.0,0.0,0.0,0.0,3.3803896537256016e-225,4.469012882912106e-105,0.0,0.0,0.0,0.0,0.0,0.0,3.9389402590557133e-42,0.0024638760971846204,6.521283830199796e-244,0.0,0.0,0.0,0.0,0.0,1.8669180150597933e-253,5.261387120936199e-115,0.0,0.0,0.0,0.0,0.0,0.0,2.001384081730754e-126,0.0,0.0,0.0,0.0,0.0,0.0,0.0,0.0012018256877866953,0.0,0.0,0.0,0.0,0.0,0.0,1.3161495748522775e-241,0.0,0.0,0.0,0.0,0.0,3.094350166614748e-251,1.43838674001e-312,0.0,0.0,0.0,0.0,0.0,0.0,9.22197576602006e-288,0.0,0.0,0.0,0.0,0.0,0.0,3.2618010173541055e-229,1.4780745613153353e-288,0.0,0.0,0.0,0.0,0.0,0.0,0.0,2.651754482234441e-288,0.0,0.0,0.0,0.0,0.0,0.0,4.557824954220144e-47,0.0,0.0,0.0,0.0,0.0,0.0,9.170225561464326e-243,0.0,0.0,0.0,0.0,0.0,2.429346229358958e-289,0.0,0.0,0.0,0.0,0.0,2.481231730028708e-97,0.0,0.0,0.0,0.0,0.0,0.0,1.4307509332902303e-200,0.0,0.0,0.0,0.0,0.0,0.0,0.0,0.0,0.0,0.0,0.0,0.0,7.836903336105198e-255,0.0,0.0,0.0,0.0,0.0,0.0,8.882249408375651e-201,0.0,0.0,0.0,0.0,5.6898884188873445e-202,0.0,0.0,0.0,0.0,0.0,0.0,0.0,0.0,0.0,0.0,0.0,0.0,0.0,0.0,0.0,0.0,0.0,0.0
8.82479195907896e-38,0.0,0.0,0.0,0.0,0.0,0.0,3.956987382994146e-188,1.2002954892722375e-7,8.9552567284599e-129,0.0,0.0,0.0,0.0,0.0,1.2139471171529295e-109,0.03152975882812253,4.3694501574253614e-142,0.0,0.0,0.0,0.0,0.0,3.50013628478129e-83,0.46498606247637403,9.898839322950625e-128,0.0,0.0,0.0,0.0,0.0,2.75023933966517e-84,0.3075964706343565,6.755702155675619e-151,0.0,0.0,0.0,0.0,0.0,1.2666998265004363e-89,0.12426276653730725,8.849114063974774e-165,0.0,0.0,0.0,0.0,0.0,7.396277353653262e-104,0.043595569099071356,7.472497813169487e-125,0.0,0.0,0.0,0.0,0.0,1.3942953660047041e-126,0.011705485018316076,2.266410258267263e-167,0.0,0.0,0.0,0.0,0.0,3.2349194456536012e-96,2.1950368725716204e-13,6.514382954099996e-147,0.0,0.0,0.0,0.0,0.0,8.77403589057185e-163,0.007650303840394596,5.97023594251604e-151,0.0,0.0,0.0,0.0,3.4203202106943813e-125,1.4545343905383394e-12,0.0,0.0,0.0,0.0,0.0,0.0,0.0,0.0029133081210774257,4.6544620570024546e-160,0.0,0.0,0.0,0.0,0.0,9.070698397723091e-21,3.626399787001709e-150,0.0,0.0,0.0,0.0,0.0,5.970268028383606e-14,7.362058750231577e-127,0.0,0.0,0.0,0.0,0.0,3.4898496018165996e-131,1.4517206911266075e-28,3.084227715901582e-228,0.0,0.0,0.0,0.0,0.0,1.4592589331653627e-35,5.490964408097579e-252,0.0,0.0,0.0,0.0,0.0,2.3541096331758356e-117,2.2688071248778784e-12,2.4159614868679474e-130,0.0,0.0,0.0,0.0,8.548506306256993e-102,0.00319056702157053,6.568825684379576e-242,0.0,0.0,0.0,0.0,1.049298738880062e-130,6.347043181120465e-41,1.5295775263796685e-135,0.0,0.0,0.0,4.1619071737050415e-87,8.66046523309366e-34,6.463195351383087e-170,0.0,0.0,0.0,0.0,3.152713333683734e-22,0.0,0.0,0.0,0.0,0.0,0.0,5.7163314203124016e-18,3.9419057827103835e-113,0.0,0.0,0.0,0.0,0.0017192407789971332,2.660775588262304e-199,0.0,0.0,0.0,0.0,4.400720629160577e-117,9.619792023560383e-50,0.0,0.0,0.0,0.0,0.0,0.0,8.697766921084947e-61,0.0,0.0,0.0,8.105524374593061e-144,0.0008503476108610356,7.776227195094216e-91,0.0,0.0,0.0,0.0,0.0,4.9144605635471275e-132,0.0,0.0,0.0,0.0,3.0893741183250355e-121,0.0,0.0,0.0,0.0,0.0,0.0,0.0,0.0,0.0
0.0,0.0,0.0,0.0,0.0,0.0,6.808667254175558e-207,6.819209e-317,0.0,0.0,0.0,0.0,0.0,0.0,2.4057624277995748e-64,3.659230094065473e-158,0.0,0.0,0.0,0.0,0.0,2.2053125562614523e-211,0.20111585202237092,4.106211975415107e-51,0.0,0.0,0.0,0.0,0.0,4.1240980338838246e-79,0.45507664744684906,1.3781043360828437e-109,0.0,0.0,0.0,0.0,0.0,0.0,0.15451464435818452,1.7481253300074592e-73,0.0,0.0,0.0,0.0,0.0,0.004689505749337975,0.0484725918718072,1.5133025098922169e-83,0.0,0.0,0.0,0.0,0.0,0.0,0.047057687650601074,3.528849191226368e-113,0.0,0.0,0.0,0.0,0.0,0.0,9.564207728014196e-135,2.122761273171688e-90,0.0,0.0,0.0,0.0,0.0,0.0,0.0,1.2506642831111076e-100,0.0,0.0,0.0,0.0,0.0,0.007842947941766846,6.393711486978255e-21,0.0,0.0,0.0,0.0,0.0,0.0,0.023528843825300537,6.049728044332209e-50,0.0,0.0,0.0,0.0,0.0,0.0,0.0,0.0,0.0,0.0,0.0,0.0,0.0,0.007095758002067499,0.0,0.0,0.0,0.0,0.0,0.0,0.007842947941766846,0.0,0.0,0.0,0.0,0.0,0.0,0.0,0.0,0.0,0.0,0.0,0.0,0.0,0.0,0.007842947941766846,0.0,0.0,0.0,0.0,0.0,0.0,1.6701029385351964e-144,0.0035478334811132424,0.0,0.0,0.0,0.0,0.0,0.0,0.0,0.0,0.0,0.0,0.0,0.0,0.0,0.0,0.0,0.0,0.0,0.0,0.0,0.0,0.0,0.0,0.0,0.0,0.0,0.0,0.0,0.0,0.0,0.0,0.0,0.0,0.0,0.0,0.0,0.0,0.0,0.0,0.0,0.0,0.0,0.0,0.0,0.0,0.015685895883533692,3.960315611037451e-33,0.0,0.0,0.0,0.0,0.0,0.0,0.0,0.0,0.0,0.0,0.007842947941766846,3.492466171102221e-139,0.0,0.0,0.0,0.0,0.0,0.0,0.0,0.0,0.0,0.0,0.0,0.0,0.007842947941766846,0.0,0.0
0.0,0.0,0.0,0.0,8.314431064580054e-72,1.2575791370363363e-143,0.0,0.0,0.0,0.0,0.0,0.0,0.04504372427582691,1.513627387119976e-46,0.0,0.0,0.0,0.0,0.0,0.0,0.8717055162682086,9.054364554153073e-61,0.0,0.0,0.0,0.0,0.0,0.0,0.0538136476231475,1.064747088291271e-35,0.0,0.0,0.0,0.0,0.0,0.0,0.0232586228865492,1.1932297673580886e-48,0.0,0.0,0.0,0.0,0.0,0.0,3.356789752737622e-55,2.6794703091868118e-18,0.0,0.0,0.0,0.0,0.0,0.0,0.0030361782771067703,0.003142310669161169,0.0,0.0,0.0,0.0,0.0,0.0,1.9754301805452078e-119,0.0,0.0,0.0,0.0,0.0,0.0,0.0,3.461188145178002e-56,0.0,0.0,0.0,0.0,0.0,0.0,0.0,3.4494374716880765e-161,0.0,0.0,0.0,0.0,0.0,0.0,0.0,0.0,0.0,0.0,0.0,0.0,0.0,0.0,0.0,0.0,0.0,0.0,0.0,0.0,0.0,2.974572549725139e-70,0.0,0.0,0.0,0.0,0.0,0.0,0.0,0.0,0.0,0.0,0.0,0.0,0.0,0.0,0.0,0.0,0.0,0.0,0.0,0.0,0.0,5.489170483974545e-237,0.0,0.0,0.0,0.0,0.0,0.0,0.0,2.3763603447711563e-294,0.0,0.0,0.0,0.0,0.0,0.0,0.0,0.0,0.0,0.0,0.0,0.0,0.0,0.0,0.0,0.0,0.0,0.0,0.0,7.27856741e-315,0.0,0.0,0.0,0.0,0.0,0.0,0.0,0.0,0.0,0.0,0.0,0.0,0.0,0.0,0.0,0.0,0.0,0.0,0.0,0.0,0.0,0.0,0.0,0.0,0.0,0.0,0.0,0.0,0.0,0.0,0.0,0.0,0.0,0.0,0.0,0.0,0.0,0.0,0.0,0.0,0.0,0.0,0.0,0.0,0.0,0.0,0.0,0.0,0.0,0.0,0.0,0.0,0.0,0.0,0.0
3.952244615019982e-84,7.535005654678545e-88,0.0,0.0,0.0,0.0,0.0,0.0,0.018848771632145215,2.84022289030575e-43,0.0,0.0,0.0,0.0,0.0,0.0,0.013660512757780121,1.454067011760083e-28,0.0,0.0,0.0,0.0,0.0,0.0,4.884465497422575e-15,2.588250867648056e-40,0.0,0.0,0.0,0.0,0.0,0.0,0.30728611937798944,1.219294153439919e-66,0.0,0.0,0.0,0.0,0.0,0.0,0.044519941534354505,5.314462699546901e-6,0.0,0.0,0.0,0.0,0.0,0.0,0.11143260657153123,2.4179672186681106e-12,0.0,0.0,0.0,0.0,0.0,0.0,3.636433470080209e-11,3.9720960071741496e-42,0.0,0.0,0.0,0.0,0.0,0.0,0.11290766311229125,3.8695348887253873e-28,0.0,0.0,0.0,0.0,0.0,0.0,0.11395167317552138,4.4195097258125135e-13,0.0,0.0,0.0,0.0,0.0,0.05708836309564179,0.0,0.0,0.0,0.0,0.0,0.0,0.0,0.12605470433302707,3.2925274683189113e-19,0.0,0.0,0.0,0.0,0.0,4.2073882433813013e-17,5.212892315650577e-19,0.0,0.0,0.0,0.0,0.0,7.666032292616744e-35,7.56109572060526e-5,0.0,0.0,0.0,0.0,0.0,0.0,0.00572144962530142,7.319160628421702e-111,0.0,0.0,0.0,0.0,0.0,0.05489768121823968,1.5541491507274348e-48,0.0,0.0,0.0,0.0,0.0,0.0,4.121762165694892e-50,7.192993554361437e-91,0.0,0.0,0.0,0.0,0.0,1.7533820858893707e-22,7.2176336501104315e-37,0.0,0.0,0.0,0.0,0.0,8.90120958697293e-50,0.0021571682402203784,0.0,0.0,0.0,0.0,9.29550838662601e-24,1.0137927327386321e-19,0.0,0.0,0.0,0.0,0.020285322533188835,0.0,0.0,0.0,0.0,0.0,0.0,0.011107097333632836,5.044995969770338e-120,0.0,0.0,0.0,0.0,7.536628808404906e-122,3.360500980750656e-35,0.0,0.0,0.0,0.0,0.0,2.7403739830015923e-29,0.0,0.0,0.0,0.0,0.0,0.0,5.182684490433403e-98,0.0,0.0,0.0,0.0,2.85637430218345e-142,1.86776047895326e-17,0.0,0.0,0.0,0.0,0.0,1.0869480849677803e-70,0.0,0.0,0.0,0.0,2.1932576191001393e-151,0.0,0.0,0.0,0.0,0.0,0.0,0.0,0.0,0.0
0.0,0.0,6.556139257918191e-227,0.0,0.0,0.0,0.0,0.0,0.0,1.2196415286590499e-198,2.732255072339712e-16,4.277068398786011e-219,0.0,0.0,0.0,0.0,0.0,1.0064535203972844e-205,4.835337626178292e-8,2.0606271358434055e-72,0.0,0.0,0.0,0.0,0.0,1.1675084899496272e-156,0.0005646262630990838,2.2380658199948987e-61,0.0,0.0,0.0,0.0,0.0,1.8265703150897795e-155,0.25904725951293833,2.1965130451628447e-74,0.0,0.0,0.0,0.0,0.0,2.0671043178172863e-157,0.21505505625203525,2.757538724294764e-78,0.0,0.0,0.0,0.0,0.0,2.9050425550451933e-143,0.12155411115421767,3.158369167175884e-55,0.0,0.0,0.0,0.0,0.0,1.964611916799382e-135,0.085672672646655,3.878898331635812e-44,0.0,0.0,0.0,0.0,0.0,6.87828890310142e-147,0.038347608751447146,4.016775687671494e-73,0.0,0.0,0.0,0.0,0.0,2.3714821979273284e-183,0.03332530485091972,5.551897207745399e-78,0.0,0.0,0.0,0.0,3.569825025404366e-125,0.03592230944566584,4.2248009645432307e-72,0.0,0.0,0.0,0.0,0.0,0.0,0.016471191530401656,4.350500444170677e-80,0.0,0.0,0.0,0.0,1.1728115106694825e-211,0.01559046013719152,0.0,0.0,0.0,0.0,0.0,5.39534044726746e-217,0.024239607661909513,0.0,0.0,0.0,0.0,0.0,0.0,1.195338614003892e-246,0.02090874918175409,1.0479558058054088e-58,0.0,0.0,0.0,0.0,4.7165592078920367e-138,0.02968978162914228,4.997206686517108e-38,0.0,0.0,0.0,0.0,0.0,3.3373977829579475e-249,0.018494404946025184,2.5947656413875325e-101,0.0,0.0,0.0,0.0,6.559152606345028e-100,0.013851204378234009,1.5597722455375727e-63,0.0,0.0,0.0,0.0,6.279040451263141e-96,0.008657002736396255,0.0,0.0,0.0,0.0,2.1079283050853514e-180,0.010942133849482156,5.507515805976162e-51,0.0,0.0,0.0,3.9884332590552465e-194,0.010112853584418966,1.4925138817145469e-83,0.0,0.0,0.0,0.0,8.714045150028574e-80,0.006925602189116998,2.2510439696273276e-108,0.0,0.0,0.0,4.590975332376711e-148,0.008657002736384208,0.0,0.0,0.0,0.0,0.0,0.0,0.003462801094558502,0.0,0.0,0.0,0.0,0.0,0.0,0.010388403283675506,0.0,0.0,0.0,2.6926394263013266e-85,0.010388403283675506,0.0,0.0,0.0,0.0,0.0,0.0,0.0,1.4427380878814855e-45,0.0,0.0,0.0,0.0,0.0,0.0,0.0,0.0017314005472792511,0.0,0.0,0.0
0.0,8.94421609294888e-196,0.016628790979446605,8.899515229090286e-138,0.0,0.0,0.0,0.0,0.0,1.63699711114915e-138,0.928893478867553,2.620882735349871e-87,0.0,0.0,0.0,0.0,0.0,5.877644498731471e-152,0.04490111888239107,1.0146352905381188e-65,0.0,0.0,0.0,0.0,0.0,7.29241070203495e-153,0.003627530142770647,4.430763970112558e-134,0.0,0.0,0.0,0.0,0.0,5.8266949146674e-139,0.0010437994259142045,2.015020095727996e-43,0.0,0.0,0.0,0.0,0.0,6.876445684622882e-165,0.0008175276878633522,5.361752625136588e-95,0.0,0.0,0.0,0.0,0.0,3.70955017504851e-229,0.0012919596188515393,1.7796851587640863e-152,0.0,0.0,0.0,0.0,0.0,2.6374295793957762e-46,3.522005833688573e-42,1.7344290146982947e-88,0.0,0.0,0.0,0.0,0.0,3.2366823986615953e-220,0.001734450775007683,1.9649965661667168e-45,0.0,0.0,0.0,0.0,0.0,0.0,2.8277641976266745e-41,0.0,0.0,0.0,0.0,0.0,1.21693e-319,0.0010613436202018226,0.0,0.0,0.0,0.0,0.0,0.0,0.0,2.8817963826627713e-66,0.0,0.0,0.0,0.0,0.0,5.0e-324,5.901846868386344e-35,0.0,0.0,0.0,0.0,0.0,0.0,1.8857766130382927e-97,0.0,0.0,0.0,0.0,0.0,0.0,4.873178961238322e-242,1.3160854706071955e-103,9.99841554435e-313,0.0,0.0,0.0,0.0,0.0,2.2902362809571668e-68,7.963193507799958e-252,0.0,0.0,0.0,0.0,0.0,2.2194697553650028e-223,8.788526856685357e-80,1.992396852586271e-302,0.0,0.0,0.0,0.0,1.412869855013786e-292,6.674822497530274e-89,0.0,0.0,0.0,0.0,0.0,3.229453743953874e-298,8.641328918166917e-156,0.0,0.0,0.0,0.0,4.7457681467974067e-203,3.2301539815971854e-108,6.6506e-320,0.0,0.0,0.0,2.900155945814848e-298,1.5050793463702567e-88,0.0,0.0,0.0,0.0,0.0,4.070684008360694e-123,7.904400537540497e-198,2.0142421502991643e-223,0.0,0.0,0.0,3.417677215101796e-217,2.5299097305741695e-194,0.0,0.0,0.0,0.0,0.0,0.0,1.3941872521173197e-129,0.0,0.0,0.0,0.0,0.0,0.0,2.716600438737142e-93,0.0,0.0,0.0,2.344436595410418e-286,1.8039450638164186e-237,0.0,0.0,0.0,0.0,0.0,0.0,0.0,1.1e-322,0.0,0.0,0.0,0.0,0.0,0.0,0.0,1.1741395029981001e-284,0.0,0.0,0.0
5.719100997285302e-153,0.0,0.0,0.0,0.0,0.0,1.5478669052017805e-253,1.9858419452638226e-53,4.08686287442086e-95,0.0,0.0,0.0,0.0,0.0,5.614996797123075e-118,0.04249435732412684,1.2156999197403707e-106,0.0,0.0,0.0,0.0,0.0,1.7612323007326554e-107,0.831002373527145,1.305803163711703e-93,0.0,0.0,0.0,0.0,0.0,3.3990799130827734e-128,0.11095486740997428,4.7617229430154744e-111,0.0,0.0,0.0,0.0,0.0,4.0131655094289956e-210,0.015204324487102114,3.893857420795881e-99,0.0,0.0,0.0,0.0,0.0,5.385472310920969e-60,8.177589244089681e-9,1.2838696747692708e-165,0.0,0.0,0.0,0.0,0.0,2.7430492726702004e-252,3.555968900431898e-5,7.086283323066485e-122,0.0,0.0,0.0,0.0,0.0,6.020656390869169e-67,1.8979153415217233e-31,2.331697515e-315,0.0,0.0,0.0,0.0,0.0,0.0,5.922922235369435e-37,4.1242542767306776e-91,0.0,0.0,0.0,0.0,0.0,2.6947048657435606e-81,4.3398035015162224e-209,0.0,0.0,0.0,0.0,0.0,1.9303625958005826e-296,1.5253007818904515e-54,1.2645163311690396e-215,0.0,0.0,0.0,0.0,0.0,3.8190208035652033e-94,0.0,0.0,0.0,0.0,0.0,0.0,6.864934581410686e-47,7.728671557586437e-133,0.0,0.0,0.0,0.0,0.0,0.0,1.425141257803718e-73,1.469395760726337e-221,0.0,0.0,0.0,0.0,0.0,2.872451131341866e-51,0.0,0.0,0.0,0.0,0.0,0.0,0.0,0.0003085093850583542,3.5556661460144016e-286,0.0,0.0,0.0,0.0,9.194825595212723e-231,1.7261945348126477e-80,6.512848280165213e-103,0.0,0.0,0.0,0.0,0.0,1.032760091579388e-37,1.0103623545501407e-147,0.0,0.0,0.0,0.0,1.5062666784589765e-79,0.0,0.0,0.0,0.0,0.0,2.071735205315723e-59,0.0,0.0,0.0,0.0,0.0,0.0,7.691300954750169e-67,0.0,0.0,0.0,0.0,0.0,2.0276135710411513e-62,9.089314131593407e-106,0.0,0.0,0.0,0.0,0.0,8.207869429846359e-82,0.0,0.0,0.0,0.0,0.0,0.0,1.792368119249901e-161,6.967194126044668e-283,0.0,0.0,0.0,5.1508900243032905e-155,0.0,0.0,0.0,0.0,0.0,1.1372459236516118e-207,8.793060219038836e-155,0.0,0.0,0.0,0.0,0.0,0.0,0.0,0.0,0.0,0.0,0.0,0.0,0.0,0.0,0.0
0.0,0.0,0.0,8.344228916447254e-155,3.743645020394232e-170,0.0,0.0,0.0,0.0,0.0,1.2100019956785043e-161,4.042964144892686e-9,3.9504414904011466e-112,0.0,0.0,0.0,0.0,0.0,6.504334706356393e-122,0.5045021819566747,1.205702259305236e-91,0.0,0.0,0.0,0.0,0.0,1.3424730927190376e-120,0.4697976877064876,1.1345828122751652e-88,0.0,0.0,0.0,0.0,0.0,9.635813232659867e-132,0.02367167696902779,2.5598873025659972e-110,0.0,0.0,0.0,0.0,0.0,8.78256016161001e-206,5.412524576936158e-6,3.109682450675788e-129,0.0,0.0,0.0,0.0,0.0,3.3531955253589067e-246,9.81636703210374e-5,2.5508736006039047e-143,0.0,0.0,0.0,0.0,0.0,5.761666323356399e-122,0.0013134172080036361,1.686317317086527e-185,0.0,0.0,0.0,0.0,0.0,7.175327417497156e-179,0.00022922979910794985,5.508775738886529e-81,0.0,0.0,0.0,0.0,0.0,3.052391595068922e-125,1.3081746324231815e-41,0.0,0.0,0.0,0.0,0.0,2.4042296418659546e-214,4.3315905466122187e-41,0.0,0.0,0.0,0.0,0.0,0.0,0.0,1.3915592944303317e-70,3.0706750342210585e-101,0.0,0.0,0.0,0.0,0.0,1.0551648368468897e-79,0.0,0.0,0.0,0.0,0.0,1.0306446856738505e-151,1.8014646353677116e-111,0.0,0.0,0.0,0.0,0.0,0.0,3.71569803143468e-208,1.049974171367177e-129,0.0,0.0,0.0,0.0,0.0,1.4391983095392364e-220,5.003897819855279e-105,0.0,0.0,0.0,0.0,0.0,0.0,0.0,7.4573222123848e-99,0.0,0.0,0.0,0.0,0.0,0.0,0.0003822261228361994,0.0,0.0,0.0,0.0,0.0,2.6350132408023854e-219,4.169923710251735e-60,1.8280005755300098e-151,0.0,0.0,0.0,6.430591240785039e-301,2.8746039208527753e-108,0.0,0.0,0.0,0.0,2.77e-322,6.735522219963155e-76,6.29620451710069e-150,0.0,0.0,0.0,0.0,0.0,3.41685815699039e-68,3.0212625833886107e-99,0.0,0.0,0.0,0.0,6.095512081167543e-90,0.0,0.0,0.0,0.0,0.0,0.0,1.3414189109852664e-55,1.991068296222104e-212,0.0,0.0,0.0,0.0,0.0,1.5710026834229383e-66,0.0,0.0,0.0,4.643884428007534e-295,7.755474684903474e-70,0.0,0.0,0.0,0.0,0.0,0.0,6.330175301418406e-255,0.0,0.0,0.0,0.0,0.0,0.0,0.0,4.281225346584423e-268,0.0,0.0,0.0
7.746396268713255e-104,2.2921516270494157e-159,0.0,0.0,0.0,0.0,0.0,0.0,0.12307392237769346,4.856743953051409e-59,0.0,0.0,0.0,0.0,0.0,0.0,0.7891480164523121,2.5085722480570444e-58,0.0,0.0,0.0,0.0,0.0,0.0,0.06102499272147431,1.0660863205888426e-81,0.0,0.0,0.0,0.0,0.0,0.0,0.008467766725783721,1.1829624703099633e-78,0.0,0.0,0.0,0.0,0.0,0.0,0.003625805187782736,2.7706546173188775e-87,0.0,0.0,0.0,0.0,0.0,0.0,0.00244527551438401,6.9462637771722545e-59,0.0,0.0,0.0,0.0,0.0,0.0,0.006146363198261294,1.1442107194793662e-136,0.0,0.0,0.0,0.0,0.0,0.0,0.002704909113601492,1.1915641678212285e-15,0.0,0.0,0.0,0.0,0.0,0.0,0.0015581473431320733,9.583530660923536e-164,0.0,0.0,0.0,0.0,0.0,1.1305506143585327e-40,0.0,0.0,0.0,0.0,0.0,0.0,0.0,1.1659664087212871e-71,4.90857899922753e-122,0.0,0.0,0.0,0.0,0.0,1.3919146221176095e-14,1.742472491358192e-120,0.0,0.0,0.0,0.0,0.0,0.0018048013655595448,8.343727568868792e-104,0.0,0.0,0.0,0.0,0.0,0.0,5.584220065743193e-41,1.0165319030422791e-293,0.0,0.0,0.0,0.0,0.0,1.3566057939428093e-116,5.60760323857215e-171,0.0,0.0,0.0,0.0,0.0,0.0,1.7418328951826956e-26,5.307212096063642e-118,0.0,0.0,0.0,0.0,0.0,8.683137592492577e-49,2.317577694689967e-204,0.0,0.0,0.0,0.0,0.0,4.041491217848002e-103,1.4187530571522841e-176,0.0,0.0,0.0,0.0,2.8152747131802495e-78,1.811856079574575e-215,0.0,0.0,0.0,0.0,1.488306649053624e-44,0.0,0.0,0.0,0.0,0.0,0.0,1.3651071028520377e-128,9.142324326227154e-171,0.0,0.0,0.0,0.0,8.83868170020938e-34,4.902768549109776e-244,0.0,0.0,0.0,0.0,0.0,3.58487194312899e-170,0.0,0.0,0.0,0.0,0.0,0.0,2.069390059509063e-124,0.0,0.0,0.0,0.0,1.3271826756751377e-168,8.605762721390339e-158,0.0,0.0,0.0,0.0,0.0,8.863058197890063e-248,0.0,0.0,0.0,0.0,6.131299247978604e-306,0.0,0.0,0.0,0.0,0.0,0.0,0.0,0.0,0.0
3.029396443731523e-113,0.0,0.0,0.0,0.0,0.0,0.0,6.007279304336274e-200,4.726759707650893e-6,7.191613329706237e-126,0.0,0.0,0.0,0.0,0.0,3.64483391416393e-129,0.014077413011893584,3.2678099826620026e-113,0.0,0.0,0.0,0.0,0.0,4.3272428830839655e-104,0.015371420234796759,2.4268245721921e-118,0.0,0.0,0.0,0.0,0.0,3.280984943662916e-114,0.01685705478432811,1.9927826121357171e-128,0.0,0.0,0.0,0.0,0.0,2.2635233983072776e-109,0.12071595147414624,4.734509337458202e-108,0.0,0.0,0.0,0.0,0.0,9.31819504158429e-119,0.07919839866003495,7.11939338490272e-77,0.0,0.0,0.0,0.0,0.0,8.099573811192068e-136,0.09720419062840002,6.008823091707033e-127,0.0,0.0,0.0,0.0,0.0,4.2319208547290385e-80,0.06763170461617844,2.9434300096113118e-105,0.0,0.0,0.0,0.0,0.0,4.342825193676241e-135,0.04182351653458722,2.867746357492565e-85,0.0,0.0,0.0,0.0,2.4026537188925936e-173,0.07627592993123179,0.0,0.0,0.0,0.0,0.0,0.0,0.0,0.01906386003636476,1.901557192510637e-120,0.0,0.0,0.0,0.0,0.0,0.043321128524197124,3.249534911533971e-78,0.0,0.0,0.0,0.0,0.0,0.047380556687376334,1.1717657409549575e-85,0.0,0.0,0.0,0.0,0.0,1.7742221901712384e-128,0.05076920891262585,5.421342920633568e-146,0.0,0.0,0.0,0.0,0.0,0.03381819155382792,6.693871166672236e-156,0.0,0.0,0.0,0.0,0.0,7.997572917717487e-68,0.03032478996222037,9.96335383542024e-99,0.0,0.0,0.0,0.0,1.5252398640760463e-94,0.03883430308728184,7.270732902090186e-153,0.0,0.0,0.0,0.0,2.064058959289045e-75,0.03682295924558363,2.706197125681375e-102,0.0,0.0,0.0,9.512932295098197e-75,0.023826620688318822,7.44874911503815e-70,0.0,0.0,0.0,0.0,0.03034507599108389,0.0,0.0,0.0,0.0,0.0,0.0,0.013388211808387368,8.04573531504905e-111,0.0,0.0,0.0,0.0,0.026739876777652643,2.4355567672482657e-91,0.0,0.0,0.0,0.0,1.1015532980738717e-79,0.02166056426210802,0.0,0.0,0.0,0.0,0.0,0.0,0.030324789966951225,0.0,0.0,0.0,7.5079123244133025e-90,0.011223217303450396,2.930154430558782e-41,0.0,0.0,0.0,0.0,0.0,0.008664225704843207,0.0,0.0,0.0,0.0,0.004332112852421604,0.0,0.0,0.0,0.0,0.0,0.0,0.0,0.0,0.0
0.0,0.0,0.0,0.0,6.302968045556205e-48,0.02406479485611465,0.0,0.0,0.0,0.0,0.0,0.0,9.361153009347513e-49,0.975934319690622,0.0,0.0,0.0,0.0,0.0,0.0,4.032533475298867e-61,8.854532632007718e-7,0.0,0.0,0.0,0.0,0.0,0.0,7.92240752340151e-116,4.0014174225482123e-103,0.0,0.0,0.0,0.0,0.0,0.0,1.8014004336467312e-129,8.287512950175542e-92,0.0,0.0,0.0,0.0,0.0,0.0,0.0,1.8230787931495154e-240,0.0,0.0,0.0,0.0,0.0,0.0,0.0,8.110234871707142e-198,0.0,0.0,0.0,0.0,0.0,0.0,0.0,0.0,0.0,0.0,0.0,0.0,0.0,0.0,0.0,0.0,0.0,0.0,0.0,0.0,0.0,0.0,0.0,0.0,0.0,0.0,0.0,0.0,0.0,0.0,0.0,0.0,0.0,0.0,0.0,0.0,0.0,0.0,0.0,0.0,0.0,0.0,0.0,0.0,0.0,0.0,0.0,0.0,0.0,0.0,0.0,0.0,0.0,0.0,0.0,0.0,0.0,0.0,0.0,0.0,0.0,0.0,0.0,0.0,0.0,0.0,0.0,0.0,0.0,0.0,0.0,0.0,0.0,0.0,0.0,0.0,0.0,0.0,0.0,0.0,0.0,0.0,0.0,0.0,0.0,0.0,0.0,0.0,0.0,0.0,0.0,0.0,0.0,0.0,0.0,0.0,0.0,0.0,0.0,0.0,0.0,0.0,0.0,0.0,0.0,0.0,0.0,0.0,0.0,0.0,0.0,0.0,0.0,0.0,0.0,0.0,0.0,0.0,0.0,0.0,0.0,0.0,0.0,0.0,0.0,0.0,0.0,0.0,0.0,0.0,0.0,0.0,0.0,0.0,0.0,0.0,0.0,0.0,0.0,0.0,0.0,0.0,0.0,0.0,0.0,0.0,0.0,0.0,0.0,0.0
0.0,0.0,1.3526236161884408e-232,0.0,0.0,0.0,0.0,0.0,0.0,1.2746475222798327e-200,1.5634580377075076e-15,4.963027211099043e-165,0.0,0.0,0.0,0.0,0.0,2.8494944669662343e-205,0.06533163107861688,1.230582968183163e-103,0.0,0.0,0.0,0.0,0.0,3.817915218439933e-130,0.7006583733842138,8.348735897124001e-103,0.0,0.0,0.0,0.0,0.0,4.705048983757964e-152,0.18725602656502915,6.672071731365985e-122,0.0,0.0,0.0,0.0,0.0,7.613498777484333e-146,0.026870719534087373,2.6607982076347786e-109,0.0,0.0,0.0,0.0,0.0,5.468166025978566e-156,0.010436552186540226,2.154173507033137e-155,0.0,0.0,0.0,0.0,0.0,2.3629862216189978e-133,0.0050532456254839915,4.2707002753076577e-103,0.0,0.0,0.0,0.0,0.0,4.8244215701130175e-170,0.001857234972292609,4.2486094535866923e-165,0.0,0.0,0.0,0.0,0.0,9.072794400718695e-186,4.821580801293678e-20,1.0127358051527114e-262,0.0,0.0,0.0,0.0,1.6035331809763534e-156,3.402971183308896e-24,2.6590372493051984e-238,0.0,0.0,0.0,0.0,0.0,0.0,3.637130172384423e-5,5.811878832695552e-240,0.0,0.0,0.0,0.0,8.643136565509882e-142,5.222855931127574e-25,0.0,0.0,0.0,0.0,0.0,2.4497507592689795e-143,1.1126619311567785e-46,0.0,0.0,0.0,0.0,0.0,0.0,2.5560597033408955e-303,0.001257446069172835,5.166782236172842e-173,0.0,0.0,0.0,0.0,9.896132521982997e-164,0.0011599229310476733,1.6066742912009745e-93,0.0,0.0,0.0,0.0,0.0,2.74859889434648e-286,5.619873852906722e-5,1.5841551422349315e-272,0.0,0.0,0.0,0.0,4.458920608080651e-130,5.295065806485827e-42,4.487157810820509e-216,0.0,0.0,0.0,0.0,5.751512711226595e-149,1.820825809102195e-25,0.0,0.0,0.0,0.0,2.18354218424695e-154,2.6277613261144245e-5,4.2500287197957934e-245,0.0,0.0,0.0,1.1148708426424354e-148,3.574361360045362e-61,3.059329846209358e-254,0.0,0.0,0.0,0.0,3.0737199235712466e-286,4.399489383278748e-18,5.697947180179823e-169,0.0,0.0,0.0,1.6366621062511913e-91,1.405272208596144e-58,0.0,0.0,0.0,0.0,0.0,0.0,2.5945406868186394e-20,0.0,0.0,0.0,0.0,0.0,0.0,4.7400742160499517e-51,0.0,0.0,0.0,7.146262429138867e-116,5.937828156212614e-81,0.0,0.0,0.0,0.0,0.0,0.0,0.0,8.731513298890403e-264,0.0,0.0,0.0,0.0,0.0,0.0,0.0,2.5676219668240376e-197,0.0,0.0,0.0
8.307123892007053e-133,0.0,0.0,0.0,0.0,0.0,1.0780491964728906e-78,0.019460192224503733,1.7394232000643742e-123,0.0,0.0,0.0,0.0,0.0,2.4606249038853663e-89,0.9410070114202911,1.969639951192869e-159,0.0,0.0,0.0,0.0,0.0,4.3445506529112836e-80,0.03696968790983804,3.145687446956504e-142,0.0,0.0,0.0,0.0,0.0,9.30513320717156e-83,0.0013975711881139066,7.787551868669655e-205,0.0,0.0,0.0,0.0,0.0,0.0,3.401471429227324e-53,1.2273644029834066e-255,0.0,0.0,0.0,0.0,0.0,1.645642270165053e-84,0.0011655372572530627,0.0,0.0,0.0,0.0,0.0,0.0,0.0,1.3066324507738587e-46,2.87948971433492e-218,0.0,0.0,0.0,0.0,0.0,1.6842506042151874e-177,4.304401981358232e-118,0.0,0.0,0.0,0.0,0.0,0.0,0.0,2.318495999950585e-84,1.2414415255436562e-245,0.0,0.0,0.0,0.0,0.0,1.4597993622702509e-204,0.0,0.0,0.0,0.0,0.0,0.0,0.0,1.301700324959015e-112,0.0,0.0,0.0,0.0,0.0,0.0,1.95048454007398e-218,0.0,0.0,0.0,0.0,0.0,0.0,2.100306240777021e-171,4.453510652409519e-162,0.0,0.0,0.0,0.0,0.0,0.0,1.8869571634916688e-112,0.0,0.0,0.0,0.0,0.0,0.0,7.033487104416824e-62,0.0,0.0,0.0,0.0,0.0,0.0,0.0,8.915684905543937e-84,0.0,0.0,0.0,0.0,0.0,4.625735264313008e-169,3.199967061873171e-187,1.2845685934065755e-279,0.0,0.0,0.0,0.0,0.0,3.0897891596409384e-55,1.1756558915048976e-152,0.0,0.0,0.0,0.0,1.6241844945203695e-187,0.0,0.0,0.0,0.0,0.0,3.578903497024503e-170,0.0,0.0,0.0,0.0,0.0,0.0,9.549349223351045e-149,0.0,0.0,0.0,0.0,0.0,1.669057068273421e-90,8.554931258788283e-284,0.0,0.0,0.0,0.0,0.0,1.1966470717925573e-216,0.0,0.0,0.0,0.0,0.0,0.0,2.8070430684117293e-306,0.0,0.0,0.0,0.0,6.27040908800946e-167,0.0,0.0,0.0,0.0,0.0,1.0e-323,7.594596584183974e-300,0.0,0.0,0.0,0.0,0.0,0.0,0.0,0.0,0.0,0.0,0.0,0.0,0.0,0.0,0.0
0.0,0.0,0.0,0.0,0.0,0.0,2.494016922014278e-122,7.616384821311188e-229,0.0,0.0,0.0,0.0,0.0,0.0,0.018912160064184596,5.832120954300707e-80,0.0,0.0,0.0,0.0,0.0,0.0,0.9505880064835494,4.286650236252999e-40,0.0,0.0,0.0,0.0,0.0,0.0,0.027629466609530525,1.399944352181828e-85,0.0,0.0,0.0,0.0,0.0,0.0,2.344056694934559e-9,2.2320609002802592e-81,0.0,0.0,0.0,0.0,0.0,0.0,0.0012429348980269115,1.855091678054695e-117,0.0,0.0,0.0,0.0,0.0,0.0,1.0033321963697124e-68,2.3322189020233538e-139,0.0,0.0,0.0,0.0,0.0,0.0,0.0016274296006519003,3.5275124225513015e-123,0.0,0.0,0.0,0.0,0.0,0.0,2.250808971608042e-304,2.770479940016355e-118,0.0,0.0,0.0,0.0,0.0,3.442763518734268e-253,2.2733881667654744e-241,0.0,0.0,0.0,0.0,0.0,0.0,1.1388623836684768e-84,3.01678816420362e-145,0.0,0.0,0.0,0.0,0.0,0.0,0.0,0.0,0.0,0.0,0.0,0.0,0.0,7.737287050979267e-229,0.0,0.0,0.0,0.0,0.0,0.0,1.7897111334644945e-255,0.0,0.0,0.0,0.0,0.0,0.0,0.0,0.0,0.0,0.0,0.0,0.0,0.0,0.0,5.45891450659967e-260,0.0,0.0,0.0,0.0,0.0,0.0,3.3466387423827565e-210,3.543378574914642e-227,0.0,0.0,0.0,0.0,0.0,0.0,0.0,0.0,0.0,0.0,0.0,0.0,0.0,0.0,0.0,0.0,0.0,0.0,0.0,0.0,0.0,0.0,0.0,0.0,0.0,0.0,0.0,0.0,0.0,0.0,0.0,0.0,0.0,0.0,0.0,0.0,0.0,0.0,0.0,0.0,0.0,0.0,0.0,0.0,1.0663590909176513e-239,2.543275724625117e-246,0.0,0.0,0.0,0.0,0.0,0.0,0.0,0.0,0.0,0.0,2.5523567048971267e-225,0.0,0.0,0.0,0.0,0.0,0.0,0.0,0.0,0.0,0.0,0.0,0.0,0.0,3.993972492686207e-247,0.0,0.0
1.155632648146357e-90,0.0,0.0,0.0,0.0,9.301719279833954e-117,0.6560587336653925,0.3352650058532461,1.4833618660620297e-223,0.0,0.0,0.0,0.0,1.5858369301994209e-100,0.003676037994638304,0.005000222486723407,2.9848463507168923e-302,0.0,0.0,0.0,0.0,0.0,5.929418958342798e-87,2.4869497354546307e-63,1.2466272322098372e-170,0.0,0.0,0.0,0.0,0.0,6.059589352443895e-188,2.0577241425345704e-57,0.0,0.0,0.0,0.0,0.0,0.0,0.0,1.4801637958927583e-295,0.0,0.0,0.0,0.0,0.0,0.0,1.1168879066314002e-290,7.775213816751059e-264,0.0,0.0,0.0,0.0,0.0,0.0,0.0,7.046122330915086e-278,0.0,0.0,0.0,0.0,0.0,0.0,0.0,1.0843971898608229e-49,0.0,0.0,0.0,0.0,0.0,0.0,0.0,0.0,0.0,0.0,0.0,0.0,0.0,0.0,0.0,0.0,0.0,0.0,0.0,0.0,0.0,0.0,0.0,0.0,0.0,0.0,0.0,0.0,0.0,0.0,0.0,0.0,0.0,0.0,0.0,0.0,0.0,0.0,0.0,0.0,0.0,0.0,0.0,0.0,0.0,0.0,0.0,0.0,0.0,0.0,0.0,0.0,0.0,0.0,0.0,0.0,0.0,0.0,0.0,0.0,0.0,0.0,0.0,0.0,0.0,0.0,0.0,0.0,0.0,0.0,0.0,0.0,0.0,0.0,0.0,0.0,0.0,0.0,0.0,0.0,0.0,0.0,0.0,0.0,0.0,0.0,0.0,0.0,0.0,0.0,0.0,0.0,3.004507196761066e-104,0.0,0.0,0.0,0.0,0.0,0.0,0.0,0.0,0.0,0.0,0.0,0.0,0.0,0.0,0.0,0.0,0.0,0.0,0.0,0.0,0.0,0.0,0.0,0.0,0.0,0.0,0.0,0.0,0.0,0.0,0.0,0.0,0.0,0.0,0.0,0.0,0.0,0.0,0.0,0.0,0.0,0.0,0.0,0.0,0.0,0.0,0.0
1.669005725507149e-140,0.0,0.0,0.0,0.0,0.0,0.0,1.027771407174086e-98,9.701408593327373e-124,0.0,0.0,0.0,0.0,0.0,2.9688374582113238e-238,4.007313350409874e-18,9.365285338977626e-87,0.0,0.0,0.0,0.0,0.0,9.897137175506027e-168,0.0266061037180644,2.891726855107491e-85,0.0,0.0,0.0,0.0,0.0,1.2503947600735498e-176,0.33889208125815234,1.448109650594961e-79,0.0,0.0,0.0,0.0,0.0,5.104683636372994e-181,0.21445303972639262,3.022826916077214e-77,0.0,0.0,0.0,0.0,0.0,2.6189141889962456e-142,0.14397010044019568,7.246193971818201e-67,0.0,0.0,0.0,0.0,0.0,4.203910127498845e-136,0.075353929607601,1.3002834442510004e-55,0.0,0.0,0.0,0.0,0.0,1.4153065507664785e-243,0.04465025286162028,1.2763481561654703e-151,0.0,0.0,0.0,0.0,0.0,0.0,0.02480569603423349,1.5203954659963368e-48,0.0,0.0,0.0,0.0,0.0,0.011906734096432075,3.3639652734034345e-163,0.0,0.0,0.0,0.0,0.0,8.30921723346682e-160,0.010914506255062736,2.694204475680456e-65,0.0,0.0,0.0,0.0,0.0,0.009922278413693395,0.0,0.0,0.0,0.0,0.0,0.0,0.009024579143272819,4.443716123282789e-51,0.0,0.0,0.0,0.0,0.0,0.0,0.011906734096432075,3.39947628913492e-138,0.0,0.0,0.0,0.0,0.0,0.005953367048216037,0.0,0.0,0.0,0.0,0.0,0.0,0.0,0.010433984487773076,2.686732518672777e-119,0.0,0.0,0.0,0.0,0.0,0.0045122953304573025,1.159834433846079e-57,0.0,0.0,0.0,0.0,0.0,0.006945594889585377,1.8345503761924323e-119,0.0,0.0,0.0,0.0,0.003968911365477359,0.0,0.0,0.0,0.0,0.0,0.006945594889585377,0.0,0.0,0.0,0.0,0.0,0.0,0.0041062418898255995,0.0,0.0,0.0,0.0,0.0,0.005953367048216037,5.818969938208843e-74,0.0,0.0,0.0,0.0,0.0,0.008930050572324056,0.0,0.0,0.0,0.0,0.0,0.0,0.005953367048216037,2.3018982866229762e-117,0.0,0.0,0.0,0.009922278413693395,0.0,0.0,0.0,0.0,0.0,6.63284599817636e-68,0.003968911365477359,0.0,0.0,0.0,0.0,0.0,0.0,0.0,0.0,0.0,0.0,0.0,0.0,0.0,0.0,0.0
0.0,0.0,0.0,0.0,0.0,0.0,0.21204917182903193,3.4060753310239973e-23,0.0,0.0,0.0,0.0,0.0,0.0,3.6500689110315508e-9,0.009948977637220231,0.0,0.0,0.0,0.0,0.0,0.0,0.246480234130177,0.3785571742573639,0.0,0.0,0.0,0.0,0.0,0.0,0.02111546169660673,4.540509054547888e-37,0.0,0.0,0.0,0.0,0.0,0.0,0.0,3.7938593820440507e-140,0.0,0.0,0.0,0.0,0.0,0.0,0.04771749191577349,2.248725054697408e-260,0.0,0.0,0.0,0.0,0.0,0.0,0.0,4.9001906167884356e-136,0.0,0.0,0.0,0.0,0.0,0.0,4.963774421675563e-167,5.815901146515054e-101,0.0,0.0,0.0,0.0,0.0,0.0,0.0,2.3267209449969253e-57,0.0,0.0,0.0,0.0,0.0,0.0,0.0,0.0,0.0,0.0,0.0,0.0,0.0,0.0,0.0,0.0,0.0,0.0,0.0,0.0,0.0,0.0,0.0,0.0,0.0,0.0,0.0,0.0,0.0,0.0,0.0,0.0,0.0,0.0,0.0,0.0,0.0,0.0,0.0,0.0,0.0,0.0,0.0,0.0,0.0,0.0,0.0,0.0,0.0,0.0,0.0,0.0,0.0,0.0,0.0,0.0,0.0,0.045193256806782774,0.0,0.0,0.0,0.0,0.0,0.0,0.0,0.0,0.0,0.0,0.0,0.0,0.0,0.0,0.0,0.0,0.0,0.0,0.0,0.0,0.0,0.0,0.0,0.0,0.0,0.0,0.03893822807697516,0.0,0.0,0.0,0.0,0.0,0.0,0.0,0.0,0.0,0.0,0.0,0.0,0.0,0.0,0.0,0.0,0.0,0.0,0.0,0.0,0.0,0.0,0.0,0.0,0.0,0.0,0.0,0.0,0.0,0.0,0.0,0.0,0.0,0.0,0.0,0.0,0.0,0.0,0.0,0.0,0.0,0.0,0.0,0.0,0.0,0.0,0.0
0.0,2.209231817915392e-87,1.7184147704089583e-184,0.0,0.0,0.0,0.0,0.0,3.032089833971919e-113,0.05010995831397822,2.4048686922278947e-103,0.0,0.0,0.0,0.0,0.0,5.69353693172581e-124,0.7938737016819786,1.8804359374409075e-106,0.0,0.0,0.0,0.0,0.0,1.2580226346744241e-93,0.1155748281539266,3.2805939194316634e-102,0.0,0.0,0.0,0.0,0.0,5.671790986580118e-123,0.02575415259854391,1.627586107628638e-107,0.0,0.0,0.0,0.0,0.0,2.2253448571914355e-118,0.009734774235163602,3.0781962077939253e-121,0.0,0.0,0.0,0.0,0.0,1.7428946704260885e-63,0.0025858756065962316,2.5381895158959154e-232,0.0,0.0,0.0,0.0,0.0,7.854025198392144e-97,7.072602796475838e-10,4.94e-322,0.0,0.0,0.0,0.0,0.0,3.5620887919689547e-168,0.001048802327251606,9.742705855572442e-106,0.0,0.0,0.0,0.0,0.0,2.113967995937097e-109,0.0001732585065284776,1.165238258427175e-197,0.0,0.0,0.0,0.0,4.079639139624407e-186,0.0005804002983123892,6.511225452804895e-160,0.0,0.0,0.0,0.0,0.0,1.0188775560048082e-175,7.978030738804754e-45,2.679437560019231e-143,0.0,0.0,0.0,0.0,2.8278314580662773e-60,1.8567196374973998e-32,0.0,0.0,0.0,0.0,0.0,0.0,7.603983618883781e-81,0.0,0.0,0.0,0.0,0.0,0.0,1.4770078488845563e-260,2.6134711000856167e-44,0.0,0.0,0.0,0.0,0.0,2.22286880635682e-151,2.977812366919456e-70,0.0,0.0,0.0,0.0,0.0,0.0,4.317004416888121e-233,1.8528959439821247e-25,1.0892335746099223e-272,0.0,0.0,0.0,0.0,2.0895042773691433e-217,4.893323430551903e-105,0.0,0.0,0.0,0.0,0.0,0.0,0.0001139675133486831,0.0,0.0,0.0,0.0,1.707542190800876e-125,2.8261932332661267e-71,9.221364908409113e-283,0.0,0.0,0.0,8.804160082062073e-150,1.0407094784482456e-58,1.8864492581180217e-100,0.0,0.0,0.0,0.0,2.6434228547174834e-170,0.0004502800571117427,0.0,0.0,0.0,0.0,0.0,6.73358952372568e-86,5.942504784015777e-145,0.0,0.0,0.0,0.0,1.3232818944390823e-265,3.819919171578718e-129,0.0,0.0,0.0,0.0,0.0,0.0,2.637704196053743e-136,0.0,0.0,0.0,0.0,9.735117519107446e-104,0.0,0.0,0.0,0.0,0.0,0.0,3.000191465440313e-154,0.0,0.0,0.0,0.0,1.7186512848678152e-155,0.0,0.0,0.0,0.0,0.0,0.0,0.0,0.0
0.0,0.0,0.0,0.0,1.0290262917376148e-162,2.9981548721159506e-18,6.67018722277438e-163,0.0,0.0,0.0,0.0,0.0,4.0505303090618987e-123,0.7373655796783475,2.7516889973037926e-121,0.0,0.0,0.0,0.0,0.0,4.193886333565785e-127,0.2626344203216525,1.815771526560335e-134,0.0,0.0,0.0,0.0,0.0,9.836475445956013e-127,1.8183728647024328e-55,7.454257233735635e-263,0.0,0.0,0.0,0.0,0.0,6.719572974660644e-120,1.0032740379429041e-85,0.0,0.0,0.0,0.0,0.0,0.0,0.0,8.959387724499649e-115,0.0,0.0,0.0,0.0,0.0,0.0,0.0,1.9225651681284438e-131,0.0,0.0,0.0,0.0,0.0,0.0,0.0,0.0,0.0,0.0,0.0,0.0,0.0,0.0,0.0,0.0,0.0,0.0,0.0,0.0,0.0,0.0,0.0,0.0,0.0,0.0,0.0,0.0,0.0,0.0,0.0,0.0,0.0,0.0,0.0,0.0,0.0,0.0,0.0,0.0,0.0,0.0,0.0,0.0,0.0,0.0,0.0,0.0,0.0,0.0,0.0,0.0,0.0,0.0,0.0,0.0,0.0,0.0,0.0,0.0,0.0,0.0,0.0,0.0,0.0,0.0,0.0,0.0,0.0,0.0,0.0,0.0,0.0,0.0,0.0,0.0,0.0,0.0,0.0,0.0,0.0,0.0,0.0,0.0,0.0,0.0,0.0,0.0,0.0,0.0,0.0,0.0,0.0,0.0,0.0,0.0,0.0,0.0,0.0,0.0,0.0,0.0,0.0,0.0,0.0,0.0,0.0,0.0,0.0,0.0,0.0,0.0,0.0,0.0,0.0,0.0,0.0,0.0,0.0,0.0,0.0,0.0,0.0,0.0,0.0,0.0,0.0,0.0,0.0,0.0,0.0,0.0,0.0,0.0,0.0,0.0,0.0,0.0,0.0,0.0,0.0,0.0,0.0,0.0,0.0,0.0,0.0,0.0,0.0,0.0
0.0,8.828203210459498e-92,0.8425370043205634,3.8935085419753654e-138,0.0,0.0,0.0,0.0,0.0,7.819251756867901e-89,0.12231881408544026,3.999700112357607e-146,0.0,0.0,0.0,0.0,0.0,4.5024781294111875e-86,0.02428179809287497,6.85565572234982e-198,0.0,0.0,0.0,0.0,0.0,1.0426128350716122e-153,0.0002539849951865198,2.3669979954419555e-258,0.0,0.0,0.0,0.0,0.0,2.743656536239949e-46,1.979930568977401e-61,1.0815439531871632e-186,0.0,0.0,0.0,0.0,0.0,2.4733659438526154e-152,9.166551753629844e-66,0.0,0.0,0.0,0.0,0.0,0.0,0.0,5.1483973750328245e-23,0.0,0.0,0.0,0.0,0.0,0.0,0.0001192139984761069,0.01048918450745856,5.971890284549345e-288,0.0,0.0,0.0,0.0,0.0,9.100023165795419e-286,7.238529579948506e-27,8.767886229280355e-125,0.0,0.0,0.0,0.0,0.0,0.0,1.0726769045119924e-141,0.0,0.0,0.0,0.0,0.0,0.0,3.593267158197983e-134,0.0,0.0,0.0,0.0,0.0,0.0,0.0,1.9544363992754932e-193,0.0,0.0,0.0,0.0,0.0,0.0,1.5775779599235694e-171,0.0,0.0,0.0,0.0,0.0,0.0,4.244424170420189e-303,0.0,0.0,0.0,0.0,0.0,0.0,0.0,1.3073935360875051e-279,0.0,0.0,0.0,0.0,0.0,0.0,3.4857310805072717e-171,0.0,0.0,0.0,0.0,0.0,0.0,1.1276241351773958e-239,1.1695271012760892e-191,0.0,0.0,0.0,0.0,0.0,0.0,1.3625553087726332e-169,0.0,0.0,0.0,0.0,0.0,0.0,0.0,0.0,0.0,0.0,0.0,0.0,3.5875307232428746e-207,0.0,0.0,0.0,0.0,0.0,8.191491727384595e-240,0.0,0.0,0.0,0.0,0.0,3.684227017539929e-147,0.0,0.0,0.0,0.0,0.0,0.0,0.0,0.0,0.0,0.0,0.0,0.0,0.0,3.0791177534965568e-292,0.0,0.0,0.0,0.0,0.0,0.0,9.461863115236127e-267,0.0,0.0,0.0,0.0,0.0,0.0,0.0,0.0,0.0,0.0,0.0,0.0,0.0,0.0,0.0,0.0,0.0,0.0,0.0,0.0,0.0,0.0,0.0,0.0
0.0,0.0,0.0,4.642763265310227e-167,0.0,0.0,0.0,0.0,0.0,0.0,6.134211936964732e-104,2.2954846089996973e-77,6.386299735402671e-276,0.0,0.0,0.0,0.0,0.0,5.199845339290595e-103,3.493399708118822e-31,1.3309835605430734e-206,0.0,0.0,0.0,0.0,0.0,2.0408435934694056e-92,0.120078082297739,5.761065305922961e-160,0.0,0.0,0.0,0.0,0.0,2.76504209086493e-82,0.394087518984391,3.1439928000200794e-134,0.0,0.0,0.0,0.0,0.0,4.243590054774721e-84,0.20072141952673345,1.1971399580557363e-124,0.0,0.0,0.0,0.0,0.0,4.290065973727074e-96,0.0734424179475242,6.298871776846367e-137,0.0,0.0,0.0,0.0,0.0,1.81267439693148e-77,0.03725349257375586,4.051213689252071e-113,0.0,0.0,0.0,0.0,0.0,1.484550734928572e-124,0.032298334441743536,2.4157031125382624e-123,0.0,0.0,0.0,0.0,0.0,7.609014911514996e-67,0.01709971520438969,0.0,0.0,0.0,0.0,0.0,1.1748589217034606e-92,0.012638919933679335,0.0,0.0,0.0,0.0,0.0,0.0,9.815148111182016e-118,0.007433860961897292,7.614378709411068e-118,0.0,0.0,0.0,0.0,0.0,0.010408522298324159,0.0,0.0,0.0,0.0,0.0,1.5796705952100938e-87,0.010408522298324159,0.0,0.0,0.0,0.0,0.0,0.0,5.469959067295857e-145,0.008178124662968982,0.0,0.0,0.0,0.0,0.0,6.919101315035267e-91,0.010408522298324159,0.0,0.0,0.0,0.0,0.0,0.0,1.1684627648969884e-113,0.010408522298324159,0.0,0.0,0.0,0.0,0.0,0.0,0.010526244722187831,0.0,0.0,0.0,0.0,0.0,3.23773760557663e-81,0.008921590541420707,5.1397540667871396e-80,0.0,0.0,0.0,9.472535562996241e-88,0.007434658784517256,0.0,0.0,0.0,0.0,2.6954964975289884e-91,0.008921590541420707,4.2744567701715714e-80,0.0,0.0,0.0,0.0,0.0,0.00669119290606553,6.619620482721176e-75,0.0,0.0,0.0,0.0,0.0029736903563966255,0.0,0.0,0.0,0.0,0.0,0.0,0.0014869317569034513,1.0443608011328344e-60,0.0,0.0,0.0,0.0,0.0,0.005204261149162079,0.0,0.0,0.0,1.0652355318671122e-83,0.0022303976353551767,0.0,0.0,0.0,0.0,0.0,0.0,0.0007434658784517257,0.0,0.0,0.0,0.0,0.0,0.0,0.0,1.7086698116192497e-21,0.0,0.0,0.0
0.0,0.0,0.0,0.0,4.8188667548703517e-238,3.7093134289706993e-106,1.0830217175516085e-292,0.0,0.0,0.0,0.0,0.0,3.0072903583225775e-85,0.002949602655933693,1.815992529395374e-117,0.0,0.0,0.0,0.0,0.0,3.5365595489892997e-101,0.9063258244638419,9.909787292284916e-106,0.0,0.0,0.0,0.0,0.0,1.1742528834738775e-108,0.06547590994356926,7.304887927388102e-104,0.0,0.0,0.0,0.0,0.0,5.995787028049418e-91,0.022010126154775066,6.26161025805574e-216,0.0,0.0,0.0,0.0,0.0,0.0,0.0032385367818800566,0.0,0.0,0.0,0.0,0.0,0.0,0.0,6.915161273543435e-18,0.0,0.0,0.0,0.0,0.0,0.0,0.0,0.0,0.0,0.0,0.0,0.0,0.0,0.0,0.0,0.0,0.0,0.0,0.0,0.0,0.0,0.0,0.0,0.0,0.0,0.0,0.0,0.0,0.0,0.0,0.0,0.0,0.0,0.0,0.0,0.0,0.0,0.0,0.0,0.0,0.0,0.0,0.0,0.0,0.0,0.0,0.0,0.0,0.0,0.0,0.0,0.0,0.0,0.0,0.0,0.0,0.0,0.0,0.0,0.0,0.0,0.0,0.0,0.0,0.0,0.0,0.0,0.0,0.0,0.0,0.0,0.0,0.0,0.0,0.0,0.0,0.0,0.0,0.0,0.0,0.0,0.0,0.0,0.0,0.0,0.0,0.0,0.0,0.0,0.0,0.0,0.0,0.0,0.0,0.0,0.0,0.0,0.0,0.0,0.0,0.0,0.0,0.0,0.0,0.0,0.0,0.0,0.0,0.0,0.0,0.0,0.0,0.0,0.0,0.0,0.0,0.0,0.0,0.0,0.0,0.0,0.0,0.0,0.0,0.0,0.0,0.0,0.0,0.0,0.0,0.0,0.0,0.0,0.0,0.0,0.0,0.0,0.0,0.0,0.0,0.0,0.0,0.0,0.0,0.0,0.0,0.0,0.0,0.0,0.0
0.0,3.6207138663840305e-186,3.1944953958887183e-112,0.0,0.0,0.0,0.0,0.0,0.0,3.739247455241349e-90,5.479144561352382e-10,3.593508628443569e-215,0.0,0.0,0.0,0.0,0.0,7.25767080936778e-99,0.26572931099441766,1.8537003654765767e-164,0.0,0.0,0.0,0.0,0.0,7.280815391453066e-61,0.46207592338018105,5.984307479346979e-188,0.0,0.0,0.0,0.0,0.0,3.6525828726030114e-78,0.1758230844642966,1.9804134746959118e-205,0.0,0.0,0.0,0.0,0.0,4.8000356414103663e-64,0.06091572794209226,2.9809095492759792e-173,0.0,0.0,0.0,0.0,0.0,6.652282792789394e-92,0.00019913375766861867,1.908608772386206e-220,0.0,0.0,0.0,0.0,0.0,2.4966735844204002e-45,0.0012273431068027967,6.123651064264632e-162,0.0,0.0,0.0,0.0,0.0,2.9885628545678297e-85,0.005372542744919901,4.790966355271382e-268,0.0,0.0,0.0,0.0,0.0,6.050251975457313e-195,0.00302649222849111,3.3725e-320,0.0,0.0,0.0,0.0,2.4983317436949802e-116,1.5715442254661186e-13,2.775915565772839e-293,0.0,0.0,0.0,0.0,0.0,0.0,0.01568170447845027,7.428562873792751e-308,0.0,0.0,0.0,0.0,6.909792959117565e-96,2.4031916398203712e-22,0.0,0.0,0.0,0.0,0.0,1.8018039268293303e-98,2.6867577662373244e-47,0.0,0.0,0.0,0.0,0.0,0.0,4.1142315657958177e-175,1.2372162062619918e-29,7.02234908695027e-290,0.0,0.0,0.0,0.0,8.715439550395152e-160,2.6193579834573775e-8,3.984560731768612e-173,0.0,0.0,0.0,0.0,0.0,2.773335346689395e-110,0.003100829668095988,5.85494622575e-312,0.0,0.0,0.0,0.0,4.407348562644996e-89,5.412727686852556e-36,1.9731184642551906e-297,0.0,0.0,0.0,0.0,3.6400668728947083e-144,3.1743268172146835e-68,0.0,0.0,0.0,0.0,1.703670123738603e-90,0.004033116454872876,1.128098081533279e-263,0.0,0.0,0.0,1.022535125680593e-93,0.0028147640380424568,1.3206e-320,0.0,0.0,0.0,0.0,2.3266778289638916e-34,2.9662503574259745e-25,7.133041676322029e-159,0.0,0.0,0.0,3.810880081010843e-31,1.6897228201874876e-14,0.0,0.0,0.0,0.0,0.0,0.0,2.4185261326871675e-29,0.0,0.0,0.0,0.0,0.0,0.0,2.901183553168471e-27,0.0,0.0,0.0,5.154099538192963e-120,9.920574156978283e-87,0.0,0.0,0.0,0.0,0.0,0.0,0.0,3.6966704152588915e-271,0.0,0.0,0.0,0.0,0.0,0.0,0.0,8.126313582971647e-237,0.0,0.0,0.0
0.0,0.0,0.0,0.0,4.643068871808194e-108,0.9780865314192314,6.890107205467818e-78,0.0,0.0,0.0,0.0,0.0,1.5188719002466863e-116,0.021913468580768886,3.073551424188627e-150,0.0,0.0,0.0,0.0,0.0,2.8614568544502707e-294,6.121709946596748e-195,9.3976e-320,0.0,0.0,0.0,0.0,0.0,0.0,0.0,0.0,0.0,0.0,0.0,0.0,0.0,0.0,0.0,0.0,0.0,0.0,0.0,0.0,0.0,0.0,0.0,0.0,0.0,0.0,0.0,0.0,0.0,0.0,0.0,0.0,0.0,0.0,0.0,0.0,0.0,0.0,0.0,0.0,0.0,0.0,0.0,0.0,0.0,0.0,0.0,0.0,0.0,0.0,0.0,0.0,0.0,0.0,0.0,0.0,0.0,0.0,0.0,0.0,0.0,0.0,0.0,0.0,0.0,0.0,0.0,0.0,0.0,0.0,0.0,0.0,0.0,0.0,0.0,0.0,0.0,0.0,0.0,0.0,0.0,0.0,0.0,0.0,0.0,0.0,0.0,0.0,0.0,0.0,0.0,0.0,0.0,0.0,0.0,0.0,0.0,0.0,0.0,0.0,0.0,0.0,0.0,0.0,0.0,0.0,0.0,0.0,0.0,0.0,0.0,0.0,0.0,0.0,0.0,0.0,0.0,0.0,0.0,0.0,0.0,0.0,0.0,0.0,0.0,0.0,0.0,0.0,0.0,0.0,0.0,0.0,0.0,0.0,0.0,0.0,0.0,0.0,0.0,0.0,0.0,0.0,0.0,0.0,0.0,0.0,0.0,0.0,0.0,0.0,0.0,0.0,0.0,0.0,0.0,0.0,0.0,0.0,0.0,0.0,0.0,0.0,0.0,0.0,0.0,0.0,0.0,0.0,0.0,0.0,0.0,0.0,0.0,0.0,0.0,0.0,0.0,0.0,0.0,0.0,0.0
0.0,0.0,0.0,0.0,1.1255551070308676e-166,6.61724557685335e-151,0.0,0.0,0.0,0.0,0.0,6.362945894489629e-178,1.5173953007033372e-17,1.1688626685542675e-105,0.0,0.0,0.0,0.0,0.0,3.937111954401361e-117,0.006419625519777397,1.775223415643875e-172,0.0,0.0,0.0,0.0,0.0,1.3946749086971914e-94,0.8705911763969638,2.5273961719398917e-68,0.0,0.0,0.0,0.0,0.0,2.4635253362881485e-109,0.10349454067660806,6.453745621765057e-57,0.0,0.0,0.0,0.0,0.0,6.43097072843792e-93,0.011340923921703668,1.1148612983969306e-46,0.0,0.0,0.0,0.0,0.0,9.880805995832965e-273,0.0003242743923179118,1.0550629543902848e-24,0.0,0.0,0.0,0.0,0.0,5.014663729252744e-241,0.001260936899079362,0.0,0.0,0.0,0.0,0.0,0.0,0.0,0.0019707444007009555,0.0,0.0,0.0,0.0,0.0,0.0,0.0,9.743579543603021e-47,0.0,0.0,0.0,0.0,0.0,0.0,0.0,0.0,0.0,0.0,0.0,0.0,0.0,0.0,1.6119494178390707e-71,0.0,0.0,0.0,0.0,0.0,0.0,0.0009291801910388009,0.0,0.0,0.0,0.0,0.0,0.0,0.0,0.0,0.0,0.0,0.0,0.0,0.0,0.0,0.0009291802523339151,0.0,0.0,0.0,0.0,0.0,0.0,2.230979009415266e-18,0.0,0.0,0.0,0.0,0.0,0.0,0.0,0.000929180252333915,0.0,0.0,0.0,0.0,0.0,7.803312120688509e-285,4.945602047084352e-128,0.0,0.0,0.0,0.0,0.0,0.0,1.9777626900149043e-177,0.0,0.0,0.0,0.0,8.157095851218477e-295,0.0009291802523339151,0.0,0.0,0.0,0.0,0.0,0.0008810568448082462,0.0,0.0,0.0,0.0,0.0,0.0,6.28914505162254e-160,0.0,0.0,0.0,0.0,3.2964471828458456e-163,0.0,0.0,0.0,0.0,0.0,0.0,0.0,0.0,0.0,0.0,0.0,0.0,0.0,0.0,0.0,0.0,0.0,0.0,0.0,0.0,0.0,0.0,0.0,0.0,0.0,0.0,0.0,0.0,0.0,0.0,0.0,0.0,0.0,0.0,0.0,0.0,0.0
0.0,0.0,0.0,0.0,0.0,1.0574507217189213e-57,0.01259293811719,1.069513875527026e-296,0.0,0.0,0.0,0.0,0.0,2.5673697073028707e-48,0.9707788600548094,5.939342809161927e-254,0.0,0.0,0.0,0.0,0.0,4.071664680739695e-30,0.01662820182800058,0.0,0.0,0.0,0.0,0.0,0.0,0.0,7.289991092873896e-72,0.0,0.0,0.0,0.0,0.0,0.0,0.0,1.1407396747437922e-40,0.0,0.0,0.0,0.0,0.0,0.0,0.0,0.0,0.0,0.0,0.0,0.0,0.0,0.0,0.0,0.0,0.0,0.0,0.0,0.0,0.0,0.0,0.0,0.0,0.0,0.0,0.0,0.0,0.0,0.0,0.0,2.2360480517927647e-182,0.0,0.0,0.0,0.0,0.0,0.0,0.0,0.0,0.0,0.0,0.0,0.0,0.0,0.0,0.0,0.0,0.0,0.0,0.0,0.0,0.0,0.0,0.0,0.0,0.0,0.0,0.0,0.0,0.0,0.0,0.0,0.0,0.0,0.0,0.0,0.0,0.0,0.0,0.0,0.0,0.0,0.0,0.0,0.0,0.0,0.0,0.0,0.0,0.0,0.0,0.0,0.0,0.0,0.0,0.0,0.0,0.0,0.0,0.0,0.0,0.0,0.0,0.0,0.0,0.0,0.0,0.0,0.0,0.0,0.0,0.0,0.0,0.0,0.0,0.0,0.0,0.0,0.0,0.0,0.0,0.0,0.0,0.0,0.0,0.0,0.0,0.0,0.0,0.0,0.0,0.0,0.0,0.0,0.0,0.0,0.0,0.0,0.0,0.0,0.0,0.0,0.0,0.0,0.0,0.0,0.0,0.0,0.0,0.0,0.0,0.0,0.0,0.0,0.0,0.0,0.0,0.0,0.0,0.0,0.0,0.0,0.0,0.0,0.0,0.0,0.0,0.0,0.0,0.0,0.0,0.0,0.0,0.0
3.3917236943793215e-20,0.0,0.0,0.0,0.0,0.0,0.0,1.7207880792462508e-75,0.08352965067451905,0.0,0.0,0.0,0.0,0.0,0.0,2.1329905095570887e-61,0.7682804189811248,0.0,0.0,0.0,0.0,0.0,0.0,3.899384775691773e-79,0.12165548668030002,0.0,0.0,0.0,0.0,0.0,0.0,2.410833521675345e-87,0.02290065580900749,0.0,0.0,0.0,0.0,0.0,0.0,1.166844339448576e-112,3.19432309250193e-6,0.0,0.0,0.0,0.0,0.0,0.0,4.498239403666757e-75,8.483832717285173e-25,0.0,0.0,0.0,0.0,0.0,0.0,4.4677408765993955e-157,4.257806962538796e-34,0.0,0.0,0.0,0.0,0.0,0.0,8.969641325856226e-137,1.9531728757973276e-34,0.0,0.0,0.0,0.0,0.0,0.0,1.2135982127262291e-136,1.4729030662591433e-26,0.0,0.0,0.0,0.0,0.0,4.3855691116669085e-246,0.0011000225015091257,0.0,0.0,0.0,0.0,0.0,0.0,0.0,2.5413188352363024e-42,0.0,0.0,0.0,0.0,0.0,0.0,4.1022915634240066e-82,0.0,0.0,0.0,0.0,0.0,0.0,0.0009235776428759843,0.0,0.0,0.0,0.0,0.0,0.0,2.023067670527595e-161,4.261932914221735e-74,0.0,0.0,0.0,0.0,0.0,0.0,1.9284587826058644e-72,0.0,0.0,0.0,0.0,0.0,0.0,9.26644166858008e-207,3.293199236453363e-74,0.0,0.0,0.0,0.0,0.0,1.070289818178307e-212,1.63662220369049e-31,0.0,0.0,0.0,0.0,0.0,2.969087076965166e-213,6.73406155201379e-70,0.0,0.0,0.0,0.0,2.1404548885530083e-72,1.874852923886227e-52,0.0,0.0,0.0,0.0,0.0,1.626542601791495e-78,0.0,0.0,0.0,0.0,0.0,0.0,0.0016069933875712192,0.0,0.0,0.0,0.0,0.0,1.196745658293881e-63,0.0,0.0,0.0,0.0,0.0,2.049196156972557e-69,1.6731495678950788e-77,0.0,0.0,0.0,0.0,0.0,0.0,2.0279046902823885e-52,0.0,0.0,0.0,1.4058120374298487e-232,3.211220094446019e-32,0.0,0.0,0.0,0.0,0.0,0.0,1.8684157164049074e-203,0.0,0.0,0.0,0.0,1.8285094277116952e-194,0.0,0.0,0.0,0.0,0.0,0.0,0.0,0.0,0.0
0.0,0.0,0.0,3.524088420642477e-150,0.015859332229191194,3.654623522647334e-99,0.0,0.0,0.0,0.0,0.0,1.6537035899869333e-123,0.9582847059590606,4.931316059242615e-82,0.0,0.0,0.0,0.0,0.0,6.043884761115311e-159,0.024962436581291075,9.744749809406972e-88,0.0,0.0,0.0,0.0,0.0,7.867388800664154e-167,5.042735937200231e-25,7.9625113932143e-148,0.0,0.0,0.0,0.0,0.0,0.0,9.059189744329205e-30,4.488467920747222e-112,0.0,0.0,0.0,0.0,0.0,2.6989018500159013e-155,1.1708001450146695e-93,9.496115057141256e-222,0.0,0.0,0.0,0.0,0.0,0.0,9.45894254428498e-160,1.5888382238937994e-190,0.0,0.0,0.0,0.0,0.0,0.0,1.5925114031030383e-194,0.0,0.0,0.0,0.0,0.0,0.0,0.0,0.0008935252304570036,0.0,0.0,0.0,0.0,0.0,0.0,0.0,4.1528247471926866e-95,0.0,0.0,0.0,0.0,0.0,0.0,0.0,0.0,0.0,0.0,0.0,0.0,0.0,0.0,0.0,0.0,0.0,0.0,0.0,0.0,0.0,7.893221818001866e-17,0.0,0.0,0.0,0.0,0.0,0.0,0.0,0.0,0.0,0.0,0.0,0.0,0.0,0.0,0.0,0.0,0.0,0.0,0.0,0.0,0.0,9.329485066772145e-247,0.0,0.0,0.0,0.0,0.0,0.0,0.0,7.786809292746071e-259,0.0,0.0,0.0,0.0,0.0,0.0,1.863703877360765e-267,0.0,0.0,0.0,0.0,0.0,0.0,0.0,0.0,0.0,0.0,0.0,0.0,0.0,0.0,0.0,0.0,0.0,0.0,1.0017672645329115e-279,0.0,0.0,0.0,0.0,0.0,0.0,0.0,0.0,0.0,0.0,0.0,0.0,0.0,0.0,0.0,0.0,0.0,0.0,0.0,0.0,0.0,0.0,0.0,0.0,0.0,0.0,0.0,0.0,0.0,0.0,0.0,0.0,0.0,0.0,0.0,0.0,0.0,0.0,0.0,0.0,0.0,0.0,0.0,0.0,0.0,0.0,0.0,0.0,0.0
0.0,1.1096299132858545e-231,2.342839136851767e-93,0.0,0.0,0.0,0.0,0.0,0.0,2.304195033552879e-78,0.06532014949271285,1.528754588564242e-188,0.0,0.0,0.0,0.0,0.0,4.007888682396974e-93,0.871613171343437,4.523667159717683e-158,0.0,0.0,0.0,0.0,0.0,5.414977728049787e-79,0.05312259410323381,1.183436778731401e-195,0.0,0.0,0.0,0.0,0.0,3.7112486964369705e-71,0.0001274757416048328,6.409836537714983e-205,0.0,0.0,0.0,0.0,0.0,6.855039914138227e-66,4.787538707985736e-10,2.5260716552168714e-167,0.0,0.0,0.0,0.0,0.0,3.9269611617544463e-171,0.0032744652275149867,1.4815586418104878e-303,0.0,0.0,0.0,0.0,0.0,1.6056654479272136e-61,0.0031146333322626253,1.0512668983758178e-214,0.0,0.0,0.0,0.0,0.0,2.7686411124085852e-95,0.0008895360779741446,0.0,0.0,0.0,0.0,0.0,0.0,2.665853851722455e-293,0.001815314553773351,0.0,0.0,0.0,0.0,0.0,2.496696981356113e-249,5.803879076434748e-25,0.0,0.0,0.0,0.0,0.0,0.0,0.0,1.5760806403489438e-6,0.0,0.0,0.0,0.0,0.0,2.02606223040514e-208,0.0007210835680906227,0.0,0.0,0.0,0.0,0.0,7.943506082055553e-253,3.52194788010501e-101,0.0,0.0,0.0,0.0,0.0,0.0,3.865564717255203e-139,1.5072771407363905e-48,0.0,0.0,0.0,0.0,0.0,2.3205746499792924e-275,1.2738166231206406e-46,1.2040645286049401e-226,0.0,0.0,0.0,0.0,0.0,1.0369208135354388e-102,4.641801812796734e-36,0.0,0.0,0.0,0.0,0.0,1.8084357310739075e-206,5.16419418677658e-39,0.0,0.0,0.0,0.0,0.0,9.932099213565089e-221,3.4737076632265997e-84,0.0,0.0,0.0,0.0,3.813185737999467e-94,1.6591738997784717e-15,0.0,0.0,0.0,0.0,1.6223827307190193e-206,1.356969127398484e-54,0.0,0.0,0.0,0.0,0.0,2.6590503490094163e-119,5.264580318301544e-128,4.656130668168392e-241,0.0,0.0,0.0,2.2798748762797794e-112,5.0876649539332666e-139,0.0,0.0,0.0,0.0,0.0,0.0,4.946415757677015e-69,0.0,0.0,0.0,0.0,0.0,0.0,3.793563831236581e-67,0.0,0.0,0.0,1.671122486880218e-217,3.885567036598468e-185,0.0,0.0,0.0,0.0,0.0,0.0,0.0,0.0,0.0,0.0,0.0,0.0,0.0,0.0,0.0,0.0,0.0,0.0,0.0
0.0,0.0,0.0,0.0,0.0,0.0,0.003946267344706364,1.2019325613829765e-138,0.0,0.0,0.0,0.0,0.0,0.0,0.9357141426087998,2.71200176143866e-88,0.0,0.0,0.0,0.0,0.0,0.0,0.05901033105517199,5.035654105257314e-90,0.0,0.0,0.0,0.0,0.0,0.0,0.0013292589913215796,6.00904866623864e-199,0.0,0.0,0.0,0.0,0.0,0.0,5.776436645148351e-31,2.8241938807329585e-190,0.0,0.0,0.0,0.0,0.0,0.0,6.174068462080849e-83,0.0,0.0,0.0,0.0,0.0,0.0,0.0,5.887579978022419e-268,0.0,0.0,0.0,0.0,0.0,0.0,0.0,6.641900224911342e-215,0.0,0.0,0.0,0.0,0.0,0.0,0.0,0.0,0.0,0.0,0.0,0.0,0.0,0.0,0.0,0.0,0.0,0.0,0.0,0.0,0.0,0.0,3.2072583419649893e-209,0.0,0.0,0.0,0.0,0.0,0.0,0.0,0.0,0.0,0.0,0.0,0.0,0.0,0.0,0.0,0.0,0.0,0.0,0.0,0.0,0.0,0.0,0.0,0.0,0.0,0.0,0.0,0.0,0.0,0.0,0.0,0.0,0.0,0.0,0.0,0.0,0.0,0.0,0.0,0.0,0.0,0.0,0.0,0.0,0.0,0.0,0.0,0.0,0.0,0.0,0.0,0.0,0.0,0.0,0.0,0.0,0.0,0.0,0.0,0.0,0.0,0.0,0.0,0.0,0.0,0.0,0.0,0.0,0.0,0.0,0.0,0.0,0.0,0.0,0.0,0.0,0.0,0.0,0.0,0.0,0.0,0.0,0.0,0.0,0.0,0.0,0.0,0.0,0.0,0.0,0.0,0.0,0.0,0.0,0.0,0.0,0.0,0.0,0.0,0.0,0.0,0.0,0.0,0.0,0.0,0.0,0.0,0.0,0.0,0.0,0.0,0.0,0.0,0.0,0.0,0.0,0.0,0.0
0.0,0.0,0.0,4.584352678417801e-249,3.870776866356461e-55,0.0,0.0,0.0,0.0,0.0,0.0,2.063485740993052e-87,0.032445689964290106,0.0,0.0,0.0,0.0,0.0,0.0,7.904553567546346e-69,0.8367280931732917,0.0,0.0,0.0,0.0,0.0,0.0,3.3760400377032655e-110,0.11796302306311794,0.0,0.0,0.0,0.0,0.0,0.0,1.3530356010245562e-138,0.0018273343614848645,8.9184512847e-313,0.0,0.0,0.0,0.0,0.0,2.1467335771658372e-14,3.3594524828501854e-37,0.0,0.0,0.0,0.0,0.0,0.0,0.0,0.0008834812354099258,0.0,0.0,0.0,0.0,0.0,0.0,0.0,4.141501515892506e-48,0.0,0.0,0.0,0.0,0.0,0.0,0.0,0.004124467319108745,0.0,0.0,0.0,0.0,0.0,0.0,0.0,0.0030139554085008642,0.0,0.0,0.0,0.0,0.0,0.0,0.0,0.0,0.0,0.0,0.0,0.0,0.0,0.0,1.1617466127165329e-208,0.0,0.0,0.0,0.0,0.0,0.0,6.627364266929243e-11,0.0,0.0,0.0,0.0,0.0,0.0,0.0,0.0,0.0,0.0,0.0,0.0,0.0,0.0,4.930023517624104e-151,0.0,0.0,0.0,0.0,0.0,0.0,0.00200930360566724,0.0,0.0,0.0,0.0,0.0,0.0,0.0,2.5967395430823506e-38,0.0,0.0,0.0,0.0,0.0,2.35e-321,0.0010046518028336213,0.0,0.0,0.0,0.0,0.0,0.0,1.68370265885217e-310,0.0,0.0,0.0,0.0,0.0,3.2812220205047944e-141,0.0,0.0,0.0,0.0,0.0,1.297143931511093e-18,0.0,0.0,0.0,0.0,0.0,0.0,7.144921015492e-291,0.0,0.0,0.0,0.0,9.108738965674271e-291,0.0,0.0,0.0,0.0,0.0,0.0,0.0,0.0,0.0,0.0,0.0,0.0,0.0,0.0,0.0,0.0,0.0,0.0,0.0,0.0,0.0,0.0,0.0,0.0,0.0,0.0,0.0,0.0,0.0,0.0,0.0,0.0,0.0,0.0,0.0,0.0,0.0
0.0,0.0,0.0,3.4709576989370026e-34,0.9398015613231168,3.62156209554469e-97,0.0,0.0,0.0,0.0,0.0,7.597521282640849e-161,0.06019843867688335,5.3241683591361785e-166,0.0,0.0,0.0,0.0,0.0,2.2835978437005305e-240,1.0401373842872822e-35,2.10376372343713e-290,0.0,0.0,0.0,0.0,0.0,2.4713688669112337e-217,1.977150531960788e-153,0.0,0.0,0.0,0.0,0.0,0.0,0.0,2.78588380513121e-183,0.0,0.0,0.0,0.0,0.0,0.0,0.0,0.0,0.0,0.0,0.0,0.0,0.0,0.0,0.0,8.735919410302352e-304,0.0,0.0,0.0,0.0,0.0,0.0,0.0,0.0,0.0,0.0,0.0,0.0,0.0,0.0,0.0,4.126819546110204e-185,0.0,0.0,0.0,0.0,0.0,0.0,0.0,0.0,0.0,0.0,0.0,0.0,0.0,0.0,0.0,0.0,0.0,0.0,0.0,0.0,0.0,0.0,0.0,0.0,0.0,0.0,0.0,0.0,0.0,0.0,0.0,0.0,0.0,0.0,0.0,0.0,0.0,0.0,0.0,0.0,0.0,0.0,0.0,0.0,0.0,0.0,0.0,0.0,0.0,0.0,0.0,0.0,0.0,0.0,0.0,0.0,0.0,0.0,0.0,1.2157982779572755e-301,0.0,0.0,0.0,0.0,0.0,0.0,0.0,0.0,0.0,0.0,0.0,0.0,0.0,0.0,0.0,0.0,0.0,0.0,0.0,0.0,0.0,0.0,0.0,0.0,0.0,0.0,0.0,0.0,0.0,0.0,0.0,0.0,0.0,0.0,0.0,0.0,0.0,0.0,0.0,0.0,0.0,0.0,0.0,0.0,0.0,0.0,0.0,0.0,0.0,0.0,0.0,0.0,0.0,0.0,0.0,0.0,0.0,0.0,0.0,0.0,0.0,0.0,0.0,0.0,0.0,0.0,0.0,0.0,0.0,0.0,0.0,0.0,0.0,0.0,0.0
0.0,0.0,0.0,0.0,0.0,6.050192797335587e-294,1.3287292835628829e-62,0.0,0.0,0.0,0.0,0.0,0.0,2.3006741725721956e-96,0.005698955330304044,0.0,0.0,0.0,0.0,0.0,0.0,4.8267412270841665e-96,0.9779866327345963,0.0,0.0,0.0,0.0,0.0,0.0,1.0556490770080937e-173,0.014043802100701362,0.0,0.0,0.0,0.0,0.0,0.0,0.0,0.0012829183139726008,0.0,0.0,0.0,0.0,0.0,0.0,5.610056445066463e-283,2.19015e-318,0.0,0.0,0.0,0.0,0.0,0.0,0.0,1.5648780191571224e-193,0.0,0.0,0.0,0.0,0.0,0.0,0.0,0.0,0.0,0.0,0.0,0.0,0.0,0.0,0.0,0.0009876915204256812,0.0,0.0,0.0,0.0,0.0,0.0,0.0,0.0,0.0,0.0,0.0,0.0,0.0,0.0,0.0,0.0,0.0,0.0,0.0,0.0,0.0,0.0,0.0,0.0,0.0,0.0,0.0,0.0,0.0,0.0,0.0,0.0,0.0,0.0,0.0,0.0,0.0,0.0,0.0,0.0,0.0,0.0,0.0,0.0,0.0,0.0,0.0,0.0,0.0,0.0,0.0,0.0,0.0,0.0,0.0,0.0,0.0,0.0,0.0,0.0,0.0,0.0,0.0,0.0,0.0,0.0,0.0,0.0,0.0,0.0,0.0,0.0,0.0,0.0,0.0,0.0,0.0,0.0,0.0,0.0,0.0,0.0,0.0,0.0,0.0,0.0,0.0,0.0,0.0,0.0,0.0,0.0,0.0,0.0,0.0,0.0,0.0,0.0,0.0,0.0,0.0,0.0,0.0,0.0,0.0,0.0,0.0,0.0,0.0,0.0,0.0,0.0,0.0,0.0,0.0,0.0,0.0,0.0,0.0,0.0,0.0,0.0,0.0,0.0,0.0,0.0,0.0,0.0,0.0,0.0,0.0,0.0,0.0
1.0,0.0,0.0,0.0,0.0,0.0,0.0,0.0,0.0,0.0,0.0,0.0,0.0,0.0,0.0,0.0,0.0,0.0,0.0,0.0,0.0,0.0,0.0,0.0,0.0,0.0,0.0,0.0,0.0,0.0,0.0,0.0,0.0,0.0,0.0,0.0,0.0,0.0,0.0,0.0
1703,4003,207,1407,4506,107,805,1204,103,1701,4501,2202,1304,5507,2403,307,2007,2305,1001,1607,1406,605,3000,301,101,206,1207,904,1605,906,1602,3503,401,1502,700,1103,1801,2300,405,602,2000,202,2002,1904,1201,4001,507,2500,204,3502,701,707,2406,606,3001,1702,1603,802,5001,702,2302,2100,1804,1104,603,907,502,406,505,200,1901,1503,800,3004,2203,2001,1303,1401,1202,807,2201,404,501,1501,1403,1907,504,1100,1106,1903,2102,600,4000,205,1800,105,2501,1507,1700,1301,2204,1505,2407,804,1300,1105,304,1101,1606,1500,801,703,704,1704,1405,3007,1807,2402,1902,1402,2103,2207,3501,1006,1307,203,1000,2303,1404,607,102,306,303,604,1004,902,1206,1504,4007,400,1203,1604,4502,4002,1400,201,3006,1600,300,100,900,106,3500,2301,601,905,1102,305,1003,402,1706,2105,803,2507,1601,500,2404,407,2104,503,1306,1707,302,1002,3002,2400,706,806,705,3003,3507,1806,2101,2502,1803,2107,104,1900,2307,2200,403,2304,506,1200,2004,2503,1302,903,2401,1007,1802,2003,901,1107
402:27,2102:153,1107:87,2004:149,1302:97,501:34,1703:128,1900:139,1100:80,1106:86,1307:101,2207:163,1503:113,4001:196,2104:155,2302:166,2406:176,404:29,905:70,2300:164,3006:188,1406:108,3501:191,1407:109,1704:129,405:30,1700:125,1901:140,2401:172,207:16,506:39,104:5,603:44,1401:103,1500:110,1501:111,2101:152,2501:179,300:17,607:48,302:19,2307:170,802:59,2500:178,1702:127,801:58,406:31,1602:119,1002:75,4502:201,103:4,2503:181,702:51,2407:177,307:24,3003:186,2301:165,1105:85,100:1,1102:82,200:9,1202:90,1301:96,1101:81,2003:148,904:69,5001:203,1003:76,502:35,1904:143,1103:83,1907:144,2400:171,107:8,1502:112,1404:106,3503:193,2305:169,1803:135,401:26,805:62,3002:185,806:63,1802:134,4003:198,1806:137,1000:73,201:10,707:56,1006:78,206:15,604:45,1504:114,1807:138,507:40,601:42,1207:94,2007:150,500:33,1800:132,2403:174,602:43,4002:197,400:25,1400:102,403:28,2100:151,1604:121,1706:130,2204:162,1104:84,305:22,703:52,1603:120,2002:147,700:49,1801:133,2001:146,4501:200,1804:136,2202:160,804:61,705:54,1300:95,505:38,704:53,4000:195,606:47,1306:100,205:14,706:55,1203:91,1405:107,3507:194,2103:154,2105:156,1701:126,2304:168,2303:167,1200:88,204:13,901:66,1903:142,1004:77,2402:173,907:72,203:12,2507:182,1001:74,5507:204,903:68,1505:115,2201:159,2107:157,1007:79,304:21,301:18,906:71,202:11,605:46,1206:93,3001:184,2200:158,807:64,803:60,1601:118,1902:141,1303:98,1507:116,1304:99,3500:190,2000:145,503:36,106:7,4007:199,900:65,902:67,2502:180,303:20,600:41,102:3,1707:131,1600:117,3004:187,3502:192,101:2,1607:124,105:6,3000:183,3007:189,1605:122,2404:175,407:32,1201:89,1606:123,800:57,2203:161,306:23,701:50,1204:92,504:37,1403:105,1402:104,4506:202
