20
0.7700914316720769,0.0,0.0,0.0,0.07658958640414106,0.0,0.0,0.0,0.00903896329144271,0.14334186600500554,0.0,0.0,0.0,0.0,6.195277285242899e-92,0.0,0.0009381526273337027,1.0775080779102183e-210,0.0,0.0
0.0,0.8749571771154497,0.0,0.0,0.0,0.0,0.0,0.0,0.0,0.00034258330043722136,0.0,4.9536748958722784e-204,0.12470023958411305,0.0,0.0,0.0,0.0,1.6115062955868264e-136,0.0,0.0
0.02924824298376545,0.0,0.7761908411374486,3.14887611827238e-15,0.0,0.0,0.0,0.0,0.047346366481687864,0.01070318325278257,0.0,0.0,0.0,0.0,4.655610005334264e-38,0.0,0.0,0.0,0.13651136614431247,0.0
0.0,0.0,0.05938679382334826,0.8745863641957324,0.0,0.0,0.0,0.0,0.0,0.0,0.0,0.0,0.0,0.0,0.0,0.0,0.0,0.0,0.06602684198091938,0.0
2.0339657993901813e-215,0.0,0.0,0.0,0.8747132810615439,0.0,0.0,0.0,0.0,0.0,0.0,0.0,0.0,0.0,0.0,0.0,0.0,0.1252867189384563,0.0,0.0
0.0,0.0,0.0,0.0,0.0,0.875,0.07508260915307625,0.04991739084692375,0.0,0.0,0.0,0.0,0.0,0.0,0.0,0.0,0.0,0.0,0.0,0.0
0.0,0.0,0.0,0.0,0.0,0.0,0.7931677801793472,0.08028276855709139,0.0,0.0,0.005284034907483082,0.0,0.0,0.0,0.1212654163560781,0.0,1.046676826378362e-27,0.0,0.0,0.0
0.0,0.0,0.0,0.0,0.0,0.0,0.14534880225909358,0.7322435980312036,0.0,0.0,0.09425889768302978,0.0,0.0,0.0,0.02814870202667304,0.0,1.783029883788464e-24,0.0,0.0,0.0
0.003763496593562739,0.0,0.0,0.0,0.18375698235415297,0.0,0.0,0.0,0.7708506027953287,0.0416289182569555,0.0,0.0,0.0,0.0,6.24888391530207e-101,0.0,1.4914880406305608e-219,0.0,0.0,0.0
0.060950081144594534,0.0,0.0,0.0,0.13518829712950606,0.0,0.0,0.0,0.07154977620282388,0.7306135129796965,0.0,0.0,0.0008491665493566513,0.0,0.0008491659940222648,0.0,5.207227883129735e-52,0.0,0.0,0.0
0.0,0.0,0.0,0.11658541422690945,0.0,0.0,0.0,0.0,0.0,0.0,0.787650137610456,0.0,0.0,0.0,0.03944513859399038,0.0,0.05631930956864428,0.0,0.0,0.0
0.0,0.0,0.0,0.0,0.0,0.0,0.0,0.0,0.0,3.026164292837983e-204,0.0,0.7707176085130343,5.925252608642672e-50,0.08690790799498024,0.0,0.0,0.0,0.0,0.0,0.14237448349198528
0.0,0.0,0.0,0.0,0.0,0.0,0.0,0.0,0.0,3.606120523013346e-171,0.0,0.0745447556896975,0.8737935074502755,0.0,0.0,0.0,0.0,0.0,0.0,0.05166173686002697
0.0,0.0,0.0,0.0,0.0,0.0,0.0,0.0,0.0,0.0,0.0,0.0,0.0,0.0,0.0,1.0,0.0,0.0,0.0,0.0
1.923204255809325e-262,0.0,0.0,4.909061432516975e-27,0.0,0.0,0.0,0.0,0.0,0.0,0.04010827005772422,0.0,0.0,0.0,6.346239835469931e-27,0.0,0.9598917299422758,0.0,0.0,0.0
0.0,0.0,0.0,0.0,0.0,0.25,0.0,0.0,0.0,0.0,0.0,0.0,0.0,0.75,0.0,0.0,0.0,0.0,0.0,0.0
1.4563127815858775e-50,0.0,0.0,0.25502869313876636,0.0,0.0,0.0,0.0,9.036434193863024e-154,0.002889035713449077,0.027459560959145708,0.0,0.0,0.0,0.714622710188639,0.0,1.0045950729890807e-24,0.0,0.0,0.0
0.0,0.12504282288454874,0.0,0.0,0.0,0.0,0.0,0.0,0.0,0.0,0.0,0.0,0.0,0.0,0.0,0.0,0.0,0.8749571771154513,0.0,0.0
0.07514403536395878,0.0,0.03988249797475806,4.396020182664422e-47,0.0,0.0,0.0,0.0,0.005554901999581719,0.0657168175761715,0.0,0.0,0.0,0.0,0.0005461256905869197,0.0,0.0,0.0,0.8131556213949432,0.0
0.0,0.0,0.0,0.0,0.0,0.0,0.0,0.0,0.0,1.3894664603514e-310,0.0,0.036076008204550494,4.292312969228257e-217,0.1500361803065279,0.0,0.0,0.0,0.0,0.0,0.8138878114889214
20,288
0.0,0.0,0.0,0.0,0.0,1.6652868177581707e-192,3.0393093671138874e-120,4.234770511047466e-179,0.0,0.0,0.0,0.0,0.0,0.0,0.0,0.0,0.0,3.950681553051276e-70,4.263667567881131e-7,1.6334786862387882e-137,0.0,0.0,0.0,0.0,0.0,0.0,0.0,0.0,0.0,4.434312077377365e-53,0.0012094695672422015,3.3731534796094064e-83,0.0,0.0,0.0,0.0,0.0,0.0,0.0,0.0,0.0,9.563554930305301e-38,0.7054786604292421,2.748933611754581e-28,0.0,0.0,1.1807691272345564e-126,0.0,0.0,0.0,0.0,0.0,0.0,1.6003090164903273e-40,0.22183115790799168,0.0015644068123422596,0.0,0.0,0.0,0.0,0.0,0.0,0.0,0.0,0.0,8.477323360581188e-46,0.034941364788949554,5.033405186134559e-6,0.0,0.0,0.0,0.0,0.0,0.0,0.0,0.0,0.0,8.365501554033482e-50,0.01350345591682391,8.932695327780883e-6,0.0,0.0,0.0,0.0,0.0,0.0,0.0,0.0,0.0,4.6240382862878345e-31,0.013134136782671838,0.002814457882001108,0.0,0.0,0.0,0.0,0.0,0.0,0.0,0.0,0.0,8.66422490253544e-73,0.0026937479153095025,4.2822264528064685e-132,0.0,0.0,0.0,0.0,0.0,0.0,0.0,0.0,0.0,1.7134715103450058e-173,3.478857892982596e-70,1.638167777700975e-182,4.161243314381266e-126,0.0,0.0,0.0,0.0,0.0,0.0,0.0,0.0,0.0,0.0,0.0,8.390352259983139e-119,0.0,0.0,0.0,0.0,0.0,0.0,0.0,8.315533772668786e-63,0.0,0.0,0.0,0.0,0.0,0.0,0.0,0.0,2.8666774407589793e-83,2.076949408023367e-207,0.0,0.0,0.0,0.0,0.0,0.0,0.0,0.0,0.0,0.0,0.0,0.0,0.0,0.0,0.0,0.0,0.0,2.0581339081596735e-54,1.1861289453583218e-17,0.0,0.0,0.0,0.0,0.0,0.0,0.0,0.0,0.0,0.0,0.0,7.410392241346818e-124,0.0,0.0,0.0,0.0,0.0,0.0,0.0,1.9354704133487374e-36,0.0,0.0,0.0,0.0,0.0,0.0,0.0,2.4593470524627237e-76,1.2578168586710037e-89,0.0,0.0,0.0,0.0,0.0,0.0,0.0,0.0,0.0,0.0009381526273336542,0.0,0.0,0.0,0.0,0.0,0.0,0.0,0.0,5.913246323443685e-65,2.0746983815305882e-23,0.0,0.0,0.0,0.0,0.0,0.0,0.0,0.0,0.0009381526273337027,0.0,0.0,0.0,0.0,0.0,0.0,0.0,0.0,0.0009381279724234992,0.0,0.0,0.0,0.0,0.0,0.0,1.153657571811755e-22,0.0,0.0,0.0,0.0,0.0,0.0,0.0,0.0,0.0,0.0,0.0,3.1630306407774946e-7,0.0,4.917134168372175e-123,0.0,0.0,0.0,0.0,0.0,0.0,0.0,0.0,0.0,0.0,0.0,0.0,0.0,0.0,0.0,0.0,0.0,0.0,0.0,0.0,0.0,0.0,0.0,0.0,0.0,0.0,0.0,0.0,0.0,0.0,0.0,0.0,0.0,0.0
0.0,0.0,0.0,0.0,0.0,0.0,0.0,0.0,1.814121610264134e-108,0.0801644398766644,2.973710050383118e-60,0.0,0.0,0.0,0.0,0.0,0.0,0.0,0.0,0.0,2.535708759244038e-74,0.5135320315176463,1.2384589524566034e-55,0.0,0.0,0.0,0.0,0.0,0.0,0.0,0.0,0.0,1.7006381206088415e-48,0.38711887632751185,1.4501282058118983e-54,0.0,0.0,0.0,0.0,0.0,0.0,0.0,0.0,0.0,6.07291744673543e-55,0.014388489208633183,1.683437463545982e-60,0.0,0.0,0.0,0.0,0.0,0.0,0.0,0.0,0.0,9.012111738178076e-57,0.0030832476875642537,2.8519902555976008e-77,0.0,0.0,0.0,0.0,0.0,0.0,0.0,0.0,0.0,0.00034258307639602816,0.0006851661527920563,4.9485986673491485e-96,0.0,0.0,0.0,0.0,0.0,0.0,0.0,0.0,0.0,0.0,0.0006851661527920563,3.98245818343227e-71,0.0,0.0,0.0,0.0,0.0,0.0,0.0,0.0,0.0,0.0,0.0,0.0,0.0,0.0,0.0,0.0,0.0,0.0,0.0,0.0,0.0,0.0,0.0,6.861808225189386e-57,0.0,0.0,0.0,0.0,0.0,0.0,0.0,0.0,0.0,0.0,0.0,0.0,0.0,0.0,0.0,0.0,0.0,0.0,0.0,0.0,3.2765295506231e-29,0.0,0.0,0.0,0.0,0.0,0.0,0.0,0.0,0.0,0.0,0.0,0.0,0.0,0.0,0.0,0.0,0.0,0.0,0.0,0.0,0.0,0.0,0.0,0.0,0.0,0.0,0.0,0.0,0.0,0.0,0.0,0.0,0.0,0.0,0.0,0.0,0.0,0.0,0.0,0.0,0.0,0.0,0.0,0.0,0.0,0.0,0.0,0.0,0.0,0.0,0.0,0.0,0.0,0.0,0.0,0.0,0.0,0.0,0.0,0.0,0.0,0.0,0.0,0.0,0.0,0.0,0.0,0.0,0.0,0.0,0.0,0.0,0.0,0.0,0.0,0.0,0.0,0.0,0.0,0.0,0.0,0.0,0.0,0.0,0.0,0.0,0.0,0.0,0.0,0.0,0.0,0.0,0.0,0.0,0.0,0.0,0.0,0.0,0.0,0.0,0.0,0.0,0.0,0.0,0.0,0.0,0.0,0.0,0.0,0.0,0.0,0.0,0.0,0.0,0.0,0.0,0.0,0.0,0.0,0.0,0.0,0.0,0.0,0.0,0.0,0.0,0.0,0.0,0.0,0.0,0.0,0.0,0.0,0.0,0.0,0.0,0.0,0.0,0.0,0.0,0.0,0.0,0.0,0.0,0.0,0.0,0.0,0.0,0.0,0.0,0.0,0.0,0.0,0.0,0.0,0.0,0.0,0.0,0.0,0.0
0.0,0.0,0.0,0.0,5.320457768308676e-72,0.06007919307966133,3.108739741888614e-113,0.0,0.0,0.0,0.0,0.0,0.0,0.0,0.0,0.0,7.443577615538246e-59,0.3787902692978496,9.466686245770234e-75,0.0,0.0,0.0,0.0,0.0,0.0,0.0,0.0,0.0,4.079426302678488e-48,0.016385213939570174,1.8739105771559268e-81,0.0,0.0,0.0,0.0,0.0,0.0,0.0,0.0,0.0,5.201343117986145e-33,0.0084338812537333,2.3414992895841454e-65,0.0,0.0,0.0,0.0,0.0,0.0,0.0,0.0,0.0,2.2070801172734297e-31,0.1983650852873057,1.1997815971365217e-116,0.0,0.0,0.0,0.0,0.0,0.0,0.0,0.0,0.0,0.002394852000994895,0.13458992137585857,2.623234374427349e-104,0.0,0.0,0.0,0.0,0.0,0.0,0.0,0.0,0.0,9.169865499865775e-38,0.04840102525939788,2.7912166563741473e-99,0.0,0.0,0.0,0.0,0.0,0.0,0.0,0.0,0.0,9.332313438276711e-47,0.022225007560504304,1.779907473598243e-96,0.0,0.0,0.0,0.0,0.0,0.0,0.0,0.0,0.0,2.5110673029660657e-68,0.021322968791075928,3.8439745450910234e-115,0.0,0.0,0.0,0.0,0.0,0.0,0.0,0.0,0.0,4.846619161782213e-45,0.009649965486666346,0.0,0.0,0.0,0.0,0.0,0.0,0.0,0.0,0.0,5.198789027039228e-56,0.008192617238120533,0.0,0.0,0.0,0.0,0.0,0.0,0.0,0.0,0.0,1.6446493615232597e-51,0.007282326433667377,0.0,0.0,0.0,0.0,0.0,0.0,0.0,0.0,5.759418779848984e-143,0.009102907492659264,0.0,0.0,0.0,0.0,0.0,0.0,0.0,1.8000582542477442e-30,0.004693106564634698,0.0,0.0,0.0,0.0,0.0,0.0,0.0,0.0,0.0,0.0063720351081415294,0.0,0.0,0.0,0.0,0.0,0.0,0.0,0.0,0.0,0.008192617238135635,0.0,0.0,0.0,0.0,0.0,0.0,0.0,0.0,7.943962322638261e-241,0.009102908042372928,0.0,0.0,0.0,0.0,0.0,0.0,0.0,3.322696912349057e-28,0.009102901852861023,0.0,0.0,0.0,0.0,0.0,0.0,0.0,0.0,1.943802710156024e-18,0.007282326414301352,2.8335741510017598e-70,0.0,0.0,0.0,0.0,0.0,0.0,0.0,0.0,0.006372034065060348,0.0,0.0,0.0,0.0,0.0,0.0,0.0,0.0,0.0072823264338949785,6.205257487734979e-58,0.0,0.0,0.0,0.0,0.0,0.0,7.905542946862243e-26,0.003641163216949133,2.585485311622791e-66,0.0,0.0,0.0,0.0,0.0,0.0009102908042362652,0.0027307526983022293,0.0,0.0,0.0,0.0,0.0,0.0,0.0,0.0,0.0,5.242562212241961e-21,0.0009102908042372929,5.596297360221048e-47,0.0,0.0,0.0,0.0,0.0,0.0,0.0,0.002730872411874859,0.0036407360142494015,0.0,0.0,0.0,0.0,0.0,0.0,6.12549742526285e-42,5.259599066488008e-9,0.0,0.0,0.0,0.0,0.0,0.0,0.0,0.0009102908042372929,0.0,0.0,0.0,0.0,0.0,0.0,0.0,0.0009101077698469237,0.0,0.0,0.0
0.0,0.0,0.0,1.2078656864156393e-67,0.018210747116783894,5.147113866273339e-47,0.0,0.0,0.0,0.0,0.0,0.0,0.0,0.0,0.0,8.487396033808086e-62,0.22402654943666225,1.181477937002758e-52,0.0,0.0,0.0,0.0,0.0,0.0,0.0,0.0,0.0,3.733236402214888e-69,0.27487920176277586,3.124323705130942e-59,0.0,0.0,0.0,0.0,0.0,0.0,0.0,0.0,0.0,5.339105984280686e-78,0.1807330751590251,9.41424075765864e-58,0.0,0.0,0.0,0.0,0.0,0.0,0.0,0.0,0.0,6.051487356841326e-72,0.1236956407932491,1.5340484934994433e-59,0.0,0.0,0.0,0.0,0.0,0.0,0.0,0.0,0.0,5.591582580678553e-65,0.06678504092656767,2.1487483781993937e-51,0.0,0.0,0.0,0.0,0.0,0.0,0.0,0.0,0.0,1.6338741901622395e-126,0.030580311196108805,3.8455057013242746e-52,0.0,0.0,0.0,0.0,0.0,0.0,0.0,0.0,0.0,2.0531191325015314e-73,0.01958514312559777,7.884807614900621e-46,0.0,0.0,0.0,0.0,0.0,0.0,0.0,0.0,0.0,3.230105161670377e-129,0.01202596507712144,2.083768858363832e-71,0.0,0.0,0.0,0.0,0.0,0.0,0.0,0.0,0.0,4.772645028364678e-145,0.008589975055086744,4.96888659864689e-43,0.0,0.0,0.0,0.0,0.0,0.0,0.0,0.0,5.324651752379079e-96,0.006184782039662455,6.5159566044414594e-49,0.0,0.0,0.0,0.0,0.0,0.0,0.0,0.0,1.3071476778964094e-114,0.003779589024238167,0.0,0.0,0.0,0.0,0.0,0.0,0.0,0.0,1.4475383675665772e-244,0.0027487920176277577,7.978238049014586e-69,0.0,0.0,0.0,0.0,0.0,0.0,1.557810871382244e-190,0.005153985033052046,1.2791584615324504e-73,0.0,0.0,0.0,0.0,0.0,0.0,0.0,8.564711762020573e-83,0.0030923910198312277,6.5372025015875065e-40,0.0,0.0,0.0,0.0,0.0,0.0,0.0,1.9549704165809755e-63,0.0034359900220346973,4.507760283137405e-65,0.0,0.0,0.0,0.0,0.0,0.0,0.0,0.0,0.0030923910198312277,1.1387263347299719e-53,0.0,0.0,0.0,0.0,0.0,0.0,0.0,0.002405193015424288,1.350698705607953e-64,0.0,0.0,0.0,0.0,0.0,0.0,0.0,4.1999788455548906e-138,0.0020615940132208176,2.7807942340082866e-56,0.0,0.0,0.0,0.0,0.0,0.0,0.0,3.6690934180821384e-224,0.0017179950110173486,1.8625841893401292e-58,0.0,0.0,0.0,0.0,0.0,0.0,0.0,0.0020615940132208185,1.0344908926351466e-42,0.0,0.0,0.0,0.0,0.0,0.0,0.0,0.0027487920176277577,1.1083901696480938e-72,0.0,0.0,0.0,0.0,0.0,2.0917181872651465e-178,0.00034359900220381297,0.0,0.0,0.0,0.0,0.0,0.0,0.0,0.0,0.0,5.490175161137297e-39,0.0006871980044069394,0.0,0.0,0.0,0.0,0.0,0.0,0.0,0.0,0.0,5.195152387290089e-13,0.0,0.0,0.0,0.0,0.0,0.0,0.0,0.0013743960088138788,0.0,0.0,0.0,0.0,0.0,0.0,0.0,0.0,9.163523904004997e-30,0.0,0.0,0.0,0.0,0.0,0.0,0.0,6.908828871721857e-8,0.0,0.0,0.0
0.0,0.0,0.0,0.0,0.0,0.0,4.344875029550853e-71,0.07208276980020772,4.807819494192182e-59,0.0,0.0,0.0,0.0,0.0,0.0,0.0,0.0,0.0,5.82041278122925e-53,0.482268055091866,1.3095801186134874e-54,0.0,0.0,0.0,0.0,0.0,0.0,0.0,0.0,0.0,1.9058317493180302e-49,0.3229994589618832,5.26293599056206e-57,0.0,0.0,0.0,0.0,0.0,0.0,0.0,0.0,0.0,2.602293643403453e-60,0.08649932376024927,3.428936526103264e-54,0.0,0.0,0.0,0.0,0.0,0.0,0.0,0.0,0.0,3.0949203038983355e-48,0.02997697917693976,9.487781661381246e-48,0.0,0.0,0.0,0.0,0.0,0.0,0.0,0.0,0.0,3.401602295700248e-83,0.004460425079620209,0.0,0.0,0.0,0.0,0.0,0.0,0.0,0.0,0.0,0.0,3.2406474751432804e-98,0.001369736844471012,0.0,0.0,0.0,0.0,0.0,0.0,0.0,0.0,0.0,0.0,0.0,1.1812815069870167e-26,0.0,0.0,0.0,0.0,0.0,0.0,0.0,0.0,0.0,0.0,0.0,3.47633220874721e-23,0.0,0.0,0.0,0.0,0.0,0.0,0.0,0.0,0.0,0.0,0.0,0.00034325128476289397,0.0,0.0,0.0,0.0,0.0,0.0,0.0,0.0,0.0,0.0,0.0,0.0,0.0,0.0,0.0,0.0,0.0,0.0,0.0,0.0,0.0,0.0,0.0,0.0,0.0,0.0,0.0,0.0,0.0,0.0,0.0,0.0,0.0,0.0,0.0,0.0,0.0,0.0,0.0,0.0,0.0,0.0,0.0,0.0,0.0,0.0,0.0,0.0,0.0,0.0,0.0,0.0,0.0,0.0,0.0,0.0,0.0,0.0,0.0,0.0,0.0,0.0,0.0,0.0,0.0,0.0,0.0,0.0,0.0,0.0,0.0,0.0,0.0,0.0,0.0,0.0,0.0,0.0,0.0,0.0,0.0,0.0,0.0,0.0,0.0,0.0,0.0,0.0,0.0,0.0,0.0,0.0,0.0,0.0,0.0,0.0,0.0,0.0,0.0,0.0,0.0,0.0,0.0,0.0,0.0,0.0,0.0,0.0,0.0,0.0,0.0,0.0,0.0,0.0,0.0,0.0,0.0,0.0,0.0,0.0,0.0,0.0,0.0,0.0,0.0,0.0,0.0,0.0,0.0,0.0,0.0,0.0,0.0,0.0,0.0,0.0,0.0,0.0,0.0,0.0,0.0,0.0,0.0,0.0,0.0,0.0,0.0,0.0,0.0,0.0,0.0,0.0,0.0,0.0,0.0,0.0,0.0,0.0,0.0,0.0,0.0,0.0,0.0,0.0,0.0,0.0,0.0,0.0,0.0,0.0,0.0,0.0
0.0,0.03561643835616438,1.7192832279972406e-71,0.0,0.0,0.0,0.0,0.0,0.0,0.0,0.0,0.0,0.0,0.31815068493150683,1.8879397319296298e-59,0.0,0.0,0.0,0.0,0.0,0.0,0.0,0.0,0.0,0.0,0.30239726027397257,3.200228195368083e-54,0.0,0.0,0.0,0.0,0.0,0.0,0.0,0.0,0.0,0.0,0.11404109589041098,4.94208133863526e-62,0.0,0.0,0.0,0.0,0.0,0.0,0.0,0.0,0.0,0.0,0.053082191780821915,3.3211382928623615e-56,0.0,0.0,0.0,0.0,0.0,0.0,0.0,0.0,0.0,0.0,0.029794520547945205,8.944234629058524e-65,0.0,0.0,0.0,0.0,0.0,0.0,0.0,0.0,0.0,0.0,0.02054794520547945,3.171456805033688e-60,0.0,0.0,0.0,0.0,0.0,0.0,0.0,0.0,0.0,0.0,0.015068493150684932,1.4859010790347765e-77,0.0,0.0,0.0,0.0,0.0,0.0,0.0,0.0,0.0,0.0,0.011643835616438357,9.99008574216282e-47,0.0,0.0,0.0,0.0,0.0,0.0,0.0,0.0,0.0,0.0,0.011643835616438357,6.301934543557503e-65,0.0,0.0,0.0,0.0,0.0,0.0,0.0,0.0,0.0,0.009589041095890411,1.4232378172887502e-49,0.0,0.0,0.0,0.0,0.0,0.0,0.0,0.0,0.0,0.010958904109589041,6.239075528904922e-53,0.0,0.0,0.0,0.0,0.0,0.0,0.0,0.0,0.005136986301369863,4.797569308160301e-62,0.0,0.0,0.0,0.0,0.0,0.0,0.0,0.007876712328767124,0.0,0.0,0.0,0.0,0.0,0.0,0.0,0.0,0.0,0.011643835616438357,1.302139018581196e-68,0.0,0.0,0.0,0.0,0.0,0.0,0.0,0.0,0.00684931506849315,4.4777664069201596e-68,0.0,0.0,0.0,0.0,0.0,0.0,0.0,0.0,0.0058219178082191785,2.8738980834570846e-52,0.0,0.0,0.0,0.0,0.0,0.0,0.0,0.004452054794520548,0.0,0.0,0.0,0.0,0.0,0.0,0.0,0.0,0.0,0.003767123287671233,0.0,0.0,0.0,0.0,0.0,0.0,0.0,0.0,0.0,0.005479452054794521,0.0,0.0,0.0,0.0,0.0,0.0,0.0,0.0,0.003767123287671233,6.140031635819983e-67,0.0,0.0,0.0,0.0,0.0,0.0,0.0,0.0027397260273972603,0.0,0.0,0.0,0.0,0.0,0.0,0.0,0.0017123287671232876,7.265951096030324e-59,0.0,0.0,0.0,0.0,0.0,0.0,0.0,0.0,0.0,0.0027397260273972603,2.1488744472847077e-50,0.0,0.0,0.0,0.0,0.0,0.0,0.0,0.0,0.002054794520547945,6.230430676685811e-57,0.0,0.0,0.0,0.0,0.0,0.0,0.0017123287671232876,0.0,0.0,0.0,0.0,0.0,0.0,0.0,0.0,0.0010273972602739725,0.0,0.0,0.0,0.0,0.0006849315068493151,0.0,0.0,0.0,0.0,0.0,0.0,0.0,0.0,0.0
0.0,1.0265659628290201e-72,3.285336154765475e-37,1.0554865233468892e-154,0.0,0.0,0.0,0.0,0.0,0.0,0.0,0.0,0.0,7.932220055758873e-61,0.02409749055826923,1.4032597028056944e-99,0.0,0.0,0.0,0.0,0.0,0.0,0.0,0.0,0.0,6.703310494668161e-44,0.5345641830590908,3.927306091109855e-80,0.0,0.0,0.0,0.0,0.0,0.0,0.0,0.0,0.0,5.846009996689919e-43,0.1923137929225691,4.5078058116004816e-89,0.0,0.0,0.0,0.0,0.0,0.0,0.0,0.0,0.0,2.218020007223417e-52,0.07535215563290669,6.795013295681898e-110,0.0,0.0,0.0,0.0,0.0,0.0,0.0,0.0,0.0,1.2344329048051609e-60,0.037511876348436037,1.7739625594769015e-93,0.0,0.0,0.0,0.0,0.0,0.0,0.0,0.0,0.0,9.914769624366795e-59,0.0168809191928533,4.906158733565618e-97,0.0,0.0,0.0,0.0,0.0,0.0,0.0,0.0,0.0,1.2773071148230211e-42,0.01750892935165872,1.781755763656604e-250,0.0,0.0,0.0,0.0,0.0,0.0,0.0,0.0,0.0,2.2045641315186147e-57,0.012037389056423044,6.681743552755948e-163,0.0,0.0,0.0,0.0,0.0,0.0,0.0,0.0,0.0,9.765816079017299e-64,0.0082073107205365,8.509867507263332e-104,0.0,0.0,0.0,0.0,0.0,0.0,0.0,0.0,3.8612490781080603e-60,0.010395926912679567,1.2279715818676227e-65,0.0,0.0,0.0,0.0,0.0,0.0,0.0,0.0,3.0088366424145107e-55,0.0098487728646438,3.3648748329253373e-141,0.0,0.0,0.0,0.0,0.0,0.0,0.0,8.794975284222092e-44,0.0065658485764292,0.0,0.0,0.0,0.0,0.0,0.0,0.0,2.111463083095778e-44,0.0038300783362503667,0.0,0.0,0.0,0.0,0.0,0.0,0.0,0.0,2.005665968337235e-24,0.008754464768572267,0.0,0.0,0.0,0.0,0.0,0.0,0.0,0.0,1.0583395965320298e-70,0.0082073107205365,5.530230134246394e-174,0.0,0.0,0.0,0.0,0.0,0.0,0.0,0.0,0.007113002624464967,2.7418313925129425e-166,0.0,0.0,0.0,0.0,0.0,0.0,1.5120456240141506e-57,0.004377232384286133,8.495030997120636e-222,0.0,0.0,0.0,0.0,0.0,0.0,0.0,3.462280519054375e-52,0.0027357702401788293,0.0,0.0,0.0,0.0,0.0,0.0,0.0,0.0,5.137021580465098e-34,0.002735770240168072,1.325878767766541e-146,0.0,0.0,0.0,0.0,0.0,0.0,1.0768104048809515e-52,0.0049243864323219,5.195212885384736e-165,0.0,0.0,0.0,0.0,0.0,0.0,0.0,0.0021886161920810824,0.0,0.0,0.0,0.0,0.0,0.0,0.0,0.0032829242882146,8.77977665887582e-149,0.0,0.0,0.0,0.0,0.0,0.0,0.0,0.0,4.2558132151497763e-47,0.0021886161921430666,0.0,0.0,0.0,0.0,0.0,0.0,0.0,0.0,5.688993697900976e-34,0.002735770240178833,0.0,0.0,0.0,0.0,0.0,0.0,0.0,0.0010943080960715333,0.0,0.0,0.0,0.0,0.0,0.0,0.0,5.501012810694848e-22,0.0,0.0,0.0,0.0,0.0,0.0005471540480357667,0.0,0.0,0.0,0.0,0.0,0.0,0.0,0.0
0.0,2.0668064527782434e-70,0.08879847181601254,1.687102042886694e-70,0.0,0.0,0.0,0.0,0.0,0.0,0.0,0.0,0.0,1.6479015350534967e-60,0.8229498981960892,6.077990711319814e-56,0.0,0.0,0.0,0.0,0.0,0.0,0.0,0.0,0.0,6.106516424650031e-70,0.07965289425525382,3.2205711861859065e-53,0.0,0.0,0.0,0.0,0.0,0.0,0.0,0.0,0.0,1.2186633266354113e-78,0.0023067819383007864,9.182530012826891e-42,0.0,0.0,0.0,0.0,0.0,0.0,0.0,0.0,0.0,1.2057895590257162e-93,0.005752193140453035,4.604666666553614e-72,0.0,0.0,0.0,0.0,0.0,0.0,0.0,0.0,0.0,3.315396310413105e-93,0.0004044789752733277,1.1532177412461308e-124,0.0,0.0,0.0,0.0,0.0,0.0,0.0,0.0,0.0,2.5152161155140794e-84,0.00013528136754895694,4.194320693764701e-123,0.0,0.0,0.0,0.0,0.0,0.0,0.0,0.0,0.0,4.595858028875005e-76,3.10337919127834e-10,2.609571506271896e-283,0.0,0.0,0.0,0.0,0.0,0.0,0.0,0.0,0.0,4.970073763410095e-85,6.087140762895667e-13,2.600102731595745e-122,0.0,0.0,0.0,0.0,0.0,0.0,0.0,0.0,0.0,2.199017099054984e-101,2.991006457493578e-31,2.937161372996279e-152,0.0,0.0,0.0,0.0,0.0,0.0,0.0,0.0,3.172229493196794e-117,2.0533041936330727e-43,4.036754772980461e-105,0.0,0.0,0.0,0.0,0.0,0.0,0.0,0.0,5.776022338321148e-82,4.721043802853852e-25,5.030621973200358e-171,0.0,0.0,0.0,0.0,0.0,0.0,0.0,1.1328170138625331e-85,1.362585593351994e-27,0.0,0.0,0.0,0.0,0.0,0.0,0.0,2.454096918492977e-97,1.776447400574158e-70,0.0,0.0,0.0,0.0,0.0,0.0,0.0,0.0,4.4516952851801706e-61,2.1082801277381848e-44,0.0,0.0,0.0,0.0,0.0,0.0,0.0,0.0,1.5847364966878324e-127,4.447669258055889e-43,7.189758953375803e-201,0.0,0.0,0.0,0.0,0.0,0.0,0.0,0.0,7.399192328944424e-22,3.545133209261251e-219,0.0,0.0,0.0,0.0,0.0,0.0,4.067121975080879e-114,2.7398163009164474e-36,2.0902116649424086e-287,0.0,0.0,0.0,0.0,0.0,0.0,0.0,8.724923607440197e-98,6.735967152748503e-18,0.0,0.0,0.0,0.0,0.0,0.0,0.0,0.0,2.5756534103791844e-89,1.8005358630433316e-14,1.9537884078739645e-177,0.0,0.0,0.0,0.0,0.0,0.0,7.365652436534287e-108,3.155200585810267e-44,1.07806241351694e-165,0.0,0.0,0.0,0.0,0.0,0.0,0.0,1.0370597086287081e-13,0.0,0.0,0.0,0.0,0.0,0.0,0.0,7.294352484065351e-54,8.681790373540126e-166,0.0,0.0,0.0,0.0,0.0,0.0,0.0,0.0,2.5321572664319494e-105,1.9244783081411412e-61,0.0,0.0,0.0,0.0,0.0,0.0,0.0,0.0,8.930841873921909e-93,1.4612496465176316e-63,0.0,0.0,0.0,0.0,0.0,0.0,0.0,2.0413931803683168e-69,0.0,0.0,0.0,0.0,0.0,0.0,0.0,1.2337686620879771e-80,0.0,0.0,0.0,0.0,0.0,3.344101670347656e-77,0.0,0.0,0.0,0.0,0.0,0.0,0.0,0.0
0.0,0.0,0.0,0.0,0.0,1.185642398072409e-34,0.20407652729867365,1.0679713079054186e-32,0.0,0.0,0.0,0.0,0.0,0.0,0.0,0.0,0.0,2.3017361032046486e-35,0.7683247483280076,1.80826573299569e-38,0.0,0.0,0.0,0.0,0.0,0.0,0.0,0.0,0.0,1.1940878208390348e-66,0.019983774658072235,4.4723330589915597e-54,0.0,0.0,0.0,0.0,0.0,0.0,0.0,0.0,0.0,2.075792642386127e-90,2.9092413943093433e-6,2.874474317078228e-56,0.0,0.0,1.988631881402577e-152,0.0,0.0,0.0,0.0,0.0,0.0,2.8386275759284203e-164,0.0032075111029848816,8.380129876793999e-72,0.0,0.0,0.0,0.0,0.0,0.0,0.0,0.0,0.0,1.1334722953439649e-137,4.708888420745716e-12,9.67046948768752e-58,0.0,0.0,0.0,0.0,0.0,0.0,0.0,0.0,0.0,6.574015986107268e-196,2.0176630415706578e-76,8.690466626793615e-57,0.0,0.0,0.0,0.0,0.0,0.0,0.0,0.0,0.0,5.792996221508329e-168,7.550462714037294e-106,3.902370430198879e-60,0.0,0.0,0.0,0.0,0.0,0.0,0.0,0.0,0.0,3.841254326754858e-194,3.628743687269235e-24,0.0014681764553861414,0.0,0.0,0.0,0.0,0.0,0.0,0.0,0.0,0.0,7.457110709306242e-241,5.512776371881526e-82,9.424419281535418e-217,1.3946321404996872e-153,0.0,0.0,0.0,0.0,0.0,0.0,0.0,0.0,0.0,0.0,0.0,6.81104372496129e-145,0.0,0.0,0.0,0.0,0.0,0.0,0.0,0.0,0.0,0.0,0.0,0.0,0.0,0.0,0.0,0.0,5.477291146705864e-195,0.0014681764553861414,0.0,0.0,0.0,0.0,0.0,0.0,0.0,0.0,0.0,0.0,0.0,0.0,0.0,0.0,0.0,0.0,0.0,5.500019858593424e-205,0.0014681764553861228,0.0,0.0,0.0,0.0,0.0,0.0,0.0,0.0,0.0,0.0,0.0,2.296572407825092e-149,0.0,0.0,0.0,0.0,0.0,0.0,0.0,4.266886607802101e-125,0.0,0.0,0.0,0.0,0.0,0.0,0.0,1.0562525498031993e-125,0.0,0.0,0.0,0.0,0.0,0.0,0.0,0.0,0.0,0.0,1.752733269513554e-154,0.0,0.0,0.0,0.0,0.0,0.0,0.0,0.0,7.667907283506626e-111,1.0001644696271906e-168,0.0,0.0,0.0,0.0,0.0,0.0,0.0,0.0,7.535109883716866e-138,0.0,0.0,0.0,0.0,0.0,0.0,0.0,0.0,1.2498980179398435e-134,0.0,0.0,0.0,0.0,0.0,0.0,2.3006322629309574e-145,0.0,0.0,0.0,0.0,0.0,0.0,0.0,0.0,0.0,0.0,0.0,8.938526520805351e-126,0.0,2.441730142961213e-149,0.0,0.0,0.0,0.0,0.0,0.0,0.0,0.0,0.0,0.0,0.0,0.0,0.0,0.0,0.0,0.0,0.0,0.0,0.0,0.0,0.0,0.0,0.0,0.0,0.0,0.0,0.0,0.0,0.0,0.0,0.0,0.0,0.0,0.0
0.0,0.0,0.0,0.0,0.0,5.398566124149555e-130,8.265126113760616e-74,7.995862941711852e-113,0.0,0.0,0.0,0.0,0.0,0.0,0.0,0.0,0.0,8.246897208355844e-45,0.04898029191529962,2.708269895114789e-97,0.0,0.0,0.0,0.0,0.0,0.0,0.0,0.0,0.0,9.984562417186999e-37,0.7999988644705902,4.274621417052143e-57,0.0,1.2296809334568357e-159,0.0,0.0,0.0,0.0,0.0,0.0,0.0,3.5453028213143544e-68,0.1333283445604741,3.922684452034207e-46,0.0,0.0,0.0008491665501438923,0.0,0.0,0.0,0.0,0.0,0.0,1.4509164971783772e-91,0.0003057106008701299,3.0034721697620764e-57,0.0,2.05e-321,8.268315147624955e-263,0.0,0.0,0.0,0.0,0.0,0.0,5.136916949324162e-81,0.0006412378254056666,8.212925877208547e-29,0.0,0.0,2.7919099401672953e-51,0.0,0.0,0.0,0.0,0.0,0.0,1.968865794053399e-99,0.003062375886362126,4.903386524947428e-21,0.0,1.5228581533693423e-238,0.0,0.0,0.0,0.0,0.0,0.0,0.0,5.359308957625595e-88,1.384588462300395e-31,1.0907008227646826e-27,0.0,0.0,0.0,0.0,0.0,0.0,0.0,0.0,0.0,8.81353656571751e-119,0.0052042562229311275,1.8108827319048527e-80,0.0,0.0,0.0,0.0,0.0,0.0,0.0,0.0,0.0,6.453378715660569e-206,0.0016983319880445296,8.115023029279917e-197,0.0008491659940222648,0.0,0.0,0.0,0.0,0.0,0.0,0.0,0.0,0.0,0.0,0.0008491659940222648,0.0008444134271759493,0.0,0.0,0.0,0.0,0.0,0.0,0.0,0.0,0.0,0.0,0.0,0.0,0.0,0.0,1.92000371103907e-308,0.0,3.1778146546840998e-167,4.647109101784654e-149,0.0008411765825911213,0.0,0.0,0.0,0.0,0.0,0.0,0.0,0.0,0.0,0.0,0.0,0.0,0.0,0.0,0.0,0.0,2.174510709369584e-136,4.143671156022213e-32,0.0,0.0,0.0,0.0,0.0,0.0,0.0,0.0,0.0,0.0,0.0,0.0008491659940222648,0.0,0.0,0.0,0.0,0.0,0.0,0.0,0.0008491659940222648,0.0,0.0,0.0,0.0,0.0,0.0,0.0,1.5216418583145128e-58,0.0,0.0,0.0,0.0,0.0,0.0,0.0,0.0,0.0,0.0,4.3107258975964444e-73,0.0,0.0,0.0,0.0,0.0,0.0,0.0,0.0,1.6330642246589364e-44,2.651540194813629e-48,0.0,0.0,0.0,0.0,0.0,0.0,0.0,0.0,2.0620633535029273e-62,0.0,0.0,0.0,0.0,0.0,0.0,0.0,0.0,1.499659808445429e-68,0.0,0.0,0.0,0.0,0.0,0.0,1.1824684273582144e-83,0.0,0.0,0.0,0.0,0.0,0.0,0.0,0.0,0.0,0.0,0.0,1.671175807451989e-38,0.0,0.0008491659940222648,0.0,0.0,0.0,0.0,0.0,0.0,0.0,0.0,0.0,0.0,0.0,0.0,0.0,0.0,0.0,0.0,0.0,0.0,0.0,0.0,0.0,0.0,0.0,0.0,0.0,0.0,0.0,0.0,0.0,0.0,0.0,0.0,0.0,0.0
0.0,0.0,2.9169750521688663e-56,0.07913882080829657,1.0924636374390301e-32,0.0,0.0,0.0,0.0,0.0,0.0,0.0,0.0,0.0,3.933519862945857e-50,0.8554897355609309,6.195198518933047e-44,0.0,0.0,0.0,0.0,0.0,0.0,0.0,0.0,0.0,1.460416606536543e-61,0.05593343288776848,6.996106046859648e-66,0.0,0.0,0.0,0.0,0.0,0.0,0.0,0.0,0.0,1.39329785636664e-60,0.006103464182818129,4.572207729712155e-101,0.0,0.0,0.0,0.0,0.0,0.0,0.0,0.0,0.0,7.359504317074921e-34,6.371417028661433e-8,1.1587861035338454e-110,0.0,0.0,0.0,0.0,0.0,0.0,0.0,0.0,0.0,1.3253672020788522e-84,3.6364334816980204e-14,3.3953929980979696e-107,0.0,0.0,0.0,0.0,0.0,0.0,0.0,0.0,0.0,3.227696584251328e-122,0.0012814962939315543,1.2040778835267534e-83,0.0,0.0,0.0,0.0,0.0,0.0,0.0,0.0,0.0,1.3057205125747348e-22,0.0011283221209115847,1.5911201175307038e-82,0.0,0.0,0.0,0.0,0.0,0.0,0.0,0.0,0.0,2.973827054282947e-132,0.0009246643419131876,9.514519915380377e-124,0.0,0.0,0.0,0.0,0.0,0.0,0.0,0.0,0.0,7.82792644702193e-215,1.270328281720643e-46,2.7899459596959933e-148,0.0,0.0,0.0,0.0,0.0,0.0,0.0,0.0,3.59658540535804e-162,8.922300564648925e-11,5.229052416414469e-155,0.0,0.0,0.0,0.0,0.0,0.0,0.0,0.0,0.0,1.3070008764306714e-81,1.1814215389838525e-60,0.0,0.0,0.0,0.0,0.0,0.0,0.0,4.161862514399765e-176,3.511511299321515e-62,3.8950757239909354e-101,0.0,0.0,0.0,0.0,0.0,0.0,1.5020309636934875e-175,1.7915573539442383e-63,3.891015470301111e-152,0.0,0.0,0.0,0.0,0.0,0.0,0.0,4.537078092560343e-162,1.8747807158741964e-88,3.0233084747687957e-114,0.0,0.0,0.0,0.0,0.0,0.0,0.0,4.508341695524189e-195,4.611512878508245e-48,1.4519313878264868e-131,0.0,0.0,0.0,0.0,0.0,0.0,0.0,7.16255890359151e-111,1.6887275770310252e-48,2.11463772895623e-123,0.0,0.0,0.0,0.0,0.0,0.0,1.0909200376845317e-152,2.792930637562241e-94,6.078111446492178e-127,0.0,0.0,0.0,0.0,0.0,0.0,0.0,2.2631501200342015e-161,2.0243141563468717e-97,8.129608500806666e-131,0.0,0.0,0.0,0.0,0.0,0.0,0.0,3.223034172335546e-115,3.533538297223856e-60,2.8231849189914475e-125,0.0,0.0,0.0,0.0,0.0,0.0,5.9751843918762115e-146,1.4897989344114146e-65,0.0,0.0,1.576639696608698e-153,0.0,0.0,0.0,0.0,1.5662807927557358e-33,3.119823818982388e-115,5.492908900016956e-135,0.0,0.0,0.0,0.0,0.0,9.560952430171044e-129,2.5626602190481526e-92,0.0,0.0,0.0,0.0,0.0,0.0,0.0,0.0,0.0,0.0,7.858976557301678e-89,3.661422888551664e-84,0.0,0.0,0.0,0.0,0.0,0.0,0.0,0.0,4.564183423978881e-62,1.3161200421563068e-108,0.0,0.0,0.0,0.0,0.0,2.8478150707869583e-156,4.145418855263788e-123,2.1494367951027684e-115,0.0,0.0,0.0,0.0,0.0,0.0,0.0,0.0,0.0,0.0,0.0,0.0,0.0,0.0,0.0,0.0,0.0,0.0,0.0,0.0
0.0,0.0,0.0,0.0,0.0,0.0,0.0,0.0,0.0,0.0,3.759860312701946e-39,0.09071829241599116,0.0,0.0,0.0,0.0,0.0,0.0,0.0,0.0,0.0,0.0,3.008875552580603e-42,0.7147091240771797,0.0,0.0,0.0,0.0,0.0,0.0,0.0,0.0,0.0,0.0,3.3182116250970796e-52,0.16551816942978972,0.0,0.0,0.0,0.0,0.0,0.0,0.0,0.0,0.0,0.0,0.002004104103353759,0.013566531943617866,0.0,0.0,0.0,0.0,0.0,0.0,0.0,0.0,0.0,0.0,0.000992327278723255,1.539301259900168e-28,0.0,0.0,0.0,0.0,0.0,0.0,0.0,0.0,0.0,0.0,1.283751620027316e-27,2.6073230336488297e-8,0.0,0.0,0.0,0.0,0.0,0.0,0.0,0.0,0.0,0.0,0.0012569839878376816,1.125612930768448e-32,0.0,0.0,0.0,0.0,0.0,0.0,0.0,0.0,0.0,0.0,2.4987794945677003e-5,1.3464751622434316e-34,0.0,0.0,0.0,0.0,0.0,0.0,0.0,0.0,0.0,0.0,1.140224863230741e-51,0.0008671072968160653,0.0,0.0,0.0,0.0,0.0,0.0,0.0,0.0,0.0,0.0,6.968570361189547e-75,0.0,0.0,0.0,0.0,0.0,0.0,0.0,0.0,0.0,5.6605329413600326e-67,5.251674742654682e-41,0.0,0.0,0.0,0.0,0.0,0.0,0.0,0.0,0.0,5.283880855022775e-101,0.0,0.0,0.0,0.0,0.0,0.0,0.0,0.0016479515437582688,1.312253410961131e-85,0.0,0.0,0.0,0.0,0.0,0.0,0.0,0.0,1.483639725662524e-29,2.6552819434161684e-68,0.0,0.0,0.0,0.0,0.0,0.0,0.0,0.0,8.312121088429524e-28,0.0010244264629429701,0.0,0.0,0.0,0.0,0.0,0.0,0.0,0.0,2.9346550810120193e-12,8.903975422035526e-41,0.0,0.0,0.0,0.0,0.0,0.0,0.0,0.0,2.913378260532405e-76,0.0,0.0,0.0,0.0,0.0,0.0,0.0,0.0,4.264412624261564e-26,2.501059268946866e-55,0.0,0.0,0.0,0.0,0.0,0.0,0.0,0.0,0.0,1.5605065760715534e-13,0.0,0.0,0.0,0.0,0.0,0.0,0.0,0.0016494234984725667,1.2639896543945254e-58,0.0,0.0,0.0,0.0,0.0,0.0,0.0,0.0,3.414594255854838e-62,0.0,0.0,0.0,0.0,0.0,0.0,0.0,1.1491356737189562e-19,0.0,0.0,0.0,0.0,0.0,0.0,0.0,0.0,0.0,8.109365154964641e-36,1.845763432329487e-80,0.0,0.0,0.0,0.0,0.0,0.0,0.0,0.0,0.0016494234984725667,6.54902267861847e-113,0.0,0.0,0.0,0.0,0.0,0.0,0.0010722735948324846,1.35750784734613e-67,0.0,0.0,0.0,0.0,0.0,0.0,0.0,0.00247413524770885,1.9270486325519462e-106,0.0,0.0,0.0,0.0,0.0,0.0,0.0,0.0,0.0,0.0,0.0,0.0,0.0,0.0008247117492362834,0.0,0.0
0.0,0.0,0.0,0.0,0.0,0.0,0.0,0.0,0.0,6.893229514870997e-47,0.05878110611904975,5.4731059463876034e-77,0.0,0.0,0.0,0.0,0.0,0.0,0.0,0.0,0.0,7.98590631868e-50,0.49134089291276295,2.714899347636096e-59,0.0,0.0,0.0,0.0,0.0,0.0,0.0,0.0,0.0,6.018278889573904e-57,0.36893788370015346,2.0768437778305266e-50,0.0,0.0,0.0,0.0,0.0,0.0,0.0,0.0,0.0,1.4632297343131647e-47,0.0416896119885195,6.574186199524428e-59,0.0,0.0,0.0,0.0,0.0,0.0,0.0,0.0,0.0,3.225017505656517e-35,0.012723259853103821,9.668251009856125e-68,0.0,0.0,0.0,0.0,0.0,0.0,0.0,0.0,0.0,0.0,0.010373136373949956,1.7896212150528532e-76,0.0,0.0,0.0,0.0,0.0,0.0,0.0,0.0,0.0,7.580879624131229e-90,0.00569687480897798,1.6520499965580723e-93,0.0,0.0,0.0,0.0,0.0,0.0,0.0,0.0,0.0,0.0,0.0016356494756044344,3.844730760787707e-117,0.0,0.0,0.0,0.0,0.0,0.0,0.0,0.0,0.0,0.0,0.0027661696997199883,4.014883926894711e-90,0.0,0.0,0.0,0.0,0.0,0.0,0.0,0.0,0.0,0.0006915424249299971,1.3981003601651128e-79,0.0,0.0,0.0,0.0,0.0,0.0,0.0,0.0,0.0,0.0010392488312349981,0.0,0.0,0.0,0.0,0.0,0.0,0.0,0.0,0.0,0.00034577121246499854,0.0,0.0,0.0,0.0,0.0,0.0,0.0,0.0,3.870338272171556e-6,0.0,0.0,0.0,0.0,0.0,0.0,0.0,0.0,0.0,0.0009669075909035658,0.0,0.0,0.0,0.0,0.0,0.0,0.0,0.0,0.0,0.000691469732287239,0.0,0.0,0.0,0.0,0.0,0.0,0.0,0.0,0.0,3.439048385800282e-20,0.0,0.0,0.0,0.0,0.0,0.0,0.0,0.0,0.0006915424249299971,0.0,0.0,0.0,0.0,0.0,0.0,0.0,0.0,0.0,2.2730607766919174e-16,4.6384427179359806e-51,0.0,0.0,0.0,0.0,0.0,0.0,0.0,0.0,0.00034577121246499854,0.0,0.0,0.0,0.0,0.0,0.0,0.0,0.0,1.2701623832485022e-22,0.0,0.0,0.0,0.0,0.0,0.0,0.0,0.0,0.0,4.597818867575852e-79,0.0,0.0,0.0,0.0,0.0,0.0,0.0,0.0,0.0,0.0,0.0,0.0,0.0,0.0,0.0,0.0,0.0,0.0006915424249299971,5.1501741579340025e-110,0.0,0.0,0.0,0.0,0.0,0.0,0.0,0.0,4.291004318208585e-33,0.0,0.0,0.0,0.0,0.0,0.0,0.0,0.0005877488757400648,1.4501137140157465e-69,0.0,0.0,0.0,0.0,0.0,0.0,0.0,0.0,0.0,0.0,0.0,0.0,0.0,0.0,0.0,0.0,0.0,0.0,0.0,0.0,0.0,0.0,0.0,0.0,0.0
0.03287671232876712,0.0,0.0,0.0,0.0,0.0,0.0,0.0,0.0,0.0,0.0,0.0,0.24794520547945206,0.0,0.0,0.0,0.0,0.0,0.0,0.0,0.0,0.0,0.0,0.0,0.3150684931506849,0.0,0.0,0.0,0.0,0.0,0.0,0.0,0.0,0.0,0.0,0.0,0.1643835616438356,0.0,0.0,0.0,0.0,0.0,0.0,0.0,0.0,0.0,0.0,0.0,0.0958904109589041,0.0,0.0,0.0,0.0,0.0,0.0,0.0,0.0,0.0,0.0,0.0,0.04315068493150685,0.0,0.0,0.0,0.0,0.0,0.0,0.0,0.0,0.0,0.0,0.0,0.02054794520547945,0.0,0.0,0.0,0.0,0.0,0.0,0.0,0.0,0.0,0.0,0.0,0.013013698630136987,0.0,0.0,0.0,0.0,0.0,0.0,0.0,0.0,0.0,0.0,0.0,0.009589041095890411,0.0,0.0,0.0,0.0,0.0,0.0,0.0,0.0,0.0,0.0,0.0,0.009589041095890411,0.0,0.0,0.0,0.0,0.0,0.0,0.0,0.0,0.0,0.0,0.009589041095890411,0.0,0.0,0.0,0.0,0.0,0.0,0.0,0.0,0.0,0.0,0.003424657534246575,0.0,0.0,0.0,0.0,0.0,0.0,0.0,0.0,0.0,0.0027397260273972603,0.0,0.0,0.0,0.0,0.0,0.0,0.0,0.0,0.00410958904109589,0.0,0.0,0.0,0.0,0.0,0.0,0.0,0.0,0.0,0.004794520547945206,0.0,0.0,0.0,0.0,0.0,0.0,0.0,0.0,0.0,0.0,0.0,0.0,0.0,0.0,0.0,0.0,0.0,0.0,0.0,0.0027397260273972603,0.0,0.0,0.0,0.0,0.0,0.0,0.0,0.0,0.003424657534246575,0.0,0.0,0.0,0.0,0.0,0.0,0.0,0.0,0.0,0.004794520547945206,0.0,0.0,0.0,0.0,0.0,0.0,0.0,0.0,0.0,0.0013698630136986301,0.0,0.0,0.0,0.0,0.0,0.0,0.0,0.0,0.002054794520547945,0.0,0.0,0.0,0.0,0.0,0.0,0.0,0.0,0.0013698630136986301,0.0,0.0,0.0,0.0,0.0,0.0,0.0,0.003424657534246575,0.0,0.0,0.0,0.0,0.0,0.0,0.0,0.0,0.0,0.0,0.0006849315068493151,0.0,0.0,0.0,0.0,0.0,0.0,0.0,0.0,0.0,0.0013698630136986301,0.0,0.0,0.0,0.0,0.0,0.0,0.0,0.0013698630136986301,0.0,0.0,0.0,0.0,0.0,0.0,0.0,0.0,0.0006849315068493151,0.0,0.0,0.0,0.0,0.0,0.0,0.0,0.0,0.0,0.0,0.0,0.0,0.0,0.0,0.0
0.0,0.0,3.355660625800247e-123,6.557439139344864e-115,0.0,0.0,0.0,0.0,0.0,0.0,0.0,0.0,0.0,0.0,2.5708913172672188e-82,0.04304540549495839,0.0,0.0,0.0,0.0,0.0,0.0,0.0,0.0,0.0,0.0,2.632030997489474e-74,0.46102495881158106,0.0,0.0,0.0,0.0,0.0,0.0,0.0,0.0,0.0,0.0,1.3482679008595763e-61,0.26710598039384753,0.0,0.0,1.1792234809146875e-106,0.0,0.0,0.0,0.0,0.0,0.0,0.0,1.1736398401062452e-64,0.10338637897695191,0.0,0.0,0.0,0.0,0.0,0.0,0.0,0.0,0.0,0.0,3.5829081963833247e-68,0.03815187289614507,0.0,0.0,0.0,0.0,0.0,0.0,0.0,0.0,0.0,0.0,3.975517214718215e-71,0.015215685038929418,0.0,0.0,0.0,0.0,0.0,0.0,0.0,0.0,0.0,0.0,6.600838129997899e-53,0.00971032102020644,0.0,0.0,0.0,0.0,0.0,0.0,0.0,0.0,0.0,0.0,7.560645356178388e-144,0.007003427925596829,0.0,0.0,0.0,0.0,0.0,0.0,0.0,0.0,0.0,0.0,9.31481536135511e-176,0.003882256840085624,0.0,0.0,0.0,0.0,0.0,0.0,0.0,0.0,0.0,1.1587549901657165e-72,0.003915766144448935,0.0,0.0,0.0,0.0,0.0,0.0,0.0,0.0,0.0,0.0,0.004853276513889566,0.0,0.0,0.0009705518655920589,0.0,0.0,0.0,0.0,0.0,1.3642608576704525e-146,0.0009709599329921501,0.0,0.0,0.0,0.0,0.0,0.0,0.0,6.611969735143182e-133,0.005823311139431721,0.0,0.0,0.0,0.0,0.0,0.0,0.0,0.0,9.541023934615876e-182,0.0019404792083538946,0.0,0.0,0.0,0.0,0.0,0.0,0.0,0.0,2.6983838750522047e-174,0.004854014501641659,0.0,0.0,0.0,0.0,0.0,0.0,0.0,0.0,1.0802908953737558e-142,0.004852701850291278,0.0,0.0,0.0,0.0,0.0,0.0,0.0,5.2405718579701764e-129,0.005823311193552353,0.0,0.0,0.0009705518655920589,0.0,0.0,0.0,0.0,0.0,6.844762530366384e-174,0.0009705518655920735,0.0,0.0,0.0,0.0,0.0,0.0,0.0,0.0,8.682443368634113e-110,0.002911062022119496,0.0,0.0,0.0,0.0,0.0,0.0,0.0,6.829433742647174e-71,0.0029116541675727543,0.0,0.0,0.0009705518655920589,0.0,0.0,0.0,0.0,1.6349341688761386e-31,5.543657732137719e-170,0.0,0.0,0.0,0.0,0.0,0.0,1.2311462437234573e-50,0.0029116552088471726,0.0,0.0,0.0,0.0,0.0,0.0,0.0,0.0,0.0,0.0,0.0,0.0,0.0,0.0,0.0,0.0,0.0,0.0,0.0,0.0,0.0029116576599875197,0.0,0.0,0.0,0.0,0.0,0.0,0.0,0.002911655596201151,0.0,0.0,0.0,0.0,0.0,0.0,0.0,0.0,0.0,0.0,0.0,0.0,0.0,0.0,0.0,0.0,0.0,0.0,0.0,0.0,0.0
0.031506849315068496,0.0,0.0,0.0,0.0,0.0,0.0,0.0,0.0,0.0,0.0,0.0,0.2568493150684932,0.0,0.0,0.0,0.0,0.0,0.0,0.0,0.0,0.0,0.0,0.0,0.31575342465753425,0.0,0.0,0.0,0.0,0.0,0.0,0.0,0.0,0.0,0.0,0.0,0.16232876712328767,0.0,0.0,0.0,0.0,0.0,0.0,0.0,0.0,0.0,0.0,0.0,0.0863013698630137,0.0,0.0,0.0,0.0,0.0,0.0,0.0,0.0,0.0,0.0,0.0,0.045205479452054796,0.0,0.0,0.0,0.0,0.0,0.0,0.0,0.0,0.0,0.0,0.0,0.01986301369863014,0.0,0.0,0.0,0.0,0.0,0.0,0.0,0.0,0.0,0.0,0.0,0.012328767123287671,0.0,0.0,0.0,0.0,0.0,0.0,0.0,0.0,0.0,0.0,0.0,0.010958904109589041,0.0,0.0,0.0,0.0,0.0,0.0,0.0,0.0,0.0,0.0,0.0,0.004794520547945206,0.0,0.0,0.0,0.0,0.0,0.0,0.0,0.0,0.0,0.0,0.004794520547945206,0.0,0.0,0.0,0.0,0.0,0.0,0.0,0.0,0.0,0.0,0.00410958904109589,0.0,0.0,0.0,0.0,0.0,0.0,0.0,0.0,0.0,0.00410958904109589,0.0,0.0,0.0,0.0,0.0,0.0,0.0,0.0,0.00410958904109589,0.0,0.0,0.0,0.0,0.0,0.0,0.0,0.0,0.0,0.0013698630136986301,0.0,0.0,0.0,0.0,0.0,0.0,0.0,0.0,0.0,0.004794520547945206,0.0,0.0,0.0,0.0,0.0,0.0,0.0,0.0,0.0,0.0013698630136986301,0.0,0.0,0.0,0.0,0.0,0.0,0.0,0.0,0.005479452054794521,0.0,0.0,0.0,0.0,0.0,0.0,0.0,0.0,0.0,0.002054794520547945,0.0,0.0,0.0,0.0,0.0,0.0,0.0,0.0,0.0,0.0027397260273972603,0.0,0.0,0.0,0.0,0.0,0.0,0.0,0.0,0.003424657534246575,0.0,0.0,0.0,0.0,0.0,0.0,0.0,0.0,0.0027397260273972603,0.0,0.0,0.0,0.0,0.0,0.0,0.0,0.00410958904109589,0.0,0.0,0.0,0.0,0.0,0.0,0.0,0.0,0.0,0.0,0.002054794520547945,0.0,0.0,0.0,0.0,0.0,0.0,0.0,0.0,0.0,0.004794520547945206,0.0,0.0,0.0,0.0,0.0,0.0,0.0,0.0013698630136986301,0.0,0.0,0.0,0.0,0.0,0.0,0.0,0.0,0.0006849315068493151,0.0,0.0,0.0,0.0,0.0,0.0,0.0,0.0,0.0,0.0,0.0,0.0,0.0,0.0,0.0
0.0,0.0,0.0,3.4770522078226664e-68,1.1776830688595834e-67,0.0,0.0,0.0,0.0,0.0,0.0,0.0,0.0,0.0,0.0,0.05158788767802051,9.552970699219155e-63,0.0,1.1901004621577264e-274,0.0,0.0,0.0,0.0,0.0,0.0,0.0,0.0,0.45447036425577375,1.840843812902424e-51,0.0,5.064564955864937e-129,0.0,0.0,0.0,0.0,0.0,0.0,0.0,0.0,0.24994510503115616,3.214724053005197e-56,0.0,2.940240678203885e-284,0.0,0.0,0.0,0.0,0.0,0.0,0.0,0.0,0.10061226162020602,5.583507373795214e-58,0.0,2.724875384844645e-295,0.0,0.0,0.0,0.0,0.0,0.0,0.0,0.0,0.0449635427135137,6.077584023002998e-56,0.0,3.1536299606836874e-283,0.0,0.0,0.0,0.0,0.0,0.0,0.0,0.0,0.02139958922155553,1.7268158821342483e-65,0.0,3.4163126315318524e-239,0.0,0.0,0.0,0.0,0.0,0.0,0.0,0.0,0.016395799236076605,4.2415099949358496e-87,0.0,1.1363323524771517e-302,0.0,0.0,0.0,0.0,0.0,0.0,0.0,0.0,0.005768016742419104,1.0256165904785566e-54,0.0,3.264402378816334e-252,0.0,0.0,0.0,0.0,0.0,0.0,0.0,0.0,0.005778022432783211,1.3914580413052365e-172,0.0,0.0,0.0,0.0,0.0,0.0,0.0,0.0,0.0,0.007670797188492183,0.0,0.0,0.0,0.0,0.0,0.0,0.0,0.0,0.0,0.0,0.0028885225454006957,5.550148872822431e-38,0.0,0.0009630119044830257,0.0,0.0,0.0,0.0,0.0,0.0,0.004814654625182893,3.87981312989252e-36,0.0,0.0,0.0,0.0,0.0,0.0,0.0,0.0009630119581832097,8.2574687944285795e-249,0.0,0.0,0.0,0.0,0.0,0.0,0.0,0.0,0.005778691097975454,2.024126125187476e-78,0.0,0.0,0.0,0.0,0.0,0.0,0.0,0.0,0.0077028498132956655,2.4671097329660925e-151,0.0,0.0019260238089660515,0.0,0.0,0.0,0.0,0.0,0.0,0.001926080840106238,2.4665157256280015e-110,0.0,0.0,0.0,0.0,0.0,0.0,0.0,5.842446508122283e-182,3.779809263957333e-151,0.0,0.0,0.0,0.0,0.0,0.0,0.0,0.0,0.001926023808966037,1.0078585423685706e-159,0.0,0.0,0.0,0.0,0.0,0.0,0.0,0.0,0.0028896246767810205,1.4742237132391568e-132,0.0,0.0009630119044830257,0.0,0.0,0.0,0.0,0.0,0.0019260252270663692,0.0,0.0,0.0,0.0,0.0,0.0,0.0,0.0,0.0009630119044830257,7.888107424635464e-150,0.0,0.0,0.0,0.0,0.0,0.0,0.0009630122893983121,0.0,0.0,0.0,0.0,0.0,0.0,0.0,0.0,0.0,0.0,0.0009630119044830257,6.535760733731432e-33,0.0,0.0,0.0,0.0,0.0,0.0,0.0,0.0,0.001926021761783252,0.0009630119039124668,0.0,0.0,0.0,0.0,0.0,0.0,0.0009630119050535846,1.2264434215094272e-122,0.0,0.0,0.0,0.0,0.0,0.0,0.0,0.0,0.0,0.0,0.0,0.0,0.0,0.0,0.0,0.0,0.0,0.0,0.0,0.0
0.0,0.0,0.0,0.0,0.0,0.0,0.0,6.966813916214508e-55,0.08050702295306561,6.192090218748902e-15,0.0,0.0,0.0,0.0,0.0,0.0,0.0,0.0,0.0,1.9451277440981785e-57,0.5960945529290815,1.3598080361033036e-20,0.0,0.0,0.0,0.0,0.0,0.0,0.0,0.0,0.0,2.0390384935718653e-58,0.3096951010620056,3.062215015450183e-50,0.0,0.0,0.0,0.0,0.0,0.0,0.0,0.0,0.0,6.335029756407426e-90,0.009934909215484693,3.0285338390675122e-68,0.0,0.0,0.0,0.0,0.0,0.0,0.0,0.0,0.0,1.0246882936439709e-95,0.003768413840356263,1.9400484074509176e-60,0.0,0.0,0.0,0.0,0.0,0.0,0.0,0.0,0.0,0.0,3.988587440853395e-21,0.0,0.0,0.0,0.0,0.0,0.0,0.0,0.0,0.0,0.0,0.0,0.0,0.0,0.0,0.0,0.0,0.0,0.0,0.0,0.0,0.0,0.0,0.0,0.0,0.0,0.0,0.0,0.0,0.0,0.0,0.0,0.0,0.0,0.0,0.0,0.0,0.0,0.0,0.0,0.0,0.0,0.0,0.0,0.0,0.0,0.0,0.0,0.0,0.0,0.0,0.0,0.0,0.0,0.0,0.0,0.0,0.0,0.0,0.0,0.0,0.0,0.0,0.0,0.0,0.0,0.0,0.0,0.0,0.0,0.0,0.0,0.0,0.0,0.0,0.0,0.0,0.0,0.0,0.0,0.0,0.0,0.0,0.0,0.0,0.0,0.0,0.0,0.0,0.0,0.0,0.0,0.0,0.0,0.0,0.0,0.0,0.0,0.0,0.0,0.0,0.0,0.0,0.0,0.0,0.0,0.0,0.0,0.0,0.0,0.0,0.0,0.0,0.0,0.0,0.0,0.0,0.0,0.0,0.0,0.0,0.0,0.0,0.0,0.0,0.0,0.0,0.0,0.0,0.0,0.0,0.0,0.0,0.0,0.0,0.0,0.0,0.0,0.0,0.0,0.0,0.0,0.0,0.0,0.0,0.0,0.0,0.0,0.0,0.0,0.0,0.0,0.0,0.0,0.0,0.0,0.0,0.0,0.0,0.0,0.0,0.0,0.0,0.0,0.0,0.0,0.0,0.0,0.0,0.0,0.0,0.0,0.0,0.0,0.0,0.0,0.0,0.0,0.0,0.0,0.0,0.0,0.0,0.0,0.0,0.0,0.0,0.0,0.0,0.0,0.0,0.0,0.0,0.0,0.0,0.0,0.0,0.0,0.0,0.0,0.0,0.0,0.0,0.0,0.0,0.0,0.0,0.0,0.0,0.0,0.0,0.0,0.0,0.0,0.0,0.0,0.0,0.0,0.0,0.0
0.0,0.0,0.0,0.0,4.02245266054047e-160,2.580980639731455e-36,4.4670979495493064e-96,0.0,0.0,0.0,0.0,0.0,0.0,0.0,0.0,0.0,8.786928334645706e-119,0.002118931779508311,6.311278353158273e-39,0.0,0.0,0.0,0.0,0.0,0.0,0.0,0.0,0.0,5.227982106418243e-98,0.407955903189349,4.446193967330198e-42,0.0,0.0,0.0,0.0,0.0,0.0,0.0,0.0,0.0,3.245063515283539e-81,0.49355287881306575,2.1267223156503955e-45,0.0,0.0,0.0,0.0,0.0,0.0,0.0,0.0,0.0,6.660468197786005e-84,0.08524258955596434,8.299183309205491e-57,0.0,0.0,0.0,0.0,0.0,0.0,0.0,0.0,0.0,2.3733967308934165e-16,0.005541120361465697,3.6087817019935215e-55,0.0,0.0,0.0,0.0,0.0,0.0,0.0,0.0,0.0,8.584516293842008e-101,0.0009988921411812207,9.899391383173967e-47,0.0,0.0,0.0,0.0,0.0,0.0,0.0,0.0,0.0,1.865340485050627e-102,0.001411580378942835,5.474822288544272e-50,0.0,0.0,0.0,0.0,0.0,0.0,0.0,0.0,0.0,2.389736749155006e-141,0.0014066296003698903,3.363780764291339e-43,0.0,0.0,0.0,0.0,0.0,0.0,0.0,0.0,0.0,1.957841824399596e-111,0.00021792054651124942,0.0,0.0,0.0,0.0,0.0,0.0,0.0,0.0,0.0,2.6459765055145175e-128,9.061139589472955e-15,0.0,0.0,0.0,0.0,0.0,0.0,0.0,0.0,0.0,4.6119073594355394e-114,1.3856713624943213e-13,0.0,0.0,0.0,0.0,0.0,0.0,0.0,0.0,1.148685458252114e-214,3.2979873395745567e-10,0.0,0.0,0.0,0.0,0.0,0.0,0.0,8.480160349582872e-84,0.0004611417571516285,0.0,0.0,0.0,0.0,0.0,0.0,0.0,0.0,0.0,3.128837584660962e-10,0.0,0.0,0.0,0.0,0.0,0.0,0.0,0.0,0.0,3.294891760442143e-21,0.0,0.0,0.0,0.0,0.0,0.0,0.0,0.0,3.785401599293e-312,4.504261776532912e-19,0.0,0.0,0.0,0.0,0.0,0.0,0.0,2.7019439185990313e-92,3.713375382948178e-9,0.0,0.0,0.0,0.0,0.0,0.0,0.0,0.0,1.6766563579657969e-90,1.1757143899360866e-11,2.817460939201516e-17,0.0,0.0,0.0,0.0,0.0,0.0,0.0,0.0,9.386765577786535e-10,0.0,0.0,0.0,0.0,0.0,0.0,0.0,0.0,2.0178488393712184e-15,2.6459820506385366e-22,0.0,0.0,0.0,0.0,0.0,0.0,8.18594603138054e-94,2.3085688740966004e-17,1.4352334011425375e-8,0.0,0.0,0.0,0.0,0.0,7.110876055961751e-17,7.182222904885742e-8,0.0,0.0,0.0,0.0,0.0,0.0,0.0,0.0,0.0,3.444740200861994e-77,6.935585927307166e-31,0.0005459415614545469,0.0,0.0,0.0,0.0,0.0,0.0,0.0,8.366647714501358e-74,2.5629872162433296e-7,0.0,0.0,0.0,0.0,0.0,0.0,1.7478282117845081e-99,0.0005461225351093966,0.0,0.0,0.0,0.0,0.0,0.0,0.0,9.068229517590125e-55,0.0,0.0,0.0,0.0,0.0,0.0,0.0,2.167757542394041e-60,0.0,0.0,0.0
0.0,0.0,0.0,0.0,0.0,0.0,0.0,0.0,0.0,0.0,3.1355845668140666e-85,1.7982529125539214e-53,0.0,0.0,0.0,0.0,0.0,0.0,0.0,0.0,0.0,0.0,1.3077726653448909e-79,0.014669063757550652,0.0,0.0,0.0,0.0,0.0,0.0,0.0,0.0,0.0,0.0,7.201563666609169e-61,0.41106577429779423,0.0,0.0,0.0,0.0,0.0,0.0,0.0,0.0,0.0,0.0,1.0463512038887276e-25,0.24650590786463267,0.0,0.0,0.0,0.0,0.0,0.0,0.0,0.0,0.0,0.0,1.246448660670121e-29,0.12367194427929733,0.0,0.0,0.0,0.0,0.0,0.0,0.0,0.0,0.0,0.0,3.3645661816816476e-25,0.07108245437602707,0.0,0.0,0.0,0.0,0.0,0.0,0.0,0.0,0.0,0.0,9.769322745155208e-20,0.03583018946409549,0.0,0.0,0.0,0.0,0.0,0.0,0.0,0.0,0.0,0.0,0.0012940839342529826,0.02253834498547942,0.0,0.0,0.0,0.0,0.0,0.0,0.0,0.0,0.0,0.0,7.62557624710769e-27,0.009794698647141071,0.0,0.0,0.0,0.0,0.0,0.0,0.0,0.0,0.0,0.0,0.005779062816789593,0.0,0.0,0.0,0.0,0.0,0.0,0.0,0.0,0.0,7.226146626793057e-146,0.005201156535110635,0.0,0.0,0.0,0.0,0.0,0.0,0.0,0.0,0.0,0.005201156535110635,0.0,0.0,0.0,0.0,0.0,0.0,0.0,4.325765868268535e-24,0.004045343971752716,0.0,0.0,0.0,0.0,0.0,0.0,0.0,0.0,0.0006955797462959622,0.005201156535110635,0.0,0.0,0.0,0.0,0.0,0.0,0.0,0.0,1.2149517764142443e-7,0.001593771296451946,0.0,0.0,0.0,0.0,0.0,0.0,0.0,0.0,0.0005779062796225371,0.005779062816789595,0.0,0.0,0.0,0.0,0.0,0.0,0.0,0.0,0.002311625126715838,0.0,0.0,0.0,0.0,0.0,0.0,0.0,0.0,0.001155812563357539,0.0028895314083947975,0.0,0.0,0.0,0.0,0.0,0.0,0.0,0.0,0.0,0.0017337188449275279,0.0,0.0,0.0,0.0,0.0,0.0,0.0,1.313895879959274e-88,0.0028895314083947975,0.0,0.0,0.0,0.0,0.0,0.0,0.0,0.0,0.0028895314083947975,0.0,0.0,0.0,0.0,0.0,0.0,0.0,0.0034674376900737567,0.0,0.0,0.0,0.0,0.0,0.0,0.0,0.0,0.0,1.199736663911754e-131,0.004045343971752716,0.0,0.0,0.0,0.0,0.0,0.0,0.0,0.0,1.107118211307385e-105,0.0028895314083947975,0.0,0.0,0.0,0.0,0.0,0.0,5.883378369643844e-30,0.004045343971752716,0.0,0.0,0.0,0.0,0.0,0.0,0.0,2.727583268648369e-83,0.001155812563357919,0.0,0.0,0.0,0.0,0.0,0.0,0.0,0.0,0.0,0.0,0.0,0.0,0.0,1.969407498666714e-136,0.0,0.0
1.0,0.0,0.0,0.0,0.0,0.0,0.0,0.0,0.0,0.0,0.0,0.0,0.0,0.0,0.0,0.0,0.0,0.0,0.0,0.0
1703,4003,207,1407,107,805,2504,1305,210,1610,1204,103,608,1701,1011,2310,4501,2202,1304,308,3011,2403,307,2305,2005,3005,211,1001,1607,1310,1406,605,1111,3000,2111,301,101,206,509,1207,904,1605,2308,906,1602,3503,401,110,2405,2011,1502,511,700,1103,1911,1801,2300,1210,1005,405,602,2000,202,2002,1710,1904,1711,908,1201,1110,4510,4001,1611,4011,507,2500,4004,204,3502,701,707,2406,606,3001,609,1702,809,1603,802,702,2302,2100,1804,811,1104,603,907,502,406,1506,505,111,200,1901,409,1503,800,3004,2203,711,2001,2206,1303,1401,411,2410,1202,807,2201,404,501,1501,1403,1907,504,2306,1100,1106,1903,4504,2010,2102,2106,600,1810,810,205,1805,1800,105,2501,1507,1700,1301,1211,1411,3511,2204,1505,2407,1311,909,804,610,709,1300,1105,304,1705,1101,1606,1500,2211,801,309,703,704,1108,1704,1906,408,710,1405,2006,1807,2411,310,2402,1902,1402,2103,3501,1006,108,3504,203,1000,2303,1404,1010,607,102,306,303,604,2511,510,1004,902,1206,1905,1504,400,1203,1604,1205,4002,109,1400,201,1410,3006,1600,300,100,1510,900,106,3500,2301,601,905,1102,305,1003,402,1706,2105,803,208,1601,500,1811,808,911,2404,407,2505,2104,209,2205,503,1306,1511,1910,2510,910,302,1002,3002,2400,1109,706,806,5511,705,3003,2311,1806,2101,2502,1803,2107,104,1900,2307,2200,403,2304,311,506,1200,508,708,2004,2503,1302,903,2401,410,1009,1007,1802,5002,2003,901,3010,611
402:39,2102:220,110:11,2004:213,711:84,1302:143,308:33,1703:183,1010:118,1900:199,501:50,1910:207,1100:120,1106:126,808:93,5511:288,1503:163,4001:279,2104:222,1411:159,2302:237,2406:252,404:41,905:102,2300:235,3006:270,1406:156,1811:198,3501:274,4504:285,1407:157,1710:187,1704:184,2211:234,405:42,1901:200,1700:180,207:20,506:55,2401:247,603:64,104:5,1401:151,1500:160,1501:161,410:47,4011:283,2101:219,111:12,2501:257,300:25,607:68,302:27,2011:217,802:87,2307:242,1702:182,2500:256,801:86,406:43,1602:172,810:95,1002:111,108:9,4004:282,103:4,2503:259,702:75,208:21,2407:253,1109:128,307:32,211:24,2411:255,3003:267,2301:236,1105:125,100:1,1102:122,200:13,1506:166,1905:204,1202:133,1510:168,1311:149,1301:142,2306:241,1101:121,2003:212,5002:287,1110:129,904:101,1003:112,1611:179,109:10,502:51,1904:203,409:46,3010:271,1103:123,1907:206,107:8,1911:208,1404:154,2400:246,2305:240,1502:162,1511:169,3503:276,511:60,1803:192,401:38,209:22,805:90,3002:266,806:91,610:71,1802:191,4003:281,2510:262,1806:195,809:94,1009:117,1000:109,1305:146,609:70,509:58,201:14,707:80,1006:115,206:19,604:65,1504:164,1807:196,507:56,601:62,1207:138,311:36,500:49,1800:189,909:106,2403:249,1005:114,602:63,911:108,4002:280,400:37,1400:150,403:40,3005:269,709:82,2100:218,1604:174,309:34,1111:130,1210:139,1706:186,608:69,1906:205,2204:231,1104:124,2308:243,305:30,703:76,1603:173,2002:211,700:73,1801:190,910:107,510:59,2001:210,408:45,4501:284,1804:193,2310:244,2202:229,804:89,210:23,705:78,1300:141,505:54,704:77,606:67,1306:147,205:18,1310:148,706:79,1410:158,1203:134,1610:178,3504:277,1405:155,2206:233,2106:224,2311:245,2205:232,1810:197,2103:221,2105:223,1701:181,2304:239,2505:261,1705:185,2303:238,710:83,901:98,1903:202,204:17,1004:113,1200:131,2402:248,907:104,3511:278,411:48,203:16,1001:110,2005:214,310:35,903:100,1505:165,2201:228,2107:225,1007:116,304:29,301:26,906:103,202:15,605:66,1206:137,3001:265,2200:227,807:92,803:88,1601:171,1805:194,2006:215,1902:201,1303:144,1507:167,708:81,1205:136,811:96,1304:145,2000:209,3500:273,503:52,2511:263,106:7,2405:251,900:97,902:99,2502:258,303:28,600:61,102:3,1600:170,3004:268,3502:275,101:2,1607:177,1108:127,105:6,4510:286,3000:264,2010:216,1605:175,1211:140,2410:254,2404:250,407:44,1011:119,1201:132,1606:176,800:85,3011:272,611:72,2203:230,306:31,2111:226,2504:260,701:74,508:57,1204:135,908:105,1711:188,504:53,1403:153,1402:152
