20
0.859607101590613,0.0,1.7216764608920356e-39,9.295285590532633e-13,0.0,0.001072241354401591,0.0,0.0024823395743594195,2.4951695798088947e-5,0.06929643087343139,0.0,2.0393625054791013e-235,0.00020925139448334484,1.4269594798006156e-24,0.014815962223144859,8.772275767345835e-129,3.687871614287298e-7,0.0,0.052491352505677144,0.0
0.0,0.8051140745939872,0.0,0.0,0.010973823068423563,0.0,0.0016618366358017067,0.0,0.0,0.0,0.0,0.0,0.0,0.0,0.0,0.0,0.0,0.03255531104883232,0.0,0.1496949546529552
0.0,0.044217573526666526,0.729232316206862,5.701757104373721e-12,0.0,0.0,0.0,9.42690024447118e-15,2.3620560533090566e-9,0.0,0.010651160281503258,0.028080107005691624,0.015945192760776255,0.0,0.0,0.16140974790979004,0.0,0.0,5.934638203662667e-10,0.010463899347478925
0.0,3.3832425533549345e-25,0.0326043740300953,0.7473635209863547,0.0,0.0,0.0,5.86079158355723e-8,0.13275044365201033,0.0,6.192183348630573e-9,0.0005173650466744246,1.6052685377865837e-90,0.0,0.0,0.0618658967685251,0.0,0.0,0.024896596873723684,1.737842517167055e-6
0.0030718008288250294,0.0,0.0,0.0,0.7590223812270824,0.0096525348030043,0.13396543164406505,0.0,0.0,0.03185617739544269,0.0,0.0,0.0,1.0329176248909868e-6,0.0004609455222452529,0.0,9.522534576765083e-90,0.06196969566171036,0.0,0.0
0.02007277091830941,0.0,4.8471558491034156e-219,5.490324428221075e-140,0.0,0.8162102883804028,0.0,1.5670734364197505e-164,7.98818501777601e-210,0.13966985344302288,7.729166552744959e-215,0.0026003009603463413,0.0,0.021446786297918467,1.9422336518947686e-44,2.331424813219734e-50,1.7403626754363238e-79,0.0,8.927918682228012e-209,0.0
8.492952123537623e-45,0.0,0.0,0.0,0.09997845624260343,0.045348858381718204,0.8505909493413102,0.0,0.0,1.009523709764143e-5,0.0,0.0,0.0,3.2206698847112022e-40,2.0970648355295745e-119,0.0,0.0,0.004071640797270278,0.0,0.0
0.0,8.611488643671616e-100,1.1110815475680753e-33,0.30356375916829403,0.0,0.0,0.0,0.6964062788197681,8.808587038758664e-8,0.0,2.257902572964316e-73,5.926932796322046e-62,1.4702936719280757e-116,0.0,0.0,1.295771014126317e-44,0.0,0.0,2.9873926067344e-5,2.0048965198679147e-80
0.0,1.525968613782051e-13,0.1749835262264775,0.04682519789388903,0.0,0.0,0.0,0.00797640644598529,0.3847871920655216,0.0,0.00013313673924421766,2.8650988484684193e-11,0.006315615810020856,0.0,0.0,5.841145850530718e-5,0.0,0.0,0.3789205133311799,3.727556157780052e-13
0.1300794719477734,0.0,8.468048626506358e-44,0.009637739032980477,0.0,0.029266609127819834,0.0,0.02789237906369418,1.0943015119473026e-5,0.7968818380864297,1.9896396272657372e-229,1.371762534329963e-38,3.153457034640206e-211,1.0846016991965937e-11,0.0009554286986551622,8.055468311790832e-72,9.44967312612549e-5,0.0,0.00518109428542059,0.0
0.0,4.838548309320101e-119,0.010117184318939572,9.055314576693707e-25,0.0,0.0,0.0,7.351689709407339e-28,1.453684744857114e-26,0.0,0.5686758211965544,0.3416199262992085,9.688008361058604e-84,0.0,0.0,0.013298122515604081,0.0,0.0,1.799047654081965e-37,0.06628894566969354
0.0,0.0009191903185226923,0.013589160410669161,3.859686264581498e-14,0.0,0.0,0.0,1.1399243426408308e-18,1.655885426337557e-19,0.0,0.03778305050105378,0.6215815522900013,1.9166150447567278e-66,0.0,0.0,0.18478160577447567,0.0,0.0,2.0938632347026793e-23,0.14134544070523863
0.0,0.022230130634931535,0.09041629106448039,5.539807458435886e-76,0.0,0.0,0.0,1.4801759819273452e-149,0.03358049956186988,0.0,0.004049005951221692,2.3537653037898355e-41,0.8425604333842103,0.0,0.0,0.004053873304377432,0.0,0.0,0.00041934650998814223,0.002690419588920577
0.35422636424365217,0.0,5.254526185148088e-208,9.246309137612715e-153,0.0,0.03626930054631921,0.0,1.2506686022337107e-150,7.942730044432267e-181,0.00205136017523867,9.161531130907105e-211,9.785838412475688e-26,0.0,0.6014193972240016,0.006033577810788088,1.3043378233663006e-81,2.121132075085623e-24,0.0,4.042304739629096e-177,0.0
0.09851246371348846,0.0,4.478302458099329e-47,5.1595218977130175e-172,0.0,0.003864760339562091,0.0,7.262475916700292e-158,1.829001250906303e-6,1.356364556338339e-71,0.0,0.0,0.049132738917598194,1.5127603625506636e-49,0.03323300824367543,4.476649113557907e-211,0.8105749321885914,0.0,0.0046802675958333255,0.0
0.0,0.013519604775982274,0.09865887229638873,2.4413959679424037e-14,0.0,0.0,0.0,1.288896998432412e-21,4.57437199158862e-15,0.0,0.034662089153425134,0.1327032890178844,0.0007628572355165552,0.0,0.0,0.6185324935611273,0.0,0.0,8.423911789139758e-19,0.10116079395964667
0.028090716531758726,0.0,2.6086855639378133e-62,0.0,0.0,3.472484448638672e-118,0.0,0.0,6.299551237181809e-8,8.998771067311543e-130,0.0,0.0,0.06665966743092344,1.6787401250512295e-64,0.8986748990443217,1.201677522449209e-229,0.0028579472367993982,0.0,0.0037167067606843403,0.0
0.01994339390286396,0.0,0.0,0.0,0.11430191934831907,1.3501174446313104e-79,0.016118133089893495,0.0,0.0,0.0007295792422530536,0.0,0.0,0.0,0.0038557333134490272,2.2417045648964755e-11,0.0,0.005317888496273712,0.8397333525845305,0.0,0.0
0.0,9.472049428975558e-19,0.00010742422683671011,0.01882598243836146,0.0,0.0,0.0,0.09280688387339532,0.4108010776516477,0.0,4.117655258890441e-12,6.511111571362062e-16,0.00896968125425935,0.0,0.0,8.326794784576423e-10,0.0,0.0,0.46848894971870175,1.3562961735397868e-17
0.0,0.09402560360254845,0.0,0.0,0.027522085799273628,0.0,0.010517767244149694,0.0,0.0,0.0,0.0,0.0,0.0,0.0,0.0,0.0,0.0,0.0016070253910499507,0.0,0.8663275179629784
20,114
0.0,9.164882299024507e-214,0.01613789115872129,4.212700266546683e-116,0.0,3.4569195488628675e-185,0.9633813678033661,4.3290407333284125e-121,0.0,5.520523297846022e-210,0.020176633935450144,1.230271305885869e-134,0.0,3.7863204164066185e-178,3.432594722156902e-46,5.072948163619e-311,0.0,0.0,0.00030410710246219977,0.0,0.0,8.980655326445838e-144,1.2792372155006754e-150,0.0,0.0,0.0,4.493249257185066e-179,0.0,0.0,0.0,9.492474831801985e-282,0.0,0.0,0.0,8.520298120214376e-30,0.0,0.0,0.0,8.372754119809653e-116,0.0,0.0,0.0,0.0,0.0,0.0,0.0,0.0,0.0,0.0,0.0,3.228269202685095e-136,0.0,0.0,0.0,0.0,0.0,0.0,0.0,0.0,0.0,0.0,0.0,2.8319450659087254e-221,0.0,0.0,0.0,0.0,0.0,0.0,0.0,0.0,0.0,0.0,0.0,0.0,0.0,0.0,0.0,0.0,0.0,0.0,0.0,0.0,0.0,0.0,0.0,0.0,0.0,0.0,0.0,0.0,0.0,0.0,0.0,0.0,0.0,0.0,0.0,0.0,0.0,0.0,0.0,0.0,0.0,0.0,0.0,0.0,0.0,0.0,0.0,0.0,0.0,0.0,0.0
0.0924362940942254,1.0913671067522925e-150,0.0,4.2138276782084896e-102,0.8175128518367254,1.6108784356117065e-117,0.0,5.134645463087662e-144,0.0840839857392572,2.428720469569194e-100,0.0,1.1775914283692482e-161,0.0027580445752017325,2.1132120867824428e-96,0.0,3.192341098323834e-94,0.002621450660966362,2.5556423664726195e-93,0.0,3.230520679750383e-216,0.00015827977161812136,7.884114753086844e-109,0.0,1.1942898517543625e-206,2.1006163362560828e-7,1.4953331950281254e-208,0.0,1.1188534754746237e-221,1.4134293059546618e-6,1.8108742688911286e-302,0.0,2.6569571508650257e-121,0.0001034650816193998,4.164859184448608e-83,0.0,3.5610680511016566e-244,0.00015976477982941698,9.33067844910775e-157,0.0,0.0,2.0222346575866783e-30,1.4952127561427968e-176,0.0,0.0,0.00016423989424322195,1.3110952067652276e-87,0.0,0.0,6.930214768223928e-34,0.0,0.0,0.0,7.537412543413289e-11,0.0,0.0,7.34713403960299e-261,7.218168136205096e-52,0.0,0.0,0.0,3.8334517407364954e-56,8.61620802831501e-217,0.0,0.0,8.313751083870838e-28,8.676858635284276e-240,0.0,0.0,3.30020433789251e-55,2.5662067791159694e-262,0.0,0.0,1.4307557977687596e-38,0.0,0.0,2.4137423454914903e-125,8.337843372976445e-29,5.508998701012897e-236,0.0,0.0,1.71761067681674e-55,8.573810598254132e-59,0.0,0.0,1.1396890602536671e-28,0.0,0.0,0.0,1.4080637885882588e-42,8.057802358834937e-121,0.0,4.457552343313629e-186,1.020271736903937e-92,0.0,0.0,0.0,3.0589366238275874e-69,0.0,0.0,8.014208501627123e-84,0.0,0.0,0.0,4.359436912250932e-61,0.0,0.0,1.106463034933961e-50,0.0,0.0,0.0,0.0,0.0,0.0,0.0
9.876721057505397e-103,0.0,0.0,0.01273029480153644,3.6035503841447463e-100,0.0,0.0,0.8610484275981237,1.468751509771925e-128,0.0,0.0,0.12122372785387342,7.565945339406851e-107,0.0,0.0,0.0027970113423535755,7.453750642272011e-204,0.0,0.0,1.5199592804272142e-35,7.519525906856092e-216,0.0,0.0,0.0022005384041125777,2.595807042431568e-296,0.0,0.0,4.4069111728142663e-51,2.6299173810384926e-192,0.0,0.0,2.833492863730582e-66,0.0,0.0,0.0,8.010721441966185e-72,4.540761440572124e-204,0.0,0.0,1.8789482465318017e-177,9.457597844828796e-277,0.0,0.0,3.358083332425643e-139,0.0,0.0,0.0,1.5003479884425326e-234,0.0,0.0,0.0,5.242560842839517e-143,5.781589793279709e-97,0.0,0.0,2.7005503827184904e-135,1.5e-323,0.0,0.0,4.317219720190598e-101,0.0,0.0,0.0,5.982690499709992e-48,0.0,0.0,0.0,2.8137495618209717e-146,1.584607157126634e-222,0.0,0.0,4.836639147231083e-72,1.23283717809508e-88,0.0,0.0,5.497126934181149e-101,0.0,0.0,0.0,1.8967111705324198e-142,0.0,0.0,0.0,3.969954659165372e-132,0.0,0.0,0.0,4.258003828639292e-118,8.446782439968402e-238,0.0,0.0,3.171708769080241e-175,0.0,0.0,0.0,0.0,0.0,0.0,2.123818945667101e-303,0.0,0.0,0.0,0.0,0.0,0.0,0.0,0.0,0.0,0.0,0.0,0.0,0.0,0.0,0.0
0.0,0.0,0.0,6.949925130005656e-109,0.0,0.0,2.0555355223855954e-176,0.0006738142175357157,1.030317568604256e-309,0.0,6.192057081210795e-149,0.9986761397967823,0.0,0.0,2.347956162123603e-198,0.0006500459856816997,0.0,0.0,0.0,4.153940128285318e-52,1.3580966729445914e-281,0.0,0.0,1.6941365007277775e-50,0.0,0.0,0.0,3.9112976339756894e-113,0.0,0.0,0.0,1.4888847364457707e-70,0.0,0.0,0.0,1.6924921980295504e-167,0.0,0.0,0.0,0.0,0.0,0.0,0.0,2.5649124125513544e-241,0.0,0.0,0.0,0.0,0.0,0.0,0.0,2.234442029399121e-103,1.6637234395e-313,0.0,0.0,9.662576230467603e-258,0.0,0.0,0.0,0.0,0.0,0.0,0.0,7.2111442403138105e-90,0.0,0.0,0.0,0.0,0.0,0.0,0.0,3.421989096683063e-269,0.0,0.0,0.0,0.0,0.0,0.0,0.0,0.0,0.0,0.0,0.0,0.0,0.0,0.0,0.0,2.4403553376737304e-288,0.0,0.0,0.0,0.0,0.0,0.0,0.0,0.0,0.0,0.0,0.0,0.0,0.0,0.0,0.0,0.0,0.0,0.0,0.0,0.0,0.0,0.0,0.0,0.0,0.0,0.0
5.194698272798489e-204,2.1750673734478482e-117,2.0268118191050695e-197,0.0,5.335727010152396e-144,0.04015726583737546,5.751923500213992e-131,0.0,7.362686667001841e-121,0.777988024969566,1.4277089152748243e-119,0.0,4.044565876846867e-93,0.162712993613686,5.179880004013058e-126,0.0,2.282923136454147e-105,0.011445777481442519,7.494911315545702e-186,0.0,2.932030829202741e-85,0.0012347188017748372,9.26333252753155e-226,0.0,2.443884939117298e-150,0.0012966535865115824,1.3666293594202158e-166,0.0,3.230281714836792e-82,0.0014699092004732761,7.124334019260557e-212,0.0,1.224600587988016e-102,0.0013276973709325547,5.274495007967007e-159,0.0,9.68423704241438e-252,0.0005934405028845232,0.0,0.0,1.0246441556536067e-227,0.0005775051653665569,0.0,0.0,0.0,0.0007314125940351664,4.348218744067678e-112,0.0,2.058481097759213e-195,0.00019999305627181512,0.0,0.0,0.0,1.5488786217159134e-89,0.0,0.0,1.3707131241031498e-186,3.384289623010281e-70,0.0,0.0,5.929612337643641e-175,1.3104012655114658e-51,0.0,0.0,7.718925323303434e-103,4.9823943845219506e-51,0.0,0.0,7.194882484409933e-180,0.0002646078196796413,0.0,0.0,1.8673622887568565e-213,1.4619861739798133e-76,1.120310546058051e-124,0.0,2.3088329577333765e-141,5.852912317061876e-46,0.0,0.0,9.419323857907564e-157,4.313677837759623e-22,7.771018925225033e-156,0.0,1.1993141319570025e-97,5.869743798238097e-74,2.5985503728955545e-126,0.0,1.3576310292556916e-96,4.737172314809946e-99,0.0,0.0,0.0,3.50699485264418e-57,2.6214499317023374e-130,0.0,0.0,2.5131997799063198e-62,0.0,0.0,3.3602638181525696e-96,0.0,0.0,0.0,6.8667402146823334e-186,0.0,0.0,0.0,0.0,0.0,3.894333496698768e-184,0.0,0.0,0.0
0.0,0.0,2.8109017771848736e-132,0.0,0.0,3.6296601223788957e-214,0.0013229728961116206,0.0,0.0,4.6066335822283384e-77,0.04761271546517147,0.0,0.0,3.571102587603256e-74,0.6764461780477334,1.121725159905146e-224,0.0,1.3237607028459489e-106,0.2145729665997459,1.952561373987345e-309,0.0,2.432717939167132e-114,0.03238957775784928,0.0,0.0,1.0842054596888838e-157,0.013125392722601485,0.0,0.0,3.4996302876116e-139,0.011091861718210413,0.0,0.0,5.952786882274416e-173,0.002720687074189362,0.0,0.0,0.0,2.123094299242843e-84,0.0,0.0,0.0,0.0,0.0,0.0,0.0,5.013287544149132e-32,0.0,0.0,8.485525924315526e-155,0.0,0.0,0.0,0.0,0.0,0.0,0.0,8.441755805913673e-168,2.1936369483315124e-117,0.0,0.0,0.0,1.0972697036228373e-160,0.0,0.0,0.0,1.3009056190866327e-272,0.0,0.0,5.913315946327443e-129,2.4369855928532515e-296,0.0,0.0,0.0,1.7844817130078e-5,0.0,0.0,1.7743778232197373e-113,9.171076536772982e-63,0.0,0.0,0.0,0.0006525499865801545,0.0,0.0,0.0,4.7252914676834085e-5,0.0,0.0,1.405519683872948e-92,0.0,0.0,0.0,0.0,1.0986864009709355e-22,0.0,0.0,0.0,0.0,0.0,0.0,0.0,0.0,0.0,0.0,0.0,0.0,0.0,0.0,0.0,0.0,0.0,0.0,0.0
0.0,1.5712237399297426e-198,0.0,0.0,1.5030998387851794e-206,4.9989635094483996e-20,9.099033748806027e-219,0.0,2.2437258692206335e-198,0.0014362598844412787,1.31306828232225e-153,0.0,1.314789543348286e-131,0.4135630041071155,1.5578020798668306e-139,0.0,1.7947332718383235e-131,0.2565462740433917,4.1415003890257436e-126,0.0,2.539475687410338e-143,0.12382509193986949,2.538094017941188e-115,0.0,1.4581549641424402e-137,0.05029660758315467,3.5688278866352585e-104,0.0,8.606346252450518e-95,0.030128365387744774,3.445859980154516e-84,0.0,1.9990818006080652e-129,0.01936943312291032,9.236116904447085e-73,0.0,3.6108553718170146e-144,0.012516191684277521,0.0,0.0,9.182074391797444e-119,0.010543839860058878,0.0,0.0,0.0,0.006725555901502425,0.0005676745147016372,0.0,1.0085567255948605e-139,0.006630002326610594,0.0,0.0,3.9284047132438704e-186,0.00794744320582292,0.0,0.0,5.140711651689387e-123,0.0068120941764196466,0.0,0.0,4.888012748761466e-109,0.009082792235226195,0.0,0.0,3.410493991016734e-136,0.0073797686911212836,0.0,0.0,4.4140314877254384e-107,0.006287333917752624,0.0,0.0,1.1133602231833827e-117,0.004825233374963916,0.0002760743218424527,0.0,1.0640500181319723e-97,0.005109070632314735,0.0,0.0,7.847131650231222e-188,0.005392907889665554,8.917252506199526e-29,0.0,7.512252127713767e-117,0.0036898843455606418,0.0002632810742000094,0.0,3.845486176047413e-126,0.0025545353161573674,0.0,0.0,0.0,0.0011353490294032746,0.0002838372573508186,0.0,0.0,0.0036898843455606418,0.0,9.491683789301932e-71,0.0025545353161573674,0.0,0.0,0.0,0.0002838372573508186,0.0,0.0,0.0,0.0,0.0,0.0002838372573508186,0.0,0.0,0.0
0.0,0.0,0.0,1.6411349256558684e-168,0.0,0.0,1.13260255301717e-67,8.749395927152763e-6,0.0,0.0,3.675615236702299e-51,0.9730395738718294,0.0,0.0,1.0384580501875428e-138,0.02695167673224355,0.0,0.0,0.0,4.20220950834397e-88,0.0,0.0,0.0,1.6902791825294133e-144,0.0,0.0,0.0,1.2508378161876424e-210,0.0,0.0,0.0,7.646393488298254e-153,0.0,0.0,0.0,0.0,0.0,0.0,0.0,0.0,0.0,0.0,0.0,0.0,0.0,0.0,0.0,0.0,0.0,0.0,0.0,0.0,0.0,0.0,0.0,0.0,0.0,0.0,0.0,0.0,0.0,0.0,0.0,5.344468148850374e-182,0.0,0.0,0.0,0.0,0.0,0.0,0.0,0.0,0.0,0.0,0.0,0.0,0.0,0.0,0.0,0.0,0.0,0.0,0.0,0.0,0.0,0.0,0.0,0.0,0.0,0.0,0.0,0.0,0.0,0.0,0.0,0.0,0.0,0.0,0.0,0.0,0.0,0.0,0.0,0.0,0.0,0.0,0.0,0.0,0.0,0.0,0.0,0.0,0.0,0.0
0.0,0.0,6.7481697260658245e-248,0.000929322562989208,0.0,0.0,2.2054272893391535e-237,0.9680642771358087,0.0,0.0,1.8465480197329612e-215,0.031006400294938362,0.0,0.0,0.0,6.263954886714301e-12,0.0,0.0,0.0,2.7307089555212518e-130,0.0,0.0,0.0,2.3884685008680522e-91,0.0,0.0,0.0,8.614775656243515e-183,0.0,0.0,0.0,7.564515381478099e-217,0.0,0.0,0.0,5.874641913761935e-268,0.0,0.0,0.0,0.0,0.0,0.0,0.0,1.5149112739041445e-209,0.0,0.0,0.0,0.0,0.0,0.0,0.0,2.206863507812354e-307,0.0,0.0,0.0,3.6672594178218357e-215,0.0,0.0,0.0,3.022717205879513e-200,0.0,0.0,0.0,3.4652827993602586e-198,0.0,0.0,0.0,5.101197914302622e-190,0.0,0.0,0.0,2.8886653788037825e-187,0.0,0.0,0.0,0.0,0.0,0.0,0.0,5.6551026128456684e-297,0.0,0.0,0.0,3.384114404218303e-248,0.0,0.0,0.0,9.495661897721974e-183,0.0,0.0,0.0,0.0,0.0,0.0,0.0,0.0,0.0,0.0,0.0,0.0,0.0,0.0,0.0,0.0,0.0,0.0,0.0,0.0,0.0,0.0,0.0,0.0,0.0,0.0
0.0,0.0,1.2954989318544154e-72,6.975390349812557e-294,0.0,2.14348354988742e-175,0.034662258826773935,2.0972134501728574e-148,0.0,9.839435009692591e-134,0.9182038721878768,9.102427358738458e-133,0.0,8.391954440202575e-169,0.04466523924901868,5.940056387001573e-146,0.0,4.904885342670469e-224,0.0014456394814508495,3.825638462626165e-185,0.0,3.5240157612201973e-152,1.6362902325955422e-62,0.0,0.0,0.0,0.0006634633241035803,0.0,0.0,0.0,9.675703622203714e-128,0.0,0.0,0.0,1.7997810104284036e-62,0.0,0.0,0.0,0.00035952693077612614,0.0,0.0,0.0,0.0,0.0,0.0,0.0,0.0,0.0,0.0,0.0,1.821600660035743e-256,0.0,0.0,0.0,0.0,0.0,0.0,0.0,0.0,0.0,0.0,0.0,2.7474190056487625e-160,0.0,0.0,0.0,0.0,0.0,0.0,0.0,0.0,0.0,0.0,0.0,0.0,0.0,0.0,0.0,0.0,0.0,0.0,0.0,0.0,0.0,0.0,0.0,0.0,0.0,0.0,0.0,0.0,0.0,0.0,0.0,0.0,0.0,0.0,0.0,0.0,0.0,0.0,0.0,0.0,0.0,0.0,0.0,0.0,0.0,0.0,0.0,0.0,0.0,0.0,0.0
1.430228142945523e-243,0.0,0.0,3.2397851708782647e-128,2.1430380243947644e-151,0.0,0.0,3.062490895822959e-39,4.37095983537406e-147,0.0,0.0,1.781444434487176e-14,3.484615053700949e-124,0.0,0.0,0.0002089517561153816,1.544835516514498e-112,0.0,0.0,0.01896909664164913,3.528000895318688e-114,0.0,0.0,0.08005070088551838,6.582542231913249e-76,0.0,0.0,0.06381986349504531,2.6146851892023634e-91,0.0,0.0,0.11078011399748261,3.459740545913129e-101,0.0,0.0,0.07500986042963237,1.1330464910395348e-84,0.0,0.0,0.03836659202315708,1.1429509576198512e-208,0.0,0.0,0.06614955644674987,2.2664924278585684e-121,0.0,0.0,0.04725054712171884,0.0,0.0,0.0,0.04725054712171879,9.023366141259276e-71,0.0,0.0,0.06142571125823449,1.2195854795023579e-185,0.0,0.0,0.028350328273031303,0.0,0.0,0.0,0.051868114772059014,3.7793308823214236e-97,0.0,0.0,0.028350328273031303,1.6019183390322446e-54,0.0,0.0,0.0222716825840827,8.805746311028382e-124,0.0,0.0,0.018900214619945597,0.0,0.0,0.0,0.03307538298520319,0.0,0.0,0.0,0.023625273540903425,0.0,0.0,0.0,0.028350328273031303,7.795540093774528e-153,0.0,0.0,0.04252549240954696,0.0,0.0,0.0,0.037800437697375074,2.345848031596806e-84,0.0,0.04725054712171884,0.0,0.0,0.0,0.02362527356085942,0.0,0.0,0.0,0.0,0.0,0.0,0.0,0.0,0.004725054712171884,0.0,0.0
1.2207196988291925e-214,0.0,0.0,2.1449073361880482e-86,8.266195930823662e-97,0.0,0.0,5.028929263965241e-21,2.406931885090819e-93,0.0,1.6640704966993035e-180,0.015367487229445151,2.1924425660944518e-74,0.0,4.2533034835149966e-240,0.37233555713949346,2.0290496859291308e-63,0.0,0.0,0.29409186602986703,1.9105809991570073e-70,0.0,2.17923852771968e-146,0.17679268745197052,4.675233104626814e-60,0.0,0.0,0.08997299412739548,1.5513097957939106e-61,0.0,0.0,0.028724605083559337,1.0029704799937829e-117,0.0,0.0,0.013300334018940773,7.022309195954748e-72,0.0,0.0,0.006410618187015628,2.003616946820777e-165,0.0,0.0,3.362571775157921e-7,1.6809828701563335e-106,0.0,0.0,8.848211526154778e-41,0.0,0.0,0.0,1.3314624585322121e-17,4.280061616619659e-69,0.0,0.0,1.3507433401159698e-18,9.711454346509338e-117,0.0,0.0,4.093515765282444e-19,0.0,0.0,0.0,2.0092787736773128e-18,2.5117625437154967e-100,0.0,0.0,2.902845897731447e-31,3.4432227969808486e-64,0.0,0.0,0.003003514469587177,1.877178879259446e-78,0.0,0.0,2.078718528843601e-17,0.0,0.0,0.0,1.2082878323508647e-34,0.0,0.0,0.0,5.5479251316961375e-12,0.0,0.0,0.0,1.7405175732560633e-34,1.6038347471681772e-102,0.0,0.0,1.6982864784947195e-31,0.0,0.0,0.0,2.1028020725618785e-67,8.693375777878335e-70,0.0,6.47969786501077e-72,0.0,0.0,0.0,2.1216465102243093e-117,0.0,0.0,0.0,0.0,0.0,0.0,0.0,0.0,2.2995619206689643e-140,0.0,0.0
3.057248323171948e-60,0.0,3.8121090038702254e-114,0.9858549922123088,6.666101623946833e-185,0.0,4.548681165089498e-103,0.013367057214871676,8.516752193718059e-234,0.0,0.0,5.742473815635226e-46,1.5972541850412543e-164,0.0,0.0,0.0007779505728196086,0.0,0.0,0.0,6.034376073666104e-215,0.0,0.0,0.0,1.3034652249614988e-155,0.0,0.0,0.0,2.3844696620767472e-229,1.0e-323,0.0,0.0,1.000723467278562e-54,0.0,0.0,0.0,1.888810431278945e-262,3.9664705933e-313,0.0,0.0,0.0,0.0,0.0,0.0,5.163361656e-314,0.0,0.0,0.0,0.0,0.0,0.0,0.0,0.0,2.5105419591670282e-219,0.0,0.0,4.424225345418816e-309,0.0,0.0,0.0,1.294798494796164e-289,0.0,0.0,0.0,1.3584192621299882e-293,0.0,0.0,0.0,1.040352348913029e-298,0.0,0.0,0.0,1.8234635409894527e-280,8.88401567936079e-219,0.0,0.0,1.178582721071631e-240,0.0,0.0,0.0,0.0,0.0,0.0,0.0,2.976305991886305e-98,0.0,0.0,0.0,3.555704023842421e-288,0.0,0.0,0.0,0.0,0.0,0.0,0.0,0.0,0.0,0.0,0.0,0.0,0.0,0.0,0.0,0.0,0.0,0.0,0.0,0.0,0.0,0.0,0.0,0.0,0.0,0.0
0.0,3.0560366452954697e-110,1.833999478578644e-9,0.0,0.0,1.4478859952718336e-85,0.051630518474780555,0.0,0.0,8.76142138555839e-111,0.46347684518649007,0.0,0.0,3.133045378073352e-85,0.2590565221323165,0.0,0.0,0.0,0.0479352709412221,0.0,0.0,5.014142916702105e-22,0.02308973881249719,0.0,0.0,0.0,1.1037302820249253e-70,0.0,0.0,0.0,8.787397942765342e-88,0.0,0.0,0.0,0.05709044119528828,0.0,0.0,0.0,0.01938342262831284,0.0,0.0,0.0,0.0,0.0,0.0,0.0,0.0,0.0,0.0,0.0,0.009792319063209695,0.0,0.0,0.0,0.0,0.0,0.0,0.0,0.009792319063209695,0.0,0.0,0.0,0.01958463812641939,0.0,0.0,0.0,0.009792319063209695,0.0,0.0,0.0,0.009792319063209695,0.0,0.0,0.0,0.0,0.0,0.0,0.0,0.009792319063209695,0.0,0.0,0.0,0.00979100535262478,0.0,0.0,0.0,0.0,0.0,0.0,0.0,0.0,0.0,0.0,0.0,0.0,0.0,0.0,0.0,0.0,0.0,0.0,0.0,0.0,0.0,0.0,0.0,0.0,0.0,0.0,0.0,0.0,0.0,0.0,0.0
0.0,6.464769921537599e-266,0.9150588743197221,1.0515712489732273e-118,0.0,6.2647164606227685e-205,0.0849411256802778,1.0171211226829405e-156,0.0,1.4688687599357283e-239,6.8175965573232585e-105,3.024076566175069e-280,0.0,5.2719452144411524e-254,2.0561987144799438e-178,0.0,0.0,0.0,4.660293372976638e-201,0.0,0.0,0.0,5.208411548087339e-237,0.0,0.0,0.0,0.0,0.0,0.0,0.0,0.0,0.0,0.0,0.0,1.151008829029152e-170,0.0,0.0,0.0,7.74724590212108e-260,0.0,0.0,0.0,0.0,0.0,0.0,0.0,0.0,0.0,0.0,0.0,8.081310750591771e-201,0.0,0.0,0.0,0.0,0.0,0.0,0.0,0.0,0.0,0.0,0.0,0.0,0.0,0.0,0.0,0.0,0.0,0.0,0.0,0.0,0.0,0.0,0.0,0.0,0.0,0.0,0.0,0.0,0.0,0.0,0.0,0.0,0.0,0.0,0.0,0.0,0.0,0.0,0.0,0.0,0.0,0.0,0.0,0.0,0.0,0.0,0.0,0.0,0.0,0.0,0.0,0.0,0.0,0.0,0.0,0.0,0.0,0.0,0.0,0.0,0.0,0.0,0.0
1.9925159198563475e-134,0.0,0.0,6.329041375512475e-29,4.48467743419715e-76,0.0,0.0,0.03093863559349902,3.9988983398636664e-81,0.0,0.0,0.7022991351037047,1.4743285809953842e-83,0.0,0.0,0.23906907782669592,5.2255023492491984e-101,0.0,0.0,0.02633215879528522,5.973536864465323e-94,0.0,0.0,4.1545358766840574e-7,2.826111485926731e-131,0.0,0.0,2.546996830945628e-13,4.7803622151883204e-82,0.0,0.0,0.0005470326642822407,1.318289366475e-310,0.0,0.0,1.0565370930831879e-17,3.519478667867127e-114,0.0,0.0,6.688160582499019e-60,4.047479157277981e-140,0.0,0.0,7.052644911421644e-45,2.1814829971293306e-197,0.0,0.0,4.120490431024311e-100,0.0,0.0,0.0,9.59344490872187e-41,1.035998040335229e-51,0.0,0.0,5.3413481904236e-49,2.502677969874396e-147,0.0,0.0,1.095199486062274e-50,0.0,0.0,0.0,0.0008135438507945739,2.631923482389505e-174,0.0,0.0,8.355727074540464e-82,3.15394616798554e-115,0.0,0.0,3.5649624469011395e-31,1.7522165371425226e-35,0.0,0.0,7.118959550459765e-10,0.0,0.0,0.0,5.846733119071253e-43,0.0,0.0,0.0,6.264916239305858e-98,0.0,0.0,0.0,7.41303362579547e-68,5.008511148778927e-125,0.0,0.0,9.626325993148802e-41,0.0,0.0,0.0,9.039316217723158e-162,1.1486311985701469e-155,0.0,5.641313502943893e-210,0.0,0.0,0.0,0.0,0.0,0.0,0.0,0.0,0.0,0.0,0.0,0.0,0.0,0.0,0.0
0.0,7.545704646911837e-49,0.9999999999999191,2.3386494141508184e-109,0.0,5.69223605173754e-202,8.083848492813331e-14,2.1591207687899145e-117,0.0,1.6954857160215494e-303,1.0916813093316422e-118,0.0,0.0,3.121228769505665e-264,2.371560652662311e-227,0.0,0.0,0.0,0.0,0.0,0.0,0.0,0.0,0.0,0.0,0.0,0.0,0.0,0.0,0.0,0.0,0.0,0.0,0.0,0.0,0.0,0.0,0.0,0.0,0.0,0.0,0.0,0.0,0.0,0.0,0.0,0.0,0.0,0.0,0.0,0.0,0.0,0.0,0.0,0.0,0.0,0.0,0.0,0.0,0.0,0.0,0.0,0.0,0.0,0.0,0.0,0.0,0.0,0.0,0.0,0.0,0.0,0.0,0.0,0.0,0.0,0.0,0.0,0.0,0.0,0.0,0.0,0.0,0.0,0.0,0.0,0.0,0.0,0.0,0.0,0.0,0.0,0.0,0.0,0.0,0.0,0.0,0.0,0.0,0.0,0.0,0.0,0.0,0.0,0.0,0.0,0.0,0.0,0.0,0.0,0.0,0.0,0.0,0.0
1.1224557758583298e-139,0.09193875784924196,6.10344918243869e-125,0.0,2.280933350930214e-116,0.8732627626986641,8.744087327787499e-128,0.0,3.5266526424168966e-145,0.029162850449117417,2.343116389799586e-153,0.0,9.575518498798699e-148,3.870843182471912e-6,1.8354183700016108e-110,0.0,1.1848393893040766e-89,0.0021801957658023467,0.0,0.0,8.202202664420201e-157,0.00038616458420734405,0.0,0.0,5.768899057177589e-280,0.0008054870756168241,0.0,0.0,1.0754148246316127e-61,0.0005596059162191892,0.0,0.0,1.4836128708765978e-206,0.0012289748531765484,0.0,0.0,0.0,9.768871991843405e-84,0.0,0.0,0.0,3.334137189633947e-12,0.0,0.0,0.0,0.000471329961437583,9.470696465105649e-300,0.0,0.0,7.44060331873375e-100,0.0,0.0,0.0,1.5296363711478523e-193,0.0,0.0,4.1795378335019916e-304,5.782712285772352e-230,0.0,0.0,6.202518537750516e-278,9.817814119706848e-114,0.0,0.0,2.2377199429246755e-176,1.4602508918125598e-162,0.0,0.0,1.323883067888941e-298,3.1934028428793565e-88,0.0,0.0,0.0,3.377004236427155e-250,0.0,0.0,2.9620406772765594e-270,3.516449672208813e-187,0.0,0.0,1.1995878674121872e-301,6.508499316730302e-102,0.0,0.0,2.3621887307447307e-144,5.0500680766803086e-253,0.0,0.0,3.194176021303122e-244,4.440345639195333e-242,0.0,0.0,0.0,6.066359099744708e-231,0.0,0.0,0.0,3.6983951447093355e-208,0.0,0.0,5.614759336676825e-274,0.0,0.0,0.0,0.0,0.0,0.0,0.0,0.0,0.0,0.0,0.0,0.0,0.0
0.0,0.0,4.5309012588257145e-96,0.006962266894942969,0.0,0.0,2.758861819852415e-85,0.9872331551157827,0.0,0.0,7.077595979935292e-64,0.005804577989272349,0.0,0.0,0.0,2.2437362974335064e-15,0.0,0.0,0.0,2.463199309271087e-171,0.0,0.0,0.0,7.060343880296079e-137,0.0,0.0,0.0,1.1084675287674607e-251,0.0,0.0,0.0,1.4438737277249871e-257,0.0,0.0,0.0,0.0,0.0,0.0,0.0,0.0,0.0,0.0,0.0,0.0,0.0,0.0,0.0,0.0,0.0,0.0,0.0,0.0,0.0,0.0,0.0,0.0,0.0,0.0,0.0,0.0,0.0,0.0,0.0,1.0056539820537761e-242,0.0,0.0,0.0,0.0,0.0,0.0,0.0,0.0,0.0,0.0,0.0,0.0,0.0,0.0,0.0,0.0,0.0,0.0,0.0,0.0,0.0,0.0,0.0,0.0,0.0,0.0,0.0,0.0,0.0,0.0,0.0,0.0,0.0,0.0,0.0,0.0,0.0,0.0,0.0,0.0,0.0,0.0,0.0,0.0,0.0,0.0,0.0,0.0,0.0,0.0
5.988233164840539e-87,0.0,0.0,1.3593712734091836e-176,1.9413550635699195e-20,0.0,0.0,1.514348023108149e-114,0.4668407579390447,0.0,0.0,8.358000765036639e-95,0.20744807378766614,0.0,0.0,4.012977781990873e-106,0.0999591729237341,0.0,0.0,1.5405870836729693e-103,0.05108900097595144,0.0,0.0,1.0220548017109165e-111,0.02693656989859581,0.0,0.0,2.718287651002906e-127,0.020291496641564787,0.0,0.0,2.31856951707888e-92,0.015384406311403424,0.0,0.0,9.726568949551802e-135,0.012478893837851248,0.0,0.0,1.2863031662063988e-172,0.012211299596087837,0.0,0.0,0.0,0.010860127720511904,0.0,0.0,0.0,0.006644383603753677,0.0,0.0,0.0,0.00754227323673949,0.0,0.0,5.262409931497961e-83,0.010595098178958566,0.0,0.0,0.0,0.007542273279936605,0.0,0.0,4.1826309118718163e-150,0.00646480566851709,0.0,0.0,1.6597552133519492e-106,0.006105649798043919,0.0,0.0,7.190688602767335e-101,0.004669026316151233,0.0,0.0,1.9646814026879385e-53,0.004848604251387818,0.0,0.0,0.0,0.005028182186624403,0.0,0.0,0.0,0.003232402834258545,0.0,0.0,0.0,0.003950714575204889,0.0,0.0,5.2067876061175524e-73,0.0028732469637853734,0.0,0.0,0.0,0.003591558704731717,0.0,2.799660811210747e-169,0.0019753572876024445,0.0,0.0,0.0,0.0008978896761829292,0.0,0.0,0.0005387338057097576,0.0,0.0,0.0,0.0,0.0,0.0,0.0
1.0,0.0,0.0,0.0,0.0,0.0,0.0,0.0,0.0,0.0,0.0,0.0,0.0,0.0,0.0,0.0,0.0,0.0,0.0,0.0
1703,4003,103,1701,4501,2202,2403,1001,3000,301,101,5503,1602,3503,401,1502,700,1103,1801,2300,4503,602,2000,202,2002,1201,4001,2500,701,3001,1702,1603,802,702,2302,2100,603,502,200,1901,1503,800,2203,2001,1303,1401,1202,2201,501,1501,1403,1100,1903,2102,600,4000,1800,2501,1700,1301,1300,1101,1500,801,703,5000,2402,1902,1402,2103,3501,4500,203,1000,2303,102,303,902,400,1203,1400,201,1600,300,100,900,3500,2301,601,1102,1003,402,803,1601,500,503,302,1002,3002,2400,3003,2101,1803,1900,2200,403,1200,2503,1302,903,2401,1802,2003,901
402:15,2102:83,1302:51,501:18,703:28,1603:64,1703:68,700:25,1100:41,1801:70,1900:73,2002:79,2001:78,1503:60,4001:108,4501:111,2302:91,2202:87,2300:89,1300:49,3501:105,1700:65,1901:74,2401:94,4000:107,603:24,1401:54,1500:57,1203:48,1501:58,2101:82,5000:113,2501:98,300:9,302:11,1701:66,2103:84,2303:92,802:31,1200:45,901:34,1702:67,1903:76,2402:95,801:30,2500:97,1602:63,203:8,1002:39,1001:38,903:36,103:4,2503:99,702:27,2201:86,301:10,3003:103,2301:90,202:7,100:1,1102:43,200:5,3001:101,1202:47,803:32,1601:62,2200:85,1301:50,1101:42,1902:75,2003:80,1303:52,1003:40,2000:77,3500:104,503:20,502:19,1103:44,900:33,902:35,1502:59,2400:93,303:12,3503:106,600:21,102:3,401:14,1803:72,3002:102,1600:61,101:2,1802:71,4003:109,5503:114,3000:100,1000:37,201:6,601:22,1201:46,800:29,2203:88,500:17,1800:69,2403:96,602:23,4503:112,701:26,400:13,1400:53,403:16,4500:110,2100:81,1403:56,1402:55
