50
0.21756410678191648,0.0033293496907668904,0.024474999337748486,5.356557822763042e-5,0.0035101294113563967,0.1192110354005293,2.849148674190939e-7,0.0009432911462128712,0.024312078697175256,1.8763803119450884e-6,3.1695737728537824e-6,7.113417428942971e-6,3.69232072107339e-11,0.0046372363159738,0.0010510798497125342,8.255010327645959e-14,3.5150506043748307e-7,0.002454438105240253,0.06967352407727201,0.02824125980504567,0.00713932308823181,1.3635978101045463e-5,0.024091666123511983,0.0005876572155198061,2.6652667141879238e-5,0.0006915971690930414,4.444232081046944e-6,0.0027963464164618332,3.962078061882857e-7,0.06046374902183567,8.926642271962937e-5,0.05389291557525067,4.962133127827592e-6,0.0014361658435377601,1.084354315543114e-5,0.017272881964174543,0.008402627056817935,1.2024487709418994e-6,3.65701460895809e-11,0.00040458515508466533,0.0030398589801056237,0.11722104523740852,1.2669774128477505e-6,4.011188560905903e-7,4.355906031703091e-7,0.022933388489661217,0.004740138800538843,1.9074907142518936e-6,0.018962651144100343,0.15629909784598034
7.663970553344163e-5,0.6106480154035392,0.0002989416324686389,1.134853513469009e-5,8.902500478424007e-21,0.017660075095000897,6.1436687053916976e-21,0.0003535816114845347,3.177728902535866e-5,4.962561272621569e-20,3.745926560773749e-6,6.641350944741928e-7,2.2050939783116216e-18,5.968077088388168e-16,0.0023927595506958643,0.0011376878764982371,5.027170195349605e-22,2.3049602097150584e-6,0.03643514441090327,0.13280139869412455,8.600243259580185e-5,3.7765306528537425e-21,0.019977029713114394,0.005986020331273987,0.0019412745344787575,1.879596296042446e-10,1.0475915136963122e-14,0.12551739225965597,3.496781201151918e-8,0.024398933868679112,7.002842255196452e-7,3.9770026120680785e-20,1.4079543959260887e-20,0.0017527003885413547,0.00029428436389878075,0.010775343141866305,2.3699617154136082e-5,0.0020540390405015345,5.648476431243941e-19,7.267324710078085e-12,9.047026693262687e-6,7.845588209264964e-6,3.8974308215663746e-6,0.0008823838454673703,4.033648607102462e-20,4.81089119660316e-5,1.2312335052296141e-5,0.004374635382551445,5.526350681220416e-10,2.2896129434368932e-7
0.0016065390662541883,0.0003190716758370046,0.06993547767725936,0.00045788737942918585,7.031011343690131e-5,0.10903989580934623,1.9639989439707723e-5,0.013893052117846142,0.019700975411256955,7.668398555373937e-6,0.001791723616734284,0.05119631292308433,3.517877401766819e-11,9.860397306473915e-5,4.175759670074974e-6,6.665951232484888e-18,1.459954874837473e-7,0.03938834148131057,0.003613807077349189,0.01880488492589819,0.12405064361985815,1.3950228251232151e-5,0.01760981915156421,1.0983995723618585e-5,1.2555416322966999e-5,1.5178771778480016e-5,6.827259320000228e-5,0.19653529205230183,0.005580438935213627,0.059122911419766576,0.0008602184310811256,1.549542480604111e-6,4.010814681979889e-5,0.010978827902095836,0.003004006823099043,0.07225957198613107,0.0014211727858152818,0.011786436148005546,3.141772634003958e-7,9.808665449720385e-5,8.334807818293513e-5,2.7998035721085187e-5,0.005031876078241704,3.141063128912857e-6,1.2530608831914331e-5,0.030474484708453597,0.1259005287554408,0.0007203375231904591,0.0007117832861734748,0.0036151196549268215
0.005826226182414405,0.0008386068357521521,0.11570136414271923,0.017748744631655742,0.00019453459973316952,0.008021845073377467,0.00013992701540061164,0.1149988589727033,0.02513065543855375,8.578593980062947e-5,0.0003707657669310023,0.11122332474419898,1.8753799492191836e-8,0.00022045119083479467,0.0011414910345228988,1.7168367019570975e-10,3.074767407567977e-5,0.0006975753622897106,0.001010458206933694,0.00011627153307754464,0.01802631259013804,0.0007569368387932098,2.195048393618862e-5,3.3119838777101846e-11,4.407797442556091e-6,0.006696035234663129,6.8359086618997235e-6,0.003377613333388196,0.009384561204484925,0.00041704890999289494,0.28457022530853054,8.231566408738343e-5,2.3158246721476526e-5,0.0022798321385901353,0.0015708472726953062,0.01613416485355059,0.002065914933694189,0.009976244777851417,4.4900395778565825e-6,0.0036878507963666596,0.0011212381334092943,0.0001367457777442122,0.129960610777518,5.6128515559767567e-8,9.337832774249756e-5,0.028608328989021603,0.03644041181615882,3.3195098181399286e-5,0.04097136005925582,5.027525570846621e-5
6.317466448287642e-6,1.1723706983005337e-15,9.697390503123443e-6,0.0008014196268905133,0.027506499845632807,0.0005473597482633479,0.026946772420908052,0.004993869013486668,3.854614214876144e-5,0.07052906720595119,3.375807268738929e-5,0.0003507276153546827,3.2644386833115874e-11,0.003950759533947914,5.736510144630839e-7,0.043705164525283835,0.20554765636495922,0.00041206313057112715,5.71589124446811e-9,1.301308049817921e-16,0.0027787561579312114,0.015331934209146827,1.6269798461257124e-5,1.0104308794512092e-11,1.0348236466108789e-10,0.19566730159151074,0.0005107861752197922,8.464655186602486e-6,9.0595293169934e-7,0.02286388949054522,0.0015175710682560008,0.009725161950984785,0.03333191684677161,2.6605652691787478e-6,5.163283859667463e-6,1.929411337418418e-5,2.46541271488357e-5,9.34079916108955e-5,7.11639169148243e-11,0.20784691416252374,0.0008210121738925572,0.008650577167316084,7.3795739233296e-6,4.2644906272608495e-14,0.049839510718797296,2.2614294416872806e-5,0.00045378896621793265,1.7398885859838326e-5,0.0628166013388599,0.0022458070526024066
0.005505412684470426,0.00014074149927704432,0.0028256278804730415,0.0010767196631853385,0.0015022289239056588,0.6871822135652169,0.00012017509565026716,0.000630767237396757,0.0007914312597961804,8.29098360423346e-6,9.776921141839105e-6,1.7983208934705194e-5,3.3848008426979385e-8,0.00011703626703801816,0.0005180769169874706,3.159675396820793e-14,5.695082155414083e-5,0.008256762282329737,0.0012142701834246602,0.005280955321872819,0.013349027582560374,0.00021729824293780328,0.004316779050229096,0.0014757930260185697,0.0001699476205239987,0.0015550808545015434,0.001093154234319665,0.05501607779822383,6.832651886095349e-5,0.004148632777794812,0.0003514355579461423,0.0001074916456320416,0.0001829319100565446,0.001985696285266679,0.000959129341637914,0.0017332453736058908,0.03951142461167733,0.015315280909004554,2.292699327739527e-5,0.002989928919532475,0.00172313791448941,0.020067942235745477,0.00010306709051934267,8.284241385600619e-8,3.224321401437124e-5,0.0016319220127112776,0.048504974146467005,0.004571858353795326,0.007031518447619594,0.056508189924317276
1.4079459597776646e-6,1.321789084969898e-9,8.094927187518967e-5,0.00028909742299543657,0.006769735408434878,4.490943494892871e-5,0.0867459727560831,0.002560596178803093,6.114435553184136e-5,0.15141466925989405,0.00036812521873394596,0.002626339397839004,5.8021849357204445e-27,0.020632555315983275,5.7193753680539324e-8,0.0020612956913540767,0.4461147899438587,0.0013582716389019844,3.086370410389295e-6,6.070195234820475e-14,6.768509761976514e-6,0.020398951671399473,1.7484178068158825e-6,2.2537672916455208e-5,6.434108713322188e-12,0.05842710016971079,4.3768235475538007e-7,3.3367933199526166e-5,6.048920163206154e-5,8.687338692750627e-6,0.0022018198684537168,0.027460127074064304,0.1636807982200893,1.2663452873902513e-6,7.800051108734477e-5,3.353644738710304e-6,5.3570991197877225e-5,1.4776008547376066e-5,1.6222112112442922e-7,0.001017868646062417,0.0001341463290154336,5.644341962372402e-5,8.591470345089929e-6,3.958295402285657e-11,0.0036362729219780766,7.975542198225979e-5,0.0005734847799145979,0.000525206946763517,0.0001773042539079931,0.00020395815511709662
0.002271923699184216,6.274934657477446e-5,0.02043633004976623,0.16819111296272188,3.7914223160193724e-5,0.022754305805938912,0.0005806669891001634,0.26084106233137194,0.09768730399032848,0.0002221331988023232,0.002002169152596355,0.029509635259768022,5.823300345647708e-9,0.0005951145193818642,0.00037873159598515884,9.938304664079646e-13,0.0001396084390515206,0.011724481187629353,0.004757040374976873,6.263664619453594e-5,0.015264131558707362,0.00047151015644046975,0.0046802659043421,6.0333469066465185e-9,1.92299236684841e-5,0.0023180302615210726,7.104524441336156e-5,0.024099443589027807,0.011185908702135441,0.003264211942190329,0.07840646653222653,6.333156737091047e-5,0.001464414438947432,0.015660796216515314,0.007606458322569215,0.004128149356354622,0.008691572283698027,0.000985140148141244,6.37242305393461e-7,0.008274332431074482,0.02399966098197267,0.0010209286188660781,0.01592260044910968,2.824000873292182e-7,2.9242358596078306e-5,0.0397681971210669,0.033479763638280806,0.0003528422670967762,0.06887143464119286,0.007645040071907488
0.012612174213422856,0.02448174164200813,0.005021704348063099,0.002739715277630451,0.00040399568208708797,0.03172244498100853,0.0002675667261487735,0.0015849715406783234,0.06782603235797519,2.5306758515246677e-5,2.6944799094839803e-5,0.002156476918887266,8.082307734222915e-11,0.0005134254511789725,0.00018841988762110547,3.619786711372797e-11,0.00011565291993112577,0.00311987412078121,0.18545725481571843,0.04229604703229224,0.05542446762827616,0.0007046243894303499,0.007993353697784563,3.683949535814925e-5,0.00042180120472097544,0.0032336997158444653,7.975803481217845e-5,0.017843407528471068,0.004174006675770119,0.42107331886687654,0.0027251226892924794,4.347427999103183e-5,0.0002356913874091428,0.04034165431719502,0.00027855577480579005,0.0003448625720435691,0.001461937370600223,0.0028300811917544508,5.357504918093451e-8,0.0015764780086553302,0.007787363712969791,0.001366472872261547,0.009236610112821161,6.332536404420666e-7,0.0002076967355011806,0.0027699915963819914,0.007659013500795761,0.0037945833226492327,0.006896373755204182,0.01889832314357004
1.2972037161918007e-5,0.0005654701540739864,0.000771474113768991,0.011346457575138757,0.004609610033044746,7.737640073420274e-5,0.4799997362771763,0.004200935245946305,2.6127142442403968e-5,0.02954419567364659,0.0029294581149650195,0.002123124855712262,4.005016431978168e-26,0.022436029579915244,1.6450669374142277e-7,0.0005644153641695999,0.10788569730445195,0.06350473467393392,0.0013563753138593599,1.2053732070434294e-8,5.6981133007142615e-5,0.03965011314446031,8.611389146264395e-5,4.10462272392293e-11,2.6644388037632644e-11,0.025936526425244112,3.6928014039226357e-8,0.00048063984646808046,6.8806061804194564e-6,6.055377488873169e-6,0.007565751872952541,0.06690970570206783,0.05008839267763327,3.0194377525871332e-5,0.0003291657257591909,0.00033166436578807373,0.008013619034718948,5.038190563388813e-5,1.6162779585706325e-6,0.003175073250111378,0.00010646238067986012,0.0001690600461479141,0.0010286966750273061,1.13945020448345e-6,0.059337788409799294,0.0010601860777472193,0.003326872235633438,5.961868653795625e-5,1.4856086974399702e-5,0.00022204092051482092
0.00016264261620587352,0.0008831783984332533,0.0009231063653234387,0.005514497041884887,0.0009376981836745392,0.000742068727244329,0.008281853289129441,0.006214539679357542,0.00034708593115604486,0.015240824775650991,0.010124574027198184,0.20826587881652026,3.341725665224096e-10,0.0002349800741805683,0.00022419617959546862,4.682409448820084e-5,0.00622670743346718,0.009332030158279915,0.0024915413060589797,1.461093892621376e-6,0.001046952826275584,0.010196664053127032,0.0010446035764344534,2.182363362985169e-10,7.165101054779012e-8,0.00030066754325834165,6.4240430249187e-7,0.0013927212556620562,0.07567162762519657,1.5408614903026425e-5,0.01016530771641815,0.00031673959392813797,0.030625655604017404,0.010469440731184866,0.06191888943972665,9.78227361096326e-5,0.0009813356574610115,0.0003933515656844854,8.459256205818415e-15,0.005358244047270483,0.0008270738347113351,5.655127597042242e-6,0.4679196144275279,7.903433125264428e-6,0.005267276759752445,0.019894127997934496,0.001194486664132236,0.017262889471211566,0.001405908538260712,2.32283596168898e-5
9.571483822266239e-6,1.4439789179008887e-5,0.0012440183161802443,0.04679925694213006,2.1812261623088155e-7,0.0007034680152743369,0.00022334836545591586,0.004314430039270546,0.00027380238209057285,2.52856355422331e-5,0.029152403525690082,0.33479456760242354,1.58513574914254e-8,3.935136734106876e-5,0.0002158657324021368,1.4028052415516549e-12,7.878759830810877e-6,1.435146429816256e-5,0.00013500647872984368,6.537741420906897e-6,0.00024215807139332733,0.00020574531803641176,4.5578564265311826e-5,5.957275370794756e-13,1.3169008636012216e-6,7.158778497616593e-5,6.273730842199907e-6,0.00193650155419733,0.06944013390895337,3.579859290622981e-6,0.07193865188796618,1.2826642415999136e-6,0.00018071781813824001,0.003547352142971134,0.048523522879101555,0.0003242488389706181,0.00022427903670412466,0.0007684224441925956,1.291086347196795e-10,8.141641867867561e-5,0.00013440022673386786,2.8679093169777297e-6,0.36655462615461815,0.0002834595259475063,9.987372906782325e-8,0.015146699657194184,0.0017131147653454898,0.0005826281010755032,5.895449444610383e-5,6.561721647505352e-6
0.001838165310518338,4.919897438319406e-9,0.00022161292329183385,0.0001336388078364939,6.465256027326737e-6,0.010877431049919634,5.122814791005208e-10,0.008691989061245563,2.5586301815925102e-5,9.677734072361477e-11,8.97769492745706e-6,9.720793054805307e-7,0.32596289169086673,8.239401463682133e-6,0.024216481281549497,2.7943255152989507e-108,2.3246539348486354e-11,0.00025989315869698933,0.04492144881629721,6.397611327345238e-6,0.0445805387800543,2.5660917072703373e-10,0.011738295629126589,0.030530692243873163,6.71147559405487e-5,3.276827588963011e-13,3.408979158806295e-5,3.7056299912390475e-7,1.4278558868612243e-8,0.11425501247603224,8.157537558341699e-5,0.01231849391196904,7.446995426842859e-11,0.00021657554246316935,1.7696648749835594e-6,4.3479336811646005e-5,0.000658970616226843,0.0003571434798316519,1.2363575823975412e-6,6.395669750383715e-9,0.00019782930154521125,3.944214697640731e-6,2.2232630104406242e-7,6.028188997851384e-15,7.897904719578674e-12,5.87539096837749e-6,0.013881125200820512,0.0012110143316968588,0.01652936894537669,0.3361050447528049
4.8087553763997245e-5,3.35013216858119e-10,0.0069175970218603245,0.006911813437563042,0.02399378883289899,0.0003927392294454492,0.22031127472799258,0.006074370334782554,0.0006356350610131016,0.010965241055750669,5.890400292648763e-5,0.0051018905328145325,1.2639286778227004e-14,0.001824748906966948,0.00011964780060950651,0.14522517252197628,0.07109526093822462,0.022508072879255887,6.065367845402494e-5,2.5603117058388355e-12,0.00332456577714982,0.0020867308206050606,0.0007578323745703233,6.317064538615002e-11,1.0707119050948667e-8,0.002912747015818322,1.3855491961527318e-5,0.027423322795822245,1.0152677728459435e-5,0.015515166886136736,0.11577327148885508,0.04419387050092426,0.1898025419172737,4.692405903426607e-5,0.0002532246839186344,0.008027730147099482,0.010067343654501296,0.0005601382075015033,1.8090153101685694e-8,0.00039235134567108674,0.00427699017167353,0.003616155803747618,0.0004005949156518372,6.288497867581533e-9,0.03250736597682249,0.0028203161885491093,0.008815441475363586,6.96700004136684e-5,0.0006760633712888517,0.003410698249091588
0.06426268506633884,0.004196652498250119,0.010014047424479575,0.00014435988721158652,0.00034128394176829996,0.27551589029990975,2.3813898616795238e-7,0.00019218800673567285,0.20120919490675682,2.6624733666959943e-8,6.341276412208896e-5,1.304586205197267e-5,2.8816150553132236e-14,1.116558993573806e-5,0.0033950887222489712,1.51537862837077e-49,4.6003866502344824e-8,0.0021955372963526594,0.007794091448106645,0.12538170872588353,0.026362791644162935,1.9248754109117966e-6,0.12097653453918726,0.003885197687499883,0.009421186329329497,1.3780160482558278e-6,8.648733105199715e-7,0.056526137621209296,6.631711751872818e-5,0.005208434011008098,4.897447953635502e-6,0.0059380864282182555,2.1913702049437838e-7,0.018196207916791673,0.00018176808694612834,0.003471638066205364,0.0006250653849811136,0.01287403526276898,4.33217777383219e-8,1.3037447268436249e-5,0.019785497623253566,6.455879938697029e-7,2.3470132929180596e-5,0.005451136083815373,8.065299848291489e-8,0.003033612733009261,0.011879908477843197,0.0011722187064673287,4.46164961890049e-5,0.00012238508311617448
1.6821911228793203e-13,9.13585759790734e-79,2.0391270034484507e-26,3.2374664712093164e-40,5.8085957893565815e-5,1.7977149439453166e-25,0.00047078992768873935,1.0248020847678046e-32,1.618612176383832e-30,0.001250349213504992,1.9148487287497066e-55,3.265495100652094e-64,5.646198699751745e-31,3.826155674043014e-7,3.062821971992027e-22,0.8416211678613711,0.0013287034846446034,2.7136903160975814e-25,2.8654627603297576e-18,2.43244522160055e-87,2.583929616265154e-25,2.0810114176660726e-5,7.113154260279918e-20,9.026143990722184e-30,2.763021109123972e-110,4.197597203717271e-12,0.005551236743847959,2.8496924754739094e-18,4.2337861196430094e-71,9.134107705066715e-15,7.5309691373445e-44,0.12800879573895874,3.0214455180751702e-5,5.128194343649072e-8,3.2073528027102856e-46,0.002172758468550138,2.000635778073977e-17,2.1347123026389436e-16,1.0095578189133709e-18,2.4062117627223226e-6,2.5368203671876723e-26,6.921681819775917e-8,1.1711220579454326e-68,6.258370840724959e-60,9.968159422409315e-6,1.0585586052566966e-16,1.1270498039986971e-24,8.727887106447653e-44,0.0003087438150135144,0.01916546672927979
2.732206897176419e-6,0.0005240821730214608,1.3108869673739418e-6,0.0027167194743337045,0.0031068389832298307,2.353083707303633e-6,0.01672261343173568,0.0007534588612837051,6.183985532494175e-5,0.40354489377457065,6.313427489198287e-5,0.0008737133050547716,4.063932114824726e-26,0.03712113815379367,2.845040854514303e-7,0.00013330904822807244,0.16340213515337504,0.007001011209904119,0.0010472594046361122,5.06532478552105e-10,2.4040244798565186e-6,0.07867121619831749,8.609348192672906e-6,4.023135679419982e-11,1.344602153114086e-11,0.013044298675772602,3.5423438200807204e-7,5.300714241777e-6,0.00012158670167553949,1.4141442088567406e-6,0.027641243543089264,0.041097203126664116,0.06207068268218308,1.037168434128163e-5,5.834693958121503e-5,3.997245831066619e-5,0.00013142592396984864,7.984170950557676e-5,2.7037348970339015e-6,0.0215865292772878,4.173742762538901e-6,8.557302357269381e-5,3.191760024300651e-5,1.788441974067443e-7,0.11630709395890693,8.295646774013708e-5,0.0015732478160047486,0.00015561607915310434,4.449647680384783e-6,0.00010245935338747747
0.03107157423900319,0.012970046222968651,0.05187423491489706,0.013950769922400056,0.004085162044849045,0.015519018759170998,0.0020146450374923827,0.0037290849553810092,0.002339722353860792,0.00025329730175508087,0.0005455981050052162,0.0655634933185809,2.2035005290891105e-9,0.00020482282759689034,0.0003354016040125477,0.030754466508117285,0.00011121477930875728,0.004788571950958892,0.008753989717143758,0.00040239532039740354,0.0025720048484406334,0.0002278463190525721,0.007016729387567735,8.630845000769462e-12,6.878913001266439e-6,0.0001753067582631444,1.781521737436132e-6,0.000904843933495328,0.0001806463035615333,0.001095511442524397,0.012025297137827035,0.0021879149197294423,0.003438748577285644,0.10952704953732327,0.0016822712080106163,0.0026132349616896523,0.0002717233292687469,0.0007050005515960739,0.0006222367804244473,0.002374439576810706,0.0004124616354330599,0.00942263477898337,0.008535200449358427,2.484325632234111e-13,1.3839797978202495e-5,0.10982074129208128,0.0057749894553783205,1.5693061269793445e-5,0.4687302389322435,0.0003772224943847823
0.008587302518921704,0.00034395528315794876,0.005724770263283811,0.00029003153118588364,2.3038800990838984e-9,0.033051865111673545,9.530980387228132e-10,0.015871523396189167,0.012643417856819023,1.223976480332648e-8,6.170114869133886e-5,0.0009701270801742791,2.3280175611571188e-14,9.692716791689967e-7,0.046184727017857044,3.864937970453234e-31,3.4603981183833186e-9,0.0008812222080221003,0.27760304936596625,0.007155480075221179,0.004305741576760905,2.4068495138710248e-8,0.03394206065511934,0.0003758805350643368,0.07718178407865518,1.513922322969319e-6,6.097139013508701e-9,0.27719910815851856,3.667097215362539e-6,0.002086232780353873,0.01250214179594288,6.975256077307292e-8,2.6687612293492935e-8,0.025614911340413375,0.0002879788684247454,0.006521418837835425,0.0057608609261813725,0.10159979063048971,1.5579033048027358e-12,9.06679719130268e-6,0.0011463753103902663,2.556286013707963e-5,9.992605959720894e-5,0.002192177732332289,2.7845154227143864e-8,0.03545081209327385,0.0029773161354882892,0.0009447551811358741,2.6830869208919894e-6,0.000397918001708648
0.0002625472231125817,0.11782591425131203,0.0004647715961869054,9.870632129281737e-6,1.7541655533514904e-21,0.014802385080009408,3.6604308692851425e-26,8.116459499946854e-5,6.001239461084075e-5,1.378027306960897e-23,3.6192324028996414e-8,3.8078935696713096e-8,9.79284329757238e-16,1.2862191498255085e-16,0.0007245362723529097,1.6858712509933276e-25,8.294293474523331e-27,1.863767662129892e-7,0.06845991834258824,0.19700301097200698,0.004350190661389096,2.1670052161672574e-24,0.0318820146439255,0.00012415287882714462,0.22716709423326525,6.136719674448588e-11,4.440059609462165e-14,0.16453599662287263,2.6818216210408894e-11,0.13618383055222763,8.448256477467709e-7,2.344248095519634e-18,4.025483140274989e-24,3.0297401227153716e-5,1.988537534047179e-6,2.499504930739671e-5,2.031106705094242e-7,4.336392492365468e-6,6.523265686909441e-21,2.212224460821751e-14,1.250838212520649e-5,5.047677179870647e-5,3.024243804146473e-9,0.03549862865797585,1.2474885569748134e-23,0.0003124948962651525,0.00012487271419354363,1.9599213354954637e-8,5.058617451658825e-8,6.083630356559253e-7
0.00048195692897421143,2.0774612721990585e-5,0.08984865351626573,0.0009907190143150341,0.004136610732990336,0.5972937938993029,0.00022890508742802825,0.04118070253564682,0.07288038648484624,2.2781287498077422e-5,0.00013183987746843382,0.0021638348519547506,1.108575247517861e-11,0.000300475646782165,6.179075233164946e-5,2.0753134663551594e-11,0.0004062889036460806,0.021073694251692303,0.009344364897920418,0.014391439869179958,0.023909839717542014,0.0007185052517603618,0.0007287097539199878,5.816195393449851e-5,0.0010979766151947249,0.00539148637225925,3.2940252466457096e-5,0.004907516651402048,0.004276542479938374,0.003219404410079159,0.0007632722022508964,0.0001300992326294416,0.00044247071445498984,0.018347759720443828,0.0002598975802300752,3.161504922591599e-5,0.00022333644031404605,0.06184397391130139,6.271189441934121e-7,0.0012249080970776819,0.0012476388746838173,0.0006458669093656336,0.0018663120122407607,5.695672224874747e-10,8.163654517612919e-5,0.0021134025639997145,0.0021618541737029127,0.00033241506075973505,0.0035073495407306602,0.0054754670416001785
2.2434075255986957e-6,2.2415813360958463e-9,0.00041381196860434613,0.0012842833134912531,0.003404429464777769,6.0294317447483924e-5,0.03244485217844174,0.0009253122876945998,1.9031392157347812e-5,0.6183700925715573,0.00036438939840611784,0.009817369209899368,2.7213580368591033e-26,0.0017610233657554789,6.902102710828781e-7,0.0028085638362233406,0.15740564508207747,0.0011930323017249364,1.3682432873631204e-6,5.298126244873238e-13,0.0001754094206916707,0.03281963762575013,3.735502132540044e-5,0.002111676323069615,5.569341585971727e-12,0.04296873481802351,1.6949341234092284e-6,8.708618873935769e-5,9.35257535310684e-5,1.245305692788651e-5,0.0008171925203410326,0.015980903407549166,0.03725718288072582,1.9843712685671982e-5,0.00011443670096311202,4.995736298778414e-6,0.00012971606004523266,1.0978882179815704e-6,2.534065336262021e-8,0.01784018081604532,1.6997871740922327e-5,1.2294836595519636e-5,0.0001682653358071754,4.493075031103134e-12,0.017263358147310847,2.5836298284782224e-5,0.0011457781933517641,0.00045323854871081063,4.4510781345059493e-5,0.00012013697962954068
0.0003958210229774455,0.0002952231207237664,0.0015189035602625163,5.321731920563567e-5,3.636348537270785e-5,0.24017482734391524,9.837344426300188e-6,0.00031292202146218634,2.3597263842669547e-6,1.6153820748311267e-6,7.800937382157771e-5,8.543692953986524e-6,8.911073431949483e-13,8.946565951209693e-6,0.003096134646634502,4.2816314228001465e-76,2.098278435975303e-6,0.0007355159936687505,0.006212534253380935,0.023384674611459353,0.016442827657685073,5.0843818109224684e-8,0.05302224585599469,0.0009713865034990238,0.022212417393101775,2.7596728307226757e-5,1.98462374791537e-7,0.5683063006448055,5.5975933600183386e-5,0.00507463212938157,0.00010780647259285254,8.49641784333586e-5,6.904914110027836e-6,0.0024902445252643493,1.0900719486811899e-5,0.009943558031188699,6.468778863132097e-6,0.00015981781547229015,2.3471321635451363e-13,0.0005480841401640669,0.007680230045169262,1.3515746108955998e-6,0.00016234749692493194,6.745952505944944e-5,1.4294583542332178e-6,0.029532480561340946,0.006082901238203131,0.00017873879036757709,0.0004521529552895738,4.0978882299296136e-5
2.445047661815796e-9,5.398371918266346e-6,8.655390100384558e-13,1.1506385418795015e-15,4.69469095781485e-43,5.790213701310264e-6,2.822679062198325e-44,3.028659653619645e-14,5.585214929686403e-14,6.590638492955573e-45,1.1209004670774139e-13,3.6206595131329364e-16,0.08815371026751036,6.367507942492253e-35,0.0035935665418480125,9.480694084883177e-125,2.0065279720682028e-46,7.949666255455985e-15,0.00635577877081152,0.007212532880368981,2.0333085485151976e-8,1.1804160034602567e-44,0.023442245403529537,0.24201932497747028,0.0028931739765863623,6.173902030983133e-55,1.7816554068736898e-21,7.971951997849132e-7,0.009868199616584208,0.005127745157580555,4.900871849707266e-20,4.6512337617845316e-30,1.2471283780692994e-46,1.3105500531785687e-9,5.553939054928003e-12,0.0048644904176479735,4.8647884250877294e-15,1.8568236985425307e-11,0.6064318141181649,5.865366040840802e-47,2.512320648856535e-5,1.8396022871640543e-27,3.41494353990582e-10,2.0678492362153263e-7,1.428919068598607e-44,1.4643193239550703e-9,6.857624695446445e-8,7.603721169633232e-9,7.14942050419242e-45,5.499260235244317e-16
0.11129064543868987,0.09519621044490074,1.4446653695628491e-5,0.0020509746588759418,4.516850755367951e-16,0.0043967287983990334,3.2715684034548277e-16,0.0047806128693436475,0.00011337897720610131,1.2640930391293789e-12,3.875858356555956e-6,7.983277864833876e-6,5.986133923864107e-23,2.239422837235858e-12,0.002253904567709598,1.808485806220803e-39,3.779167086453786e-19,0.0006220561597875491,0.03824007611977893,0.07168011742046546,0.001407342376065422,8.327079973555701e-19,0.0542043912362089,0.018579980971235224,0.4912630394525531,9.113444368278819e-15,3.272506025056487e-5,0.023814945103113192,1.2851094208988222e-7,0.012731360816189929,7.588026744071325e-5,8.789070862480603e-16,3.1296365240419057e-16,0.002377379628493167,0.001955321373634627,0.0014010553399665445,0.0005288838217881391,0.0008274022099909872,7.672572129635027e-5,2.4736402340636025e-10,0.0001914516602363227,1.1281449653518603e-8,1.1165643647196543e-5,0.051409767841994664,7.971764892825131e-15,0.00040713995497047704,0.004244889593230916,2.128651720275005e-6,0.0026934181590052555,0.0011124538286157695
0.00016568743423554282,2.072317054404575e-5,0.005806298884385455,0.010136839377789515,0.010329920160037979,0.004748854214359004,0.04790398943772074,0.004797602564763366,0.00012364204035243592,0.07871837510849626,0.00406438055559402,0.004400087832161991,7.265564877232559e-22,0.01581399036583266,1.0718955250109547e-6,2.820072286998306e-5,0.022182785987376975,0.0445406323859663,3.965427411090519e-5,1.6239327908207446e-8,0.0015838907327822749,0.007628372767218987,4.467250864374622e-6,3.6711078098854875e-6,4.73520159343786e-10,0.01698965056456985,3.2855138719085218e-6,0.0024392829372590808,0.001921488166652098,5.061617332718275e-5,0.6169110263023537,0.011012610585598532,0.0005462634160139312,0.00018120164273237722,0.002985476050159744,0.0003255558691695232,0.003515164829544045,0.0001173394063362334,1.6526603076053643e-7,0.038437376310226985,0.001637202169953493,0.0029967201103949705,0.0005752616673264761,3.519365468063338e-11,0.023036482339507863,0.0014314733635353383,0.0006458372224069443,0.006829465115207309,0.00046356602634244884,0.0039043339326398263
0.012400811933872245,1.4924486936387263e-15,0.0004608441127265861,1.2963660898687552e-6,0.011429153421059041,0.025027837546802083,0.0004013196384453785,3.134169517641077e-5,4.8394336551466936e-5,0.0006293863454666184,3.2269729642929554e-10,3.7166303208661685e-9,1.0105237040981434e-8,0.00021083035336881905,0.021276575530303578,2.3428547811897445e-17,0.003096614413154432,8.37875171389549e-7,9.24632259075743e-5,1.8501519146990015e-12,0.027344819464942802,2.112857474993492e-5,0.0007055501614238413,0.00018130425267421578,2.189880463698932e-8,0.0002439685875525151,0.023701922237703916,0.014803241046821283,3.007781593612117e-11,0.00015751264235233404,9.89587749260335e-8,0.0011166336760470292,0.0016048712427182582,7.962973066302493e-6,6.561995817126791e-8,0.006675042705464139,2.815881298785538e-7,2.256662460959958e-5,1.76215938809791e-7,0.0004206158306627213,2.7807230945123122e-6,0.0006377960059495353,6.076967474943579e-10,3.845001644234137e-13,7.019631434053307e-6,3.8604012891493305e-6,0.004000911695794332,5.031107775675519e-10,0.6816235561712914,0.16160856898696996
1.0167808138225545e-5,0.03782616450871782,4.619647763768716e-5,0.0004130670414184577,0.00022206780666953287,0.017007328618903157,0.002702821688313561,0.00032903471998839114,5.029614398081995e-7,0.00047133076651808745,0.00042531611418733837,4.98180045609805e-5,2.5503031196464265e-10,7.752942350439766e-6,0.013895470709600457,1.1539565850990661e-86,0.00011685476971766666,0.00010173151728636246,0.05416439583059617,0.0005718823106387416,0.0236652980031412,0.002982519315719561,0.12104386022082196,7.853558210263312e-5,0.006011132468221817,0.0008718972462504832,9.49452923242105e-6,0.535008536570628,0.000511739893504295,0.003927062593615397,4.5102752500166376e-5,0.0004706757215025887,0.00019782623403809065,0.1442709197669978,0.005803718674909673,0.007844240585370144,2.919270631906025e-5,0.008738245438753537,7.675115728825022e-15,0.002575040553289446,0.003413238956202233,2.8647129631540786e-9,0.0014310931772203576,0.00011022786789810274,0.0002618484012560533,0.0002449557191397068,8.863150284651912e-5,0.001393144527380354,0.000609462927369756,4.503473348182504e-7
2.4248242552393344e-5,0.00015440292353258135,1.3235808256190439e-5,0.0003468237551043544,2.2356776455227978e-6,3.3735059188308907e-6,0.0012994520457455124,0.0003800142092675637,0.00154561080665601,0.0012723179457003917,0.016635083934620286,0.08532833345296059,5.884149731574909e-9,3.12991913297999e-5,0.00020412344492879616,8.74150950096244e-7,0.00220559100430572,0.0007634084980987652,0.003242844928798684,1.3063092962138993e-6,1.4945611011562127e-5,0.005635862183982374,0.00019015551430275217,6.627843966780413e-11,5.605015884986737e-8,6.914652033710052e-5,4.69731152913493e-8,0.00018086284705149614,0.1308308441838089,1.0908115417355632e-6,0.0016273828729325799,1.6075959188725864e-5,0.0014417166153704096,0.005452245196806389,0.004070146473453314,8.452071130608262e-5,0.0008168408932127236,0.0008890866338472374,1.5754192572696777e-19,0.00031044842983022817,0.002546160157800754,8.63045915889497e-8,0.27274033401916475,0.0003396223871213466,0.015199153750777144,0.0026565158444994304,0.0006539258124024417,0.44076156038013525,5.39437933732073e-6,1.118669681559713e-5
0.31690777721298524,6.4779616571158705e-6,0.00043803231884287895,1.0253595074158476e-6,3.2789683555053533e-9,0.011990770886097474,1.4936467780528846e-8,1.2454040427661418e-5,0.0028495395871973414,8.003855664764096e-9,7.308851907500282e-8,3.268947643886497e-8,3.781000893324526e-7,3.8065942453228387e-7,0.1634402101392037,2.8469473909233305e-62,2.969390013495824e-8,0.005233499358564781,0.0025234756876828693,0.0006532379806687664,0.009049103601644038,3.363860345229403e-8,0.024120277158618093,0.2821904421041454,0.16586628317793167,2.3921284668066672e-8,0.00010061365744041765,0.004675637728877981,1.3928754638339495e-8,0.0001921125191118829,3.629996734874413e-7,1.2418701098839884e-10,2.654684935830921e-8,0.0015216259887243172,1.1099431127543845e-6,9.82884533806131e-7,0.001032341688844659,0.0007840491020298773,2.0251955457333962e-6,5.481718521546542e-7,0.0005281832640537423,1.722549400816829e-7,1.2300720305038732e-7,2.874950471816158e-7,3.7512549811345686e-7,0.0016265073413791315,0.002085431422828154,3.1172343155867174e-9,1.2821985334045608e-6,0.0021625997079807624
0.0001452192929379738,2.0875852005868173e-5,0.02708234923555602,0.0623123497567795,0.0007361258008580905,0.005720360093166297,0.0011773847348249644,0.00434291560579608,0.000397642983514664,6.691208715156595e-5,0.007085945524071677,0.5852775110495201,6.970837510344483e-10,0.00015626002665540997,3.0753912926999976e-5,4.3292040503352163e-10,0.00016055511987219607,0.007715710054034157,0.000217033528195454,1.9302597563732063e-7,0.004471070599374215,0.0006532596104292902,4.0016802259842466e-5,4.804245612715631e-12,1.4687030053677462e-7,0.0015784589193175737,1.4447003287411368e-5,0.00028431909398193427,0.0009721567342471888,0.0002980367686372036,0.202864377497845,0.00022717211523159883,0.0016030187291632139,0.004179288925183854,0.006266913547187665,1.3689997867243322e-6,2.0019083345717612e-5,0.0011967694124339905,4.295183256207178e-6,0.008800083469637326,0.0003477420122650314,0.0004270035432232573,0.013400702388513874,6.7090983409493585e-9,9.593765080768405e-6,0.01240324318395782,0.005652950807362093,0.00028388475036961175,0.03030917032429966,0.001044384332271908
0.03041895965849414,1.207087703213939e-18,0.0006084991666382157,1.8170313762081054e-6,0.07579084811813795,3.341501794578442e-5,0.15000390094406374,2.2012737798555962e-5,0.0001545684350308692,0.011401831311266042,9.392235639415866e-9,1.972091295631884e-8,0.007227885036535179,0.04724351896692505,1.7360321257413405e-6,0.2333703023400465,0.06191593840949171,0.014495580604548152,2.0246169128553683e-8,1.4449091145985606e-20,1.881913462184938e-5,0.07605447368269311,6.36071900583154e-5,1.430430481316645e-20,5.166422600516752e-12,1.344074582697063e-5,2.7729582944542798e-5,0.00010922219261373818,8.528338837702694e-11,0.017869980474928285,6.2852142957712416e-6,0.10438805775244515,0.009357112543605038,2.20289576747937e-5,8.148500281096043e-9,9.71438533274191e-5,0.004549858308508386,0.0007222790276898938,1.607781613142804e-13,0.0023229286926239284,5.375703935194661e-5,0.0007268800732931638,8.938664694226433e-11,8.487150532301271e-12,0.08210312936558023,4.931240615827812e-6,0.021384359712963447,0.0007728737434048308,0.0010890609283932063,0.04555116903581397
8.737994519436066e-5,9.00562785216606e-6,9.489329909074687e-5,0.0016220923034426825,0.004967444037428281,0.00020688354241161502,0.0717983365198215,0.004808405311429713,0.0009500177612791404,0.0682278261792742,0.0004559796779019145,0.0038170510499360394,4.9162578725685637e-26,0.015874172069977356,1.8316533445802217e-6,0.0012119421205114723,0.19546030915212975,0.010173097259879152,5.8651784662931396e-5,2.2240540393868675e-9,0.00030417874219896077,0.18156968625441894,5.6130687303687657e-5,2.65963194229569e-8,2.5891217452744755e-10,0.023296606542522736,2.7621730872306845e-7,0.0005799540746233841,0.0003044721756148088,9.89683166982812e-6,0.06696249149147718,0.02338245107044665,0.019808026742568922,1.826201560456464e-5,0.00019789067965800524,4.281975207296468e-5,0.005631966350260197,1.0856576600758395e-5,3.4660092525498753e-7,0.1294419112600187,0.00018080737825127915,0.0005058853021739939,0.00022867211207404722,8.435480936941883e-8,0.15861498550253472,0.0019909085510197537,0.0018879551810690443,0.005027828190642447,1.3054695234036672e-5,0.0001062462920438094
0.000199049474450436,3.220404842824422e-5,0.18561556674300062,0.001588424084162305,0.0018882080764804515,0.05530734359140384,0.013525988709252146,0.03498903874327756,0.0021568565132292195,0.004564159771845663,0.006793413161195826,0.021614086247198062,2.6548272762972704e-19,0.018581498445332117,0.0001483157495051128,4.716797617037141e-24,0.020187636905728047,0.0002098372256180904,6.665131956569092e-5,0.0019063302725081414,0.005063268747635527,0.0008988432605965013,0.012470393398434941,4.078529003554643e-7,0.01139708097221283,0.024379283610330746,1.0183539135597121e-7,0.12020449906969928,0.009286710934711655,3.142876798481801e-6,0.006445492323588595,0.001149308503079712,0.0008163407651137354,0.0004416077260274607,0.0004283234216773957,2.6162321109390566e-9,0.001570417508215592,0.07331762152707674,7.822375188127103e-8,0.07327497273180121,0.10815328401812384,1.3196379930247804e-5,0.14901060198781202,2.1830631803990194e-5,0.005401512168411375,0.0001805907605571298,7.752325428870116e-5,0.02648272741813533,6.538868500470197e-5,7.083770847501554e-5
0.0007898488741873028,0.0008755266439872002,0.08448557978076036,0.010157515308055738,0.0005120692195712362,0.01045215797692035,0.005656998947014303,0.00946775374727052,0.027054772215593912,0.006839577800116099,0.020320116878041836,0.026031170608578402,5.087253463431054e-11,0.0015305120314427275,0.0014910396099219471,5.733376351337056e-8,0.001379468824243892,0.007605353642489032,0.005260747969583917,0.0004648289137831642,0.013479966139536155,0.013694220621579932,0.0014473888276874591,2.0880916574957556e-10,1.1811874191810218e-6,0.010033285235533405,1.183464031488348e-7,0.001729530948551335,0.2762838924183928,2.7598999957707412e-6,0.0332120112902993,2.375836653921797e-6,0.003052554173178641,0.0039683378776518615,0.005816076256089095,0.0006957374370078526,0.0005079690034112941,0.011933096785489788,3.2588847355251296e-12,0.0032377350339608574,0.010943068135210078,3.4617996111994873e-6,0.2939625638901466,1.4771754751100341e-6,0.0048592688692301435,0.0409460883989446,0.021082565460638965,0.025853561495987287,0.0018831503970864413,0.000991460470561883
0.057908855751837574,8.631725639655139e-9,1.2202488773133337e-6,7.926293411156983e-14,1.0959034630064914e-21,0.0010228287322178856,5.927378028187685e-17,6.142803272808743e-10,3.1400638457372543e-6,2.032766313180536e-17,1.581823318379896e-17,4.428049760929113e-23,0.2057349403707914,1.1527479907369948e-16,0.0028089387918255673,1.5909106332081618e-141,3.707289023638873e-17,3.968477062870056e-11,8.50877872345049e-8,5.840416371534596e-6,6.725553410205543e-6,2.673820823365725e-15,0.014359600644672843,0.22743672311319224,0.00397047898197948,1.316968471234394e-9,1.5981882942210574e-5,2.5106205916543616e-5,2.003086292791687e-21,7.132731508916131e-8,6.846343144837233e-14,2.820747411665574e-27,2.0716695336677793e-15,4.641848752824831e-6,3.2181355659185613e-16,5.516451773319451e-5,2.9751740321666885e-10,1.9317070576906767e-6,0.48658698695874886,2.6373489264233488e-15,2.7846412586461853e-5,2.959907610365693e-17,5.072607992290722e-22,2.3089998108459687e-9,7.962857632567933e-15,2.1599093513251888e-7,2.255973960933801e-5,3.8157428091270935e-9,1.45086506787776e-19,9.862651062971007e-8
0.002869753050246448,0.0003316561620032118,0.02540951348328379,0.003475845952622372,0.01965070719247916,0.01792419444131113,0.0013467080557013342,0.0039168384501519216,0.0014389629300401866,0.000262844207431511,9.180356100076373e-6,0.0002232463742827374,1.2843253828096011e-8,0.004196936768505095,6.744547071969945e-5,7.534083802570621e-8,0.0003560962227469071,0.01575098963457755,0.001609687280372899,3.896146568977543e-5,0.023667455446457337,0.0021347709606325937,0.00036644185077792344,5.388568032756461e-8,0.0037341607363982374,0.00046435995238078097,0.001020024749544257,0.003801274719216748,7.215202927848173e-5,0.008723633649588938,0.00026128687337409413,0.002549611371768364,0.001891099033562786,0.001164009541862661,0.0001283041322945653,0.018462632742450233,0.013860765191288272,0.0013004948891327402,1.044145679143702e-5,0.0031318844631685622,0.005476511722691823,0.010110289891034362,0.0017343536163631687,7.209444561455453e-6,0.00022208051058649777,0.10624110150592657,0.001476489744225041,2.124209287547467e-5,0.6614219392719286,0.027664268841800184
0.01792399160645914,0.0041028961250377275,0.003627153043626003,0.0323713243767928,0.0021859745163149073,0.07086451082183083,0.011229698578291071,0.007400499167319999,0.004084149089371568,0.009467110176167836,0.0002815185701346718,0.011085851369423303,3.2223038783336165e-11,0.03761249345499319,0.0004973274339116968,1.3270740538324124e-24,0.07613383471625093,0.005836385374050422,0.004937551257722586,0.0047544724003274075,0.017631176850303822,0.007474656821345581,0.04727608638750173,1.17844167422078e-6,0.0013982219418765545,0.010834716452867266,0.0003490897212774448,0.017450389194476904,0.0038513098601526603,0.07969532388220636,0.02041947523033951,0.0069845928299833125,0.024035565129100683,0.014084831977980744,0.013733392920072536,0.00025266283222408187,0.008378206996168367,0.00040387351990641286,6.620143956425993e-8,0.01760388806551008,0.29223383917943657,0.0011802979452514154,0.030190843314670264,0.0025180810729213,0.013034708957146163,0.0028078123627445196,0.0010607167102071571,0.007509832704372477,0.050489792134361396,0.0027186282522317896
0.0647232444951234,0.005719971341010138,0.0001823242938855339,1.811108766493181e-9,7.08349746684547e-8,0.11414798502541426,1.4714469480980782e-7,1.4286692030744321e-5,0.012370906140999316,3.963433448512322e-8,1.9905675261589534e-12,1.255427189889646e-12,3.4318697052568816e-6,5.201949989985489e-7,0.052818237295789085,9.211619537927573e-78,3.056947533068108e-8,6.927872849975795e-8,0.0019004699521850733,0.11499780374291826,0.0021231288347874394,1.2909437188996965e-8,0.07672966528052799,4.1684406884042207e-7,0.08936210610670303,4.3918128119902476e-10,0.1087317164609594,0.01056107142729053,2.4067038562040776e-7,0.0506355861121709,1.13344843015152e-12,1.540586845586675e-7,4.1162895576931e-8,4.814965276731323e-5,8.984703771413965e-10,0.2881903361565049,2.9272813432542684e-7,6.342000297509075e-6,3.132912311812314e-5,3.274601340460426e-7,0.002864553239157158,2.82601593975696e-8,7.6308701121041e-10,1.4181873402570323e-9,7.918562058797573e-7,0.0029262428471511248,0.0006620997673506948,1.6266509324539842e-5,1.2651258530148493e-5,0.00021690543257168554
0.00034228757339143225,7.275151862061324e-9,0.012345227520053395,0.05790115588922877,0.06232605484950647,0.007841575652717116,0.022495126111193035,0.09938626625999647,0.004310679591347481,0.12860059883423616,0.005219003653442475,0.017630975730934452,5.723484370267603e-20,0.014715350505463482,9.600906579101248e-5,0.002602239829837076,0.15738603108507535,0.021258804785990335,0.0006619451785231939,5.81797659818172e-11,0.010952698115209231,0.0027488104571004777,0.0003485876534962058,1.4125467627501185e-8,9.553509138500339e-9,0.05316039128750563,3.787299023270609e-6,0.010984888022057793,6.34942828826656e-5,9.608960412275496e-5,0.06907681859638352,0.007438247288229393,0.005272929951486918,0.00020076801129351136,0.008908266731004285,0.0002494382031208869,0.00425727308899355,6.272659499070758e-5,8.318479096865542e-7,0.0836650030502776,0.0017054107787670353,0.001605539054049552,0.0009800976217800798,2.440223453375443e-10,0.05784263403949685,0.017659131954302614,0.000840499552536369,0.011293587402009548,0.00415376058732104,0.03130892555159055
0.0011259810755811736,0.00027576475290391495,0.05920432624366691,0.0010677079440825625,0.008785899003020497,0.04480862599740472,0.005819674164180514,0.002121707090642775,0.0006548572144983974,0.006237684336985176,0.0025381396560237805,0.0005790453818052026,9.388762458872801e-11,0.02514495559209565,0.00026239142643346005,2.624651561060724e-18,0.0021642476086208276,0.0017917926798473231,0.0037750643547957634,0.0010906368337546494,0.1909376136734936,0.013633041734170277,0.025337471513547198,0.0004585233903665936,2.145657402612735e-5,0.001392342405750994,3.818238838529259e-6,0.08403561973014136,0.001804783723130743,0.02208655869986137,6.147252245903053e-5,0.007410548816687594,0.001250003164834489,0.015069133068936948,0.016421735165249363,0.0019422126448467875,0.033337923145446285,0.008353781930706902,6.285417333260785e-7,0.03684401594257633,0.06764805403246206,0.004298170843648031,0.0032693126779790665,1.1649905809791772e-8,0.0006570478695041059,0.0010878690302350892,0.0002622103979080372,0.2851425750036423,0.007281501594176847,0.0025020608235039495
0.020158468932342997,3.523822483295118e-11,0.026656263716255447,0.003691994941939579,0.015145043169910676,0.22456210557410064,0.00011327301149058469,0.003452208017152782,0.0031785632530659295,1.2299967144600705e-5,7.978899363285922e-5,0.00011787900345456487,0.0005961992274747385,0.00043382569720689724,0.013866801713309389,4.074028456168955e-6,2.4867123552672654e-6,0.010489663211319965,0.0014561561619811085,1.15183898625736e-10,0.0049372721799466205,1.1150295139004492e-5,0.00019509083277535833,2.885857781419745e-8,0.02390156246618353,0.00044822148882394275,0.024227545487830703,8.196408313573728e-5,4.427096567380663e-6,0.01909417204380706,0.00019839758590931394,0.00030806663888877783,0.0001795156445628254,0.0015786116727300457,9.087137865006857e-5,0.035420944072648466,0.016169663258389977,0.001870194803670103,0.010800039806733282,0.0002373263364704805,0.0005106475228512554,0.10245408574253678,4.497488830158388e-5,0.019926287043829486,4.134769590973063e-7,0.040542872633349776,0.0005836898122713063,1.4673810782774259e-5,0.33490246349810504,0.03724773005655617
4.166277208068318e-5,0.00010676570408296738,2.351122639438407e-5,0.000262920087734975,2.9418559057803874e-5,0.0001328129937279351,0.0019878145730843344,0.000413022298827378,0.0001789220947704797,0.0019041921789819003,0.037878265161159774,0.015915012200624253,1.0420037000988346e-10,0.0001626399719935078,0.0008989016982730551,6.173312509779064e-7,0.00238838243711169,0.0014778112109000534,0.000760876623091832,3.6032589916977245e-7,0.0001519932034362473,0.009102454685540506,0.0003083317737708046,1.1623305162052757e-10,7.104503859566578e-6,2.4426404210007607e-5,3.161124834534923e-7,0.002291259526287956,0.32513368456344843,5.228166067888514e-6,0.006100190039689801,1.3954145232422487e-6,0.0011163797280405883,0.004261311729600067,0.02176390234196461,0.00022820042741166248,0.0006692475842754028,0.0008907393394514972,6.552418327717351e-18,0.00021804529789037257,0.0005530725880167898,1.8828436030066025e-6,0.47129404782533885,0.00048330410280256983,0.0022208821084024493,0.007348001088583155,0.0014001810501732602,0.0798271534578983,3.6693683807049953e-6,2.968505536823929e-5
0.005328611776881919,3.4140637821523827e-6,4.3607999586574916e-9,8.813382769094092e-8,5.91022376722223e-32,0.0008696111349787513,2.0492063788061094e-28,0.0008502575565342721,8.306026374645694e-6,5.936894520196283e-24,1.6806254641515814e-15,2.933632856737289e-20,4.652364476337568e-13,7.492315886122732e-19,1.9637672602944702e-7,1.2342029286249245e-124,3.5151705192427242e-28,5.834796961705787e-8,0.00010736063153783105,1.997350305749249e-5,0.00022711063759829657,3.1989972301345356e-26,3.808825506603572e-6,0.015585877231360411,0.28187214456245013,0.0035636366327468374,1.5776437121730467e-16,0.000412377103357878,2.840164157090013e-19,0.017008751797239114,4.788980623721903e-5,3.665586352049372e-36,3.9724753231629976e-24,9.322300432298922e-6,9.877991111207026e-14,0.003190067811894122,5.534637645266723e-7,1.716345498931988e-6,1.5157125499778537e-8,1.007678265680194e-16,6.241528616175713e-7,5.396150219736642e-16,2.7591331160462046e-22,0.6321318499471997,9.068458484249963e-21,0.00048009478546692254,0.03827627426216417,3.08021081301979e-9,5.049651188836295e-29,1.8384796962543635e-10
3.6861927428890424e-5,1.165554297951721e-11,0.0004745598162779736,0.000247709713628012,0.0015594943597059434,0.00012047020084195887,0.14644832210858844,0.0011591593808077418,0.00015786508928359113,0.00802770195967377,0.0007784474336122267,0.026876549178413048,7.071825741775145e-25,0.009837340618469227,1.0274055928799322e-6,0.0012926050291939843,0.2785486079242131,0.00459516031037103,3.284858359413361e-6,4.4207821298327007e-13,0.00011424071990240973,0.37651016632621764,0.00040337445912575414,9.68841347104588e-8,4.170115797392927e-12,0.007019832808470442,2.175449924825946e-7,0.0010600728093186614,4.541311384203625e-5,0.0004498185969596091,0.01999728912066792,0.01838197242364498,0.007213612950781439,1.649497910298103e-6,7.935745504973538e-5,0.00046244773355297514,0.0012841620234026155,9.591451091807414e-5,4.047921248802401e-6,0.007502322017628158,0.00012844139139419716,8.724970332559884e-5,0.0001931215960171368,9.564765442568165e-8,0.07459918208438003,0.0021535220074913085,0.0012161016533920928,4.9648747737384864e-5,7.668694524529869e-6,0.0007737922255854812
0.03158376540570837,2.6526902169890114e-5,0.00038578497306850643,1.8045987505842497e-5,2.7445744477572115e-5,0.17779386405036246,0.0013156656768153181,1.662129873432695e-5,0.04005605705321978,0.00025067578692099273,1.6694778787863482e-5,0.0002279085987310952,0.021738015597482417,0.00012108309494846259,0.011081331382422501,2.860078019866355e-58,0.0009186405659162925,0.00017664173400978866,0.16419065625393175,8.943057651277738e-5,0.09039757161612406,0.002883087033961696,0.001731324230163502,0.02833065529536718,0.10819217634478201,1.570348008624886e-8,3.739717570886133e-6,9.651507847495348e-5,1.0958526324027172e-5,0.10246051086798542,1.194477974769439e-6,0.00015964966168794734,0.0003018298386962998,0.019261323851883835,0.0003463805814595645,0.009772587837459865,4.12107596774734e-7,0.012709870383145671,0.04524682431220781,1.9699373112583377e-5,0.005285980613999283,3.210301269278842e-8,0.0014369549365475301,0.01515427677627426,0.000210173239829867,0.0009862178059690124,0.10489177224008525,4.530838544318911e-6,1.692946037142889e-7,6.870984994904974e-5
0.008561099652432597,0.0014792944292410686,1.358667556728289e-5,9.292050461327391e-5,0.0073796817540143335,0.0034687334602001908,0.001969053699819341,0.000530860544089926,0.00014442963880523195,0.00017987727357609692,5.4234132387445397e-5,0.00013420884396852907,0.0046252233974237965,0.0010927275749013224,0.04031844652890261,3.6730075797540643e-48,0.0026489741389317525,0.08395295283979767,0.0640562589224158,0.09912870594815573,0.007892294232141725,0.005886358570018421,0.004593452828379982,2.4985031968045505e-6,0.12037079948688385,1.6417528300908587e-8,0.04438183643189764,0.001030255483733163,2.6551874704695545e-6,0.14092205872488434,0.00025310392162584294,0.012508536510143834,0.00040341225440409774,0.0010921214196621396,6.604021387710803e-6,0.00012592431258186168,5.808476393829969e-5,0.0021546082058909815,1.6677866798307125e-5,4.126340458659642e-6,0.0034076713765957157,4.516161653878553e-5,3.87776777369163e-5,0.007408949048004075,0.00025194365918578806,0.04843829381823794,0.26236432470461746,0.0072211526398096694,8.846623750437451e-5,0.009198563779498898
0.00020965798857496432,6.192194355226609e-7,0.002028281696674203,0.001407570673942746,0.005355568809847437,0.00016587685743750673,0.40439429720032555,0.002519440352737944,0.0004147469706673213,0.02509252126631187,0.0005563206712796034,0.012100621627293503,1.9094157595043984e-11,0.0027300160348970345,3.2279691304309977e-7,0.0008130970480030879,0.025044361356466108,0.001159369995782378,5.8593871245939596e-5,3.180521319904078e-9,0.00026165249037128125,0.257844980036165,2.5516281137524076e-5,5.779244386097612e-6,8.898234800512373e-8,0.008230362894089868,1.3173141147142897e-5,8.695304770245886e-5,0.016104721371654977,1.0771138037290078e-5,0.0065751589154937964,0.0002037714591511916,0.048178599340693094,0.006194013649552466,0.008766094938020554,2.0929521878974296e-5,0.0008029010474242318,0.00049851520953787,3.1643993800905986e-16,0.014451638536691897,0.00041912985375428956,1.3279086094038761e-5,0.0014827864291357448,1.5661469014337934e-5,0.011970104308732302,0.0070610654950025295,0.003244852540959741,0.11853206633753573,0.004064160572927237,0.0008699850239089351
0.012066039508111004,1.2239264899670037e-15,0.0008881072329275955,0.0029627342612786093,0.00021443453341729116,0.07305825456995324,3.356018172239552e-7,0.00501951171989013,0.00035889297503241253,7.715558748228534e-7,1.5605747467496373e-5,7.086144437637009e-5,5.6842823834715576e-12,3.3830866090746857e-6,0.0006585760943528732,0.00909865380684728,3.805269496270169e-6,0.00028720666840688336,0.0012654309141109247,1.3112437794516972e-12,0.004343264863910194,1.1968861684316613e-6,0.0016250847355246,1.1731600005747826e-6,2.5348560278392883e-5,0.00205171170509647,0.029770767171330897,0.0002036175470144024,1.008071892836913e-6,0.014294761107416246,0.009895796687239786,7.140214419768902e-5,3.1639350907738515e-7,0.0014680829243621995,6.970106409306857e-5,0.006387026889570149,0.021006273100904558,0.0028403308067038962,3.9330290941343126e-8,0.000259953944246738,0.00014965275183939213,0.17683081370324133,7.895144512645713e-5,1.1047749948820037e-7,4.6211055408147186e-7,0.003308592469633003,0.004009479081131927,0.01646841443212368,0.5556715840829884,0.04319247735514472
0.10686135950755321,1.5570315989839764e-9,0.000297209785796808,7.084205335842324e-5,0.0010436584742125714,0.016010375175174982,3.97285422058968e-8,0.000145419810624638,0.00983811085697289,1.142718336750325e-6,2.4803373173323304e-6,2.584147811299401e-6,0.010558531719384203,0.00017115113152896082,0.004970927444507959,6.1345521904434684e-6,6.434158165694201e-8,0.0008263314043659196,0.001062005152021303,1.4521377149418706e-7,0.004094784069474998,5.247189165542275e-7,6.145933763323953e-5,0.07679300807862503,0.001129644578759298,4.496233840611329e-5,0.0028988655830345044,0.00015632315250520214,7.603844722695077e-7,2.8828004735724927e-5,1.5606006168521314e-5,0.00466483652904698,2.221332509208106e-6,0.0009744918610507503,2.0726820760493808e-5,0.07719550338213754,0.0024984064790507083,0.011825871864455028,0.00015181177262561568,2.588758180424859e-5,0.008695562902482364,0.017172328591098004,2.7108509749308015e-6,4.193581663699449e-11,1.1061478626034449e-7,0.044826683679571475,0.007585763935066431,1.0720593681965513e-7,0.4863782684755813,0.10088542471430993
50,31
1.1177103648199047e-44,1.5324131440811736e-8,0.19531382452104418,0.4864903323309965,0.2928058682865081,0.01943045797378672,0.000367164425505566,4.4499205546881726e-11,2.0047652484938682e-7,0.005485542869719169,0.00010659366299658267,1.6936733128947359e-12,5.111601749494939e-22,1.455674933841808e-32,7.778539416385777e-24,8.569575163932713e-30,1.1830424392946754e-25,1.5110380800411566e-18,8.259254419003238e-11,1.2835878198481686e-39,6.584797608441373e-43,1.6065557350914536e-15,2.327540529594948e-29,2.563946423955131e-66,4.845246792343245e-31,6.187519672223639e-50,5.5272597327509786e-170,1.5179406374404395e-213,1.6749185890394724e-171,0.0,0.0
7.770234106611775e-183,5.197563477239601e-12,2.0902995499969985e-9,0.05897290335797021,0.8574267501267967,0.07521406188036843,5.880014397878063e-5,0.0001509494496416512,1.914757271804701e-10,0.005978385336168842,0.00016784853278651874,9.370287832494596e-9,3.835571318135944e-12,2.128907065753662e-72,6.04137796137972e-38,4.2220748754460476e-67,1.991393854670155e-52,2.199877361233549e-40,0.00047356226214633363,1.72668458217554e-110,0.0015567272490461588,1.896447310664902e-32,1.3747519233665449e-18,2.6738450249061394e-104,1.7257796670450935e-48,2.7725275465564685e-24,3.5498483156545536e-225,2.076374265e-315,6.290759207614026e-136,0.0,0.0
1.6419093406154502e-61,0.0006031935607492883,0.9654409878316157,0.02962429460327724,0.0002295491735063531,4.1081066018438e-5,1.464780356732053e-7,3.0104868883436346e-6,0.0039793132236719715,3.6053525670141376e-8,2.205383402747433e-19,2.175828661286455e-38,7.677830486247155e-5,4.567314740345648e-50,1.0003037456198004e-48,5.840328756918861e-33,2.097365754380396e-10,1.6090081120990473e-6,1.242170346213718e-48,4.063146677290185e-45,1.2472966786813964e-32,2.1838827226090836e-16,1.9316768263500404e-69,5.600582311931853e-78,1.5672919016307194e-110,1.2155923708561422e-88,3.3094168511533156e-267,1.3044692700088229e-295,0.0,0.0,0.0
1.1029037052756008e-38,0.03143836894719537,0.968058346858699,0.0003002237975083339,0.0002030483988759879,1.8170814515156508e-13,1.6303692930096552e-10,7.842726220340322e-18,1.1834370578514258e-8,8.790923988503557e-30,1.3220059588270484e-13,1.7412571234228018e-69,1.7784567863458063e-21,2.4682048510585528e-17,4.597315937524071e-78,1.4762754103955882e-60,2.931078061926052e-29,7.542081666035191e-25,8.852983455903631e-50,4.022484703185291e-95,6.272920550471285e-92,2.639452314422632e-45,2.4140384333765665e-128,5.986148212390823e-149,1.7941629609483384e-144,3.3994675031991095e-182,1.8725e-320,0.0,0.0,0.0,0.0
0.2635659897029847,0.7318912351879168,0.00410806945063243,0.0004345636346808232,1.4202364895988155e-7,1.4800794435298834e-26,3.44935993627066e-48,1.2568308094299435e-15,1.3512040794093112e-13,1.4407766657471323e-93,2.566037901934286e-27,1.3481242511277447e-27,7.903741967823699e-93,1.688984599979857e-72,1.111391459377604e-136,3.844350568459913e-125,5.950122018247147e-101,5.5235666912869496e-114,1.0821856326005741e-121,1.9609653150136295e-137,1.7187492510011393e-159,2.4909251478096545e-45,7.984413103178103e-209,3.4461089490836786e-193,1.5675340215592062e-237,3.765498234929103e-268,0.0,0.0,0.0,0.0,0.0
3.0334028795005984e-54,0.00028760230298367843,0.8540618198722538,0.11824169061219966,0.01638731025684232,2.8926233648330948e-8,0.005704061180506382,0.002155720026034871,2.0907068943755674e-5,0.002350074454352173,0.0007907852314972442,6.054752701863206e-32,3.145741971103366e-34,3.2592556940556573e-84,1.607795963928873e-20,1.235780507825043e-35,6.691700238610299e-20,4.935086155716022e-26,4.997791410214711e-38,1.7665719098760063e-37,1.807096008122645e-37,6.815211349194467e-11,1.182587982967751e-47,9.364618012952788e-87,3.87649431447153e-96,8.023396903570116e-63,4.07194444e-316,1.0347870393553913e-305,0.0,0.0,0.0
0.0015309035155484853,0.9980913735927304,0.00014068314440401173,0.0002370397473159572,8.564153096369201e-17,3.78902356626717e-44,4.821938672568051e-87,7.87296372907351e-43,2.7020406044094132e-46,1.0380280460888159e-204,1.1887936351028878e-98,1.2118621581045159e-15,5.2836795364730905e-189,3.2691479947022546e-106,5.947478927863775e-231,6.903566176954686e-235,1.0653836548763249e-179,1.1905836588859958e-226,2.904021938538731e-187,1.3788561359990138e-281,3.967560573388126e-273,8.543792978314294e-67,0.0,0.0,0.0,0.0,0.0,0.0,0.0,0.0,0.0
5.066249334560013e-36,0.10751455979503649,0.8914210070342624,0.00044168249293448424,3.616093656377788e-5,9.032070516215264e-10,1.5922657114338216e-10,5.952121322672664e-15,0.0005865886784836125,2.5530196494055808e-28,2.7973359793763655e-13,1.1872813220397873e-53,1.2849838659688841e-18,9.36594689980093e-28,1.554402642637879e-76,1.6090395706189307e-55,7.982847881843996e-28,5.422841869323405e-34,2.4864758061099096e-46,5.641573386220444e-78,4.462669658120809e-75,1.3619585009274691e-30,9.084683890369466e-98,1.2808262337912364e-130,3.632266195727058e-129,9.052447086316389e-101,0.0,0.0,0.0,0.0,0.0
2.8577542720687497e-55,1.733749522103294e-5,0.9410577743867252,0.04466197229273582,0.01416447812760997,2.7597387318723427e-6,6.936597606444274e-11,1.2034054792310093e-9,9.567661676177427e-5,5.812858432724993e-12,6.342910491671094e-11,2.5236031202145865e-32,2.005431054716512e-13,1.0269199063366143e-50,4.4826116798892246e-46,9.240599262142174e-35,5.799510382641022e-18,2.1989598627682075e-22,1.3854970491634224e-39,2.4827875958654625e-53,1.679298911620981e-50,2.16508383003585e-16,3.3443522114969725e-64,8.407904424907867e-57,1.3741555959797243e-70,1.9603177286993547e-81,5.89452387368352e-284,1.549736225508827e-309,1.43e-322,0.0,0.0
0.0005899277724890275,0.9990580116349341,0.00023072434008364502,2.217141067449807e-5,9.70361668309755e-15,4.149706945553512e-41,2.9835684129175245e-69,4.253794274564164e-53,1.0237831498810276e-33,1.272941512940294e-181,6.680029809206606e-134,9.916484180865714e-5,1.3087974850083953e-166,1.4264625787749443e-70,3.461198437686577e-262,5.484017978394695e-187,1.4626412948378792e-127,5.407531938992068e-212,4.389837631393793e-127,3.7163862895385587e-272,6.219124322514422e-273,2.725085610741563e-115,0.0,0.0,0.0,0.0,0.0,0.0,0.0,0.0,0.0
1.12374547498928e-51,0.15235946240970236,0.8430043566501945,0.003141363757814354,0.0014948169865549822,1.110482717910518e-11,1.5970802978501683e-25,8.887785017279686e-28,1.8462905116251443e-10,4.32838414070696e-51,9.146596826588847e-50,1.2802212506737433e-91,2.2228139513384627e-64,5.121694571875033e-38,2.4273963092337684e-104,7.566576856656148e-117,2.0887567378049546e-90,1.3702581750097724e-95,7.402823155868145e-113,4.376721218942585e-112,4.937005358430909e-115,8.835370698160121e-45,5.452392872377158e-146,2.418001744093864e-202,3.0747368740803588e-177,4.096209520288243e-242,0.0,0.0,0.0,0.0,0.0
6.0818094449030094e-68,0.010128435750705985,0.9835006252099726,0.006370060986046261,1.4933747417400442e-7,1.4251302944968943e-13,6.71211620738262e-7,1.7597250862517548e-32,5.750403750368728e-8,9.723488957157156e-34,1.5831134393723308e-38,7.064833345153198e-112,1.171140845374734e-35,5.763950072527961e-30,1.8899089667086836e-122,6.130534272190845e-96,5.5659591564935816e-86,4.5698170384264245e-63,4.771377296938482e-107,3.8177195751533284e-152,7.5407675415083785e-115,8.832979627801264e-78,6.297654163854287e-198,1.4420399303231513e-222,4.8655432421338645e-205,3.5678691506568843e-248,0.0,0.0,0.0,0.0,0.0
2.5786068132763204e-44,4.320368924840215e-6,0.01619972719979147,2.0972996615478587e-12,1.3886671552710285e-8,0.006705099182987556,0.24022993572903087,4.2391770374538373e-7,1.8156635493864644e-12,0.04209550966608055,0.0762972435384651,0.13916977980735282,1.6874170421336894e-9,0.11000911851852395,0.13411870374556523,0.00023365170920263803,0.016274586942923823,2.884212365882577e-5,0.012355337329538318,0.09388761588684266,0.09398069441456833,0.01840938649277318,6.874491465243396e-26,7.22880237994606e-9,6.192621973155259e-10,5.462716078379998e-23,3.965994911886631e-18,5.67236134065758e-48,9.391048022774246e-109,0.0,0.0
0.0003895363296471615,0.955351923811683,0.04398259611085036,0.0002759437379946639,2.8835439994511672e-12,6.597334473787132e-32,1.7330611109238338e-43,1.572349959229331e-23,6.941295334878946e-12,3.888534872702519e-102,2.5207912601811585e-44,1.0455460956110757e-25,9.89946993005362e-110,4.279422265405921e-38,1.1947977512648583e-130,2.887729492990482e-121,1.1103723224685399e-98,2.1495618756214695e-131,2.321495399873751e-90,1.7736602248423535e-144,7.708233209831662e-171,1.002328405341604e-71,2.190321266188099e-190,5.370345763441332e-206,1.1513923635916324e-231,2.305119362878289e-242,0.0,0.0,0.0,0.0,0.0
1.5585662680777662e-34,3.846004818264914e-12,0.01348351814849598,0.5223323777627199,0.10431940648747781,0.1267652163683101,0.06607388046317006,0.15507065757380986,4.16033997617376e-8,1.540330173111696e-14,8.413856006166897e-9,0.006549319100230561,2.1624842245341585e-33,5.390945753051325e-50,0.00010255636503838286,7.084822627580843e-29,3.772644983495239e-23,1.734793938105124e-21,0.0009199864122855104,8.327234306110238e-12,2.075244151070098e-47,6.55785046564382e-17,2.204879009087451e-5,5.289088025542261e-65,8.717225289949907e-32,0.004360982498926468,1.0090503260390416e-144,3.311320375539837e-209,2.2157836749764816e-156,0.0,0.0
0.9960556111509961,0.0025052567923504808,1.259335993528619e-13,1.4956373196945666e-26,4.4870567783213965e-123,8.228883362254948e-23,3.2854097164422894e-210,0.0007084994360396608,3.5809319605899814e-34,0.0007306326204878134,6.838330226570544e-243,3.3074616559838806e-179,9.542686490978715e-213,7.797908687404739e-217,1.8443853921815007e-191,3.3541618234513e-311,8.942162877185849e-178,7.50676288504006e-241,1.4071104731181358e-227,0.0,0.0,3.69355898723399e-268,0.0,0.0,0.0,0.0,0.0,0.0,0.0,0.0,0.0
0.032277475204659296,0.966749037543974,1.1850523664414649e-5,3.60084618168225e-6,1.5109395067627414e-14,2.1099079252139257e-42,2.4138290294920077e-79,5.518548752508787e-38,7.693111944318905e-38,3.0319511239701734e-200,8.969128575348039e-127,0.0009580358815054758,7.979490112403217e-196,2.917221745412813e-103,2.4512090670005187e-242,1.927795428076619e-173,6.30401657911787e-182,2.5730915648474062e-238,2.3522166666594447e-182,1.0633749953195633e-280,2.530754312087744e-300,3.31595419350441e-115,0.0,0.0,0.0,0.0,0.0,0.0,0.0,0.0,0.0
2.2155871116506093e-23,0.0010339796904193681,0.9984152999583141,0.0003660301593538194,0.00018457365418577957,3.2772852655128543e-10,5.089718513976089e-15,4.356617402064576e-16,1.1620999314143876e-7,2.4088676562283325e-36,1.0834417442926853e-22,2.2516556824965194e-32,1.3631100812419373e-38,5.546061544504984e-23,9.706275627549782e-49,3.110128321817119e-41,1.1126188928360563e-33,2.771598644717895e-40,2.6543057738680916e-26,3.9975344450522443e-69,6.111654109541968e-97,9.80907705127064e-42,1.4349005358162007e-101,2.4512606341715058e-110,6.012039118026943e-132,1.1509946135446391e-134,1.3919871131131493e-294,9.8868267e-317,0.0,0.0,0.0
2.5907740021947396e-85,1.7579637838201487e-7,0.00046535857182548467,0.26415373518779167,0.7167931517710872,0.006896109758328484,0.007856715438135525,1.7117868261941785e-5,0.00012432653750512202,1.015312450039207e-7,1.3670620332032295e-27,1.1582804337605616e-14,4.3667383919279536e-45,1.4028481188039754e-59,1.791751284197035e-10,1.3731112391310026e-36,2.7100979308374066e-42,5.246069266785316e-20,4.3356516181489446e-21,2.007721031372874e-53,1.7118821391714163e-39,2.684154343292771e-28,0.003693207174988328,7.769512939578005e-82,4.724037987444341e-68,1.8526604326470782e-10,9.734550026525645e-238,1.3610800726376742e-290,3.4155255248272424e-234,0.0,0.0
5.402366216250665e-172,0.003505519944613224,4.3695450145104825e-6,0.014530955282005285,0.9347615528647927,0.0262583166310395,3.6598389763569854e-6,0.0017303926842542757,0.0068310607256842825,0.011131790595420863,1.311509022084174e-12,1.3051029706036662e-11,8.85534763379461e-20,2.5773345085645824e-42,1.462237318093514e-17,1.8506140729195878e-44,1.3825105556028634e-30,1.736366446948909e-38,0.0012052618323283896,8.430483248509731e-63,3.712004150771371e-5,1.920756863090319e-16,1.479576695819537e-16,3.204982835595824e-41,4.506354272923379e-49,4.310184860019584e-31,1.7742203702064701e-217,8.412513663420936e-203,1.2171085740605391e-188,0.0,0.0
1.2689005611138188e-40,0.00022388323723919332,0.9158422785837853,0.06390705337586963,0.013438027034720858,2.24398221568861e-6,8.930819942809224e-5,0.0011226107671419715,1.0126385071094327e-8,9.40939382986565e-11,0.005374584599120327,1.416933596573445e-18,3.116958717911103e-23,2.8184386766991865e-72,2.5667356540474913e-19,5.175552323322813e-40,4.3038175472974796e-27,1.2697560802292632e-20,5.416189420626287e-42,3.6372722554540015e-21,4.191115126928348e-79,1.1968958828845363e-18,1.719682197377021e-27,8.86778371686219e-88,6.039321688350172e-86,2.123783238902322e-67,2.25005e-318,0.0,0.0,0.0,0.0
0.0006946911561935746,0.9981211012005679,0.0004372057819511006,0.0007470018609583069,3.293605329151646e-13,7.72203794571245e-37,7.034145364151568e-78,1.3067022958153523e-37,8.352650531452326e-43,1.0175607676196791e-174,1.1945030423351323e-91,2.3589451041178163e-17,7.83371626456039e-178,3.2106118711469636e-78,1.70610849827688e-209,6.702723161749187e-215,2.0726829426096013e-141,6.751191643649451e-217,2.8583508983817255e-148,1.8907214981727985e-223,1.1958630588831723e-227,1.3056262274476962e-56,5.714111708254249e-287,0.0,0.0,5.952274192859745e-287,0.0,0.0,0.0,0.0,0.0
4.324443944331967e-69,3.6708419120049896e-19,0.030188034777445284,0.948434092441038,0.01401994862385442,0.0021572985346180683,9.323858601658819e-5,9.52685985885264e-6,0.0030063280277699924,3.7281904609891986e-21,1.942731138904527e-21,1.7930395109615955e-15,2.915824809459913e-48,8.921246218097558e-65,2.2888611253882664e-18,5.240365922324552e-52,7.59718238614586e-55,5.435130280144944e-33,8.72533179171733e-25,1.5690157639525784e-22,1.5400210474491638e-42,1.4535922516843476e-32,0.0020915321493968305,4.354096852314581e-108,3.1362846186365995e-59,1.0732832861640692e-41,1.6683609927326052e-241,1.3773415419678563e-252,2.4187988148177036e-236,0.0,0.0
1.6601482460504783e-58,1.2557823647129304e-25,2.0268694445725257e-8,4.096888528207851e-12,1.3915269725757434e-7,0.02167510272161771,1.3847851428831388e-9,2.8254272466722642e-8,7.884898243718561e-5,0.010854767868969242,0.0001901076406998267,0.03404981913948481,0.02499131959760547,0.06277517993580903,0.088412464857199,0.09663756893684261,0.08545856772411752,0.0917743002689377,0.07556268704671536,0.042363807012082255,0.03789114854494679,0.02323657852743157,0.057495023653651584,0.06884328085320474,0.09691540364343877,0.05807805741458685,0.010635552149397367,0.007248134645758145,0.004832089770520332,0.0,0.0
5.159279363106858e-151,3.5394018592482594e-23,6.792475117962542e-11,0.015025546266728713,0.09842683694567805,0.6058162725021967,0.19409197060192585,0.05691524544323146,0.0062455107069646545,0.0019468558267341117,0.012222539156562849,0.007428820106952747,0.00016445256210460406,7.604837385512556e-8,2.33073606156754e-8,1.1260284390024945e-29,1.0294535283077777e-34,2.966733062266578e-27,3.13867466745907e-23,7.128408505823618e-55,6.336285870117902e-31,0.0017158504572610108,2.7628277870470785e-22,1.5174553114793325e-49,1.984142783168897e-25,2.8169529525174834e-32,1.6138811747413917e-130,2.9514539504695656e-209,1.55298094403124e-60,0.0,0.0
1.8394318804243387e-6,0.9863337001564418,0.013664182464548449,2.1267684204529594e-7,5.5148079659401535e-9,9.510364452023402e-28,8.434833328161965e-42,8.479756627358312e-23,1.0521944958717101e-14,7.649871675359266e-90,2.176901891814955e-46,1.042965093991147e-37,1.339868555609057e-89,5.975546895558236e-8,1.1680566449172922e-131,4.0755945603344914e-144,1.0786097757167842e-86,1.73136461542516e-118,5.218182945634094e-91,3.903130006473702e-147,1.6240944717964905e-192,3.456752511401035e-68,3.46822808152126e-184,5.751618416524599e-278,2.828113203306149e-243,2.4761932195913057e-251,0.0,0.0,0.0,0.0,0.0
0.05021794985543193,0.6112929147514748,0.11267156774548212,0.05536277830177386,0.03311305667699859,0.1250681160969335,0.0026654675784249437,0.009608145803686513,3.176903801085722e-9,1.6175055008708644e-27,5.674168882080545e-19,1.2861615605944269e-11,2.8289380145473644e-14,1.233766521480662e-35,3.565834224881246e-48,2.9403834870884377e-44,4.1926077168929073e-20,5.821134686576714e-22,1.9631153905037172e-17,6.774251428463413e-55,1.5946426561680527e-75,1.0571115847206441e-46,4.63023995804729e-105,2.6682139155653817e-124,4.2582555206459376e-79,8.399327690341993e-165,1.5651005786672337e-159,4.726593023272844e-207,6.294148770857161e-305,0.0,0.0
9.237314263971827e-84,8.508892133818473e-22,0.0068699206342814475,0.9801592001666866,0.010649002659354019,0.0003366559935550967,2.9039249414417024e-5,1.8097534836263804e-6,0.001954371528834779,2.927782376388699e-21,1.6513741060304516e-42,4.909443871757819e-31,8.05038509070162e-74,2.2356466154437195e-118,1.2716733059349975e-27,4.039934805543538e-67,1.6299924980600552e-60,1.1079595375808924e-34,9.433844631547904e-62,3.3518180941650986e-43,4.833552030506325e-42,5.831374787740641e-55,1.4390234949730082e-11,2.1195666980819243e-117,1.2923906094127016e-127,7.367497439548902e-55,5.0e-324,0.0,0.0,0.0,0.0
1.4954920379175244e-103,0.0002644882250180565,0.9996406244353234,9.370674012408986e-5,1.177058138716331e-6,1.0090924128144935e-17,1.2804083756202063e-23,6.994296639694512e-30,3.541395597195243e-9,2.3479071426880104e-45,6.342375439075413e-57,4.493579029811327e-87,2.6313499012931898e-79,2.3702560335776506e-137,9.819918607648093e-110,1.1744157687222947e-141,3.6765722623287e-130,7.319237666284018e-108,8.210903545124542e-196,3.873272529660376e-157,6.257395583126015e-133,9.56002147167035e-72,3.562261100780773e-189,3.380315800458231e-230,2.5797312519276985e-197,1.7720132616358116e-275,0.0,0.0,0.0,0.0,0.0
8.08679042678161e-81,5.97611934306397e-10,5.030620466467017e-5,0.328708393955388,0.3459884164426511,0.11110060634658035,0.09685001135954939,0.00018457896875255723,0.06461434055124178,0.0028242800828917124,0.0056925811088934155,3.7967982399001308e-6,0.027471303173351024,0.0019831958458246465,0.014504835143991101,6.240551619321932e-6,2.3337569833385923e-12,1.9131383245530817e-12,5.7496218296567194e-11,5.4534125995780795e-6,1.1442695155195948e-23,1.1659394406408787e-5,4.7506137283188175e-30,3.110620428157102e-31,1.1180556138640238e-56,3.47873814012886e-22,2.062910494813449e-77,3.875482094630785e-106,1.0944194802008939e-89,0.0,0.0
4.8145249077171174e-21,0.12747136156235744,0.8711230346552444,1.3269139719342919e-6,1.696272656447815e-5,5.1857895703231505e-18,2.2912922877441938e-17,5.299518286951206e-31,7.635773843148227e-10,1.2582396075922083e-47,7.909250843634383e-29,9.585366298895444e-79,6.769727824164223e-43,0.0013873133782842499,3.22552282749498e-110,1.8583074733318146e-92,2.3219879363016163e-56,1.9315952102039723e-56,2.479147530914014e-69,3.6783427473296895e-126,6.147318205678658e-136,2.7588863470954057e-65,1.821894985015926e-169,1.848677249713949e-217,2.5642559157626664e-204,8.727563411121748e-159,0.0,0.0,0.0,0.0,0.0
0.03649819446246354,0.9596758312331818,0.0009463183250328559,1.3417059928828508e-8,3.1753188256894786e-23,5.685749409020863e-27,1.0407708802952131e-58,1.743485049965531e-28,0.0028796425622619496,2.559272164702947e-78,1.4001792546696673e-57,3.0773890931115626e-32,3.1706152996891675e-86,1.3558908946199626e-101,1.1932659106034141e-163,4.2312090962899614e-131,4.17890998421438e-124,6.503494668814811e-121,1.8475916594370253e-117,8.05736628411768e-190,3.3654288875756463e-217,4.367746108106161e-114,1.8042150206566036e-212,3.3827156106191646e-272,3.8387004810281637e-258,2.316438562981454e-254,0.0,0.0,0.0,0.0,0.0
0.0016021032101741107,0.9982400333284133,0.00015758241839416244,2.8102527093052834e-7,4.114243375392032e-13,5.881968650435251e-37,2.5045477856954258e-73,8.418097877813536e-32,4.683904121717938e-31,3.3018951716441106e-160,4.3056104975084017e-88,1.733590334111393e-11,8.664797260832411e-150,9.301811609237109e-63,1.208354474464333e-226,3.9581309069175104e-195,2.9989179415644427e-143,6.61739875251864e-185,2.1175111483031735e-124,4.5066170715149476e-254,2.3954882215686554e-251,4.599338609482521e-78,1.17979157001097e-310,0.0,0.0,0.0,0.0,0.0,0.0,0.0,0.0
4.869888001324884e-39,1.3979844006651263e-5,0.6777551028304817,0.11968098872896349,0.17595934074779174,0.02266029542727424,2.9127143120723033e-12,0.0005276811744073992,0.0014569176245703946,1.255481187316145e-25,0.00011318362162868153,1.0475191926257705e-10,4.338682906191787e-49,1.807074746781462e-94,1.1208636834174167e-26,7.583232827891677e-75,3.281179830988506e-50,7.636359077226681e-41,1.0769996179902869e-68,0.0018325097758911655,7.445873955186956e-74,5.211525282230559e-31,1.1731995805348615e-10,1.974378129451342e-144,1.4827989810000827e-100,3.127999586255146e-67,0.0,0.0,0.0,0.0,0.0
4.65160912425845e-59,0.009551379595138356,0.9765412325265443,0.003796271014203097,0.010110926761641518,3.522547686667141e-8,4.931154566507513e-21,2.1905351253260883e-15,1.548769937274832e-7,3.922497706658065e-33,4.73044491384981e-28,7.403901342889557e-65,5.208263801639915e-38,2.898288467025495e-57,2.2323736063470794e-76,1.1318932160212137e-84,7.774831301203838e-54,9.566048504959503e-53,4.1252836754369993e-97,4.967673137166394e-69,1.8548869352908828e-85,4.374724023819725e-32,5.582692897762322e-97,2.8605461416019957e-170,2.830989640279795e-145,5.899669488044683e-186,0.0,0.0,0.0,0.0,0.0
2.444899240186673e-35,8.10725495807057e-26,1.3259422265521132e-6,2.112299540640813e-5,1.788661775168412e-7,0.10425112505726879,0.06449814219313477,0.16881050780536921,0.11013958393359236,0.08191316307196041,0.1439593827625818,0.1246747190593351,0.02438236475410364,0.05388348319859066,3.698852542414484e-5,0.00012492829138229268,0.0002968549945930202,0.032437764537002096,0.0026790630258879495,0.0382174222791313,0.026644664439569636,0.018179756917612894,0.004847446559350539,9.45384121754354e-9,1.3233968762135662e-9,7.04855985555359e-25,1.6858143502831986e-44,1.3060752145958598e-11,3.682880237841404e-86,0.0,0.0
1.445598482121102e-22,0.007013918593842946,0.9894256859488154,0.0033296423051548205,0.00023072563023599562,2.4692746533918606e-8,1.1656144676911395e-13,2.988141251284513e-14,2.8290578375030255e-9,3.20968955255708e-36,1.6417467647276125e-17,4.400017047944518e-31,3.9827685610194005e-38,1.3523977913868386e-23,2.2612528878138527e-59,5.3612244951578474e-49,1.4726344167768466e-26,4.1955115826633077e-42,9.382125705705233e-18,2.7872449048492884e-63,3.537094885313785e-71,1.2364082041058084e-22,1.827896073035361e-101,3.719172888129551e-88,5.008148024732608e-125,4.771069794977305e-99,6.295369798348601e-255,0.0,0.0,0.0,0.0
3.081837809850899e-36,0.0025414785637726776,0.488033916728852,0.48547457443893544,0.0011713179356363486,1.703911292386407e-5,1.0313077156373164e-12,1.0018046323295808e-11,0.008124064730533734,8.800418535003065e-21,1.4292837287638644e-7,8.094817581226123e-26,2.2892235792254554e-45,1.6558718586794174e-82,3.232917214971858e-40,1.3654233399400093e-57,8.522832897851314e-34,8.457292822092762e-42,9.463712010496965e-58,1.7183830497685536e-38,1.1548453221746421e-65,0.014637465549923793,1.1353076263896307e-34,2.528071912030475e-92,1.6065597520860315e-88,1.816084377935242e-51,0.0,0.0,0.0,0.0,0.0
3.2876474491817186e-96,1.9801039720579246e-42,8.476064450698903e-14,6.524564832255925e-8,0.03254193930859086,0.03849786643589445,0.029214823345640864,0.09003674979407299,0.12315563968840969,0.12279186790410049,0.0662708037059426,0.024430275455393703,0.08923034454482003,0.03863192310931121,0.03625923224150207,0.09899765505804883,0.06461515289469595,0.02462562826142164,0.026155140735180136,0.012650242867252014,0.022755587671862875,0.022045967309543175,0.026584345440058676,1.3098375945634868e-5,0.006755933735059466,4.589411867870275e-25,0.0037397168715195797,5.059004258164874e-51,4.170258697816164e-220,0.0,0.0
1.100278931205685e-5,0.995586568374763,0.004278979636326221,0.00012318315517419415,2.6590025945015233e-7,2.188050407275558e-24,2.406145057611457e-39,4.363005824972002e-27,1.4416525060828605e-10,6.212789404938599e-91,9.17369187658933e-47,1.3771320780825523e-26,3.978803737098102e-64,3.4323415524642285e-37,1.8694120533948937e-144,4.0547068812088016e-115,1.2920438093528618e-80,6.655459328715631e-82,3.9090950137264686e-67,9.096857093890513e-152,1.4165606446946767e-162,3.105520344375039e-56,1.2807399781526063e-177,1.8182516457754016e-223,1.156532051952493e-254,6.481757085825828e-243,0.0,0.0,0.0,0.0,0.0
2.8320241365023307e-32,0.00015612296451873622,0.6324078208158741,0.3563996007266311,4.7070290921614844e-5,2.667447385527933e-7,4.845544119587477e-10,1.769222158745152e-6,0.01098733201820577,7.067342592066326e-17,6.84989037778044e-13,1.6731710680862077e-8,1.9460653737486525e-40,1.8559405252866135e-91,4.365672451857903e-25,6.779266151386726e-59,2.4999545011037595e-45,2.283454465488583e-38,4.5222160145560107e-60,5.176510546148272e-38,3.4317121648030636e-59,1.1888800299638018e-15,2.869585801997177e-42,2.2756791622324086e-107,1.0939751595511635e-87,9.373669574435459e-98,9.76058563713902e-244,9.78660725888677e-279,1.1112216605422603e-308,0.0,0.0
4.2798223141251176e-7,0.3579627899470111,0.6248370865812655,0.0001733941771757291,0.004177920789461859,9.676074684150677e-8,1.0873233438421099e-5,7.239366525099039e-6,0.00975147077400979,1.048699507271754e-31,1.5318063593087867e-7,1.347405690602047e-23,5.005632894397613e-26,5.150559002478333e-22,6.2971245779275926e-68,4.7982837296131444e-33,0.0010544767629288895,1.751163926103474e-24,0.0020240704445696465,7.287793655932883e-73,2.7681021816835434e-95,1.8455712306610477e-29,3.4596853249935577e-126,5.065037013276923e-115,3.4074116272299725e-121,2.772993815842877e-135,7.898066412964471e-225,9.143811571316584e-298,0.0,0.0,0.0
2.9899540680199033e-102,0.014377885751291128,0.9803621331962785,0.003611351798362028,0.0016485764030268078,1.384644686097419e-13,1.8340200339035452e-20,1.3678569226904667e-29,5.2850903137542414e-8,6.4203491041928086e-43,2.016864231440633e-54,1.5620840749209767e-101,3.5827815812380757e-72,2.7373474631194734e-107,2.832181561998164e-108,1.217253667228537e-137,8.61296710637698e-100,1.081084026968294e-107,7.167948522174004e-182,3.161696729756549e-140,3.226214827251452e-114,6.9240087941553605e-65,3.052627387571387e-169,3.94853401235455e-240,1.3354019933338032e-205,1.6505927995143893e-268,0.0,0.0,0.0,0.0,0.0
2.839002818370533e-149,1.6494582015205877e-40,4.184120419446526e-17,2.691298425527102e-22,0.0042113244263995335,0.0004868868072264929,0.33138802303728976,0.28129539467090514,0.19009933607273366,0.064333638582996,0.04596998232250782,0.0002890492923026068,0.004807310970279754,0.005451390661437581,0.025357879765151897,2.176191132867033e-40,8.345937172784286e-39,0.01869766460710013,3.1389841753592834e-56,1.6065387676265449e-46,0.008098003942019651,0.01951411484164981,8.695267126524818e-50,1.4826095962593086e-86,5.01122797129844e-41,1.3271993964474388e-65,4.385806854283536e-108,2.420006660807983e-222,1.3034337929099434e-84,0.0,0.0
0.00021126088959645207,0.9991186129226788,0.0005476698453106201,0.0001224563424137218,3.158279552961433e-17,3.495530339398829e-41,3.1463604650775285e-75,5.115495546021316e-53,1.8907787422405368e-39,5.517357597630044e-184,5.76844286333098e-125,9.949026243499432e-17,7.693485212374326e-168,5.2357147193077e-54,2.329301801539771e-223,1.2715049547136714e-206,3.6888998319423344e-148,4.2233015179436876e-208,1.8674290673334467e-126,4.043783586747324e-247,6.36569064782404e-244,2.768365632490461e-92,3.41676883680046e-307,0.0,0.0,0.0,0.0,0.0,0.0,0.0,0.0
1.4922033897402046e-49,5.6993842279694306e-6,0.09292818455209681,0.49532792832462197,0.049236047465414726,0.3470461899665787,2.389721806058684e-6,3.2629586043918453e-5,0.00012339744180078424,7.791842351483217e-10,6.30538418023327e-7,3.1623931561482477e-10,0.0029292007454234836,8.96227928877574e-14,8.139111527195433e-22,8.70033840489456e-12,0.0073371174000291415,0.005030580776542985,2.1444689557960293e-28,1.7853361034525726e-10,9.39315020834508e-32,2.8142482452131725e-9,1.477871500352897e-48,3.765406239549249e-34,5.144231767459143e-72,2.6953486497013836e-42,3.381167113337742e-191,7.432108533949653e-184,4.803086899148243e-183,0.0,0.0
2.575973358315588e-58,1.895588955297183e-5,0.022541434028378594,0.8935690271308335,0.015147020281167559,0.0014195656162808092,1.5275089475058176e-5,0.05387717731480268,9.271529187677684e-5,0.00047225524073072863,4.360065903760226e-15,5.457420090662836e-15,4.092265961002708e-10,4.472332555591008e-15,2.273878374148107e-23,0.011793943804712673,2.1188551596789336e-6,1.7942759296739095e-12,1.6932761962616944e-52,3.089598275247214e-17,1.7805927792164186e-26,3.120555890432758e-25,6.535708487309791e-63,0.0010505110459938277,1.6070177959034848e-91,1.3743043967335454e-113,1.435759763133828e-260,4.640922537861279e-243,0.0,0.0,0.0
2.2615463308471735e-22,0.05720160655072272,0.9339150469953628,0.008869311677751839,1.2154387718733186e-5,1.233365369540373e-15,1.1281988207149588e-49,2.3318679378985488e-37,3.08633314261367e-24,3.583714794661157e-76,7.584645683967213e-49,7.63079563972991e-67,6.71961291786032e-95,1.930650434993894e-92,7.331132546374602e-131,4.6492938805526193e-144,8.020916306401974e-96,4.4591654982416095e-124,1.777271826146305e-116,7.226050470126773e-144,1.191580998026886e-120,1.8803884429240173e-6,3.950874755519384e-182,1.272855556328795e-216,6.166311567684557e-215,2.025285377566789e-178,0.0,0.0,0.0,0.0,0.0
0.015440973547126056,0.9516803499595724,0.019080158270811127,0.008212738911299233,0.0022025697263138794,1.3413583138659843e-11,0.002196785606449787,9.123664372761664e-8,0.0002514664598189945,1.221448204146995e-46,0.0009348662685511325,1.118600118651491e-16,1.5603492637626255e-22,1.3460291401490176e-31,1.8443886900118557e-106,3.6621001874498567e-56,8.713099915217268e-26,2.7536984789775053e-31,2.678711249473442e-22,2.606847637105151e-111,9.459694908133526e-138,1.4844921411622752e-46,1.0053372881827654e-172,2.0460018304275565e-158,4.820300982295672e-167,4.6166247644949165e-219,1.3325880713877301e-296,0.0,0.0,0.0,0.0
9.855255336803275e-6,0.15891886687787934,0.6667661718775415,0.13851331379648954,0.035784478600231595,4.306827027764585e-6,2.9308030848919863e-10,7.198468405829973e-14,8.886823430420899e-8,3.160420720164806e-20,2.9176041068596682e-6,9.5960902382578e-21,1.4388179235645052e-18,2.5825257163448627e-24,7.069222199038414e-48,1.5776833755740016e-41,1.0819109846031821e-25,6.92788734893289e-25,8.650196737867747e-20,2.5505827963432686e-48,2.446470296295243e-49,3.7984442432395654e-29,1.684425653290125e-99,4.913575190482225e-100,1.7039651033122237e-91,2.7212447837060944e-87,3.680194738121027e-128,7.526346396926742e-172,1.4020826156576236e-207,0.0,0.0
1.0,0.0,0.0,0.0,0.0,0.0,0.0,0.0,0.0,0.0,0.0,0.0,0.0,0.0,0.0,0.0,0.0,0.0,0.0,0.0,0.0,0.0,0.0,0.0,0.0,0.0,0.0,0.0,0.0,0.0,0.0,0.0,0.0,0.0,0.0,0.0,0.0,0.0,0.0,0.0,0.0,0.0,0.0,0.0,0.0,0.0,0.0,0.0,0.0,0.0
3000,700,2300,2000,2500,2100,200,800,1100,600,4000,1800,1700,1300,1500,5000,4500,1000,400,1400,1600,300,100,900,3500,5500,500,2400,1900,2200,1200
200:2,3000:26,1900:19,1100:11,1000:10,700:7,2200:22,5000:30,300:3,1200:12,2000:20,2500:25,3500:27,800:8,500:5,1800:18,900:9,2300:23,1300:13,2400:24,5500:31,600:6,400:4,1400:14,1700:17,4000:28,2100:21,4500:29,1600:16,100:1,1500:15
