15
0.5047500844513986,0.010561762321463464,0.029968325633290903,0.001382357409406063,6.272997510094403e-10,0.3717397668589188,0.07832181424606138,0.0016697709281668423,6.270992163368847e-139,7.450108874348162e-113,2.646197692056334e-8,2.1652437266971177e-22,1.7003139563837464e-22,0.001605829939994742,2.6112202265849445e-7
0.003504675983574768,0.09222123096604201,0.002331934804711408,0.16236223690533128,2.41220831250006e-5,4.3442484139763506e-11,0.0011073746945638463,0.7373317355053884,6.955482826364236e-160,1.3009687460198074e-98,0.00010650208398782328,8.519990824442771e-19,1.0136437810032135e-6,9.442317677861378e-9,0.0010091638437342875
4.4821927084478e-18,2.3067557527852634e-25,0.26570762602407316,1.0445970454181132e-24,2.7473717771405948e-30,1.3227510962876111e-17,9.816075985731016e-8,1.0154688116878454e-26,4.052933711062015e-31,1.2535108475826929e-36,8.572933609157129e-14,0.7342922758150812,1.0353010614121645e-16,1.090397003913194e-25,7.305254180959896e-19
0.022434005366225633,0.7804868661538742,0.002498123806810122,0.031048256774797462,2.5764200154117065e-7,1.7859588499204718e-10,0.00046347066125501424,0.10861637278935868,4.058279919308111e-163,2.3787881906192056e-98,0.05290638860166545,1.611519467330371e-18,3.3555149111204677e-9,0.0001545387079240726,0.0013917159619769644
3.075036357741211e-28,0.0003906710568902411,3.2770631736553196e-22,0.0006642529715382789,0.7934728990116988,0.04892817664792122,2.9157669921555763e-26,0.00014173549829213922,0.0036954050784739853,0.06651679465281861,1.6330812172596384e-7,2.4157307194775093e-23,0.05849176345158529,0.027696174528006587,1.963794652986712e-6
0.021590260230459818,0.009349122572813923,0.03309321908621492,0.6946033851108736,6.202924749365723e-11,8.191342838482957e-6,9.376117162063505e-5,0.008497766905013575,1.4444435906652022e-83,1.021603933620208e-70,1.0193462772009112e-15,1.4039569523074775e-17,7.234872783683446e-17,0.23276429179057812,1.7275566758604475e-9
5.430007650356257e-11,0.008769782869197548,0.03966517556232714,0.00479496866533676,0.009757069440674442,6.531986737772729e-17,0.7688782023724703,0.02579316833246627,1.9654189719336377e-130,3.3079776941340844e-42,0.001694422542212324,2.3279196429670284e-10,0.008569725730123632,0.0022523101417092533,0.12982517405638994
0.05239026129398538,0.7830700161402456,0.0010585896600442222,0.1523604588497039,0.0007848475212931339,6.278952000438777e-11,0.0009583177551617897,0.0011568201996898237,1.0745170436025876e-160,7.622186166307387e-94,6.633759098778193e-5,1.6168051630467676e-19,4.2990141846809635e-5,1.912820125755227e-8,0.008111341656050871
1.2364219244123876e-91,5.454915137805006e-236,4.374864775439565e-53,1.935767872514032e-237,0.09684962220350365,1.1821136792254143e-27,3.6102065851858625e-138,4.802030236019277e-230,0.757483766627996,0.14566661116850033,6.769583593833525e-77,1.1639818278766008e-39,2.648845903332023e-25,5.025789236252445e-134,2.350305575595684e-117
3.518271110277322e-43,6.499636174732556e-148,3.559010510931456e-77,1.6732126807982907e-149,0.07615587756502247,0.0010322920527610939,3.380035869859942e-53,3.58873618085597e-148,0.038932984324005264,0.860442930430528,1.3998080693535147e-19,2.0787212518808796e-25,0.019501369110846257,0.003934546516821879,1.518734256886841e-14
1.766101232395694e-8,2.0407859165463107e-14,0.1756505734640458,2.8571002783940904e-13,0.1268793077063434,1.7725355587806482e-15,9.514704471742894e-5,3.623002075009532e-13,5.0591035792914656e-26,0.0004105537416788795,0.28635454088697665,1.5864735418009967e-6,0.025345173976535476,2.0889066501862163e-5,0.3852422099779761
7.85874777570124e-27,0.0065002888054699875,1.3314691783570082e-6,0.02032527590835917,0.0048060629429926005,2.104837538852991e-17,0.16052743214855683,0.005128467685401385,0.04856707979275992,0.016018599536390125,0.7329864909502881,0.004821498459530553,9.723542247804857e-5,1.6891264429409651e-18,0.0002202368785948867
9.131146295409087e-39,0.008821659010701158,2.6728762133491186e-31,4.457486711358032e-5,0.023605128110393565,2.179433013976204e-5,1.9670468470480766e-15,0.002195811268847921,0.0008386471911760978,0.00809460470954207,6.142748963052547e-11,1.8186964947822065e-34,0.917983370214228,0.038231225828856706,0.00016318440757156607
1.4111660781021253e-8,0.14902895478150857,6.067975079075396e-27,0.4228997685474249,3.029924799671076e-29,1.3134419263040499e-20,0.00667712285990417,0.0007838680274996423,3.028841192962686e-103,2.6626866023744256e-31,5.970376669551642e-9,1.7914389908613075e-14,1.0714329256451403e-9,4.233450192506026e-12,0.42061026462594114
0.00013445213835715033,6.239096759353317e-6,1.2426688298565366e-5,4.292545534751188e-7,0.005415476238066389,6.03628404897249e-11,0.08608880321169193,8.532573559715407e-8,4.453934525383118e-73,0.0027830944369544273,0.16886072772142757,5.595029611526053e-9,0.030739265297498004,0.01874467918330726,0.6872143157519578
15,29
1.0164233467834672e-13,0.5796092991961164,0.007731410686857688,0.04637622755333583,0.0464817487177866,0.1143338688953807,0.09240081204307886,0.06651092482973774,0.02277166444360796,3.535201627628659e-17,0.00645383783423912,2.3326723201002173e-234,0.014499689644967456,1.5738942104116142e-5,1.0055767931416154e-79,5.764209813692991e-81,8.04684522022116e-188,3.1816590836888806e-44,1.1816838561829362e-32,1.585495157536158e-227,5.656894314702379e-54,3.5685485411735636e-174,0.0028147772126858803,4.704301109558911e-262,3.93820146657221e-279,0.0,0.0,0.0,0.0
0.016347888170929113,0.9786374936411597,0.005013593796748293,2.3171494617626288e-18,1.6165533503719653e-34,1.0243911085577265e-6,1.6931822183183523e-68,5.117049112658561e-62,3.472079641998148e-21,4.5889416610125776e-123,9.621478543009708e-149,0.0,4.703455382130594e-63,5.4289837748976457e-14,1.0339897648071225e-186,9.440446183719807e-277,2.4103480909421716e-272,6.04753903791065e-135,7.188080425091293e-170,0.0,4.45e-322,0.0,6.285974689617434e-236,0.0,0.0,0.0,0.0,0.0,0.0
3.08037303934899e-200,0.013920125574519623,8.68246653372605e-6,0.05482042814317107,6.081395456379386e-16,0.08325354698417252,0.06384643433087757,2.6319449873402787e-8,0.05856161246407791,0.08926656196786403,0.050004781702699244,0.0473893859786906,0.0319240328539367,0.09986303755248438,0.043532265350183244,0.06797233548757972,0.02192162754635517,0.00815739807653875,0.0607295719495277,0.008806044167622347,0.06923535914882671,0.0450306590726842,0.04769199633502786,0.03406408652717643,1.7381486865058804e-105,0.0,5.499381296176067e-252,0.0,0.0
0.00013625474257395313,0.9991509826337169,0.0007127416359705722,8.998392710001594e-15,1.8248803193917306e-37,2.0987729425012637e-8,3.800413528900754e-56,6.216754678702813e-46,1.2747177261357191e-29,1.8395516946879157e-49,1.2573299919879195e-52,4.355940787759292e-228,2.4206932358250044e-46,1.4672822690112332e-17,5.7710013264840106e-145,6.668165023235978e-189,3.3697806588323826e-208,5.538491255820145e-87,7.332197546827912e-89,1.0007041382475064e-299,3.0406545892376706e-169,5.393192849670757e-218,1.6949524162073098e-168,2.08662422888898e-309,5.545459587837742e-296,0.0,0.0,0.0,0.0
3.9807758696135303e-302,1.5652909274188203e-131,2.0412624526950293e-84,1.0371713140072596e-45,0.31381732009339386,0.3484945431850328,0.2978606182841243,0.033600743764625636,2.798081291990949e-7,1.9326943663722003e-29,9.326695487905539e-18,0.0030055725667154946,0.0026781741904181784,9.070413837087399e-8,5.100935855213242e-100,5.987066234178376e-135,0.0005426573821494072,6.579929879698859e-25,6.78671114734624e-199,3.473560618952375e-82,2.939684213390207e-193,1.7310183883270725e-180,2.127255170142723e-11,1.820558262624281e-107,1.3280811420293285e-43,5.195215030677323e-97,2.4605603363731636e-204,0.0,0.0
5.233278041614734e-93,0.006242490960846022,0.1793254449916442,0.4365689304349044,0.33766653974386324,0.006985528538236865,0.011194856989418751,1.6137720077341578e-47,0.013070238186624386,3.4770791199929985e-36,1.1321686124605859e-35,3.07435533441716e-139,7.269173092108559e-42,3.754950235746083e-38,1.7025287050664235e-109,1.654307912751561e-70,8.056939551874696e-147,2.184624010752832e-60,0.008945970154462062,8.345121164904101e-146,2.8898486284283958e-31,8.40014336969587e-151,8.489952584310977e-101,1.3229099257749642e-243,4.334456447795589e-255,0.0,0.0,0.0,0.0
2.992854379850805e-145,0.5943616847983076,0.36859626303759496,0.002862627654009243,0.010279104633974105,0.0006891576382776874,5.250522766720241e-8,8.337152870281166e-14,0.003274991276451016,0.005553152467005693,0.0024365181500346166,8.105615178418107e-78,1.172306576069245e-79,0.011946447839033775,1.1498513387909312e-96,2.9266402594915844e-20,1.0658818060752975e-57,5.918448001009702e-115,2.1316153693532706e-54,3.368769991667072e-104,2.211962658742624e-64,4.054955441470623e-130,1.276304394906124e-63,9.944697870566704e-151,1.370909152315325e-182,0.0,0.0,0.0,0.0
0.01737148425854595,0.9790920657985859,0.0032635349766509864,4.03596268455344e-15,1.9145447219450213e-34,0.0002703867735474114,9.205237760856854e-69,7.656849655356101e-52,3.13498382161954e-29,3.303928307074319e-104,1.3153057180088135e-123,0.0,4.209327735802193e-33,2.5281926659479855e-6,6.88318173943844e-174,4.359474836766285e-230,3.1848240147545225e-260,4.98044647067158e-125,2.065909036764737e-157,0.0,5.181060137493316e-282,0.0,6.4627472324987e-150,0.0,0.0,0.0,0.0,0.0,0.0
0.0,0.0,2.4080375610306952e-213,2.1534477281222464e-150,1.6555943106406212e-51,1.1332874800599602e-48,1.311487671495798e-36,1.089104681755994e-50,2.875816675189298e-11,9.140269397027506e-10,0.34442434090124724,0.31752139858628836,0.12493833082628397,0.055879437263899746,0.044953515126877217,0.01817107510031723,6.478051052725117e-33,0.02144491690096616,0.0,0.04560376965711133,3.261655785771307e-184,1.199806833681156e-69,5.655485902065324e-102,6.561396690089442e-240,0.009048443269208872,0.009007385712507393,0.009007385712507391,0.0,0.0
0.0,1.2775883535136012e-276,1.1594315106404243e-168,3.3289611558285486e-114,7.083392072682257e-49,2.289963265814438e-57,0.04436951635621582,0.45030147550356925,0.3239545816695017,0.16788231287028973,0.005672854676805786,1.1535537111731184e-8,9.70802561937152e-47,0.0016242469520387822,7.319447069710625e-57,2.349520918867282e-55,0.003390642998212891,0.000906877339230836,0.0,0.0018974800985981112,1.2735723175920731e-231,2.5593987852673726e-112,1.0598959228836006e-123,2.8911294039318008e-198,8.654544759504931e-46,2.3087369137582805e-26,5.5458300381744874e-130,0.0,0.0
5.08727221195636e-176,1.9934009535263699e-10,0.4516618550861057,0.37136758443412465,0.0929578841148056,0.019226241803230026,7.298209319030176e-16,0.03499567349013964,0.007978639244267205,3.479847670882776e-18,7.931863519332059e-23,4.3800882964040894e-11,4.9852842848377886e-9,0.009789966052206223,1.4561706602564323e-31,3.166084274820549e-10,0.012022150230086471,7.06367169025254e-25,1.3890408850835258e-73,1.7057147731835137e-56,3.3140029036164812e-34,2.9092103522655147e-24,4.41128280196672e-30,1.542499600947504e-93,1.1152628290542449e-61,0.0,0.0,0.0,0.0
1.3087617414196143e-304,2.8398319603645148e-27,1.9526916297529194e-21,0.060879461670220035,0.17246992629815536,0.09828413996962793,0.06390100045825153,0.0418648940693003,0.06781543174101619,0.1418820759656598,0.052598170865865226,0.023328933105017817,0.042348861994248865,1.1279244933618477e-7,0.023403468162853606,0.01055097166639041,1.2417651856969024e-21,0.0524615374224762,8.440656721479272e-58,0.008693136284890515,0.02962659408383579,0.010989106905143998,0.09362694323389399,0.005275233310703057,2.2273299428072883e-89,0.0,5.334691946352487e-171,0.0,0.0
1.651867949362769e-240,1.2615928785713791e-98,0.0024227287718248105,0.6806540005501647,0.3144540393599281,2.1346134324396355e-5,1.4239506895635145e-31,6.540735657171379e-26,1.7766621670607338e-37,0.0014442969719988524,1.0680985863168364e-125,8.359785639710184e-60,5.5002655045804344e-98,8.944653435559661e-177,2.905025045878716e-215,2.1869229190511723e-214,9.271713331199841e-33,2.693539325896633e-165,1.0729831358227639e-238,3.8793241010090146e-98,3.565107259871432e-232,2.0328557737149523e-201,7.453748371970213e-127,1.1632887431392536e-182,0.0010035882117592932,6.726897651062554e-272,0.0,0.0,0.0
3.922756419049277e-120,2.691024655092272e-9,0.7075354110474181,0.29246458077849247,5.483064922799662e-9,2.2557054781244007e-26,5.9556732235591565e-24,1.106838858312525e-38,7.367216071067804e-54,4.4404083310270486e-46,1.6315359768915676e-24,2.780936608251052e-75,4.741179242258029e-140,5.499422395650544e-87,4.973255442932693e-179,4.021988745975489e-82,1.5571700484907672e-102,2.3317188136432996e-221,1.6735883563519342e-58,1.3911592502428026e-167,1.8115777438645939e-75,2.107975297504676e-167,1.3633972394516939e-98,2.726302284961779e-150,1.820270973420065e-206,2.317e-320,0.0,0.0,0.0
1.0438163792200838e-252,0.005867561875449114,0.8930659322163681,0.06440114296729889,6.768375523135376e-5,0.009302112199328381,0.006254164515492635,0.00594277201772891,0.009879269136390926,4.918917859236106e-16,0.0009319231410057431,0.0030278562977923106,3.392874212636184e-106,5.248936634518717e-46,1.257585492132182e-156,0.0012595818777552978,1.5796410346652854e-13,1.3906603309421995e-115,2.5855617136574595e-64,2.337065202370277e-56,8.1911775363925545e-50,1.3348313435494628e-82,3.442974229497813e-49,4.331470060770026e-109,2.0397296611162065e-188,0.0,0.0,0.0,0.0
1.0,0.0,0.0,0.0,0.0,0.0,0.0,0.0,0.0,0.0,0.0,0.0,0.0,0.0,0.0
3000,700,2300,2000,2500,2100,200,800,1100,600,4000,1800,1700,1300,1500,1000,400,1400,1600,300,100,900,3500,500,2400,1900,2200,1200,0
200:3,3000:27,1900:20,700:8,1000:11,1100:12,2200:23,0:1,300:4,1200:13,2000:21,2500:26,3500:28,800:9,500:6,1800:19,900:10,2300:24,1300:14,2400:25,600:7,400:5,1400:15,1700:18,4000:29,2100:22,1600:17,100:2,1500:16
