40
0.6793392107207873,0.11690740374480468,4.075174524820806e-95,0.005859319936077081,3.5128314251356894e-107,4.3403454939763416e-20,9.072607742507824e-11,3.541893855571175e-44,4.984401706677712e-76,2.9719885871693845e-7,5.347738858454723e-22,0.024106781543841268,0.017742084768500126,0.09071801685603852,6.037566873708673e-35,4.858920624651106e-193,0.002059571263631872,0.0026335031709805415,2.093687642738692e-16,5.7101196658051355e-74,1.370418298086057e-84,6.82909238616425e-35,0.015127370284760196,1.1040627883246095e-22,5.580856761199109e-41,8.201153267600582e-34,0.002782460685118165,3.575095708083837e-76,5.708113094883607e-63,2.9268642550299896e-45,1.5318757829338697e-7,0.011999673847512762,1.6208789877304493e-59,2.103071024478756e-33,2.624322266347972e-99,0.01983666770125026,5.783856397844222e-29,2.701122204707248e-80,7.51067719981006e-61,0.010887484999533955
0.07182367715912562,0.8415806562545886,7.006617103225512e-263,0.004485182801153676,5.254818569990721e-202,1.1671709232594433e-172,0.0017755153652459382,5.355894677201864e-47,4.5219911057235354e-201,1.2517063327242916e-156,0.0008693760368933513,0.004454458540547481,0.026083914255238972,0.00010942952691967517,4.195910975317718e-216,5.09558485986794e-225,1.289240768630088e-50,2.1859526641661745e-115,0.023099549073491505,5.008187737964618e-117,0.0,0.0,4.204850864953036e-29,7.2570539328429125e-34,8.16394710410799e-36,1.3445872626817459e-129,0.0,8.41938380482601e-229,1.6768936420714856e-177,1.298824877186077e-17,0.0009761138808574858,4.454520559936119e-181,1.547796745753519e-88,1.1812488735888982e-80,4.17924439535e-313,0.008328955606099144,6.402031469490608e-5,1.3088497134774868e-38,0.012543169991625708,0.003805981193517934
1.084788225488605e-84,1.2058721097370774e-136,0.14562883454148914,0.022206055057960326,0.0006208972594610318,4.75525235637784e-16,3.3415439554868673e-74,2.942294549085567e-24,2.179048544500404e-9,3.5790457517497133e-12,1.0143344245565208e-15,3.319003574686877e-8,8.365644693654966e-33,2.7499304790088243e-49,0.21780809223999953,4.516984321473512e-12,0.02806198759948672,0.0006262491050293677,1.1425851634365338e-142,2.086706388533271e-12,0.0010560282100914424,1.7571257517523563e-13,1.0790419506709067e-79,1.4208655527129016e-23,1.1321996907855364e-65,0.00019314344807413585,2.0716568772149144e-16,5.870820105892698e-8,0.11740561921345774,1.0458589804128223e-14,1.4344558424931003e-39,0.30260985508063554,1.1355531967376383e-43,4.560702081071348e-17,9.985486066696638e-7,1.6901631564446893e-103,7.157083806041992e-19,0.16374648822771026,7.328722144799016e-16,3.565738034137955e-5
1.0411963723885756e-28,0.016610297248686238,0.00015447107428474734,0.7519577739690939,4.133530341156058e-36,6.27541351538718e-11,0.02722414777542481,1.7218939229797075e-28,4.965816535286811e-19,0.008588891494274458,4.4551274392088427e-14,1.0873537945205615e-12,0.07965060233239087,4.7749102270776686e-8,9.205535082656928e-6,2.7611379029369476e-123,0.056434506299938916,9.822792670429734e-26,0.0003531682934366787,7.154827968627759e-26,0.01139326157437217,4.159588818787607e-9,3.146984332630639e-40,7.92162312805708e-11,2.555827476522297e-7,9.792243050325638e-7,1.523730043255072e-10,2.7994822432283924e-10,6.1524090124933e-14,2.9278354876970184e-27,7.073213003206504e-10,6.270959989871796e-11,3.490420274360386e-42,1.250116418550363e-19,1.7568419187640253e-13,3.2795359038950086e-31,0.01064747166285471,4.0669364371646765e-37,7.900842611612187e-91,0.03697491467872465
1.8879641058783584e-69,9.374315556220392e-121,2.839056190332837e-7,3.9739199696240535e-49,0.3413398296866723,0.006586714326668087,1.9586272741256187e-90,1.065859357475647e-57,6.935914508655359e-10,8.565477261464851e-7,5.805957629469658e-21,7.158514457445014e-31,2.4875914650827663e-84,8.568309942249275e-66,4.90560702726675e-5,2.586690177564201e-32,0.014607736998693034,0.0004202830770451145,1.000710792226026e-116,0.029586300403121647,0.038329429567365715,9.756842915466665e-22,4.838948188536307e-20,0.00806725321993674,3.900099436820599e-45,2.9303160571771845e-8,8.117151653473282e-18,0.04323532636449695,2.5916543319678483e-8,6.860230809918772e-23,3.3708354595638423e-40,1.6388820588068886e-5,3.3786657527004816e-14,2.914488879374872e-27,0.5093689984904239,3.696839604127381e-49,0.008376321540967017,1.2023189811687555e-11,1.5165055051039927e-5,2.1599941869237498e-44
2.1089815956745996e-65,1.0753384301779597e-178,0.1674323670035216,1.4593855435509203e-7,4.679210657307809e-22,0.22355547808641296,0.013855668789535648,2.3109544210014382e-5,3.988836965677857e-14,6.211528885930084e-17,4.555730567689888e-55,0.06438835194647095,1.743869780045254e-21,1.239089664436583e-58,0.0027033889716947075,0.013337248636450671,4.64961167354597e-16,5.250325388018874e-29,4.118953311785105e-59,7.160874952688147e-19,0.011181472283694895,3.129061023036436e-20,0.06738474245763705,0.04409013889065106,0.05306075905116995,0.17799708101928985,3.45310789674115e-27,3.3522932366668407e-7,1.1682908180545418e-14,3.592271169775134e-36,2.870980090951395e-21,3.715022882335913e-8,7.118868365709067e-34,0.009982148700335189,0.0032391526691511667,1.541666473074948e-47,3.277654131218104e-36,2.663719587034004e-25,1.6760051992697305e-58,0.14776837363161516
0.16180644925642487,1.9752411205119e-26,4.775458150284873e-36,9.566043533912644e-12,4.356076168676657e-25,1.0484457705153064e-12,3.013281252181453e-11,4.713488929448505e-24,4.4534785781967804e-29,3.54810785028838e-7,4.4498078482431466e-64,1.0261967482976575e-15,2.667069529351089e-7,0.6068534365065074,9.09020124786798e-21,1.366926179968226e-210,1.8714428853327355e-14,6.683768939054808e-69,1.459874876109386e-6,2.4140637051412723e-56,1.508339513794912e-25,1.0572482466353354e-31,9.438946938796848e-13,4.487859903374729e-28,9.383249983072214e-22,4.221309984184509e-31,3.2933813835880247e-23,3.866325233172334e-16,6.890164675979495e-35,2.010775665549376e-18,0.019670853005756567,3.3749874060029253e-13,1.2711922762824826e-69,4.2490618873899413e-19,9.93213961206527e-15,0.09562380577567457,6.240222320638815e-42,5.791469777314339e-83,1.2861145629785529e-60,0.11604337402096379
6.76632695489701e-27,1.669882541753681e-63,2.686330906646869e-34,7.020495305265595e-8,0.0768035329290626,3.441937369682318e-12,2.9686501257444486e-22,4.573679483048954e-27,3.549156170293737e-49,5.512432070645817e-15,1.3603757158174259e-33,3.4764903526106028e-15,3.666879860002599e-23,0.06093875745658737,3.944559828056171e-26,2.615305084782817e-138,0.579332208308397,1.183779163083616e-70,1.531698286167291e-23,5.2749379994193645e-52,5.236139851284602e-49,3.865700260821994e-61,7.857945055416274e-21,2.555586597632939e-29,2.254057467778068e-14,9.977906268966669e-37,8.162176320175776e-56,5.1289277208553884e-42,2.594192954281259e-40,7.276509697936516e-37,1.8422169262583992e-6,6.976772361502058e-9,8.180052730985548e-83,2.6605902624493693e-26,8.769838194176135e-47,1.4209345157384825e-48,6.773352239001185e-39,6.381435846725954e-42,0.08865439039413539,0.19426919150969263
2.8584221570524793e-57,4.882468749560527e-126,0.005985626912578169,5.9737824864707626e-18,2.758183802403618e-6,1.0675961834441974e-13,1.5173897218022485e-56,2.7316852826011484e-42,0.19126854631627324,9.05905132409346e-6,1.1753428888090546e-73,3.6836271778717916e-5,0.03714625212703721,6.943898881812702e-35,0.00019648529620290645,1.6765142599539357e-5,9.709597057735339e-6,0.06644869996765054,3.6867417243614084e-109,4.474600914668909e-5,0.023150967958614946,1.7423367560255472e-23,5.601740866629622e-44,0.00012253809490106208,2.5571362600524305e-45,1.037316166058026e-9,5.5998570473022014e-24,0.022848226416748503,6.51166588963879e-5,6.570372059465623e-11,5.209753099673075e-57,2.9283193590609232e-5,1.706234703947105e-15,0.5885635392145397,0.0002209075994823789,1.1756216648638397e-105,0.003053679287659853,0.06078025559698683,1.2639183082893921e-42,2.3160702936210738e-20
1.1047265099627767e-57,2.930045013753818e-144,3.5621457475450263e-10,0.03529881286998454,0.048686488463535516,0.27877111288263345,5.9415577718888805e-25,1.300704602897358e-44,0.039844745374145715,5.507598100112514e-5,1.5359409589283156e-59,4.561427810941035e-28,0.010788668432730351,0.01606018330187596,0.00757384684642627,0.030933101295103425,0.009587660815518286,0.041494328603866176,1.7290305492005063e-29,2.058410881543651e-20,3.4098860940972517e-5,0.18162443553455904,3.5249380352898873e-44,4.812934476157986e-28,0.07881544491619952,3.488379265978294e-14,7.92673718498637e-5,0.21478002238636784,6.581612814017762e-13,1.1130654629353592e-35,1.3633187700347421e-31,0.004820791667023243,0.00020567197639538543,2.944542052953003e-8,0.0005462126175152915,4.138397737002934e-19,5.109885662081564e-48,4.3555389799209163e-38,5.085864920244533e-50,1.2557200660572096e-22
0.24008279656734,0.42617848741671244,4.3022274367217536e-58,8.541096823645044e-80,2.6799636298728917e-139,0.0235091664991433,7.658622645180216e-16,1.317605078806779e-109,4.613067867803251e-75,4.562392775911879e-37,0.0004048015023475409,4.1582656407578976e-57,0.028248877219902383,7.986941698364262e-9,2.9699852957405505e-84,4.248282100854783e-284,6.75778505578984e-39,1.8960212634768127e-173,0.11013380562365375,8.0580816093920955e-115,1.3122204619660815e-104,9.613887547578116e-231,1.3262876141671576e-90,8.85270803386774e-37,1.1839684412245237e-24,5.828819262576032e-127,1.8768494298373263e-206,2.2487559551284685e-74,1.5500688409732352e-80,0.05839488132768202,8.056231158429528e-16,2.6531145794294405e-59,1.0195214083364953e-73,2.615485469594677e-46,4.0479965852420714e-110,6.339171919989337e-14,1.5669916673171398e-8,3.5232866206079834e-30,0.11304716018629514,7.243231955173802e-92
4.286533549130698e-23,7.214034934315646e-35,1.5371207226395046e-24,0.09238453003593929,2.7005839517423848e-46,6.651177811716574e-9,0.0001185061103870089,0.04151680026307413,1.2200377702719033e-42,9.95877781450319e-8,1.942107022327988e-40,0.18359125615803873,1.8117836914998862e-15,5.859716881014341e-13,1.6587024988204963e-30,1.0774272590913719e-163,0.19907905164680526,8.616406197403284e-58,3.744929665375967e-26,1.0129240528428569e-42,6.924095575052201e-31,7.211344151282256e-20,0.07535560367785525,1.419620793231303e-27,0.04349613802449,2.6658971293523425e-34,0.05379245651195582,1.7404661064671576e-33,3.849681650214027e-14,7.4739364924595e-12,1.874444158461908e-31,3.2158386225674583e-15,1.637192555034116e-58,0.025085224139377072,1.1819914022751454e-34,2.817326742807823e-33,8.268747104971962e-54,1.7805182743030412e-26,8.60526823864249e-84,0.2855803271850181
0.0002861360575181968,4.24693349018853e-22,1.1049040551655732e-19,0.0709797892756458,7.906835085087739e-32,8.524449043870772e-12,0.07805148385322827,2.1312503186912494e-32,1.7031683678743288e-22,0.01845685626586083,7.27143386092431e-61,9.882662197206556e-23,0.8067627128828534,0.0010937869102826477,4.329987749098179e-5,4.083761310602796e-208,1.4247480118387222e-11,2.1716586299973607e-41,1.2368006664022149e-47,1.1938047796040492e-52,4.3682627087883955e-11,0.0030705636849214725,1.2099355155200875e-12,2.288415998568467e-13,1.9670947524980273e-58,1.323644722657891e-29,0.0016399063165556712,0.0048198263576472635,6.873535626027542e-23,5.197665667047094e-47,4.764858186116214e-21,0.0007343025460804936,2.5586390407608802e-90,3.423665731326148e-24,1.785843272127898e-7,4.4373824345857955e-11,1.0315214739312442e-55,1.5318774176554602e-83,1.0012936867274945e-86,0.014061157275320636
0.12563057164599914,0.032757995635818916,9.639056056558743e-77,5.160761113424335e-7,2.455000228647123e-78,0.0032306954510298537,0.0016356045100663476,0.0048581646921765295,1.375767609872546e-66,2.2523384471511266e-13,1.8884680862752086e-8,1.9925674605430783e-14,0.059134045295057176,0.7559071105693248,2.34813990092899e-33,6.243845556658368e-236,3.7541322050936896e-53,1.1125304949037907e-69,1.284250541770849e-10,1.1673648269044168e-111,2.016786683560954e-63,2.5266335849322076e-65,0.002631974825075833,6.110178619930177e-22,1.7532328027963023e-21,2.5390293808454156e-76,2.2937407566299135e-36,1.1057605630256805e-50,1.7771120862469804e-53,2.3072238520255635e-66,2.6541826469068202e-30,0.0028591034098568026,1.0008145568086424e-70,6.458855085949364e-65,7.652060914986222e-55,3.161763223393097e-6,2.2598780647900887e-71,1.6166071818551075e-73,9.752721563680893e-73,0.011351037112908862
7.851223406431663e-65,3.040072878930924e-131,0.010096725673934081,4.630757693515111e-8,4.149617039533508e-11,1.3309975752676753e-10,2.9520193781875725e-27,4.1162276743640286e-30,0.0004746310098962545,1.2402634147581453e-7,4.0325023962850724e-63,7.903915136829073e-11,4.431933294909898e-25,1.4925091191285676e-26,0.7103601111743966,0.001035313314423478,0.0769211807857202,1.6126187539708962e-9,1.8962652961692784e-82,0.007162739109758386,0.07864764243725879,2.2517395075906092e-29,1.3208154722391304e-56,1.4630578319987458e-10,1.4793313403118843e-36,6.893640321676034e-10,2.8552847410108273e-37,0.00013693154669392257,6.857894463348129e-5,1.2572351251624795e-30,6.526069354532976e-47,0.10392066640303976,1.377536827954588e-22,0.00032602513401327473,3.795045214010346e-9,1.0276318927066107e-70,0.010849277624156156,1.1188487839806986e-11,2.2241498050469138e-33,4.59369088073884e-34
2.531586663350095e-213,1.9665906673356994e-282,4.183123832255545e-142,3.620885958984533e-36,8.201151119884081e-96,4.7424195199568015e-138,3.434168738974171e-49,3.095862117778606e-62,2.773324892076403e-174,3.376809673597727e-85,6.851772477485408e-116,5.301535528276502e-40,2.1347063976222388e-14,2.670916348453564e-66,5.102134436852267e-200,0.9393488153658289,3.1933375193453427e-108,0.034723029099928256,1.2358365269664824e-179,0.0022801860651218584,1.095662493867441e-156,0.007608794086535708,3.504731358648246e-191,4.6077341868273855e-68,3.3829113276275594e-75,2.438537351425771e-57,0.00010326924104517762,1.283930807538527e-176,6.516571346423756e-92,0.010521138743885907,4.117601196084352e-130,2.4656862429416675e-162,1.1376185349887944e-9,2.49571908725916e-98,1.4945117255344517e-141,1.0095928990473073e-182,1.8264521022329866e-167,2.23781337451099e-204,3.2584531229606503e-249,0.0054147662600141965
0.0042222164497280135,8.882011213202043e-74,0.001637776181236987,0.03892450557367885,1.424901596749079e-17,2.2871579422571396e-8,0.004082598539893058,0.004941142882032064,2.5831976027750213e-5,0.00758966156444341,0.0029559301110323837,2.3260320875263203e-5,0.0002580842801822897,0.0014859492309944997,0.024413771712446238,0.0005236861680521708,0.8798783312478344,3.0284423045303376e-14,4.204632017149382e-18,0.0030387070151927952,5.0454401066559095e-5,0.0020341805024012313,7.959224711518131e-37,1.0237768739512684e-15,0.0050445505817483215,3.707449226485191e-12,2.2077549175462902e-12,1.5214076288512523e-7,4.151149790969892e-15,1.9068106267024583e-20,0.015966106803754213,5.564766505994436e-5,3.751954447406689e-23,8.67152732418212e-18,2.7913821162695944e-9,5.503264954911545e-31,0.002847428982643789,4.7363372652194636e-24,1.8651967291492994e-36,5.105375172874783e-16
1.4463495079990818e-153,1.728795829087019e-138,0.018136333173728276,2.1847500289689983e-45,8.789803141143403e-40,4.101864248055864e-36,2.633709031791074e-54,3.7714238970001447e-51,1.8142351551379405e-47,5.180446588642131e-26,1.7325992482555902e-107,6.698767329705454e-17,3.856509643924313e-86,5.9417805957575504e-95,5.3832625737266045e-20,0.05546004456148081,2.2157731578207443e-10,0.8365627962070729,2.239103462730624e-121,5.003832586233959e-44,1.0925706655193831e-13,0.0077413667156508515,9.587381346387426e-121,1.9073948142925906e-9,0.005759680466672201,0.0008604985423463506,1.0346001131583317e-11,1.1816070917977632e-49,3.926228743705976e-19,0.038929900555327815,5.089798402326245e-17,7.507773750539883e-25,7.228009644126249e-24,3.199471675576379e-83,7.899493374606019e-59,1.0034794116633403e-59,1.2922079163424267e-76,0.012299040250685829,1.8617636270323596e-112,0.024250337387607783
0.036951314042582235,5.133560338301784e-23,3.763482872762999e-82,8.879035404955752e-31,2.312172086397357e-162,3.500391973148092e-61,7.019531250929679e-62,8.865319272722698e-70,1.1313989957765782e-96,9.918573194810882e-90,0.0026889777725482415,0.05215845912043894,4.453337616251178e-42,4.803701329061847e-26,4.8892026479402446e-102,2.1961796091887963e-214,1.9529468941422783e-67,1.5667023690596505e-160,0.1689097544988874,9.435466604893473e-142,1.6858447182484644e-130,2.113489228405915e-154,0.023739985378879575,7.660963051204829e-26,1.2013703282613368e-22,2.4634931906955105e-129,8.47005265946867e-128,9.217354919524069e-104,1.4924609683618405e-122,9.578254138176787e-50,9.413834210106415e-12,3.5905135820147436e-85,4.164096286986783e-64,2.390747949081756e-71,1.063459772287647e-139,0.6515833517839951,0.06396815739295074,4.686756052233105e-39,3.0399255924338025e-13,5.149265265360409e-53
5.569331458528297e-52,1.1619103590459209e-131,2.7902600993472725e-8,1.4790265111392058e-23,1.2926330168391549e-11,4.636077385963852e-22,2.6991706984329727e-42,9.628893465745895e-41,5.195785612339108e-7,4.0831230031195716e-11,1.9435309421824778e-109,0.0710774746722675,2.8669980884439546e-44,5.91362804245414e-45,1.1463753641466081e-11,0.024287501264204064,3.275469727239334e-13,1.373202237065464e-12,4.39115375029973e-101,0.6329214870982107,6.592802387251883e-8,1.5877435126748918e-32,2.679493595032147e-13,0.2560270483967481,5.796782937474619e-61,6.700572373258535e-11,6.578200341479844e-33,0.0001737659908375511,3.21360500864797e-6,3.567502259016452e-14,5.846609204595594e-41,1.370070898248483e-10,6.068329331754583e-18,9.648509786191647e-10,7.61298249859987e-7,1.1955650019983524e-121,1.1125261916574955e-6,0.015507020503005984,2.2249620538625613e-71,3.1616069948623936e-16
4.676866370990333e-56,1.49829113419591e-129,0.00015502040015261668,1.5799736130312888e-18,0.0008596049896539498,1.5308816303856678e-13,3.706080952608414e-64,2.82436486294508e-45,0.13700379805332716,0.01333185343978671,3.114661090804979e-72,1.7012688517221882e-6,4.46551265810972e-49,5.716994345766909e-37,0.04321985752585801,0.007248823847905107,0.0006857318422730598,1.6487367602513145e-8,6.901480040954664e-127,0.029926624163711727,0.08607034859734952,3.484894951910947e-28,1.9495877073673808e-49,7.657349724083915e-7,3.0686307069490403e-54,1.2323464330716893e-6,2.3158503153728985e-23,0.0007732523020778081,0.01507465056860591,1.248650938516012e-11,6.9600093636749325e-59,0.41559214507615705,2.3134982362203987e-14,3.1959016655361115e-5,0.23740133090238458,7.638969316205163e-127,0.003356558308251864,0.009264725115561995,2.4375403716855737e-39,1.011147825268416e-30
4.994673896415383e-88,5.112388131814268e-150,1.6997009111665624e-16,3.7838810097056777e-31,6.966312398577513e-10,1.526534559768452e-18,9.159440126463707e-20,3.0928055683200616e-48,8.330162475554064e-11,7.068143044960161e-7,1.2690003035060593e-95,0.0021217836127011966,3.388904837195161e-65,0.001014339882654871,3.113332333935914e-10,9.895757012354616e-56,0.0017809139239157135,4.622789847283315e-31,1.2954423871956946e-80,2.324988909403218e-5,1.1292113793913721e-9,0.7773401499351574,3.83113745007426e-14,2.435469697188844e-29,2.556830354458106e-40,5.470050513353933e-14,0.19380958315972174,7.11836491064527e-15,5.876098270934699e-14,1.139029970278101e-19,0.0035908664514687073,0.002308473708059394,0.017820823546880867,1.9204501885596928e-17,8.361780869012158e-6,6.900299659512633e-27,1.3559388069483727e-52,0.00018074507453605688,5.2628548217437636e-83,1.5766147095092953e-19
4.6381259632195074e-38,1.1591676383818938e-57,0.39526840523820705,5.639297222441268e-32,4.001048589467074e-10,0.4376048864847827,1.3077306738589505e-24,5.613675146749172e-33,6.30455547597669e-17,2.90493541943275e-9,0.02112774257964883,1.169080419495826e-19,6.508701762765896e-7,8.37966961941726e-8,0.019896189618140152,1.9614015876185864e-166,2.0616695237734703e-22,6.373379444628769e-21,0.02310381744366132,1.056947786564904e-32,6.11736165513899e-5,7.467867370991284e-13,0.020193737015131788,1.4534004561790985e-11,1.4367410636341586e-43,0.0005500917791411797,0.04394495005319927,0.006357002409497566,1.095219660389668e-15,1.3332050706080577e-18,6.695401090848812e-10,0.0073598557496553,6.196288740603979e-78,3.2631150399376096e-14,0.022324878938416604,5.1567411071351154e-48,1.7719779565778844e-41,6.907025574143273e-37,2.5751174642677986e-29,0.002206530417199336
0.043042730638907345,8.861266180750835e-52,5.75263838053925e-12,2.0212049566191345e-43,0.039705032060067764,1.1063342635062819e-45,0.21610092446087037,1.6844277074480293e-8,3.667957921434741e-14,4.584885913251921e-39,6.099222673369499e-73,1.5216190079535609e-9,0.035894676962433245,0.005916916675414946,0.000591835240032073,1.6387692609492538e-101,7.56623005919658e-14,2.6536376217275375e-59,2.478366542697924e-64,1.0272921694150947e-29,6.108074238949237e-8,6.426827482565395e-49,0.00021774484361744112,3.549268253543504e-8,2.018588292675361e-29,0.42292940158063363,2.8886862481518917e-16,0.0036932622054488785,3.4688286219490196e-11,0.11480844173540215,4.874611799231133e-45,2.020123756765109e-22,1.3992225506189526e-20,2.6388183615721173e-44,9.996936253548363e-7,2.8572392780505116e-83,0.08430982594502431,1.4891973965941213e-47,2.401549351797677e-105,0.03278809297864798
1.8166221598263558e-42,2.468854113525028e-77,2.6269609173106404e-5,0.08869822044709921,2.2315463157506654e-39,1.2792942044524523e-27,7.710351128773316e-58,3.206787992115037e-35,0.024076580711045268,1.1108799579388329e-30,0.009922391134211629,0.03957538768225324,2.9763206703074784e-49,3.469118203456293e-45,4.1522163363537055e-6,1.9592109816755212e-134,0.024283154033553227,4.502504984209574e-111,0.009574803379661516,0.0014468365833835047,8.708438097255568e-8,6.619670271528042e-91,2.256336516503463e-58,9.911121904877063e-12,0.7913211112293005,2.340549642488239e-25,2.218171223634085e-61,0.010950209589803575,0.00012079455036687178,9.707190789374942e-36,1.0867108315547399e-32,2.9509081107562126e-28,1.841434063288824e-68,9.1849945573529e-19,1.455676311785624e-17,1.7246071194587945e-34,6.0736255377534746e-52,1.7395197381545978e-9,2.283301292059941e-36,2.0830933052817336e-16
1.003766825377234e-99,5.035969123736906e-84,1.360581098946301e-6,1.1994211124612066e-53,0.1983804591439687,1.972515045645578e-20,4.827096013947521e-93,0.01999518190294953,5.293276093806243e-7,9.10558562019898e-21,0.018067113028846206,2.7001141911986614e-26,8.476892448372948e-80,8.557233119884394e-68,0.010930026833851254,0.03495974906649565,0.05356465147007127,4.63325560696496e-39,1.4203451916648712e-124,2.540458142394647e-19,0.014863698329206193,4.2221299460064485e-16,9.074244775314136e-30,2.342456718838009e-18,5.437157481865834e-53,3.936050689553752e-5,0.16856074130142285,2.9014154631974184e-5,0.4387263208285359,1.7794133310701247e-22,0.019404666006177063,0.002370025863640695,6.616963841108066e-42,9.603139541094105e-35,1.4526562297334313e-5,3.961054201132178e-95,0.02009257509230103,2.2857759133065906e-24,6.342105264331493e-20,4.561426938237338e-22
6.977814068675937e-58,7.830134410350964e-110,1.175111757285494e-22,5.489489536393404e-25,0.011327502961133095,9.003513931065135e-10,0.004269207201084907,1.1668621579596663e-39,3.178531460420414e-12,2.5544331915667746e-15,4.4660793860731747e-88,7.207132681139609e-6,3.1076693955798503e-28,1.2140613199258044e-63,1.3994862487224715e-14,2.7785379066666296e-38,0.014975200114897325,4.60065790242731e-32,1.3500526081712472e-120,5.949316290591725e-19,7.583148796085968e-14,0.5943714383513481,8.247343388084513e-69,1.7402565696548476e-8,8.535518679519705e-31,1.623875025178529e-11,0.3451119738309074,7.532641858153836e-15,7.552319029964985e-15,1.2978699587092244e-19,1.3794438458805637e-62,1.3614866308004792e-10,0.026001716286102247,0.003924974527777731,1.0761135477582082e-5,8.894809319948918e-84,7.569645181274666e-48,1.2263733562982661e-38,6.002337500310464e-55,3.263126857914218e-44
3.2676060515115604e-50,9.744485990907578e-128,0.0031181590511438094,4.398657346645076e-11,2.7155130016176112e-5,1.1527069772146155e-16,2.9584442373731617e-64,5.2853138233166105e-52,0.030034830042285326,0.0001060890827065152,7.948163594336132e-94,1.8215405046101763e-5,1.0074471928842579e-27,1.6385547515467165e-37,0.00011555056205082347,4.149635133477025e-13,0.005230187282926981,2.020417569858324e-9,1.674562693582895e-125,0.017666113519258023,0.42338282647272785,2.010525868240026e-25,2.8817002734317787e-44,1.2293061785768227e-6,2.624401439590693e-56,2.162805797562233e-7,1.1070364787363022e-22,0.2991838104572482,8.486712723427323e-7,7.821426049267003e-6,3.4495883452988808e-56,2.80235935566697e-6,1.1176086164771329e-15,2.8592951590513527e-8,0.19241169229148772,8.394651109379212e-118,0.0014435464726327801,0.02724887552926207,4.542477797285228e-64,2.3403964264375436e-24
5.726175080445807e-82,5.580611769669033e-101,5.2528369992688406e-5,4.762340937615435e-47,1.8687607315393693e-5,1.2086938287194928e-5,5.349489716383465e-66,2.182584940450948e-54,0.008275097080859078,6.539495095664003e-9,5.029951378837298e-43,8.008095399106976e-21,4.0674401636824675e-28,3.2104626877140665e-50,0.00017506585767244597,0.09007637704624898,0.16591838023719563,4.403007124619793e-26,1.4231276392229112e-101,2.4654813524393123e-15,0.35266345881352335,5.433948498060662e-14,1.4080132446226587e-48,0.05675845206381353,0.033287197164951834,2.1406378305277437e-7,2.354791771085189e-16,0.09695552072056943,0.00014058361710588078,1.2722657356203342e-28,3.441593256521917e-75,0.09839453181242022,2.661572067385382e-23,2.520062051093376e-14,0.0017025283608578146,4.555936299558816e-76,3.178953494958476e-23,2.149277190459814e-16,0.09556928370582579,2.7626373934506383e-21
2.3038686120471307e-64,1.451597521096195e-100,1.4175479733560288e-46,0.057321135983468656,7.392475192135823e-43,6.53513965595422e-52,5.8442455376518025e-37,7.604220372817192e-51,6.962933255943222e-41,5.251097466001723e-32,9.401682732351887e-75,4.826324902331428e-52,0.12291361874636188,4.679845600288778e-60,5.878461114403042e-51,0.1349718034549231,3.620969816290807e-48,0.17602342654092612,0.20635892333743389,7.637098315612737e-29,4.995612437729923e-43,5.625179716400839e-40,9.920462160765568e-61,2.1012681604551097e-18,5.110859698798395e-42,4.961029966467226e-23,1.5503945592864328e-55,1.3309074991460572e-28,1.0082009186047943e-34,0.29716910455100976,1.221740159691549e-10,4.512892660084099e-48,1.1547530496671795e-47,3.7173770221861165e-49,7.509960593949997e-31,8.948717526312013e-31,8.345452867364025e-77,1.9908340106104975e-55,3.5939350887751666e-67,0.0052419872637026145
1.950490721555848e-15,1.6500016150917892e-27,3.4476181479327555e-23,2.48883941942039e-25,7.053178703063102e-41,9.698914099840724e-38,3.404738055259654e-16,0.19093350712163296,1.3553991099907326e-60,1.1331412331837712e-63,1.0778745739589143e-43,0.09745766452200115,2.5802161632996188e-36,0.03755245388274537,2.751778888039146e-55,1.6838292687729853e-160,2.617237805469086e-29,6.289340892583868e-40,0.10374534314396391,1.965705133171835e-64,1.4359937845165293e-65,0.015099882498857463,1.3221555701028553e-32,1.42917887475083e-26,3.2561187639712996e-23,1.0543003139297445e-48,1.4521092469573243e-39,3.435355828292899e-58,4.8022855968102715e-52,1.9464901080180657e-44,0.51238653365199,1.7503280221662478e-75,2.8838686549948854e-26,4.1698241670836206e-19,2.5714637085728237e-86,8.357133365165037e-14,3.2897715493462614e-48,0.04282461517871937,1.0349929359961988e-41,3.789838243134052e-15
5.534756742782992e-50,1.672103764694315e-123,9.417223106812643e-5,2.4248010261415647e-21,3.546962888372681e-18,2.7847795962845308e-9,0.005408187086223571,1.0608028612708137e-43,0.001963177826384846,0.04850592792800118,5.273855568611173e-65,6.94482175806232e-30,1.2126546722422203e-11,0.001297412217720412,0.4381037777692347,4.943598732225602e-36,0.06411965701810558,4.980921905009571e-32,5.575068128779184e-44,7.722526109456034e-7,0.009192623719904907,1.4032488080254579e-11,1.672768969591684e-30,0.04698345161200894,2.7541723393498266e-12,6.724767729937415e-16,3.1666809529518027e-41,0.37521920409943194,1.831292409522461e-11,2.781412506062979e-34,7.039978158481799e-26,6.689890815909276e-5,1.7059260122356398e-25,0.0002003276863986185,1.4610785995275912e-7,5.376723566765853e-29,0.004347469605682282,0.00449659320939052,1.9788980790181046e-7,1.6258250242726946e-24
5.229955242006214e-89,7.3059715468794695e-177,1.9517504987000414e-5,8.517750669666953e-49,1.6485797513719998e-21,1.767247822628748e-38,1.4806357260901508e-54,1.669354117952525e-40,0.19022349595543842,5.0449433756897505e-15,7.224299378461821e-49,1.9606630804216627e-23,7.956851714535911e-68,3.6131070942995795e-26,8.548818290852479e-18,4.209631571567606e-98,2.588813612946703e-18,1.3981082906587076e-25,8.132978019458192e-73,0.16168133984904826,3.985860748902265e-13,9.321621738119964e-5,0.11907800955869934,4.775839132476579e-16,7.135736504244262e-52,1.7103645860478476e-22,7.50118984638207e-9,9.235853056787116e-14,2.0916589584973092e-13,2.542993950939048e-33,8.4588086281437e-20,5.533866851954442e-14,0.158321484181669,2.059253440063394e-34,1.2456778542102026e-9,2.360883664374484e-27,6.917502666048781e-34,0.051373984434227846,7.360381387155122e-41,0.31920894355092033
8.438138546597728e-66,4.1400241023670144e-132,3.0832758689057697e-15,5.15170634039137e-29,9.382744081503692e-43,0.3232462702225442,8.450200851704109e-13,3.866021844919324e-32,0.0690358511640887,3.3655027824883073e-9,2.2863139686071964e-72,6.653052876617376e-44,0.0167500949900936,0.00997592986462664,4.3897917906352225e-11,2.5731023296773365e-37,1.0832749924460767e-13,1.9803357885230662e-47,9.396459909879909e-13,2.411426551967329e-30,3.7612514899048866e-17,3.46714355136055e-20,0.32308432544889937,2.2392541378968018e-10,0.10053615640417182,4.625422280420894e-32,6.821190385969408e-47,5.522120503204061e-17,6.415671975145042e-28,1.5986450456330697e-43,1.7650174300979699e-12,8.026978964942228e-11,3.7313754610905713e-37,0.0007646818813535724,4.717632052229862e-28,0.07937992829790257,0.07722675200986817,2.2737993282255828e-10,5.7718141676135065e-9,1.7270227075245807e-28
5.179816784639953e-46,4.825731393932795e-132,2.449252771580724e-6,4.880223079082369e-25,0.1764484720591221,1.1717750402341272e-15,1.572217781168999e-69,1.4636475019912507e-42,0.0024711430054335758,0.0008293178367547264,5.605464190049333e-104,0.00042041126317064786,1.0851228773626403e-55,9.637471471813643e-37,2.9367296640441747e-6,8.047588090162321e-9,0.0010911062861033698,6.097283597803775e-8,3.043153370173832e-126,0.012566590908778711,0.0022378723564224208,1.2393447204429184e-21,1.5393693214186452e-43,0.0024178638901412065,8.509484252699327e-57,1.9429385276350883e-9,9.700778808996455e-19,0.09698757879526253,1.8599063451364204e-6,0.0010939201117615262,4.6338284255696626e-60,8.195020241186372e-6,1.4914060012215695e-14,7.813773972594513e-11,0.7030526778055717,2.9197558628057095e-115,0.00036731254390871056,2.211870304678831e-7,9.703399280474285e-70,1.6216536799659705e-23
1.4064389507073196e-8,0.07458201347255715,2.69659508564868e-71,1.4893270342921294e-11,1.7364539614962915e-137,1.1959525654055183e-83,2.083761954060796e-26,7.016192567534212e-83,1.3615827619206995e-125,2.5306440386228804e-82,0.2698829300726489,2.3908181098330412e-5,0.05303695217388353,1.9586816034288678e-37,7.008667362990346e-134,6.917381479614864e-232,5.67833882368626e-77,8.446391194677119e-98,0.5068406387991546,2.986452931460271e-87,2.7067185831352047e-142,2.2937630352292846e-33,9.224381265753558e-105,0.0107682484400681,0.011183845478517003,5.9265007253208435e-77,0.012907104975117463,2.954591199644895e-126,9.753107340020749e-75,0.010795640807757405,0.04997449312741842,2.2550066660038176e-101,5.261962358158353e-89,4.896902027956924e-65,1.389468611621258e-103,2.184099862240465e-12,4.332385220871839e-23,4.4046071072772514e-46,4.209364534596039e-6,1.0257775289241634e-9
4.2083563683339675e-22,4.47424915037114e-46,7.130958294103507e-35,5.328737379044931e-25,3.3788826296609796e-66,4.649926141892481e-25,0.15233085094410914,0.06925156575420821,2.9858975971504087e-24,4.961315468374539e-15,2.011709643637225e-80,7.904739988630417e-18,0.01655072730692941,7.417392414638254e-35,2.9968541301426424e-29,4.8998278682383464e-228,2.2923294758359202e-36,3.7087635566920064e-163,0.008765333293530415,2.368328580102066e-34,1.0252613286209771e-30,8.54207005435114e-120,0.1527810778917565,1.8572658476735972e-19,1.1238424200899533e-49,2.619037677866619e-37,2.4741880700728174e-77,3.108719418677526e-30,4.172663553868075e-29,1.1959911155303967e-41,0.1814603715622341,9.316484485638135e-26,1.8272931518120343e-75,0.41886007324722724,3.0147866288237613e-47,3.4873479651665576e-36,1.4216139831843022e-34,2.0457099792866146e-44,1.0968446244147188e-53,1.7833338214357607e-37
4.283490849277199e-87,7.725455640064843e-122,1.5338828138692325e-8,1.2327760042912102e-56,4.005627205724185e-18,1.0239213264222347e-24,2.6240460015698213e-67,2.882100611261065e-59,7.485657246926772e-15,0.26177082277366287,0.019034794857153085,3.5246691884740907e-50,3.049195817420244e-45,1.0081098691998409e-53,0.000727492173218395,6.450948931260031e-29,1.2688271932800538e-9,1.8437616595135124e-47,1.2905984209327126e-69,5.5072232688095765e-14,1.0021452051541095e-6,1.1005352976226682e-58,7.381960635399367e-24,0.1995549451534741,1.8072753495138715e-51,1.7775597807577435e-8,5.005694791665352e-53,0.004866430454735513,8.917863960363416e-17,9.690922211077458e-16,5.454219455621985e-61,6.505184135734332e-13,5.059536114809983e-32,5.12186186256414e-19,0.07476756406247118,8.366745541805425e-87,1.372541994539551e-25,0.4392769139961125,9.47731053027426e-35,4.558541453882191e-19
5.9298972091844444e-12,1.8673717244298544e-20,6.375310360871897e-15,2.9514341670932475e-64,3.699884589480877e-40,6.197684378367774e-60,4.3442704617557463e-92,3.8695873320720724e-89,6.193666123409799e-19,3.7921731758124446e-55,0.06757245296018803,1.0677032654586443e-28,0.005737589492707308,2.7752860988801327e-10,1.2829616906787429e-36,0.0,5.079773472936767e-39,1.0993597126337947e-178,0.013767038293518823,6.288342360891505e-51,1.1035373057125568e-22,3.5019396159821916e-174,0.02338506245901384,9.790035681236152e-51,7.619165773063045e-38,3.7167937597523875e-53,9.179680620237985e-151,0.011696950432176422,1.330614930139975e-32,3.198365572875902e-23,3.349825504043386e-35,3.3501735524889262e-43,6.135388682763554e-116,9.842173292068254e-51,1.5962393787783414e-15,0.06379053916953012,0.03720098299615748,0.0011446366023114872,0.7757047473109298,5.227732185021666e-66
7.590845962980401e-74,6.530483587080965e-52,2.331511666699579e-12,3.4030505953737574e-9,3.6963297663420285e-10,6.501636428154179e-12,2.4507853134343677e-21,2.8597607629258615e-52,1.999816064192577e-27,0.27596230157452173,0.012252334553897022,0.04604740741405197,1.8254397539313497e-14,1.845383391898671e-50,2.043199332479263e-12,4.802383280795992e-116,0.10738288971023127,0.012619270171476977,0.10311201401333266,1.2783090445108572e-17,4.018165666161134e-5,0.06719081534064948,3.5683384313022708e-50,4.4126622878851944e-26,0.010936424709245992,0.14732764080658076,0.019321670176001598,6.65580230504723e-11,7.596878459231258e-7,1.2670324781409148e-32,1.5551220289204914e-51,1.2857676720622282e-6,2.2480919741689447e-42,4.598294950473646e-21,0.0787991772468298,1.8545111306583542e-28,1.5488137621950706e-46,7.186812768398453e-38,2.0226193158388773e-127,0.11900582332086497
40,29
0.0,0.0,3.4615424259020835e-144,0.002629967789753324,3.602328990097037e-135,6.658756175898585e-88,9.681475696155058e-46,0.023784455216146933,0.7354694393806684,0.2154021529706475,8.007821336436607e-5,5.425352536800433e-29,9.555207515631373e-22,0.004675109016644903,2.840895296178936e-79,9.526833529919695e-53,0.013067285884753572,3.535663938838296e-122,2.0635566127618748e-272,0.0024879013359308845,5.914159870254115e-69,1.1454502642455646e-26,1.8552324314966843e-149,5.245601605605581e-133,0.00240361019209009,2.2266937454795717e-24,4.2606369734846166e-196,2.57252317807627e-147,2.1578506629644041e-252
0.0,0.0,1.7731223416144694e-177,6.2153813512840685e-186,4.738996605014423e-168,3.603500501430201e-138,3.43039688720679e-90,2.9048522712093326e-29,3.1663903056595825e-9,0.47062753745096547,0.46220966684494097,0.0544722670056408,0.005697688939672563,5.102193321429614e-64,1.0977867298218992e-65,1.0350058731680333e-43,1.8491500984269783e-34,2.2812122747105406e-160,1.532977054201092e-225,4.289427529693662e-108,2.3080719099547094e-55,0.0017443876983241305,0.0035037332390228603,1.8440310228030036e-249,2.1253056725506677e-7,2.7016307284146354e-82,9.719324055006745e-87,0.0017445031244756933,2.092660527837205e-127
0.0,5.754623399607201e-160,4.564058013623831e-39,0.9792112366886538,2.1444205338105872e-10,5.722002613504087e-20,1.6580392516091316e-30,5.18234881931334e-39,2.5979845801856653e-27,0.020788763096904268,2.1436784262760124e-68,1.6979030934354622e-29,1.8736554709635794e-23,6.324436320674007e-44,2.2897448588408205e-82,3.329083188508358e-219,8.573922453455554e-55,3.8867342650434505e-140,0.0,1.499784931227932e-97,5.715462936258286e-127,2.805396316481098e-169,0.0,1.7335227373849657e-237,4.733492749955392e-306,8.887435799538738e-186,1.0272816967e-314,0.0,0.0
0.0,0.0,2.0862780931286493e-197,1.211867226385111e-41,0.0441300262095246,0.8258725322575718,0.09432487881461714,0.02005299489155107,2.4381275651810672e-45,0.012481140832263773,0.0005765424397368148,0.0025618845547349975,1.44974013347432e-23,4.278043364194792e-77,1.583810144591607e-50,6.221945553676737e-61,6.906989824257975e-60,7.814403640648831e-23,4.3680132308954106e-144,1.651153684566814e-122,2.526292649634862e-172,2.5574234526837556e-218,2.6839354050718397e-143,1.6367702087326455e-229,2.1984757491718484e-111,2.466626564047153e-128,1.950834691367631e-225,0.0,0.0
0.0,7.7107867e-317,0.5796123921782055,0.40501591650945895,7.150593382200038e-8,2.9233181605384625e-7,0.00782869831260648,9.198075796473163e-118,0.0075426291619790035,2.0890419169454186e-27,2.5150312483373038e-73,4.314086635107443e-134,2.873404285231318e-136,1.616891606961308e-89,3.4017328873474096e-246,4.722195032210614e-186,1.0075237593463528e-287,3.2890622453615974e-249,0.0,1.6773241837000546e-152,3.6759690251772273e-113,1.6216565827859144e-107,0.0,0.0,9.816033566525688e-264,0.0,0.0,0.0,0.0
0.0,1.2783724069663519e-106,8.722708103070702e-65,1.4125644019475225e-15,0.9999996155381253,8.237985521115964e-20,3.817617961753186e-7,7.154507556031742e-17,2.7000767024775956e-9,1.4899137505015923e-36,9.894471176464804e-23,7.914807945930745e-79,2.4593883301433054e-63,1.3039942909380542e-41,3.1376136399584894e-90,2.5829449028711738e-139,9.149627019923995e-84,8.307825608511129e-45,2.286239919807703e-283,4.112087066266263e-109,5.770996558202426e-85,4.000821425746601e-86,2.5325480022420954e-144,4.5768499264411724e-117,3.861698415415413e-210,1.0226392121942822e-119,2.92392253323471e-231,0.0,0.0
0.0,0.0,1.943622777298572e-129,1.7996775311772454e-107,7.523802662341815e-35,1.1461727127125797e-18,0.6545628651789114,0.17370557819941662,5.288179352331988e-15,9.679851808676099e-64,0.14595552573632115,8.7037853581813e-105,0.01228096931160029,7.795355959227829e-74,2.3612344366364973e-83,7.874650471672778e-65,1.3625486095335366e-97,8.008190893575112e-144,0.013495061573745354,2.2641560012165088e-122,2.3392122595531242e-108,1.0997959139945048e-177,8.497749005995973e-164,5.4e-323,2.847962156142738e-150,5.474476163537815e-67,5.683854066558439e-191,0.0,1.5572096910501415e-249
0.0,0.0,1.1682514332947976e-49,7.132248130393348e-5,6.326376628527513e-19,0.052153049432212384,0.5030019466024026,4.0624948237126397e-19,7.168542691540489e-15,0.22044579134721062,4.585326826937116e-25,0.03882311564012203,1.0670072896603695e-32,9.717302068820665e-46,6.371775848977578e-33,5.596546866681502e-72,0.0376008226831497,3.341273232834061e-61,8.190502901049652e-189,6.430933522796847e-187,7.815340306678946e-103,0.14790395181359164,1.1802919944441878e-264,3.090011652544721e-263,2.815136597829344e-237,7.717840248565098e-72,5.119529378158077e-161,0.0,0.0
0.0,1.1497038079775701e-263,2.2057918487110143e-25,0.8890396048538171,0.09566641040817149,5.683554705579628e-23,6.073301354882476e-29,8.214276996006864e-55,0.01529398473801151,2.055025774290572e-30,1.0879290324032535e-59,8.698174843505199e-72,4.827201662173147e-29,1.0795852372302392e-30,6.70126153143638e-149,8.123176351506717e-172,2.150600561994666e-157,1.592996916024347e-70,0.0,2.930965559453559e-82,4.0411107812831393e-84,8.566091990409849e-117,3.0655741563924027e-241,7.614045400228134e-231,1.4872944921602772e-249,5.169874570541467e-272,1.0801634712556973e-281,0.0,0.0
0.0,6.17871060592834e-181,1.1719932800672279e-27,1.370225231734234e-15,0.9808972012979883,2.50508299720314e-9,1.5228087727522297e-37,2.479192458091397e-27,6.84389399197774e-39,2.7180179731103404e-84,2.633443034513637e-53,9.924567283943358e-66,1.3519556068232248e-80,1.2970076587800106e-50,0.019102796196912797,9.145655331640725e-157,6.115096214851284e-123,6.752397495064117e-84,1.4183836212423996e-104,1.0372132194283181e-46,2.2441423500777337e-42,1.448416064993377e-14,3.2668820325040084e-159,1.3945412903691701e-150,2.6593263792059324e-223,4.424508364840094e-135,1.7929624967092885e-138,0.0,0.0
0.0,0.0,1.2211486947865802e-70,8.391046020105696e-30,1.5577579145526025e-90,3.1014718288848944e-66,6.565878054955492e-34,9.842523263818338e-28,0.015034193298041029,4.595900185134339e-20,0.007613381369459444,0.8351592841336979,0.1396352945745538,6.922165571724491e-25,5.3601994321975335e-37,0.002557799355943696,7.79633269417348e-20,4.685181130820247e-69,9.527999768654753e-113,4.726830401903172e-8,6.049290870529581e-44,3.732989768676222e-84,7.230953198865987e-79,4.190429603873592e-90,4.16100174033751e-65,1.5603594645981628e-22,2.4442745901908135e-62,7.320117363486602e-18,8.115690926968286e-135
0.0,2.489403250954185e-255,4.283425381543024e-96,9.959106741093299e-42,3.6079560936679373e-17,0.20245101131935395,0.014280243257511266,0.7262538002447503,1.1455101172621171e-11,2.2384857775942684e-6,0.05701270668113635,9.690368065066521e-43,1.524491525487041e-14,9.768533841910933e-20,2.2207120445434337e-50,1.7121432152605302e-53,8.294449745675043e-36,7.838309595446599e-28,1.5167090452844417e-142,7.492936056390036e-148,3.3824508174936024e-33,1.0063919070570152e-16,2.985856526326782e-31,9.133512101332136e-93,3.1546656122132794e-56,1.5283715754595207e-21,1.9068617360268185e-105,0.0,0.0
0.0,0.0,1.4374182411307543e-252,2.2705105018426857e-58,4.336101499261156e-65,0.04439932536316609,0.8150196232641344,0.12428776021172684,0.0016136800092158325,0.0028791950534764084,2.6779878494205342e-102,2.7376284218506084e-86,0.003706119415624916,0.004245337638378536,1.1251205146626468e-85,0.0019527532479804942,2.2252079178966678e-92,0.0018962057962965437,1.221303765531804e-131,6.4809171718404576e-136,4.064173414096707e-139,4.351009909352266e-228,1.1061226858680691e-84,0.0,8.774542517224452e-151,4.3958763538516884e-197,0.0,0.0,0.0
0.0,0.0,3.1264303701455346e-170,1.9397341491787697e-214,3.827500865407509e-130,1.2954952947151007e-85,0.024894405917250506,0.8344286044113345,0.13117404524619639,9.315757972065925e-46,0.0014400965036426231,0.0027524468568776105,0.0053104010646980926,4.654997145763125e-20,2.264914994646734e-135,3.504587150268614e-123,2.5420942066048375e-24,1.2572896786381452e-117,2.0405932147313442e-199,4.4413149018153115e-138,1.0968721849965953e-100,6.346144790681183e-115,9.191310906795991e-142,9.292733311317427e-242,6.647496974770428e-119,2.61188855653323e-95,0.0,0.0,1.93773479e-315
0.0,3.7012601366713026e-308,3.5115791999316735e-20,0.8753371701933065,0.12185630441960257,5.52183789956383e-27,5.87239578252014e-56,1.343692962117066e-19,1.9894735357196148e-9,1.0669455896722785e-38,1.1457049027891523e-84,2.209776860718603e-33,2.059119360058609e-16,0.0028065233976174208,1.3745858053450244e-170,3.429565216178579e-259,1.8342516572470802e-261,1.514353487973509e-164,0.0,2.530756433004087e-140,1.9084509890786226e-54,1.1406273779601913e-100,0.0,0.0,0.0,2.4972637e-316,0.0,0.0,0.0
0.0,0.9615782667652117,0.005290986426401875,0.009794345858794178,1.736533496083413e-100,0.00236094356632542,0.011678961873139104,1.8998843870577847e-138,0.00260303396495304,7.516507329893359e-91,2.395547036890528e-285,5.022503875933372e-160,0.0,1.80165e-318,0.0022308187603771283,0.0022318268321572226,0.0,0.0,4.6167006312009993e-97,0.0,0.0,0.002230815952640305,0.0,0.0,0.0,0.0,0.0,0.0,0.0
0.0,2.0431094946664924e-295,2.8560994073908266e-39,0.06374911864144218,0.8322767370055987,0.08488159986519728,0.002855083055035312,0.0010883636014155716,0.005040492001526426,1.2424358241853038e-19,0.002273991740074672,0.0038602852845191138,0.0019238956112513186,0.0010280046024502838,0.0010224285914892633,5.4148319354899995e-108,3.229473818719328e-134,1.090784338114032e-42,3.6909426572402034e-223,2.0104555409944668e-182,1.0573410694616831e-170,1.1733845445559949e-145,6.110700573283651e-265,2.1794780155094293e-232,1.150665805312125e-221,1.316941506538718e-115,2.2315502800145013e-195,0.0,0.0
0.0,0.1490574601040269,0.7780935318874573,0.03553159095941725,0.011827196343203313,1.9706200212308387e-49,0.01367520842546667,0.01181501228042888,1.7501206441448315e-50,3.214105121693347e-45,1.6017928630116655e-64,5.836188023914993e-140,6.335172423623359e-193,2.6809919031261824e-151,5.857379090627993e-117,3.090736080444637e-106,1.0843917871346684e-166,5.360622918527134e-238,2.064381047695425e-56,6.959085660735006e-234,4.3529015293667263e-221,1.5893663774113436e-65,0.0,3.9061222627568363e-85,9.247915282836394e-241,3.7305896441341703e-194,5.0e-324,0.0,0.0
0.0,0.0,0.008092248344955913,8.822889301046254e-141,1.4609378377089384e-49,3.60310962975735e-44,2.4959587849512987e-42,1.3512207620616878e-45,9.739805262131496e-25,7.479824914838798e-59,0.007143587706601301,2.8988614435847006e-7,0.15651279186223074,0.24542002052086082,0.18005385828108447,7.663282690319661e-13,0.050601672180562815,2.3663164118209034e-71,0.021040542660276215,0.04868425399998144,2.941828189957884e-51,0.008135590562264835,3.118141414195282e-30,2.180121451631098e-77,0.06259226687842137,0.17905096240553386,0.03267191471031558,4.380151085544363e-227,7.604833277513081e-123
0.0,1.9352916337755714e-215,5.6649133819148104e-14,0.891456593042147,4.568224481188387e-12,1.688274449516248e-17,5.892030857104668e-10,5.972802548301992e-25,3.323145361009563e-12,0.10854340636070184,1.5409075191825344e-41,4.906539665034803e-183,1.255505397256764e-167,6.9390872593911345e-37,1.4493263373874308e-169,1.1537106208194177e-219,4.248820063755782e-282,1.5111526e-317,0.0,1.5199837251570064e-173,6.280977590127117e-100,4.1104355986718616e-168,0.0,0.0,0.0,0.0,0.0,0.0,0.0
0.0,1.1857849449967485e-205,8.951400612684684e-18,0.9999999983687322,1.6312675896714431e-9,1.4331723856347878e-21,3.4166698784661207e-22,3.0936763521138345e-60,1.6528142838308453e-19,3.652660039983955e-28,1.8277755826870626e-93,8.460418404136219e-103,1.0003216768776962e-36,2.650351738375336e-38,2.7336874401380338e-238,0.0,3.3348522702198406e-236,1.6905016088558835e-240,0.0,5.965339723035148e-158,5.12584484643088e-137,9.85225812264327e-177,0.0,0.0,0.0,0.0,0.0,0.0,0.0
0.0,3.839222887852235e-5,0.7182414159711612,0.27878179028887107,0.0009783359193723696,2.3302621652684503e-121,2.4411091212050713e-144,8.373553296180232e-100,0.001960060303430656,3.540060654572288e-103,5.2882859706254674e-9,1.3308310458136e-311,0.0,2.7210356697899754e-57,2.269945310784596e-130,7.881662368295284e-136,0.0,0.0,8.52365503725966e-290,7.523243513695737e-287,3.4163227264496796e-287,0.0,0.0,0.0,0.0,0.0,0.0,0.0,0.0
0.0,2.0976675894033798e-203,2.0364310063314e-81,4.0814418580663537e-20,1.3609609032858994e-8,1.750907505016904e-32,0.8903470226898536,0.10965296245123461,1.106688971427536e-9,2.145869514128493e-29,1.4261372647869855e-10,2.6522066229280715e-110,4.080295825406597e-62,1.303613525196224e-67,1.4653148410411718e-93,1.668984913806754e-116,5.931586828300312e-78,1.5358902433510598e-115,4.277551565375721e-190,9.344833552366084e-83,7.33664442392212e-76,1.046537696141097e-147,8.143497231906125e-203,1.0881506272596764e-205,4.3175847487492223e-172,2.7437314656503167e-180,1.12973e-319,0.0,2.74782e-318
0.0,3.3420722015299887e-113,1.5466670175414629e-46,9.871063990890899e-5,1.8223148897430946e-24,0.6822142469131434,0.2067281831167369,0.022486901900283716,0.04956908665044552,3.662591292533672e-47,6.866728696524454e-75,6.269357559432414e-56,1.655769096188955e-123,1.864161420818351e-39,3.0269711506425605e-26,1.3931643345696525e-126,7.165454726660186e-144,2.2919155954137802e-164,9.387019260201491e-169,1.2404644549106925e-7,1.4173048378552105e-8,0.038902732559987725,1.5096280116478823e-117,7.541683581889837e-278,3.5635099635186635e-121,6.179222012557755e-157,9.93312426853838e-307,0.0,0.0
0.0,1.003e-321,2.6078368059825646e-174,2.0874009221926164e-54,0.09288608415908704,0.08607336549652377,0.032018937808352986,1.3703724287584149e-13,5.485524703004226e-68,0.012349817669854967,0.07456295764222974,0.013009040589880635,0.02436741835971591,0.0075293081760248615,0.07002772101237195,0.06034106443838602,0.16282057399009883,0.0834605602399175,0.030973872396883956,0.045336090879730145,0.03089909494834492,0.022636039183124467,0.04489158629770857,0.03763506891929351,4.272092411197982e-14,0.023531540600601638,0.04464985719168885,0.0,4.0e-323
0.0,8.611155556701186e-68,1.7060709856102022e-19,0.980511417143607,1.5713556553274125e-17,4.7758415186135033e-20,6.608413837454037e-32,1.364986819859236e-57,0.019488582856392926,1.7305087402031442e-57,1.8029242382278734e-97,1.3193420522196259e-130,1.0223929655350974e-128,1.4928755950670626e-118,2.8714774819416427e-84,8.230141383017307e-125,4.315778238754211e-122,2.4753381379157755e-239,9.974104659678441e-208,1.2250756669503721e-176,1.0590108127048532e-155,1.883070464136686e-185,0.0,0.0,3.2463071589281846e-91,2.3483632836864023e-120,0.0,0.0,0.0
0.0,9.372673954042886e-26,0.011311140972863403,0.9757669669989212,0.009930430077118505,1.7070723151494838e-84,2.7501989499121038e-90,2.5470909278267415e-107,2.590705086813124e-10,1.2306182975623719e-73,0.0029914616920261507,6.075892495524317e-258,1.7029048329094036e-248,5.286958901473294e-54,1.9289580006659756e-88,9.084566833592043e-104,0.0,3.794695156297754e-178,2.0331045627e-314,3.066036731302864e-208,1.2921344664279074e-207,0.0,0.0,0.0,0.0,4.18092644300079e-304,0.0,0.0,0.0
0.0,1.030087e-318,1.1569774759195439e-10,0.9886564126651642,0.0015893818600657686,2.142437129475382e-11,2.7167502333564534e-9,5.770106572106877e-57,0.009754202620897448,2.5227420715200293e-42,1.903399891343482e-73,1.6216618220758085e-96,7.664515691571587e-112,3.93643788732271e-60,3.9900374227706986e-170,5.5e-322,2.026988367914893e-197,6.640949021052496e-252,0.0,8.456805740706024e-113,4.104238228096261e-81,2.742878501381262e-116,0.0,0.0,0.0,2.7062334367862824e-303,0.0,0.0,0.0
0.0,2.586258096658093e-197,0.3470871812182459,0.6131331355028858,7.364552474191038e-7,0.039778946823620945,5.306712112099687e-20,5.25117118503084e-63,4.893228722755284e-37,2.1319295180155187e-59,1.2188321786699197e-66,3.491228832976078e-64,1.4309262908076243e-80,8.094487393746294e-43,1.0448230046364725e-234,4.305397577156884e-120,1.6300245245816669e-214,6.276326579065609e-212,0.0,1.102391430479194e-112,2.7600186329825717e-132,3.9611965147432953e-141,9.32384468682207e-288,0.0,2.146046414389451e-265,1.498809618421905e-293,0.0,0.0,0.0
0.0,1.0784688764740006e-28,1.5065842027850345e-15,3.179726819299832e-23,0.3246925276008797,1.5422972261450581e-18,0.10766419177461271,0.3160186208862605,0.03233687789928617,0.14741374195313367,1.6704056896860924e-58,3.254779101385515e-86,4.356293806656159e-80,3.143699356629697e-88,5.051737161653176e-69,3.171591597933601e-54,3.197971050321488e-165,1.446958113688551e-163,0.07187403988582579,1.594300470832001e-200,6.261726068281527e-148,2.0380593924769546e-32,5.74999482077184e-122,1.9831434077726667e-151,4.8060984121800445e-129,1.260785882436723e-124,2.3324991563061724e-185,0.0,1.4870271131499339e-211
0.0,6.064501442438908e-246,2.788707705188541e-67,3.356867582873527e-55,1.9218948184352226e-29,1.3618931486484424e-15,0.1048022683512496,0.1207348867811511,0.30599492178900567,1.2914307500093155e-28,8.012166021571947e-17,2.2309560038017857e-39,0.06959064795727907,5.67129185567183e-35,0.09111150860731357,0.22528401913967075,1.1146732344319176e-34,0.04227348217600685,1.547593333187961e-44,1.0477990163714418e-103,0.03952973291056978,1.3538278919972083e-19,1.0754475187863127e-101,2.2968434806299263e-133,1.1024082792890774e-10,0.0006785321775113354,8.155935550249585e-64,0.0,7.424264129693631e-73
0.0,2.4012555302e-313,1.2617869408463444e-11,0.014534581688406642,0.9854305413055027,2.2924889734701944e-11,3.475551612822638e-37,2.2191824056761104e-38,4.2697220462432166e-23,1.1853438593349533e-31,4.9309441808794253e-60,1.0916777865844664e-55,1.5112723549379326e-41,3.487697054751058e-5,2.029800954955838e-158,1.72852447988733e-193,3.3760634631690537e-237,2.4207997128906916e-216,0.0,5.577176213969823e-99,7.062041282618876e-29,1.3214409754614101e-74,0.0,0.0,0.0,1.4576365904332781e-257,0.0,0.0,0.0
0.0,3.146339832005778e-144,0.4920096345040574,4.3793386961049144e-13,0.0036165774787988315,2.1824169410457176e-45,0.042052848510477525,3.5096026382217528e-19,0.2126061556242713,0.08491917201776605,0.1008402780252118,2.7343884402476916e-93,3.895424907400191e-179,0.06395533383897928,1.9973477571337734e-62,1.5168336811223294e-54,0.0,0.0,0.0,2.2488081484095895e-208,1.5548800225123292e-145,7.8035780562576945e-199,0.0,0.0,0.0,0.0,0.0,0.0,0.0
0.0,0.0,1.2307373150134669e-30,6.381447184161843e-11,0.7943049044635214,2.4029998559175766e-14,5.058922043785065e-25,2.374557034765112e-45,3.8601341686799394e-32,7.084347342891442e-13,0.0747356756439227,1.2910023479247915e-56,0.10969565040136273,1.4962401645269107e-42,4.381341956921586e-88,6.379593866968603e-186,3.493531277745158e-70,1.0708310667156757e-113,1.7396387832983916e-190,5.235113690869102e-61,0.02126376942664607,1.4808684576549423e-26,7.430048694374095e-157,4.596491553618793e-142,8.595249885414783e-141,1.4794536134422582e-144,1.0054764166023111e-199,0.0,0.0
0.0,7.5259525933243885e-283,0.00018444959344785753,0.9998152037361288,1.381821975239556e-7,2.4605371874632144e-9,5.7143968812935876e-8,2.2869121254791868e-129,1.4888371993474698e-7,1.0526256596122489e-34,1.5120123861887916e-90,1.8061017816120524e-292,1.3225957524072134e-260,5.090840731553254e-92,3.0941244990176374e-138,0.0,0.0,0.0,0.0,5.601599051647269e-174,4.1222657578921645e-196,5.072397960743099e-158,0.0,0.0,0.0,0.0,0.0,0.0,0.0
0.0,0.0,3.397195294253078e-133,5.306435926917882e-191,1.4336109123265375e-133,1.6073150582680182e-72,0.008588507196854476,0.018610302659659295,0.038494248276898985,2.5122564397436535e-62,4.922249811693426e-27,0.010314582129387876,0.18263404543154785,0.29798826471627793,0.08778764687975522,0.05995477806422909,1.3496226644846647e-8,0.0994050710711978,6.210183964292743e-212,5.826814983785949e-12,0.07749155171635831,2.3503189421620615e-91,0.03657216375359892,0.045506292969039866,0.012251450873461129,0.015256907084580438,1.7023669255270628e-123,9.213495328763495e-37,0.009144173675099294
0.0,0.0,1.8277383314066252e-94,3.6562161148942077e-38,2.656057773237128e-21,4.042357694538219e-13,1.8265350846140206e-12,5.082248182384938e-19,0.2816702521639975,0.6636281207788484,0.015377279281040254,2.3086755590729463e-50,1.3079544133997018e-38,0.0008481052468387243,5.334358424067883e-42,0.03847624252704411,5.832344018564225e-71,2.010724212713732e-38,3.205607460556769e-96,2.903326186232599e-55,1.8066034851559124e-87,2.1878070696196632e-132,1.2064434036906526e-86,3.841216512470072e-91,2.892610486785252e-159,4.20279709021996e-79,3.0915123817326093e-139,0.0,0.0
0.0,4.021604278844156e-276,1.4672870733246504e-24,0.21016661671831782,4.391216573795012e-12,1.554559103917586e-40,2.1425319125887635e-39,3.0169090811511852e-27,0.19142346002972077,2.5383568583844064e-49,0.10677655823654801,0.06085191552696509,1.2712268955367425e-40,0.2940257826940076,8.839657770254308e-59,5.587338570898924e-121,3.1472532442506194e-72,2.300676855875709e-103,0.0,0.09742239159288632,0.039333275197163196,1.1423113431166635e-36,7.868232820860399e-221,2.094027946500986e-179,0.0,7.746406853333801e-203,1.770714709312503e-178,0.0,0.0
0.0,0.0,7.083394102432783e-90,1.0782247078127512e-72,6.098573538537688e-77,7.84339788803385e-125,2.350868516487398e-80,9.241443822852854e-95,1.9454659884083016e-85,1.0836413673159611e-81,1.3728728856921137e-63,0.5690886036088464,0.32385294147776983,3.6678488543510995e-30,0.017694737327221804,0.059347074441991145,7.615540804182751e-114,6.789012454309044e-81,0.012138169022470635,1.1995343567276666e-69,0.01787847412169993,8.86384962102481e-121,8.85551539881444e-169,2.177997353852809e-104,3.7909116378144954e-177,1.8492948191954408e-112,5.318130241113162e-124,3.290489002780923e-181,8.5e-322
0.0,4.43645335392612e-98,5.645098423075229e-56,1.4215760647367226e-23,9.688128505738945e-20,0.9968323146216669,2.2383142744238462e-11,8.56596384474448e-26,6.837537631952946e-23,1.4354665031995441e-24,3.3450885469496004e-25,4.4861067772963926e-74,7.544550124995585e-74,4.591949047869676e-59,0.0031676853559499114,3.308821810703641e-72,3.373587674395925e-85,4.6011990638721646e-67,5.648185026099547e-85,1.4715353909066518e-59,1.7386366273117338e-59,1.1531025182772296e-144,6.485790231525086e-149,3.1891332350063375e-157,4.694958554428135e-96,1.2822896833126378e-56,4.699058379778286e-159,0.0,1.2003621225408913e-87
1.0,0.0,0.0,0.0,0.0,0.0,0.0,0.0,0.0,0.0,0.0,0.0,0.0,0.0,0.0,0.0,0.0,0.0,0.0,0.0,0.0,0.0,0.0,0.0,0.0,0.0,0.0,0.0,0.0,0.0,0.0,0.0,0.0,0.0,0.0,0.0,0.0,0.0,0.0,0.0
3000,700,2300,2000,2500,2100,200,800,1100,600,4000,1800,1700,1300,1500,1000,400,1400,1600,300,100,900,3500,500,2400,1900,2200,1200,0
200:3,3000:27,1900:20,700:8,1000:11,1100:12,2200:23,0:1,300:4,1200:13,2000:21,2500:26,3500:28,800:9,500:6,1800:19,900:10,2300:24,1300:14,2400:25,600:7,400:5,1400:15,1700:18,4000:29,2100:22,1600:17,100:2,1500:16
