25
0.7933273351538374,0.004251484871650819,0.018736698553195565,1.392356018502149e-25,0.0008759088276871912,0.042251449105967856,0.006006743138344068,0.01864944047738506,9.035821899010432e-12,0.03554040923635577,5.070304889159531e-65,0.0012749188515154357,2.0327801736609612e-26,3.577732265290152e-20,2.1177438674291944e-80,0.005116280424148261,0.014710459651277982,1.500057699503194e-6,0.0022886673002192096,3.460206501934861e-5,0.00488701994286839,0.003875606146545763,2.6813560744929602e-40,2.0643962207341543e-17,0.048171476187246716
0.010912926031799594,0.4952110652018158,4.2901219091924216e-48,1.5719003020490593e-11,0.20030321962574155,0.07114770232567043,7.27024554649411e-14,8.995914706297342e-5,5.770915100903651e-66,7.908850537827497e-5,1.8589633114547377e-43,3.396204834759773e-57,2.690509377345096e-19,1.780556892782266e-37,5.844069854217115e-69,2.2449211554014092e-55,0.011214243071610662,6.610002131288957e-64,1.0762987197647725e-60,7.788927589420384e-49,2.0075418153065765e-70,9.033792065062005e-56,1.7375595574601918e-13,8.667961810489991e-32,0.21104179607495518
1.2202225904499542e-30,2.4089138772937277e-9,0.01601628105956778,8.168010302525474e-18,0.02108089149816334,9.78793136374355e-14,0.0037574516325953188,4.3742944751739074e-42,0.0008523214288998421,5.057448044021603e-24,1.3643354617274107e-24,2.1547044343722568e-5,1.1889185529233364e-28,0.011379630348868509,1.1847879093975613e-14,6.673941438783037e-6,6.176991683248347e-67,0.0012406261461965057,0.0001919638597722597,0.9447527173894049,0.0006957631366094993,4.0926820414237996e-6,2.235870142814818e-30,3.730772892244111e-8,1.1534554319472564e-10
6.021598207739445e-44,0.03829424665005362,3.0944417621526034e-34,0.7195864058192462,0.07388800091335708,2.046373499834727e-7,0.0576786906352232,1.7955036780318728e-32,1.0273808036613335e-13,2.7942298427279145e-16,0.0009626423870933077,0.015431511151764991,1.205200576288225e-7,3.546247854752547e-29,1.2270541630512577e-42,0.03690858876689092,0.009840993643855819,4.8741441508272866e-11,3.2091701056444487e-10,1.8366021248072886e-29,1.287291594735762e-15,0.0007672772682977482,0.028255890784492473,7.962679001273266e-22,0.018385426452554483
0.009650610525220232,0.019990487595861667,0.0010358619278580219,0.004178088157806752,0.7688904114814095,0.1446008622512389,0.034130701857616345,7.136111266974507e-21,2.3510716428830285e-8,3.612754584950431e-13,0.010956031515377452,9.367918645043905e-5,4.070173776646459e-85,4.589888065433632e-11,1.8000274368017213e-25,4.911354901717291e-6,7.281784644150036e-71,0.00021964823170370586,1.4531469065360611e-5,0.0002132286262203469,0.000295687685579807,1.4739294462493052e-5,4.788489091302284e-89,5.4117065983525456e-15,0.005710495282245246
0.01964509229557767,2.4630172491629437e-14,0.05358649429519029,0.01571913640806973,0.631438284709966,0.005080368894369967,2.030507021465366e-5,7.451893403893381e-30,0.02746168700006444,9.642658422984275e-10,1.986621818259631e-50,0.0003117622315020253,0.001129196821798678,1.969367052828944e-24,5.646524264776678e-59,8.249412770805074e-7,1.115902517335244e-76,0.0046367551038884874,0.00023165590434294492,0.00575814391104699,0.02979080796587436,0.00023777704091338154,0.001304448206062968,3.265525734013782e-29,0.20364725823554994
0.007019126583841808,0.043678711162470345,0.7414289730100208,8.639540134554065e-7,0.06379167293886197,0.050692677093887424,0.06494072988890881,3.515318347470907e-24,7.230741443028749e-5,4.9760218640858535e-23,7.536074781439281e-11,0.0003011197129673122,0.004030488390567961,1.3226116283981594e-18,2.9596393709613494e-17,0.000363042969890958,5.194796327925935e-29,0.0012014554511503106,0.0019739004583219128,0.0027876749838951147,5.2301878133123074e-5,0.0006882150393491944,1.0536241742248373e-6,1.1587349473403793e-20,0.016975685369754346
1.2592453869695451e-45,1.067557192314593e-14,9.739623620119838e-18,1.308551225507896e-28,2.133873859803642e-8,1.3914817601531299e-14,9.954668020909487e-14,2.316024481978e-22,3.8996561233144336e-9,3.671541785840457e-77,0.17261594030120886,0.3882425195798573,1.93286065517478e-13,0.06261110352833381,7.252869496793945e-11,0.010277357870301984,2.675121059970104e-33,0.05498701996609383,0.14433479700853302,5.082532534832202e-24,0.1159292549532513,0.051001981481055295,1.236970030019476e-13,1.4783208702163197e-26,3.3832855765259435e-21
1.1720761047560383e-10,1.9334542025673034e-11,1.0961145143441795e-6,6.744594927265031e-7,0.08097156327356357,8.916092063142554e-10,0.0317605558462218,2.949730424864428e-18,0.0799227072102908,3.8030965235003834e-35,1.4842201365330209e-5,0.2070630018451202,2.934777973710115e-7,8.464670972213566e-12,0.001305690107762326,0.0608808331773253,9.12988821849193e-77,0.03161581480461571,0.0015771826785632747,0.009435635992258593,0.4838293275939448,0.011516108688607361,2.35305375453845e-6,0.0001018581719269393,4.6026625905850664e-7
0.07385376043512876,1.8125730296761562e-21,1.0658337843087184e-80,0.01673238102460882,8.958087898767388e-15,9.804515644106866e-20,4.556070489456774e-16,9.565680348345913e-29,1.0177673620415657e-133,0.7969568057665102,1.0345027718721775e-74,1.776316697659851e-146,3.339267026366916e-26,2.9534194082321204e-8,1.4923321588775245e-100,2.2431104420275055e-110,0.0716668287784927,1.2824687238870819e-137,3.182019284696473e-145,1.1073689948725049e-94,1.3031635044453629e-107,1.8532226175827245e-139,1.2481809885376133e-26,2.8205422570749443e-25,0.0407901944610561
6.775957538091409e-19,1.5394488057794813e-23,2.777520270454587e-13,0.5023065640811545,3.923653064031445e-17,2.6381829761158027e-31,7.6559470267274e-25,1.502850641404463e-15,1.9915062490997925e-9,1.135688371430984e-59,0.13479046366815095,4.9710790903354755e-8,8.454082232060955e-18,2.06934986874254e-37,0.3629026240380564,1.4626940810100529e-8,2.1293380458210205e-90,2.1026860520168795e-7,3.238509844959472e-8,3.0030992229343244e-12,2.96639349920686e-17,3.9208015124364604e-8,3.5489962090717557e-16,1.8398596518349228e-11,6.003534792744692e-38
4.845025680713744e-5,9.840465134281054e-15,4.265299749834157e-7,0.0010914524848934899,0.0020770687785012314,6.200810503983673e-8,7.296764442300557e-6,3.2424570737890203e-18,0.010776506746412763,2.4578105601115154e-70,9.28504223564917e-5,0.20797615450735593,0.00027683418311088393,9.476094967675753e-16,0.007937302514648793,0.014041187355346298,8.307590595244437e-77,0.08975785223587104,0.03524835361382526,1.2812125478318335e-5,0.004042768130489231,0.6253579189337444,0.0007771947580920113,0.000476937111930413,5.705386030559334e-7
3.8331149507558575e-127,2.094984090159489e-102,0.00897634222753222,5.66651749685792e-27,0.013801799771142539,0.004779345196033948,7.285948977399632e-38,4.754571574942853e-68,5.725144482888201e-20,1.6358487000212564e-194,6.918991362122793e-14,1.2678541113703313e-23,0.13229306649162462,8.079897641967267e-12,0.03990089891564758,1.5630448142064688e-29,2.818994891526776e-118,1.0625297366170704e-21,2.6540044000448223e-20,8.964840115774365e-24,5.957486283156029e-26,2.420465088067471e-26,0.8002485473898703,1.9556066816534992e-35,4.278132270718131e-92
1.1799099341730702e-36,4.201306564152767e-32,0.32314014019356024,7.917401374240289e-23,4.584983558643504e-9,2.6683548274702587e-25,1.2644777468364648e-20,6.2527674172352216e-30,1.3077479760959647e-19,0.389311355172632,2.9391490183079112e-12,4.695653192361516e-16,1.174436531124318e-49,8.441043954049215e-35,0.09323030774362208,4.202700522530491e-15,9.024690458283322e-45,2.9661477927303148e-9,1.495575170220639e-16,1.388279479394995e-19,2.7892727158073833e-29,3.181673563448227e-14,3.961853302351566e-46,0.19431818933607864,1.6318442274776312e-24
2.25856659826973e-36,1.3720500868930812e-20,2.171632469381324e-11,0.008936240300604355,2.3131151330752125e-24,6.73151156124086e-32,2.5739646716039067e-18,0.3159697243253991,2.6822258339217605e-17,1.203850350170872e-81,0.0007389415457996668,2.8916210132625204e-18,2.2702735021205964e-29,8.034538430760786e-27,0.6743550902808084,1.5052868000768022e-17,1.6639762984673329e-47,3.711230193934517e-16,3.839113008990013e-17,1.7062942850251086e-11,3.4320126947793646e-9,9.901675864090926e-18,4.6623952571317837e-29,7.6595982694074e-11,8.026218263522065e-31
0.0004449987266602943,1.8156293620118884e-16,1.4181023635762235e-8,9.121982080750152e-5,0.000121913021915243,5.447725307617092e-7,6.572719754413655e-7,4.550733997304073e-19,0.0038387694125904593,1.9070637125075765e-81,1.5599714296558528e-5,0.09611110798597311,4.160418250481753e-6,6.07290589384507e-17,0.014498487442997034,0.806407482644947,1.415757449313227e-81,0.003757356135384179,0.005812745716641298,2.7961745804746873e-7,0.0013668620342077598,0.0607400311133118,5.7928548689562025e-5,0.006719504522141957,1.0336898197681866e-5
0.015089733303605782,0.023126562933394133,9.389583423008164e-132,0.0048178491711047934,4.1338600412022075e-33,0.009154902569790522,5.382315765916548e-72,0.007720808334082523,3.0584536870780184e-205,0.10791107235254081,1.5274779096074435e-111,1.3373993224965976e-198,1.2174193348594966e-167,1.1427388875825373e-62,4.767053631626528e-66,1.250664466203847e-211,0.824308462948563,4.5373865564991556e-220,5.071887539265929e-211,1.045085601456003e-140,8.626504947020222e-142,5.387611132854519e-201,0.007870608386918575,1.7777095004081803e-34,1.4452076588469217e-44
1.9372402231231252e-12,1.66809678193985e-16,8.310808586541964e-5,1.3563020377130842e-5,0.0005754318019011771,6.256170668560998e-9,0.00028267305921806724,5.802131136878048e-21,0.4409679141250481,3.567638034796083e-46,2.888784910589856e-7,0.037314356657298535,1.5708679849740724e-9,4.13087580157355e-16,0.0008708935377007122,0.04623624592795703,4.292566629786181e-61,0.3835924957876692,0.019350262565514798,0.021523721331665628,0.021654397556682484,0.017933068650724564,5.485447160893757e-9,0.0073650726467957344,0.0022364930526667464
8.638238722829852e-10,2.9398641469450295e-19,1.5008404976781738e-5,0.0011610258321168403,2.5289963562635125e-6,2.5721600818679e-9,8.706346740594712e-6,3.504826874267244e-19,0.010109554105728037,1.1486290841983205e-64,2.168652933931761e-5,0.037551738944140906,3.407658052087695e-8,1.6062208376930212e-18,0.0010297564546718,0.1321622060603092,1.70293563606667e-70,0.7268076527370289,0.022512258226514356,0.0005897845951497985,0.02329878852022588,0.04415376435923987,1.5288731848381054e-6,0.000316879466862598,0.0002570940348496328
9.950094547295846e-46,3.869662509970473e-8,0.021128077089435347,9.096798388922473e-20,0.017129225450037283,2.0231516752182353e-8,0.6327453383259326,1.0154123845231531e-16,0.012817985048867208,2.936021722068648e-10,1.4717797676890745e-16,0.03791442217817703,4.022251238576693e-33,3.117242391527778e-20,1.8008660641061611e-12,0.0044489231758173976,8.097004992438892e-48,0.03573352559819643,0.011242304714150374,0.12810772365904619,0.078396882285098,0.0052736566760048335,7.538946515416656e-35,0.015044321745417352,1.7554830274532562e-5
2.6517534442903674e-6,2.3724255631092854e-14,0.0011961609473585429,4.580939076990643e-8,0.0069418858945986565,0.000821350230194365,2.175833531660003e-7,3.15706281408038e-33,0.021154158405063513,7.717800432087546e-63,7.619476720786277e-5,0.022190980426105004,4.30020108028632e-24,8.128638452243681e-29,0.005272845501396391,0.006390012808600165,0.0028164125588433595,0.699837810444322,0.11711234765274911,3.099725345091293e-5,0.06403574300641045,0.004172960844760297,2.021399020205584e-23,0.02301132997759122,0.02493589413513623
0.00029343809743998846,9.87772167374376e-15,2.4366139095461027e-7,0.017689579425894646,0.0015775584866782016,2.7052134022982458e-8,8.525587409908396e-6,5.35612145390334e-17,0.049263798446270275,3.157327438168957e-69,4.845898160599149e-5,0.16478199577722008,0.0005836135148684305,9.52727774497487e-16,0.00987629442638944,0.5568729177783711,1.3168908727848919e-78,0.12230387380347178,0.024429528002895214,1.4615293153851173e-5,0.0016607074194821354,0.020315070817970907,0.005890418074759491,0.024389181538491334,1.5381409120772196e-7
1.0301574611607389e-121,5.634835520562129e-101,1.5050049719429391e-5,2.4974161457193417e-27,2.228608843710298e-9,1.2883410548870458e-28,3.2385451635620754e-38,5.839401477628183e-70,4.386681451509617e-22,4.859591623382786e-186,2.908863375563507e-11,2.9032976871197553e-25,0.8954290757092315,8.349753828178375e-8,0.0023956018511010527,4.467107992907106e-31,6.947336045227696e-111,3.122995203047523e-24,9.636161897982397e-23,1.4868099122862734e-21,5.763323927760307e-25,1.0694958782321217e-26,0.10216018663471269,3.5397534570624336e-34,1.2154763225954542e-107
1.2557731261608802e-30,0.4628188523483964,2.9308880527281254e-11,5.127369531405518e-11,0.00833058159069179,3.2222947594391714e-26,1.8999823866108733e-30,0.5275393834017624,7.45562553594743e-40,1.548326264807865e-69,0.0012741456101344867,2.879531167374561e-37,4.2333173943258175e-103,8.577683780142931e-20,8.513244187340065e-6,6.99027683220332e-39,5.153268492559267e-100,2.8528345750827527e-26,6.882878909342094e-33,1.102006137194447e-22,2.759060176219948e-5,4.389303059947665e-36,1.6862222912861977e-118,9.331224830199134e-7,2.7077363530762694e-34
0.06821653653723612,0.0231945139857322,1.9372502344913595e-17,1.3580870787984848e-7,0.03335119020575946,0.058948256921589136,0.024985254228787477,6.302556408209943e-9,1.4497595779400286e-9,0.013757269714656056,1.59420858324885e-69,3.970988089762789e-5,5.437894098537191e-28,9.43648673842801e-19,3.118841785518024e-82,0.020384051109099258,9.03296423982133e-37,1.0314900593998043e-9,1.330304982153048e-8,1.6391538032382169e-16,0.016979833924536197,1.895254316766347e-5,1.1743807018098504e-28,8.512405088519661e-17,0.7401242730529749
25,29
0.0,3.163381890600321e-126,0.00417587831202474,5.702579505918118e-17,0.5022893353095061,0.4373021764802251,0.056232609898204215,3.9663954268208283e-14,7.576026997963278e-43,1.766117538186633e-65,1.5363177443867922e-130,1.490149186325291e-104,1.8691074771201257e-35,1.3045041403023128e-62,5.280617959707224e-157,9.114201478400667e-268,1.7017935842454802e-19,9.102900481429612e-184,1.009825198720107e-159,1.2160476278093957e-146,6.328680507153812e-238,5.397438720583969e-54,1.5866298911621956e-92,1.3963606195350733e-162,1.674952486564751e-146,4.64835751290707e-261,0.0,0.0,0.0
0.0,1.368020193045435e-48,1.0402659665931195e-12,0.0001778374302219845,0.009591746967782349,0.1544221109644406,0.15079022778470333,0.14996182330707886,0.12286502470409147,0.01610903589844405,0.06626980911918645,0.060217057028185854,0.04796977416675075,0.012521062299134546,0.016485806000554368,1.4923730459655035e-114,2.2538293217099626e-13,7.26967453666795e-43,0.014831604796842195,1.2833329614306397e-19,0.019672465687603707,0.09314160993616105,0.025989799899734056,0.025988802671879127,0.012994401335939564,1.5835048132120629e-111,0.0,0.0,0.0
3.999071737921294e-230,0.3437049020378496,0.6273706427640333,0.02081500564856608,0.005824509547163271,4.7416171328818645e-60,2.70526422417965e-91,2.3314708280281526e-48,0.0022849400023878847,9.713567444760393e-142,2.1689629759742766e-112,2.2803105498276463e-138,1.4290162188111068e-199,1.5899502071003523e-161,3.2615729210337666e-269,0.0,0.0,0.0,1.3110595163880036e-190,1.587321510979498e-148,2.5159858769605167e-271,3.2127461895415176e-277,3.3167576075163544e-306,1.8814302710911204e-231,0.0,0.0,0.0,0.0,0.0
4.987422618695745e-198,0.03301384508977479,0.09736620824305138,0.0431943971504859,0.1344392085821536,0.013647416555758022,0.008664318421365612,0.0567859713737173,0.01808885421822594,0.10633547549943535,0.07457324517467409,0.101282861815946,1.2661856665540967e-53,0.04728344099301777,0.040538752559077795,0.043374292019132274,0.027500612843508795,0.027688449513103567,0.018681228950159424,8.223332867711834e-34,0.05480938857626573,0.011481453563601302,1.3095551840127988e-101,3.138158658677666e-61,1.4328122886660731e-56,0.04125057885754543,0.0,0.0,0.0
2.5293722289402427e-245,0.002310017489605093,0.9002850647574901,0.07990448081129763,0.0001559966398923036,0.004239554727752076,0.0026115070191972765,2.212350478454866e-19,0.002398174066716547,0.0018356631225410025,0.0026603560911004865,3.2472559805888917e-100,5.24115973576768e-26,0.0023744418083958396,1.2908136748154054e-121,1.925408565559913e-206,2.319739704360139e-137,2.0781008030710712e-125,3.4156230083911745e-72,0.0012247434660115776,3.8105020441126014e-128,2.4233703361943314e-103,2.1722713583698933e-100,3.926472952393672e-24,1.9691168084579514e-184,1.0953437060323925e-133,0.0,0.0,0.0
5.400310855619886e-250,5.25372068706352e-22,0.009952623379369916,0.9156540984191919,0.07438997390996929,8.596961548348926e-11,1.7749315230250862e-6,1.2293289433647031e-18,1.095240016814806e-6,1.005376577924422e-12,4.3229791664707175e-21,9.923692173347125e-67,2.1184899734528328e-12,2.764380545325111e-18,2.22866977577909e-87,2.564241629699889e-196,9.385924952642363e-76,3.437357866925957e-75,3.097765612501763e-113,4.3403083564395266e-7,1.7868919964062792e-163,2.73642592095534e-44,1.109884789801604e-114,5.929777601472253e-36,4.05818191193363e-77,2.6057544318229954e-118,0.0,0.0,0.0
1.06913215410139e-229,4.359625994011609e-7,0.9721840082493386,0.02302812997124272,5.274395229692248e-13,6.3893618204432286e-49,4.327373167783181e-60,5.871802513169296e-34,0.004787425816292048,3.1448514327788745e-33,6.268586901037182e-61,1.0320736856180971e-93,8.209303844225698e-92,4.876822485077036e-105,2.7710676331935384e-124,2.6891960537782766e-122,1.2930454721725412e-121,7.26573705666325e-186,1.3302365336050154e-78,9.969676025392108e-54,1.1452216162101854e-134,1.4320183332365235e-115,7.6742196330858355e-109,2.056031575721353e-96,2.1799329286739134e-179,5.751399278287986e-266,0.0,0.0,0.0
1.5350674365570402e-161,9.279954342966442e-16,0.14192323125914524,0.35705667811968206,0.40851124426794566,0.05690975007714295,7.417954021774544e-55,1.4701460095763305e-37,3.5867282959518826e-58,0.024311624911493933,1.5998205237007238e-103,2.287233180937369e-184,5.457244889272734e-132,0.0,5.657020170489857e-132,0.0,0.011287471364589116,7.975019978428585e-283,3.7984134326271693e-50,7.435525624357437e-137,3.125961463783118e-69,8.905095530208422e-51,2.206620828126113e-203,0.0,1.1386906750979991e-280,0.0,0.0,0.0,0.0
2.6332599136686433e-261,0.9972436045648524,0.0018890863104935945,7.715269868453982e-13,3.701038814444292e-37,0.0004886012047014171,0.00035142244630194787,1.3818231588981927e-6,2.590364972029209e-5,4.092722424075969e-84,2.2096498806509575e-225,5.827019480998874e-218,1.8286333822677367e-303,1.0187984020168007e-263,7.643811766321197e-232,1.6932933427405088e-297,0.0,0.0,1.2056030923351765e-283,3.992865988586693e-166,4.472811055308914e-258,0.0,0.0,0.0,0.0,0.0,0.0,0.0,0.0
0.0,1.1779489067159108e-228,5.8470721434799275e-105,1.9844678993063813e-70,8.739482042397606e-42,3.07343449680952e-11,0.45164646404841435,0.5419991286172464,0.006354407303604981,7.136890939943436e-69,3.2407575908513986e-66,4.4058521579531414e-116,2.0522032894819964e-155,1.66846469273148e-54,6.0336149208504e-183,0.0,2.304454462907618e-155,2.5907312051406508e-210,6.536740239081701e-141,1.3325134982633143e-190,8.756974827115661e-84,7.260750268163533e-168,1.6366190729125308e-230,2.9407402377799235e-128,4.753132893333474e-224,1.3971715189997963e-231,0.0,0.0,0.0
4.11104492788812e-288,0.6552922572964548,0.029122680356794235,0.05112073239917198,1.3437035259321853e-20,0.05232062838164851,1.4844911810352749e-61,5.078907234299854e-16,0.10373198559092771,3.985355714181658e-51,1.6243176031690505e-79,4.3787711275063673e-47,1.2757097279055254e-102,1.4818316930936223e-89,0.10841171597500232,1.9019146712363803e-120,1.4563828075317085e-119,9.107244864711603e-40,1.0634535747872981e-88,4.1140207552490573e-123,1.397301058874669e-78,1.00205663719398e-141,3.1284899484563785e-162,2.0631089375971232e-107,3.1468325555134486e-120,9.59326680196198e-22,0.0,0.0,0.0
3.058669095652561e-221,0.999790535783025,0.000199668675143776,6.2080246463361616e-18,2.0528086449022767e-46,3.0276066730993484e-8,9.765265764236958e-6,2.704900846264854e-20,1.2894329756425513e-58,1.2886524531635663e-115,4.286498923312392e-153,1.858323634743961e-210,0.0,3.097811357953948e-174,1.3714989173804376e-136,1.6538017947618123e-278,2.397715574325466e-292,3.16830120955e-313,2.1396389019509148e-146,1.4287157614230067e-192,1.9617540671052122e-171,2.3179273242461074e-295,0.0,0.0,0.0,0.0,0.0,0.0,0.0
0.44658120529847956,0.5181484686226137,0.0008778682916121301,0.013042339342198271,4.445344354029016e-22,2.768161117849281e-46,0.008363916591012726,2.360529554721075e-10,1.0027882112547552e-189,1.0870404251417774e-212,1.4385421105241198e-149,1.7163649090986037e-292,2.63002e-318,0.0,3.0104689476301464e-83,0.0,0.0,0.0,1.7295987697928527e-306,3.54405560396156e-285,0.0,0.012986201618030884,0.0,0.0,0.0,0.0,0.0,0.0,0.0
0.0,1.2217549191157546e-18,0.40380780905092983,7.148311839824402e-27,2.679778964799239e-36,0.41449574849099974,0.18169644245807057,6.0507910748561225e-75,6.692489132247376e-34,8.14389488460313e-75,2.2630779556146525e-129,5.623168098211752e-106,2.824654667793918e-116,1.0250250359134399e-157,5.907180702017723e-75,0.0,1.3188965566970906e-274,2.5868041539335885e-241,2.140159051445801e-285,5.577858950265426e-200,0.0,4.916642067346926e-164,2.7755358773524008e-49,5.138008655322715e-222,1.0927174451666422e-195,1.7450737963285672e-118,0.0,0.0,0.0
1.2498654677211361e-123,0.7129828629424972,0.05746725444564787,1.3046149396467904e-16,3.4424614860219135e-18,0.022464083270707924,0.05447781987679586,0.07912526384610208,0.05841214946889056,2.1608245188813727e-72,0.009624381982673775,9.494347685896093e-23,1.8574333899276158e-63,1.6743296365279956e-164,2.3555121548174553e-48,6.023871674795487e-192,1.0286524622128572e-35,4.803e-320,1.3229840228048183e-164,2.522944419049081e-120,1.123687773211164e-53,1.8120895246636617e-96,0.005446184166684544,0.0,4.65625693736777e-309,3.4728298331773415e-251,0.0,0.0,0.0
6.24907265402872e-257,0.9987413480296644,8.212639452520439e-7,1.5274266255263334e-25,1.3143178920743332e-48,0.0012578305713044954,1.3508592449468357e-10,3.837157702185837e-32,8.325496529340843e-71,3.7420408128855335e-164,2.4555638282237584e-164,1.1549585481482711e-247,0.0,1.509595997838542e-221,1.730171969649584e-173,0.0,0.0,0.0,1.250113628674326e-189,1.3062407758860238e-242,2.7232576680936228e-216,0.0,0.0,0.0,0.0,0.0,0.0,0.0,0.0
0.0,8.30812107615782e-153,8.397254150845191e-141,8.380116913182789e-133,2.8075630259492287e-64,3.74834282478783e-85,8.268160597444231e-34,0.21311590320329526,0.500324939896798,0.26248891684851605,0.024070240051390565,8.332926249291488e-66,2.8545688000021726e-38,2.9989034612069145e-104,2.1225148418344392e-171,1.6007873807623743e-247,2.0336153765490433e-110,4.224664433238355e-68,5.0096809506923323e-88,4.114466661604009e-253,4.715316351510457e-95,2.028443566288882e-105,1.6933667073553343e-145,2.4932226893714012e-176,3.1830406946038627e-108,3.352806682701029e-205,0.0,0.0,0.0
2.7421322117434543e-281,0.9680307943145576,0.03196920568536334,1.1156565344508795e-17,1.2137693937212769e-54,4.9725693209054346e-21,7.904219912756999e-14,6.393231561193156e-21,5.951499221307564e-36,2.7727520068948823e-100,1.4418241775120162e-248,7.140463131428303e-238,1.4346616690437253e-294,6.48215988352e-312,2.6085945564683056e-199,0.0,0.0,0.0,2.0570516696e-314,2.770999629884389e-162,3.2638457340781276e-298,0.0,1.39836221427287e-310,0.0,2.159779e-317,0.0,0.0,0.0,0.0
1.1196267805683995e-274,0.9954786222226346,0.004521377098010204,8.776434362753617e-11,4.296858569523285e-49,2.1790621923174235e-13,3.566617836160094e-12,5.878063507081328e-10,2.9558974472425283e-36,3.000189275346998e-88,3.098769672037446e-199,4.614789857861144e-189,8.066601631365982e-301,5.3301625e-317,1.1164648300243686e-147,3.80773558500431e-248,0.0,0.0,8.731085376581726e-227,9.592703539582013e-161,2.229383537584644e-202,1.56221e-318,2.19804e-318,0.0,5.954230463018843e-304,3.0237938446494043e-285,0.0,0.0,0.0
1.9038389056690918e-299,0.5106168383859355,0.48938316151330363,5.9679846614166175e-19,5.548004421463536e-24,2.1328247063356775e-87,3.301631327169179e-69,8.93128517807231e-64,1.0076063722532175e-10,1.4426104864233175e-19,4.522472157343662e-90,2.154787321588677e-229,6.765931176456589e-186,1.3126896509765261e-163,0.0,0.0,0.0,7.269904581979545e-262,1.299752616275811e-260,7.562980044444921e-142,0.0,5.0562490614850836e-281,7.803340255371482e-299,1.754603020067338e-219,0.0,6.719818346372141e-272,0.0,0.0,0.0
9.98719888760029e-289,0.2629694761053334,0.7234707432478673,0.010106144450843535,7.85926180253003e-43,2.8075195798696347e-14,0.0034536361956079326,3.196364056680663e-13,1.5629973488166862e-36,2.971430114596117e-39,1.0089785442945076e-118,8.615438311612019e-169,6.966311924213712e-218,8.6628045619402e-245,1.2982952793299057e-179,0.0,5.694248443072887e-261,1.207336579609062e-266,0.0,5.751263594713023e-120,5.53149454604e-312,2.0346225891177044e-271,1.3580963266484652e-226,8.939376582541323e-221,1.112210162110537e-197,1.1027295334036709e-260,0.0,0.0,0.0
4.868964778686929e-219,0.999943463741743,4.037790602096255e-5,1.7767258092230096e-18,5.821126935918853e-48,2.7465289720572738e-6,1.3411823263947578e-5,8.985839314830512e-24,6.691161392144923e-60,1.137844923822968e-133,2.2290831286115654e-154,3.1154903129954976e-160,0.0,2.761747117636595e-214,6.110243384402498e-125,9.70158651314307e-235,0.0,0.0,8.892884749000911e-159,2.005074831392354e-148,7.271918213140178e-159,2.3202713075340303e-301,2.264017291115941e-301,0.0,0.0,1.5148368256e-313,0.0,0.0,0.0
0.3684503059462494,0.5607421135220727,0.009765610897949476,3.993708903714582e-17,0.00683039334599782,0.02016112847945136,2.963983615775642e-32,0.02046094354939846,2.3761493700815267e-174,8.13923428504487e-97,3.8472146993448726e-110,0.0,0.0,0.0,0.013589504258880863,0.0,3.784827847474e-312,2.347422274310059e-49,4.883097071754108e-248,0.0,2.6457757762742884e-210,3.596988514953876e-77,0.0,0.0,0.0,0.0,0.0,0.0,0.0
0.0,1.044216251848954e-16,6.330203985350149e-29,0.11296295366728513,0.21194695156204763,0.11276323700015839,0.16494494752409475,0.17629751144935304,0.09316534254635678,6.509368679921569e-71,9.818829394508806e-35,1.9215673167144473e-35,0.06543187644593289,1.7224450847973308e-124,8.456975542717299e-85,0.016034984128628933,0.0,8.1604986304e-314,7.955138211714263e-97,0.02337831186065965,9.965120172850689e-60,0.023073883815482935,3.9695498848660765e-73,3.551061394174007e-182,2.54977174691461e-285,1.067e-321,0.0,0.0,0.0
0.0,4.755341918387359e-92,0.031020053510688615,0.7407844512945102,0.2069579428358787,1.3062355229055693e-30,1.2139751377467779e-27,0.003152146947940725,3.663133553043305e-55,0.0009972603447274643,2.179058151270977e-40,1.1118366375103926e-61,0.0015984813823765002,0.0026234936024879486,0.0018704897824852573,5.0194223852228814e-172,0.004023175846259486,0.003957522107227263,1.253041033639882e-137,0.003014982345417851,1.7167139136897888e-151,7.528458398081562e-80,4.464823047937941e-162,1.626572392217262e-80,7.496849054121426e-25,4.2917380850016716e-182,0.0,0.0,0.0
1.0,0.0,0.0,0.0,0.0,0.0,0.0,0.0,0.0,0.0,0.0,0.0,0.0,0.0,0.0,0.0,0.0,0.0,0.0,0.0,0.0,0.0,0.0,0.0,0.0
3000,700,2300,2000,2500,2100,200,800,1100,600,4000,1800,1700,1300,1500,1000,400,1400,1600,300,100,900,3500,500,2400,1900,2200,1200,0
200:3,3000:27,1900:20,700:8,1000:11,1100:12,2200:23,0:1,300:4,1200:13,2000:21,2500:26,3500:28,800:9,500:6,1800:19,900:10,2300:24,1300:14,2400:25,600:7,400:5,1400:15,1700:18,4000:29,2100:22,1600:17,100:2,1500:16
