20
0.4119937688419521,0.00015102996407643127,0.0005005769110078039,1.1346764433349952e-38,0.09878169661251007,5.009852307826472e-6,4.083875832014295e-5,1.034765006270812e-12,1.3832705949667074e-50,0.29643320920360966,0.0345387485823688,0.0568405588746302,7.010869783631776e-5,0.06043710560037055,3.108598445638017e-11,3.504079916515747e-35,0.0378133457069541,0.00022665608026759598,0.00010259594181918773,0.0020647503398483736
1.609193903897487e-91,0.9926161609692907,5.999403207961679e-103,0.0011557836225930154,4.5972600519628295e-89,2.438353635394349e-35,5.481578101254206e-31,0.006228055408116097,5.157162794956089e-205,1.1266530034102292e-90,1.227362767238051e-84,8.080490572954743e-88,3.5249032391448875e-77,1.0574730983118068e-86,7.421796490321176e-92,1.2123934076872112e-41,8.534497860622697e-89,9.722744986310263e-42,9.13228167945896e-93,6.204005374623462e-67
6.863456903421923e-13,3.741606806174433e-31,0.004630915769688207,0.2125557317300728,1.302122968007268e-14,4.358776822386384e-11,4.450695185681358e-5,0.00016122027490403056,0.08786857769574327,9.353432847056063e-14,6.931232029154652e-13,2.019728762393816e-12,7.041296728790246e-25,9.793511744512783e-14,9.834485436888876e-20,0.6492344836138468,1.9372126991675112e-14,4.2911354154431995e-6,0.04550027276682407,1.4437630735254883e-11
1.6144023872184323e-10,1.289767536721802e-153,3.2075334915865605e-25,0.7837292708090411,1.4622892314260548e-11,0.01993646548095279,6.282910075680668e-9,1.5730971775085026e-5,0.05454408700798325,8.96846011691933e-10,1.100819093941236e-11,4.419951250735186e-9,2.257489992393317e-31,4.264636083090007e-9,3.583978870037898e-26,0.06782971884072884,1.1383349779109066e-11,0.009787901622143273,0.03890661023974747,0.025250198964829936
0.03321054447836473,1.2719927949919519e-5,0.0009991189210503068,1.742204790858379e-38,0.2641023716799233,2.0718727876717535e-5,0.0146482874738563,2.929625569836871e-12,1.8168320263978388e-48,0.373144347725621,0.0012949413941587987,0.008985457006383849,0.029285817948649276,0.012070451181467488,1.5761609839710887e-9,4.7775681989030924e-32,0.2439793457117066,0.009999297536028217,0.001115308222505936,0.007131270485366891
9.37657983543706e-5,0.0027483226395576947,4.385205731960844e-12,2.3746919678246848e-63,6.859601222022638e-5,0.8772161963376521,0.00011463727712998657,5.400722456043497e-9,8.888309690425324e-56,0.00016375875971273287,0.0010114139523614786,0.008720233151040094,1.8379891214021924e-14,0.00036975056319998065,0.0035505907797884527,9.398132093423851e-10,1.1892421104759972e-6,0.02377153280159462,1.104133075488159e-70,0.08217000634033883
0.01638610745925444,5.682839147963987e-18,0.09914261505454482,1.0871569788868912e-8,1.081621233024373e-5,0.0007509175119116787,0.7961391666657625,0.01016488800331223,0.016307018836294533,0.002220083268347014,0.002266039103861225,0.012170909465748673,2.2086042541212967e-27,0.001622587233023503,9.070874940130166e-18,0.002765037526965766,7.127102252041052e-5,0.0293959695794824,8.41301700992597e-11,0.010586562100940722
1.155639358295715e-5,0.031762131472816195,1.6838717741208427e-9,2.692454492476668e-18,6.174289040061127e-5,0.0005599712072396065,0.004668944487181753,0.9126678097431077,2.5900420820744334e-25,0.0008147276390566863,0.009343759691045015,0.010687858080656917,0.0033768335773512355,0.0003755352233099091,7.551735143444934e-23,0.008538806491501787,2.404046875620568e-5,0.007963487360008781,4.772167322704588e-47,0.009142793590112943
8.071151764464821e-14,5.2945816888077015e-169,8.362202995395539e-23,0.08308648428877714,3.428301050981878e-14,0.05042345333517589,1.4727543451539453e-11,0.0005577750983401246,0.6380979706546653,3.3113027070490267e-13,2.0104050303515756e-13,9.294155900717364e-12,8.13420549439934e-51,1.8428595209985128e-12,1.7061608404631596e-32,0.1764252809079,4.772776127865264e-15,5.822295766407412e-13,0.027424241587959138,0.023984794100083594
0.4646299158605494,9.835611521100453e-5,3.4519900127693904e-5,1.8222751174096247e-39,0.009290273064234448,1.0524094166925859e-5,0.0023372527093824523,2.0632952550692584e-12,5.786307342561072e-50,0.18254214772291968,0.02135159073662968,0.01649723974311272,0.010088812701873848,0.028314236736233178,7.832844403625218e-11,7.998662030290223e-34,0.2640900210726447,9.686541216703293e-5,0.0004127020917349966,0.0002055419586205974
0.08724967144760458,0.008638759782188633,2.2894487734972647e-5,6.625214340612378e-42,0.0778300250768302,0.00014003386156885523,0.006758782733385129,4.1179216741160156e-10,4.136557814846832e-51,0.2376991300798825,0.032588200248559435,0.2345669665898402,2.77631332799902e-6,0.023150445464969818,3.414858145648861e-11,1.5235627453849024e-27,0.2677698553941512,0.0018411417815565182,4.591793532515859e-9,0.021741311700665605
0.5699666316831223,7.238890644564623e-5,0.0017166504996627087,8.710016410210026e-43,0.10828426504184185,0.00020424557050231323,0.01089451684607185,2.11205760337833e-11,6.504674375405988e-51,0.09672648527255209,0.01022324471613661,0.08402551071832347,2.2571231614766586e-5,0.006166937851359081,6.395639728341068e-11,7.723252602694557e-28,0.0030517503940440667,0.0008781030915398232,1.8415596107703544e-7,0.10776651393574545
1.5863521322609e-30,1.0721580672306005e-94,6.357884381938409e-21,0.07904489047077427,7.127483896469594e-28,1.298518455288635e-18,1.5025160652875549e-5,2.4482739338622227e-7,0.033804918275899876,4.696091037595702e-31,1.0358278131360896e-29,3.942265273580567e-30,0.11544132556315576,5.9601386230371445e-28,0.7520084808551162,1.1052212333660886e-8,3.5167259323991526e-30,0.0009427469044150615,0.018742356890380278,1.8281342308132197e-20
0.08150006926066085,1.230723355339607e-5,0.00012585829613565947,2.897470563970303e-42,0.09044187912206177,3.540911226011736e-5,0.011005745487832244,2.58795198131526e-11,1.3023260834251495e-51,0.36491334445991214,0.025588540704831454,0.047981966117069605,2.7707085136992123e-5,0.02197906730721612,3.2802235088683496e-10,4.236405125409782e-32,0.27706708826387827,0.00814722537258354,1.9721723573569225e-5,0.07115407009939241
0.003720380576737016,3.2339755721428803e-6,3.122687644248527e-6,7.024494243106247e-22,0.02284525584554845,1.2239661155380489e-18,0.0007523250086058806,3.4086846626141326e-22,8.097786710191307e-49,0.0009852658120797118,4.34192841528982e-5,0.003034398712937872,0.032318673908443014,0.006892256107572223,0.8042565896595782,1.5631258760724594e-19,0.04321416461541596,0.07366649254468088,0.00826429276027818,1.2850075307494351e-7
0.0011109939720539512,1.8349827950445875e-117,0.0011064445215092837,0.0016828173270899086,0.0001530041280463238,0.002425616681399353,0.09866496959481569,0.04501968435929647,0.1757175189166001,0.0011168501770332968,0.001324018339468465,0.012825177143391134,5.418182197685797e-57,0.014416112536170204,6.23599182332317e-29,0.6036435861307448,0.00033087458912193466,1.1076096301882301e-5,0.0037399668002525348,0.03671128868670467
0.0511285724567434,8.771324183992285e-5,0.002469288027424977,1.1666911350718123e-38,0.2673539802416508,1.8327601103429018e-5,0.004681142300861544,4.7039453003841495e-12,2.8900009388346705e-49,0.4775005240683321,0.0032976509328130513,0.1072809908490436,0.03887075280610261,0.008935609248218627,4.89902115783328e-10,2.7700761165517486e-32,0.032748754221871436,0.0006719254594209157,0.004516427224471551,0.0004383408254960068
3.3506227799328867e-5,2.8466697102162115e-32,8.40888613152294e-8,1.8330561797227435e-15,3.3727389489543105e-8,0.022162562299534016,0.23890873621067527,0.005650313373729617,1.0982808369659229e-7,1.235376542599837e-6,1.527919536168463e-5,6.433383564345947e-5,5.232730113719322e-25,8.519824106868068e-5,5.887880992801291e-19,1.1028643322332907e-6,7.51420958691874e-7,0.6950687784195676,0.024804418736891886,0.013203556153558713
0.003469448391465529,1.7156637076653994e-139,0.06646346098733177,2.9865137686457156e-13,4.841667429464246e-5,1.0791121353361624e-27,2.0205170552026442e-8,0.005914423605279993,0.025634411401706986,0.002237473149167866,6.389139601491312e-5,9.684927752243778e-5,0.04171139507199024,7.764870880112089e-5,2.123464048001967e-27,0.010066021827635854,0.00013674433616943742,0.09290783111926654,0.7511719638478833,1.3806694327821394e-17
0.05613691684643103,2.489875025100156e-13,2.8808247724619392e-6,2.30998951565532e-62,0.002312854055905514,0.07823810071235127,0.03636423583491258,2.433619942996557e-9,6.2711425505806525e-53,0.03675118755716791,0.033260038755050084,0.09048289012098933,2.2237321032512697e-15,0.04104398290054225,0.00024379723922421983,2.571820793713082e-16,0.012490435620521701,0.009479127015017418,2.183472533371474e-35,0.6031935500832429
20,29
6.286384293382102e-78,0.9999485970931252,3.579953470035354e-8,2.8402304117526044e-40,8.772967889323884e-10,3.382920814575479e-89,9.013565816925086e-84,6.361254663114517e-76,1.8018608600227304e-94,5.136623004327606e-5,9.976655769444965e-224,0.0,2.307321343773584e-243,0.0,2.2362786512606408e-253,0.0,6.792735410845076e-222,0.0,4.089470254544196e-275,8.781134152250081e-259,0.0,0.0,0.0,4.627230945377279e-230,0.0,0.0,0.0,0.0,0.0
0.3451667027867257,0.6473986745230272,0.00743462269024689,2.908080414755778e-146,0.0,0.0,1.3249128529375225e-248,0.0,0.0,0.0,0.0,8.986855003740985e-115,0.0,0.0,0.0,0.0,0.0,0.0,0.0,0.0,0.0,0.0,0.0,0.0,0.0,0.0,0.0,0.0,0.0
0.0,2.630157487746678e-20,0.3442058642583602,0.5086045209790521,0.00216503122123274,1.2940175679719847e-18,1.6567844969899214e-5,0.028878223282577636,0.039083120033443566,3.37710927048406e-44,2.8028124954882847e-56,3.041290261132733e-64,0.0617237658593968,1.6324215102187832e-68,1.292063455814838e-41,2.3904225627025e-70,7.4497525627989e-57,5.3036762403756986e-148,1.7228903601703662e-144,1.9371226315383974e-126,0.015322906520967133,1.0162929431723318e-32,4.3071145502015653e-175,5.645774486757225e-85,0.0,2.3350153516485374e-148,6.571982784228905e-190,8.300344422443213e-169,3.544401076443225e-118
5.983744502017901e-302,7.256385353652604e-98,0.019051420849199554,6.35506107288184e-29,0.008278905150324619,0.2963040654812376,0.40735133496940074,0.2153493422153452,0.009407872446038126,6.97809462216727e-65,1.1940689184412845e-20,0.01678635866197143,3.4270301579263906e-71,1.8991081530443195e-156,5.473948437952898e-186,2.702531385259864e-82,1.321873344596753e-177,6.836821211325106e-134,0.01685596855495606,6.460953442535142e-244,1.0013028266699767e-167,1.4096082760108262e-192,0.0,0.010614731671526573,0.0,3.977638743776086e-120,8.568795313036118e-71,0.0,0.0
1.7091838194273468e-46,0.9998315521115807,1.0036501481445606e-7,1.1598036758685094e-30,0.00010820352774422677,2.522473707388948e-68,1.447953136686679e-60,1.1704866714462492e-54,2.368630433364772e-84,6.014399566005746e-5,8.934170730848594e-151,1.4459062925765307e-237,4.2603819323996206e-144,1.2823088800186176e-142,7.20009293770718e-162,5.608529794165501e-279,1.5507117346056288e-99,1.1546e-320,1.3533082795870134e-268,1.4309336549054584e-81,0.0,5.552951442035715e-126,0.0,2.2718469504810715e-48,0.0,0.0,0.0,0.0,0.0
2.316525632696319e-109,0.6228607371758198,0.36306493365205794,1.0441813278038787e-16,0.007325692834898043,2.380239546477104e-92,5.781704035601627e-81,2.960352874801517e-93,1.2722267142188456e-38,5.525911057539667e-133,7.84576268097269e-29,0.003729836861728984,0.003018799475495318,0.0,1.2688002921296953e-168,1.26522528235e-311,1.200196686385387e-186,0.0,1.8695786562920083e-199,1.3807453689935986e-118,1.2660049371655576e-162,2.7717441162321436e-285,0.0,1.4950294773343902e-235,0.0,0.0,0.0,0.0,0.0
2.072929529426661e-186,0.04075752616100966,0.8339503180997481,0.12527700143554374,1.51543036984525e-5,2.8346795276393716e-42,1.137170148575577e-68,2.556509317385227e-16,1.7888300283324898e-40,1.2083026400422026e-17,4.9598371196250394e-101,2.6614666669655855e-24,3.13106116959239e-77,5.043745296190546e-210,4.138874163611812e-21,6.685992978656275e-162,1.2075291043846384e-170,1.2491552316382846e-191,7.158900393655915e-231,3.4447801835709025e-66,9.351018003182463e-30,1.2767576052787174e-72,1.8608539754619964e-291,4.7632339210055915e-182,0.0,0.0,0.0,0.0,0.0
2.950489738038666e-59,0.306352835106167,0.667427189785448,0.020208064573080987,1.5538598408721384e-12,4.595793836732967e-82,3.8135640108269075e-94,1.2313337244748091e-52,2.485320945620181e-40,4.063034437855601e-87,0.006011910533750319,2.1479286465019032e-35,2.9814259921653735e-131,6.111773675703022e-250,2.7032517034541132e-83,3.2282213856175027e-96,3.3405804027672025e-150,1.3555867584292715e-129,2.3871029633715446e-190,1.2896439600363988e-137,1.2059205956983982e-69,1.899293863003378e-194,0.0,1.2283283378167345e-254,0.0,0.0,0.0,0.0,0.0
0.0,3.5710731152345125e-104,5.290015105900095e-13,0.0030149117117311483,0.811201534001431,0.17566878998154895,6.026371827016204e-31,3.8600403819397976e-58,1.702053298910214e-79,1.7116330286844009e-81,4.162267634444971e-101,2.985225306691082e-88,2.5493110660589263e-30,1.8054080652920411e-87,1.3459447274175794e-130,1.9574554409331886e-79,4.01998573759548e-199,3.201788852500183e-169,1.627389674337688e-129,4.884867178295126e-265,7.96347788960978e-168,3.7641234225161504e-203,3.67823157430729e-273,5.646198816637909e-67,0.0,6.507052313097462e-39,0.010114764304759882,3.619167597729968e-276,2.7761962503548165e-199
8.255440517249025e-55,0.99927498633354,1.13196600678087e-8,6.1663189179167905e-37,2.576976543585622e-7,3.673149785864014e-84,2.0272554341665135e-82,2.1559787498371358e-73,1.2551729215834993e-94,0.0007247446491456951,4.725714695743143e-199,0.0,1.0447621972410642e-193,1.2812154525458975e-217,2.1587340474294253e-281,8.698784710493185e-285,2.2050048443376797e-136,0.0,1.2088266401880364e-279,1.257118671063847e-142,0.0,2.26123999238265e-200,0.0,1.1269267951213397e-93,0.0,0.0,0.0,0.0,0.0
4.67078621219937e-51,0.9999730945748455,2.68975328897977e-5,8.462773176421707e-38,4.539549888000851e-14,1.9261668811929767e-84,1.9263839667709057e-75,7.034595301177211e-72,6.329365257816398e-94,7.892219202948367e-9,5.91771266631695e-212,1.1241365948210736e-187,1.3509939851883698e-175,0.0,3.0122471831716052e-239,8.669452868322e-312,1.5867709523974083e-146,0.0,1.4698710469358755e-271,1.7938349707094363e-231,1.8739510372986e-311,6.814142646617826e-276,0.0,2.449278184416206e-210,0.0,0.0,0.0,0.0,0.0
2.5996872874367185e-90,0.9997415123176079,0.00025848661791253656,2.4498185709454576e-35,8.675353419261063e-13,1.7751779099810637e-71,4.721588648219583e-57,2.0177933056452044e-72,1.2767845848353685e-86,1.0636121535943168e-9,8.902155163794116e-190,2.140822455835425e-167,3.539393471478713e-123,9.08034542263903e-281,2.1791343717406145e-163,1.0242351425302542e-253,6.687908511777714e-155,1.151557766726986e-267,1.0890795253917058e-239,3.67139148505525e-190,1.1436797539654019e-261,1.1850147628807883e-243,0.0,1.715168561529646e-172,0.0,0.0,0.0,0.0,0.0
6.419657458411693e-16,1.6704893112199946e-12,0.009027264480857495,0.06924476474263604,0.028912866192189385,0.13455696558456073,0.3298297732331293,0.22270903135350317,0.07144901123224737,5.832024785607517e-19,0.029508689684130077,9.374030161414183e-139,0.02680668777659822,2.491764216106021e-17,2.3005605103830983e-67,1.1474009005652376e-59,0.040007364510480405,3.4387689600760244e-88,2.341324115307978e-65,2.0984880248981953e-12,5.538233341839989e-274,0.024963343271972083,2.3306641047869327e-231,0.01298423793392617,0.0,1.8280547956504123e-203,4.6678412446251975e-55,3.2503469784100746e-204,1.1922825903935423e-230
2.553156973938035e-50,0.9999673318651298,3.266441927285942e-5,1.4264561974626449e-33,2.536399618541048e-10,5.786201080830927e-73,6.438871009088936e-54,8.0249219383148e-61,4.293495412250351e-86,3.4619573712204123e-9,8.958060326447796e-178,1.1135184479927003e-191,4.965326657920636e-134,6.611408485966608e-275,6.768418829793218e-122,9.406417065933746e-287,1.4833886320017536e-172,1.554564134897415e-252,1.6481650426080432e-212,1.6797240310165062e-199,9.152054649035896e-262,2.5476317151016103e-233,0.0,1.5366229005447736e-166,0.0,0.0,0.0,0.0,0.0
1.7893872032186234e-42,0.739722725126523,0.05866647660592349,0.10573742838601642,0.06840852930370146,9.846841553749528e-26,0.002604550720233142,7.36108805460686e-13,0.011785111779619797,1.509378250618714e-34,4.8800363529295505e-20,6.941792747765552e-142,7.786966859874796e-142,0.006464653727216001,0.0033169354918323626,8.692223394317022e-71,7.520310067984073e-7,2.0188936401452156e-59,4.3300929316968244e-107,0.0032928368271896487,3.7972321538350964e-209,1.622891750331629e-15,0.0,3.157603742644526e-62,0.0,0.0,0.0,0.0,0.0
2.11321592685e-313,9.697521917418676e-43,0.03328967162950551,0.8865115886931667,0.08019873960498532,7.23423863474207e-11,5.6249870601494826e-55,3.579003978013467e-36,3.27713035249317e-29,3.759842779049043e-30,1.262157396592457e-101,5.901063548145618e-60,1.017927866619182e-27,2.2758792703398113e-100,1.7476187176963767e-76,9.746371628385129e-91,3.5855561854959234e-157,2.8936801452403536e-105,4.563576319568366e-90,6.813989347166435e-231,5.079286151324289e-47,1.5304945951542622e-187,7.481153055409371e-305,2.554949716311654e-80,0.0,7.332035851529691e-131,1.4462345231792945e-81,2.692366445585311e-207,1.9651079045840687e-246
6.569905758933553e-71,0.9988122924750299,5.5481697970673155e-8,3.4715175910702485e-28,0.0011846248031840941,3.230297331205393e-67,1.486484124985397e-64,2.3516175188009054e-67,1.9817990001303425e-84,3.0272400881051428e-6,1.5348269829220365e-126,2.2660435840729187e-300,1.1676807527349292e-148,6.303161045707995e-149,9.113551775774083e-168,5.329916795258119e-239,3.85215601063783e-89,0.0,2.9925017339470054e-246,1.473590137492674e-74,0.0,1.7901367308013213e-119,0.0,1.2148032543627198e-46,0.0,0.0,0.0,0.0,0.0
1.97526515184052e-192,0.008933259713193864,0.7897431532622685,0.04132114076862857,0.04029274154264352,0.03201722385908799,1.755013101686478e-46,0.024839788869432257,9.847904738937512e-15,0.01140947594601468,3.002195270000585e-86,0.02991028434173247,1.0832494870542233e-68,1.9219250847243045e-180,0.004330084752423805,3.364044793441812e-82,3.3873186945518424e-157,8.70518355793126e-71,1.0705386343009049e-215,0.004251495503674378,0.012951351440890017,6.874099714755359e-24,3.997775951496097e-233,2.8687192156499334e-113,0.0,6.117837799944842e-265,0.0,1.0820530572803117e-260,2.3428264911213673e-248
1.215150235698986e-308,3.622012507121534e-76,2.3201037144635495e-39,0.014835024197699909,3.720736225167448e-12,8.855683133190019e-34,1.2674092488854367e-5,0.01954283360582566,0.33457581693367194,0.24570206542224945,0.10703774048480054,0.015285078685661225,1.4930528188149053e-29,0.04266101037043742,0.025255221526310774,0.058591063491899076,3.2454752637871995e-57,0.025110455782242462,9.172218577612349e-116,0.008727157251618713,4.728907669664451e-132,0.026183777456080574,0.016740303854828307,0.026259169130807593,0.0,0.016740303854828307,8.042820418974535e-23,0.008370151927414153,0.008370151927414153
1.3012928577211648e-95,0.7869016873523034,0.21309831264769657,3.099692516528315e-26,1.8509450689083918e-23,4.710750426532325e-52,3.592027671337501e-40,1.0664563352398544e-64,1.9187178248641836e-54,4.54841748184484e-53,3.1118420743958238e-109,1.1455371728859516e-75,1.431592171393603e-67,7.3583135208145e-311,1.8315576613673066e-181,1.78538048843e-313,6.147352415293051e-168,3.3791437590665256e-286,1.8471496878040327e-53,1.8336996549101934e-159,2.2524435032606272e-150,5.511235483971765e-232,0.0,1.601748621369057e-192,0.0,0.0,0.0,0.0,0.0
1.0,0.0,0.0,0.0,0.0,0.0,0.0,0.0,0.0,0.0,0.0,0.0,0.0,0.0,0.0,0.0,0.0,0.0,0.0,0.0
3000,700,2300,2000,2500,2100,200,800,1100,600,4000,1800,1700,1300,1500,1000,400,1400,1600,300,100,900,3500,500,2400,1900,2200,1200,0
200:3,3000:27,1900:20,700:8,1000:11,1100:12,2200:23,0:1,300:4,1200:13,2000:21,2500:26,3500:28,800:9,500:6,1800:19,900:10,2300:24,1300:14,2400:25,600:7,400:5,1400:15,1700:18,4000:29,2100:22,1600:17,100:2,1500:16
