10
0.8905140088378333,0.0,0.0,0.0,0.02552161598354533,0.0,0.0,0.0010700134489774694,0.08289436172964412,0.0
0.0,0.9132007233273044,0.0027124773960217757,0.08318260530104443,0.0,0.0,3.4843622175923717e-8,0.0,0.0,0.0009041591320072071
0.0,0.0036402231354101693,0.9135447005340085,8.486469077341682e-256,0.0,0.0,2.9969132142643563e-254,0.0,6.845934556848138e-242,0.0828150763305814
0.07371555763993251,0.0,0.0,0.41215683432217876,1.9161135799776993e-15,0.0,0.5141276080378868,0.0,0.0,0.0
0.15829580708102212,0.0,0.0,1.5834842972835185e-153,0.7604685301770939,0.0,8.988638559383655e-90,0.0,0.081235662741884,0.0
1.4527759040599807e-241,0.0,0.0,0.0,0.0,0.9167990154682506,0.0,0.08320098453174946,0.0,7.051695816762337e-276
0.05216884246387853,0.0,0.0,0.8702045434576248,0.049826804642762026,0.0,0.02779980943573451,0.0,0.0,0.0
6.340534815510551e-250,0.08347094758288524,5.883792757816519e-252,0.0,0.0,3.311618490500324e-179,0.0,0.9165290524171148,0.0,0.0
0.0,0.0,0.083807865874796,0.0,4.7980253771322e-106,0.0,0.0,0.0,0.9161921341252041,0.0
0.0,0.0,6.96443279795859e-52,0.0,0.0,0.08324057579741416,0.0,0.0,0.0,0.9167594242025857
10,651
0.0,0.0,0.0,0.0,0.0,0.0,0.00023802376817644058,1.2709182447133275e-24,0.0,0.0,0.0,0.0,0.0,2.4468441798648778e-32,4.290923102448793e-27,2.840605577289602e-37,0.0,0.0,0.0,0.0,0.0,3.298283351656393e-83,0.0015594566902147333,2.852373927141714e-56,0.0,0.0,0.0,0.0,0.0,0.0,0.0,1.5668475350879644e-52,0.0,0.0,0.0,0.0,0.0,0.0,0.002704204268127126,5.458184324068258e-47,0.0,0.0,0.0,0.0,0.0,5.222632731304007e-54,6.790251244669886e-5,1.0812980777988232e-24,0.0,0.0,0.0,0.0,0.0,1.1816936140988036e-23,0.0014214470380796112,8.80005228461216e-46,0.0,0.0,0.0,0.0,0.0,6.670213776494324e-69,0.00417845866634636,7.101007433556395e-50,0.0,0.0,0.0,0.0,0.0,0.0,0.08362358717980464,1.2800351586917941e-43,0.0,0.0,0.0,0.0010700134489774694,0.0,1.188970411896872e-40,0.02295579761263908,1.969244540960539e-44,0.0,0.0,0.0,0.0,0.0,5.206919712598532e-54,0.03325837098017508,1.8121097204370315e-48,0.0,0.0,0.0,0.0,0.0,1.2640325234290036e-58,0.03136492948645479,3.828609543597148e-40,0.0,0.0,0.0,0.0,0.0,9.141780889177293e-64,0.044374211422675676,3.509376503794857e-55,0.0,0.0,0.0,0.0,0.0,4.7207097516646605e-55,0.03424043036727902,5.9575908455138725e-47,0.0,0.0,0.0,9.883795403374743e-64,0.0,7.933328481594438e-69,0.03531044381625649,4.9374502224916365e-52,0.0,0.0,0.0,0.0,0.0,3.81110437963773e-41,0.03210040346932408,0.0,0.0,0.0,0.0,0.0,0.0,8.876352880343917e-49,0.08132102212228767,2.659004515676464e-54,0.0,0.0,0.0,0.0,0.0,3.715108472580259e-53,0.05136064555091853,3.6648327107446315e-65,0.0,0.0,0.0,0.0,0.0,3.247157994086006e-41,0.03516106672381811,3.1510669081152773e-69,0.0,0.0,0.0,0.0,0.0,2.3935429429256666e-38,0.027820349673414204,1.8434166671089631e-53,0.0,0.0,0.0,0.0,0.0,1.0022226875480448e-57,0.050876245473005156,7.312484631896243e-62,0.0,0.0,0.0,0.0,0.0,1.6965374975887717e-49,0.041730524510121304,0.0,0.0,0.0,0.0,0.0,0.0,3.2418708887337617e-46,0.03636301270585748,6.030864012344044e-73,0.0,0.0,0.0,0.0,0.0,9.883811047224892e-40,0.01734854736004098,4.709639275591345e-44,0.0,0.0,0.0,0.0,0.0,3.370919046399278e-53,0.014980188285684572,0.0,0.0,0.0,0.0,0.0,0.0,5.951453977824225e-42,0.021485972276479307,2.9322253910649366e-32,0.0,0.0,0.0,0.0,0.0,0.0,0.01812794083682432,5.901439303959333e-63,0.0,0.0,0.0,0.0,0.0,4.215089909698696e-74,0.010600783162473265,2.0007800236288992e-37,0.0,0.0,0.0,0.0,0.0,2.3021897849539613e-37,0.01357715474375836,5.653146982905356e-60,0.0,0.0,0.0,0.0,0.0,2.8538393707795314e-54,0.005741748035271653,4.482147399443235e-52,0.0,0.0,0.0,0.0,0.0,5.011426606913908e-91,0.00960539590397537,0.0,0.0,0.0,0.0,0.0,0.0,7.0106875631154e-46,0.008627473426980871,0.0,0.0,0.0,0.0,0.0,0.0,4.606912754815783e-50,0.00847040857545202,6.441065704188961e-46,0.0,0.0,0.0,0.0,0.0,3.4543992748890966e-48,0.014980188285684572,5.727257360131617e-45,0.0,0.0,0.0,0.0,0.0,5.253160823013765e-102,0.0140053343318131,1.5301769418105294e-36,0.0,0.0,0.0,0.0,0.0,0.0,0.0025204991457423104,0.0,0.0,0.0,0.0,0.0,0.0,0.0,0.013025248912232643,0.0,0.0,0.0,0.0,0.0,0.0,1.6694397852370377e-33,0.005966011531226141,1.0817153661143825e-28,0.0,0.0,0.0,0.0,0.0,8.198078196354732e-49,0.0032100403469324007,0.0,0.0,0.0,0.0,0.0,0.0,0.0,0.006266518965245912,0.0,0.0,0.0,0.0,0.0,0.0,1.0587384658027066e-24,0.0037511753848565687,1.7743615737511718e-32,0.0,0.0,0.0,0.0,0.0,0.0,0.007490094142842286,0.0,0.0,0.0,0.0,0.0,0.0,2.6523914873662723e-56,0.0028717087471875026,0.0,0.0,0.0,0.0,0.0,0.0,9.060565315321735e-51,0.006420080693864816,3.168858638177949e-15,0.0,0.0,0.0,0.0,0.0,4.53482358192755e-31,0.001108886031608703,0.0,0.0,0.0,0.0,0.0,6.241616461572674e-61,0.0007036209821937763,0.0008812131322589718,0.0,0.0,0.0,0.0,0.0,0.0010487155633420845,0.0,0.0,0.0,0.0,0.0,0.0,1.2835394422694502e-272,0.0010700134489774694,0.0,0.0,0.0,0.0,0.0,0.0,0.0,0.006420080693864816,1.619453020121609e-301,0.0,0.0,0.0,0.0,0.0,0.0,0.003210040346932408,1.3229113346243473e-13,0.0,0.0,0.0,0.0,2.864185908114154e-65,0.0026644337373484535,0.0,0.0,0.0,0.0,0.0,0.0,1.068731477781607e-34,0.002140026897954939,0.0,0.0,0.0,0.0,0.0,0.0,0.0,1.1736715645599459e-29,0.0,0.0,0.0,0.0,0.0,0.0,0.0010700134489774694,0.0,0.0,0.0,0.0,0.0,0.0,0.0,0.004280052941658439,0.0,0.0,0.0,0.0,0.0,0.0,0.0,0.002473731232887508,0.0,0.0,0.0,0.0,0.0,2.703383056787438e-70,0.011770147938732413,3.600138276311099e-46,0.0,0.0,0.0,0.0,0.0,0.0,0.008560107591819755,0.0,0.0,0.0,0.0,0.0,0.0,3.5591114763502215e-50,0.004614043526716067,2.991795283463232e-32,0.0,0.0,0.0,0.0,0.0,0.005332507205308165,0.0,0.0,0.0,0.0,0.0,0.0,0.0,0.006420080693362654,4.589835091670828e-44,0.0,0.0,0.0,0.0,0.0,0.0,0.0051179767979619125,2.2576128720430276e-41,0.0,0.0,0.0,0.0,0.005350067244887347,0.0,0.0,0.0,0.0,0.0,3.648923863764027e-57,0.0031629640613862206,0.0,0.0,0.0,0.0,0.0,0.0,0.0010700134489774694,0.0,0.0,0.0,0.0,0.0,0.0,0.0,0.005222440749071732,0.0,0.0,0.0,0.0,0.0,0.0,0.007490094142842286,2.3262268448654837e-54,0.0,0.0,0.0,0.0,0.0,9.293048407976268e-5,2.976189220584993e-14,0.0,0.0,0.0,0.0,0.0,8.010600200727032e-17,0.0,0.0,0.0,0.0,0.0,0.0,7.363241580667095e-27,0.005319945649931741,0.0,0.0,0.0,0.0,0.0,0.0,0.008560107591819755,2.977430230132277e-38,0.0,0.0,0.0,0.0,0.0,1.952734564008375e-19,0.003210040342371349,0.0,0.0,0.0,0.0,0.0,0.0,0.003210040346932408,7.824999706969599e-284,0.0,0.0,0.0,0.0,0.0,0.006420080693864817,4.4462495451220313e-23,0.0,0.0,0.0,0.0,0.003210040346932408,0.0,0.0,0.0,0.0,0.0,0.005350067244887347,0.0,0.0,0.0,0.0,0.0,0.0,0.00214002689795482,2.191190224334664e-22,0.0,0.0,0.0,0.0,0.0010621828642285772,0.0,0.0,0.0,0.0,0.0,4.71633384485705e-69,0.0027201378519046966,0.0,0.0,0.0,0.0,0.0,0.0,1.3695145179617235e-24,0.0,0.0,0.0,0.0,0.0032100403469323777,0.0,0.0,0.0,0.0,0.0,0.0010700134489774694,0.0,0.0,0.0,0.0,0.0,2.623545014787531e-22,0.0,0.0,0.0,0.0,0.0010700134489774694,0.0,0.0,0.0,0.0,0.0,0.0,0.0,0.0,0.0,0.0,0.0,0.0,0.0,0.0,0.0
0.0,0.0,0.0,0.0,0.0,0.0,0.0,0.0,2.2750072048601377e-148,1.2552503643287004e-148,0.0,9.130857929676679e-84,2.7624213627536136e-22,0.0,0.0,0.0,5.848404194547837e-47,0.0027124773960215563,0.0,0.0,3.0658744532780674e-42,0.0,0.0,0.0,4.726642173251777e-145,4.204229070247863e-154,0.0,4.222542589615097e-74,9.955587732900574e-65,0.0,0.0,0.0,1.9735118150768367e-140,0.0,0.0,0.0,0.0,0.0,0.0,0.0,6.957206649739588e-148,3.629478490692726e-281,0.0,0.0,9.63048511887284e-68,0.0,0.0,0.0,1.1516331094027159e-140,5.166002607941735e-176,0.0,0.0,4.786675898214243e-50,0.0,0.0,0.0,7.495132115360376e-145,0.0,0.0,0.0,0.0,0.0,0.0,0.0,8.578222778130542e-148,0.0,0.0,1.3731592244672997e-63,0.26039783001808675,2.5502802422720843e-26,0.0,0.0,4.060644094775973e-145,3.0940061295133735e-173,0.0,9.366467172148846e-87,0.11573236889692745,6.774011245815361e-32,0.0,0.0,2.5819871010255656e-144,0.0,0.0,9.088499639481354e-65,0.027124773960217372,1.1647226215669771e-28,0.0,0.0,9.285552246149297e-142,2.2224525386410613e-170,0.0,1.5639827985266885e-55,0.032549728752260844,5.5227730603334975e-28,0.0,0.0,4.962170821889034e-147,2.620290404009587e-171,0.0,5.456517178723876e-92,0.03797468354430432,4.797067024158305e-49,0.0,0.0,1.057506337350205e-140,7.929887804022046e-187,0.0,1.5914296036429374e-91,0.057866184448463726,1.3146029074514687e-41,0.0,0.0,2.270207277912835e-144,3.483569767628568e-182,0.0,1.6969266255301923e-35,0.024412296564195635,1.8105725521450606e-27,0.0,0.0,1.3007303846917855e-140,3.403028510090712e-197,0.0,8.228639483402606e-51,0.03707052441229707,3.582935901929754e-34,0.0,0.0,9.292797216356714e-143,1.8727481645514778e-194,0.0,1.481421141862556e-74,0.057866184448463726,2.2826566594936743e-34,0.0,0.0,1.2111212512547498e-142,8.635048373307563e-221,0.0,1.0737076745292826e-50,0.19891500904159407,2.4887912104648605e-26,0.0,0.0,2.4463273951251552e-142,1.252100585186211e-183,0.0,1.066750709857126e-65,0.03345388788426809,8.490193602337505e-47,0.0,0.0,2.477886406343725e-142,8.49031822795216e-183,0.0,1.21190967287171e-60,0.01898734177215216,3.749586578905905e-33,0.0,0.0,2.8504205752413906e-140,6.2604919442096345e-205,0.0,7.363780701281754e-38,0.016274864376130422,0.0,0.0,0.0,5.314237201713212e-141,1.445402175818647e-197,0.0,0.0,0.022603978300181144,5.513311923445444e-41,0.0,0.0,2.720535136537327e-141,2.1733815233947123e-189,0.0,3.612876605004217e-46,0.01898734177215216,3.134220212089081e-37,0.0,0.0,2.9751348714093458e-140,1.1664852540582224e-229,0.0,0.0,0.008137432188065211,4.99409193928174e-49,0.0,0.0,1.1018474629227906e-136,3.1760395089499302e-260,0.0,2.3950354713217806e-40,0.002712477396021737,8.226365391199154e-40,0.0,0.0,2.4850675970395538e-141,6.1492792043772455e-217,0.0,0.0,0.00632911392405072,1.4959061879370169e-81,0.0,0.0,2.7837845099821734e-135,1.9280506380383227e-211,0.0,0.0,0.003616636528028983,0.0,0.0,0.0,1.3616181077534519e-140,1.609854893099587e-258,0.0,0.0,0.003616636528028983,0.0,0.0,0.0,3.563502717758158e-138,6.522877514979564e-242,0.0,0.0,0.0,0.0,0.0,0.0,3.744832004820692e-140,2.949289120615948e-234,0.0,0.0,0.0,0.0,0.0,0.0,3.0867697692237094e-140,4.55916537154068e-249,0.0,0.0,0.0009041591320072457,6.016819598023673e-31,0.0,0.0,2.9296594310139724e-140,3.934146525236806e-247,0.0,0.0,0.0,0.0,0.0,0.0,1.2003378462024295e-133,8.438450198312185e-232,0.0,0.0,0.002712477396021737,1.870572442210136e-51,0.0,0.0,6.614338505501121e-140,1.983142071047651e-248,0.0,0.0,0.0,0.0,0.0,0.0,2.2832327370191944e-139,7.292381029796175e-253,0.0,0.0,0.0009041591320072457,0.0,0.0,0.0,4.4406067267542274e-139,1.1416340857208842e-245,0.0,0.0,0.0009041591320072457,0.0,0.0,0.0,1.8000910940128885e-138,0.0,0.0,0.0,0.0,0.0,0.0,0.0,2.8857042739520045e-139,0.0,0.0,0.0,0.0009041591320072457,0.0,0.0,0.0,3.7972842625356127e-144,0.0,0.0,0.0,0.0,0.0,0.0,0.0,2.6853510421843774e-140,8.599826714261102e-278,0.0,0.0,0.0,0.0,0.0,0.0,4.971258244060374e-142,0.0,0.0,0.0,0.0018083182640144914,0.0,0.0,0.0,2.5366047820077796e-138,0.0,0.0,0.0,0.0,0.0,0.0,0.0,5.442454161407606e-145,4.434252010438045e-226,0.0,0.0,0.0,1.0920486408081416e-54,0.0,0.0,1.4725754101582017e-142,0.0,0.0,0.0,0.0,0.0,0.0,0.0,3.74138251905929e-140,0.0,0.0,0.0,0.0,0.0,0.0,0.0,8.1725740000357225e-137,0.0,0.0,0.0,0.0,0.0,0.0,4.2410921893787304e-138,0.0,0.0,0.0,0.0,0.0,0.0,8.811353611999368e-140,0.0,0.0,0.0,0.0,4.127613356636546e-24,0.0,0.0,1.7317585860278742e-143,3.684594350927169e-218,0.0,0.0,0.0,0.0,0.0,0.0,0.0,6.659723198055022e-239,0.0,0.0,0.0,0.0,0.0,0.0,6.366590458848422e-139,0.0,0.0,0.0,0.0,0.0,0.0,6.423938373669541e-137,0.0,0.0,0.0,0.0,0.0,0.0,0.0,0.0,0.0,0.0,0.0,0.0,0.0,0.0,0.0,2.4370320154218735e-139,0.0,0.0,0.0,0.0,0.0,0.0,1.3130585578823828e-145,0.0,0.0,0.0,0.0,0.0,0.0,0.0,5.609872049190988e-137,0.0,0.0,0.0,0.0,0.0,0.0,0.0,1.1241205041135761e-138,8.511502468939439e-223,0.0,0.0,0.0,0.0,0.0,9.23889434041377e-142,0.0,0.0,0.0,0.0,0.0,0.0,0.0,1.3486042083775385e-137,0.0,0.0,0.0,0.0009041591320072457,0.0,0.0,0.0,1.854206888355255e-136,8.208982478064534e-216,0.0,0.0,0.0,0.0,0.0,1.6255708601425053e-137,5.4964599570413615e-278,0.0,0.0,0.0,0.0,0.0,0.0,2.5293263157629744e-142,0.0,0.0,0.0,0.0,0.0,0.0,0.0,3.523785874383328e-145,2.1820020189052005e-34,0.0,3.7513975806935625e-45,0.0,0.0,4.143235700181778e-24,0.0,0.0,0.0,0.0,0.0,0.0,2.040480820965001e-138,0.0,0.0,0.0,0.0,0.0,0.0,2.8376035849619164e-140,0.0,0.0,0.0,0.0,0.0,0.0,0.0,1.7540288756113045e-215,0.0,0.0,0.0,0.0,0.0,0.0,2.492161148164814e-146,0.0,0.0,0.0,0.0,0.0,0.0,0.0,0.0,0.0,0.0,0.0,0.0,0.0,9.753692911214353e-139,0.0,0.0,0.0,0.0,0.0,0.0,0.0,6.412589524401093e-140,0.0,0.0,0.0,0.0,0.0,0.0,2.557576077648682e-40,0.0,0.0,0.0,0.0,0.0,0.0,0.0,4.4811918489838925e-140,0.0,0.0,0.0,0.0,0.0,0.0,3.3463573389837174e-140,0.0,0.0,0.0,0.0,0.0,0.0,9.091203834767077e-139,0.0,0.0,0.0,0.0,0.0,3.607427417227801e-142,3.6433893619992654e-280,0.0,0.0,0.0,0.0,6.689359465489238e-144,0.0,0.0,0.0,0.0,0.0,0.0,0.0,4.570604217345926e-198,0.0,0.0,0.0,0.0,2.7760755576754265e-202,0.0,0.0,0.0,0.0,0.0,0.0,0.0,0.0,0.0,0.0,0.0,0.0,0.0,0.0009041591319936717,0.0,0.0,0.0,0.0,0.0018083182640144914,0.0,0.0,0.0,0.0,0.0,0.0009041591320072457,0.0,0.0,0.0,0.0,0.0,0.0,0.0,0.0,0.0,0.0,0.0,0.0,0.0,0.0,0.0,0.0,0.0,0.0,0.0,0.0,0.0,0.0,0.0,0.0
0.0,0.0,0.0,0.0,0.0,0.0,0.0,0.0,0.01183072519008305,2.6391198912680853e-12,0.0,0.0,0.0009100557838525423,0.0,0.0,6.930097103644035e-40,0.01183072519008305,1.821896205584468e-16,0.0,0.0,0.0,0.0,0.0,0.0,0.008190502054672881,0.0009100557838525423,0.0,0.0,0.0009100557838525423,0.0,0.0,0.0,0.010010613622377965,0.0,0.0,0.0,0.0,0.0,0.0,0.0,0.007280446270820339,6.29296535650868e-142,0.0,0.0,0.0009100557838525423,0.0,0.0,1.5251288057141762e-67,0.007280446270820339,9.339780764438038e-15,0.0,0.0,0.0009100557838525423,0.0,0.0,0.0,0.007280446270820339,0.0,0.0,0.0,0.0,0.0,0.0,0.0,0.008190502054672881,0.0,0.0,0.0,1.4073711463755457e-39,0.0,0.0,3.603816036964937e-55,0.0646139606535305,1.727807816499999e-32,0.0,0.0,3.147192979058777e-36,0.0,0.0,1.729205624601464e-61,0.025481561947871184,0.0,0.0,0.0,3.7588218591797274e-27,0.0,0.0,2.352098170455536e-65,0.03913239870565932,2.8990366342705255e-27,0.0,0.0,3.6411541191035744e-79,0.0,0.0,7.317882605012271e-63,0.021841338812461017,1.2087587502029893e-28,0.0,0.0,7.050871727094899e-29,0.0,0.0,1.5746923086037426e-71,0.04277262184106949,1.1142276973066412e-42,0.0,0.0,6.016964569206019e-80,0.0,0.0,0.0,0.033672064002544064,9.474685736739847e-35,0.0,0.0,1.739320146570779e-79,0.0,0.0,3.218210434627595e-51,0.03185195243483898,1.3162373878180173e-52,0.0,0.0,2.2914790058012586e-82,0.0,0.0,0.0,0.03094189665098644,3.0878840504676605e-41,0.0,0.0,2.699160604496928e-80,0.0,0.0,6.802393345942444e-68,0.06006368173426779,2.2381348208219422e-64,0.0,0.0,1.5502264547262307e-101,0.0,0.0,1.416441149279184e-46,0.046412844976479656,1.8962823223107677e-40,0.0,0.0,2.3104073153283776e-111,0.0,0.0,4.585192527363132e-57,0.03185195243483898,8.259596739394649e-41,0.0,0.0,1.1629071003255561e-107,0.0,0.0,2.77847296717527e-60,0.03640223135410169,1.8621865082951284e-42,0.0,0.0,5.098041928803736e-81,0.0,0.0,2.539459402379532e-45,0.05278323546344746,1.2634125441253385e-43,0.0,0.0,4.042374133470495e-112,0.0,0.0,1.9376263431831464e-65,0.03094189665098644,2.2645160985387906e-41,0.0,0.0,9.99150802109691e-113,0.0,0.0,5.716132621917236e-47,0.03094189665098644,7.303303951739458e-70,0.0,0.0,6.233423520184234e-119,0.0,0.0,9.617963760131153e-74,0.024571506164018642,3.7436537039727735e-77,0.0,0.0,8.801001681914258e-114,0.0,0.0,3.873218327501804e-46,0.02730167351557627,1.3507296242590038e-52,0.0,0.0,1.7680051084250956e-113,0.0,0.0,4.023854099175836e-47,0.01183072519008305,7.716930607594599e-43,0.0,0.0,2.9265437869958584e-163,0.0,0.0,2.1301666938719511e-41,0.019111171460903388,2.2909165755853957e-78,0.0,0.0,1.1937215627488267e-152,0.0,0.0,1.8366907362613252e-44,0.016381004109345763,6.409756356095176e-64,0.0,0.0,0.0,0.0,0.0,3.871914500797772e-43,0.02639161773172373,4.3936383167829415e-48,0.0,0.0,0.0,0.0,0.0,3.460013296315124e-37,0.01183072519008305,3.55113405249954e-77,0.0,0.0,1.1816727269481478e-138,0.0,0.0,0.0,0.016381004109345763,1.0014177709773101e-65,0.0,0.0,0.0,0.0,0.0,0.0,0.013650836757788136,6.734861026347966e-50,0.0,0.0,2.7774217980666305e-157,0.0,0.0,2.4085892628631413e-55,0.016381004109345763,2.7565180811568917e-68,0.0,0.0,0.0,0.0,0.0,0.0,0.008190502054672881,1.0196394987689673e-66,0.0,0.0,0.0,0.0,0.0,0.0,0.010010613622377965,7.703073253437125e-63,0.0,0.0,3.7991756956573576e-156,0.0,0.0,0.0,0.007280446270820339,0.0,0.0,0.0,0.0,0.0,0.0,4.842191509323166e-32,0.011679420451507029,0.0,0.0,0.0,1.674160294564883e-165,0.0,0.0,0.0,0.004550278919262712,0.0,0.0,0.0,0.0,0.0,0.0,7.460366263607184e-41,0.0018201115677050847,1.8438172303063222e-92,0.0,0.0,0.0,0.0,0.0,0.0,0.002730167351557627,0.0,0.0,0.0,9.661108830509744e-101,0.0,0.0,0.0,0.007280446270820339,0.0,0.0,0.0,0.0,0.0,0.0,6.417774387686721e-31,0.0036402231354101693,1.8658049963458642e-45,0.0,0.0,0.0,0.0,0.0,0.0,0.005460334703115254,0.0,0.0,0.0,0.0,0.0,0.0,6.247129420386896e-21,0.002730167351557627,0.0,0.0,0.0,0.0,0.0,0.0,6.55119305425453e-21,0.002730167351557627,0.0,0.0,0.0,0.0,0.0,0.0,0.0009100557838525423,0.0,0.0,0.0,0.0,0.0,0.0,0.0009100557838525423,0.0,0.0,0.0,0.0,0.0,0.0,0.0,0.002730167351557627,2.154247460771098e-30,0.0,0.0,0.0,0.0,0.0,0.0,0.0,4.486679163925241e-56,0.0,0.0,0.0,0.0,0.0,0.0,0.0036402231354101693,0.0,0.0,0.0,0.0,0.0,0.0,0.001820111394440644,0.0,0.0,0.0,0.0,0.0,0.0,0.0,0.0,0.0,0.0,0.0,0.0,0.0,0.0,4.5587169144778523e-23,0.0018201115677050847,0.0,0.0,0.0,0.0,0.0,0.0,0.0009100557838525423,0.0,0.0,0.0,0.0,0.0,0.0,0.0,0.0018201115677050847,0.0,0.0,0.0,0.0,0.0,0.0,5.628395978130027e-20,0.004550278919262712,3.619944655350892e-38,0.0,0.0,0.0,0.0,0.0,0.0027301673515576223,0.0,0.0,0.0,0.0,0.0,0.0,0.0,0.008190502054672881,0.0,0.0,0.0,3.962239640667653e-165,0.0,0.0,1.8919750862554858e-80,0.0036402230942366694,1.6417823731353475e-35,0.0,0.0,0.0,0.0,2.7715313278712647e-43,0.0036402231354101693,2.362781093727028e-76,0.0,0.0,0.0,0.0,0.0,0.0,0.0036402231354101693,0.0,0.0,0.0,0.0,0.0,0.0,0.0,0.005460334703115254,6.189847756153677e-35,0.0,0.0,0.0,0.0,0.002730167351557627,0.0,0.0,0.0,0.0,0.0,0.0,0.004550278919262712,0.0,0.0,0.0,0.0,0.0,0.0,0.0054603347031088,0.0,0.0,0.0,0.0,0.0,0.0,0.0,0.0018201103402665805,0.0,0.0,0.0,0.0,0.0,0.0,0.0027301673515576267,0.0,0.0,0.0,0.0,0.0,0.0,0.0,0.0,0.0,0.0,0.0,0.0,1.0191325842154426e-44,0.004550278919262712,0.0,0.0,0.0,0.0,0.0,0.0,0.0,0.0036402231354101693,0.0,0.0,0.0,0.0,0.0,0.0,0.007280446270820339,0.0,0.0,0.0,0.0,0.0,0.0,0.0,0.004550278919262712,0.0,0.0,0.0,0.0,0.0,4.2517744961411215e-46,0.002730167351557627,0.0,0.0,0.0,0.0,0.0,0.0,0.0027301673514348777,0.0,0.0,0.0,0.0,2.938047616500046e-39,0.0009100557838525423,1.359193594947591e-84,0.0,0.0,0.0,8.918403636203604e-32,0.001820111291680454,0.0,0.0,0.0,0.0,0.0,0.0,0.0,1.6152711805447038e-29,0.0,0.0,0.0,7.214586354927488e-27,2.320997613473119e-34,0.0,0.0,0.0,0.0,0.0,0.0,0.0,0.0,0.0,0.0,0.0,0.0,0.0,1.3662612978289257e-14,0.0,0.0,0.0,0.0,5.602262887413281e-34,0.0,0.0,0.0,0.0,0.0,6.478755224285013e-168,0.0,0.0,0.0,0.0,0.0,0.0,0.0,0.0,0.0,0.0,0.0,0.0,0.0,0.0,0.0,0.0,0.0,0.0,0.0,0.0,0.0,0.0,0.0,0.0
0.0,0.0,0.0,0.0,0.0,0.0,0.0,0.0,0.0,0.0,0.0,0.0,0.0,0.0015571681142003946,7.823642439150624e-149,0.0,0.0,0.0,0.0,0.0,0.0,0.004765338445551401,0.0,0.0,0.0,0.0,0.0,0.0,0.0,0.0027750829224112475,0.0,0.0,0.0,0.0,0.0,0.0,0.0,0.0,8.221088049138001e-46,0.0,0.0,0.0,0.0,0.0,0.0,0.010884769230127387,0.0,0.0,0.0,0.0,0.0,0.0,0.0,0.006540240031298536,5.916268386352048e-41,0.0,0.0,0.0,0.0,0.0,0.0,0.0048919703769729865,1.2430293991819817e-32,0.0,0.0,0.0,0.0,0.0,1.5171516375161324e-55,0.12445812323309499,4.912742579688675e-49,0.0,0.0,0.0,0.0,0.0,1.947286549854692e-61,0.08383239297814658,2.014406621695385e-48,0.0,0.0,0.0,0.0,0.0,1.7651849318698726e-38,0.024686641398460538,2.0725378237381658e-43,0.0,0.0,0.0,0.0,0.0,0.0,0.025284059692268077,0.0,0.0,0.0,0.0,0.0,0.0,2.562250091041477e-78,0.014459857088030003,2.172435380350644e-61,0.0,0.0,0.0,0.0,0.0,3.523629875228774e-30,0.05873093150390854,5.467034225784023e-64,0.0,0.0,0.0,0.0,0.0,4.3683563434929966e-64,0.031795980914065186,1.5935819135467253e-51,0.0,0.0,0.0,0.0,0.0,6.405061817406604e-39,0.03320012859047687,2.8507950169358796e-46,0.0,0.0,0.0,0.0,0.0,1.158213952735739e-40,0.05402279175363166,1.716780660612858e-52,0.0,0.0,0.0,0.0,0.0,1.4544323290797101e-49,0.06144166532391375,7.58139810996406e-39,0.0,0.0,0.0,0.0,0.0,0.0,0.04169349212911383,2.9803984044548587e-60,0.0,0.0,0.0,0.0,0.0,4.210379848080421e-65,0.0282935647602824,4.280470659237949e-36,0.0,0.0,0.0,0.0,0.0,0.0,1.5368548126251077e-7,2.2165979792060516e-46,0.0,0.0,0.0,0.0,0.0,2.2099545569104846e-59,0.049344681487979464,7.350619028540996e-57,0.0,0.0,0.0,0.0,0.0,6.367243052006846e-32,0.04653041193552179,1.3237710944291197e-40,0.0,0.0,0.0,0.0,0.0,3.582756769134077e-39,0.03607020914359724,7.243619100150786e-44,0.0,0.0,0.0,0.0,0.0,0.0,0.020320890822543517,0.0,0.0,0.0,0.0,0.0,0.0,2.5490390830191057e-25,0.02497564847644055,2.496351064744264e-60,0.0,0.0,0.0,0.0,0.0,5.33825899805894e-21,0.0030409967409644276,3.109078127929183e-43,0.0,0.0,0.0,0.0,0.0,0.0,0.008124185279578032,5.048919203976716e-58,0.0,0.0,0.0,0.0,0.0,0.0,0.0024212965294056325,6.493794832758845e-55,0.0,0.0,0.0,0.0,0.0,0.0,0.004598859143231575,2.1716677591557884e-56,0.0,0.0,0.0,0.0,0.0,0.0,0.01111373195913645,4.4760350361247006e-51,0.0,0.0,0.0,0.0,0.0,0.0,0.008779470103124505,1.943614238763059e-109,0.0,0.0,0.0,0.0,0.0,1.5492828604887713e-34,0.006650395394153503,3.0961297687413283e-46,0.0,0.0,0.0,0.0,0.0,0.0,0.011379202613255205,8.498175326929701e-50,0.0,0.0,0.0,0.0,0.0,1.1356289734837744e-20,0.0029508311001993385,1.741106295201719e-53,0.0,0.0,0.0,0.0,0.0,0.0,0.009712758953629174,3.9246959529236906e-41,0.0,0.0,0.0,0.0,0.0,0.0,0.007150634787905793,7.593878038805213e-30,0.0,0.0,0.0,0.0,0.0,0.0,5.848419069061081e-10,1.4530432985358825e-44,0.0,0.0,0.0,0.0,0.0,0.0,0.005208289265630775,0.0,0.0,0.0,0.0,0.0,0.0,0.0,0.008857635084695916,0.0,0.0,0.0,0.0,0.0,0.0,0.0,2.8190257095110462e-15,5.930505082567837e-112,0.0,0.0,0.0,0.0,0.0,0.0,0.004313034827788683,1.791012776039991e-27,0.0,0.0,0.0,0.0,0.0,0.0,0.011095275566189191,3.107708237635221e-103,0.0,0.0,0.0,0.0,0.0,0.0,0.012487873150870866,0.0,0.0,0.0,0.0,0.0,0.0,0.0,0.002360280265229379,0.0,0.0,0.0,0.0,0.0,0.0,3.007572653073679e-17,0.0,0.0,0.0,0.0,0.0,0.0,0.004162624376445959,4.453496757376473e-78,0.0,0.0,0.0,0.0,0.0,0.0,0.006955715929751445,0.0,0.0,0.0,0.0,0.0,0.0,0.0,0.003646669396542278,7.170986922397291e-36,0.0,0.0,0.0,0.0,0.0,0.0,1.4568389803408816e-26,0.0,0.0,0.0,0.0,0.0,0.0,3.4733574873045095e-7,0.0,0.0,0.0,0.0,0.0,0.0,0.0,0.0069377073037806755,0.0,0.0,0.0,0.0,0.0,0.0,0.0,0.00397127062913954,0.0,0.0,0.0,0.0,0.0,0.0,0.004162558240719443,0.0,0.0,0.0,0.0,0.0,0.0,0.0,1.0462232584189309e-27,0.0,0.0,0.0,0.0,0.0,0.0,0.0,0.004162624192804977,9.49269042886183e-26,0.0,0.0,0.0,0.0,0.0,3.074010648562604e-35,3.4529862239803566e-24,0.0,0.0,0.0,0.0,0.0,0.0,0.0055501658448314966,2.1845177582994115e-29,0.0,0.0,0.0,0.0,0.0,0.0,0.01526295607062082,3.2359345784667757e-41,0.0,0.0,0.0,0.0,0.0,0.005030063334903482,2.9624077052995024e-260,0.0,0.0,0.0,0.0,0.0,0.0,0.0029272627310290987,0.0,0.0,0.0,0.0,0.0,0.0,0.0,0.0,2.7892249253369146e-37,0.0,0.0,0.0,0.0,0.005550165844831383,1.047198586451743e-39,0.0,0.0,0.0,0.0,0.0,8.453476663117247e-29,0.0,0.0,0.0,0.0,0.0,0.0,1.529018176302728e-17,0.0,0.0,0.0,0.0,0.0,0.0,0.0,0.0027750829224157483,0.0,0.0,0.0,0.0,0.0,0.0,0.0013875414612078741,0.0,0.0,0.0,0.0,0.0,0.0,1.558927367831718e-28,0.0,0.0,0.0,0.0,0.0,0.0,0.005545874131244025,3.03824518573153e-22,0.0,0.0,0.0,0.0,0.0,0.0,0.006937707306035519,4.769344506721696e-75,0.0,0.0,0.0,0.0,0.0,0.0,0.0,0.0,0.0,0.0,0.0,0.0,0.0,1.4326957973838838e-6,0.0,0.0,0.0,0.0,0.0,0.0,0.0,0.0,0.0,0.0,0.0,0.0,0.0,8.428045397699349e-30,0.0,0.0,0.0,0.0,0.0,0.0,0.0,0.0,0.0,0.0,0.0,1.4715184609951848e-9,0.0,0.0,0.0,0.0,0.0,0.0,0.0,0.0,0.0,0.0,0.0,0.0,0.0,7.709802052342995e-57,0.0,0.0,0.0,0.0,0.0,0.002843539631183676,0.0,0.0,0.0,0.0,0.0,0.0,2.0230088862559945e-7,0.0,0.0,0.0,0.0,0.0013875414612078741,0.0,0.0,0.0,0.0,0.0,0.0,0.0,0.0,0.0,0.0,0.0,0.0,0.0,0.0,0.0,0.0,0.0,0.0,0.0,0.0,0.0,0.0,0.0,0.0,0.0,0.0,0.0,0.0,0.0,0.0,0.0,0.0,0.0
0.0,0.0,0.0,0.0,0.0,0.0,0.05466670740225975,0.024818860925861476,0.0,0.0,0.0,0.0,0.0,6.9424354174492695e-65,0.08945668986045402,4.779067674432386e-9,0.0,0.0,0.0,0.0,0.0,1.7640538640661117e-6,0.014215686479921993,1.4632053062904092e-9,0.0,0.0,0.0,0.0,0.0,0.0,0.0,6.519167780278749e-23,0.0,0.0,0.0,0.0,0.0,0.0,0.036189357556915595,2.9518651071782303e-71,0.0,0.0,0.0,0.0,0.0,8.271109380550812e-36,0.05555562639359519,0.010631754529176035,0.0,0.0,0.0,0.0,0.0,1.0288466528202028e-19,0.03170994500361695,4.87464041297158e-35,0.0,0.0,0.0,0.0,0.0,1.3589710376847664e-51,0.04525920064081301,2.0472673459581262e-42,0.0,0.0,0.0,0.0,0.0,0.0,0.015923833614262552,1.2179072499821032e-81,0.0,0.0,0.0,0.0,0.0,1.4871315793338148e-38,0.03660038386158708,6.397220948088894e-81,0.0,0.0,0.0,0.0,0.0,4.392732467872402e-67,0.021904594174152154,1.2114271625721331e-71,0.0,0.0,0.0,0.0,0.0,4.375446683680098e-185,0.009434047849585932,7.114721174998342e-76,0.0,0.0,0.0,0.0,0.0,1.3771957960485638e-65,0.05886974580848843,7.844540443654578e-88,0.0,0.0,0.0,0.0,0.0,1.0064000804043694e-56,3.0146522884556263e-19,3.0684746126112235e-72,0.0,0.0,0.0,0.0,0.0,2.0049251551686015e-67,1.4803869245324217e-17,1.504926796886169e-88,0.0,0.0,0.0,0.0,0.0,3.8967570269427296e-69,7.499240540371278e-21,0.0,0.0,0.0,0.0,0.0,0.0,2.1729081517040085e-73,1.0179755723388403e-25,1.995674388602343e-64,0.0,0.0,0.0,0.0,0.0,7.959926629923123e-52,1.6960754470699318e-29,7.312345805093163e-102,0.0,0.0,0.0,0.0,0.0,5.101943867786889e-49,0.017553655766709045,1.2480830789705103e-102,0.0,0.0,0.0,0.0,0.0,1.1961631705163017e-40,1.891878329811938e-17,1.7934255509477103e-80,0.0,0.0,0.0,0.0,0.0,3.917778273536216e-132,0.0081221344065144,1.2898397671598168e-99,0.0,0.0,0.0,0.0,0.0,5.7416454617212634e-40,4.862249623525128e-22,0.0,0.0,0.0,0.0,0.0,0.0,2.2438684902807176e-52,9.115145581732987e-5,1.297862822488689e-106,0.0,0.0,0.0,0.0,0.0,6.568542783271596e-36,0.015580046173745829,5.487519736300255e-74,0.0,0.0,0.0,0.0,0.0,3.3876303952679665e-169,2.3234554663416696e-29,0.0,0.0,0.0,0.0,0.0,0.0,2.3281352578966093e-54,0.01632531177345764,9.493802459608179e-29,0.0,0.0,0.0,0.0,0.0,0.0,0.00032546670532740743,6.584068528742348e-51,0.0,0.0,0.0,0.0,0.0,2.4611892549520988e-58,0.017292260725298297,1.59298405897769e-39,0.0,0.0,0.0,0.0,0.0,3.706219234931428e-146,0.01292218557433863,1.926848804290124e-86,0.0,0.0,0.0,0.0,0.0,1.0348400353123969e-52,0.03149964499487112,7.838025596960167e-64,0.0,0.0,0.0,0.0,0.0,7.407331485198324e-9,0.005720237105530553,0.0,0.0,0.0,0.0,0.0,0.0,7.688038871716877e-230,0.02201217194651271,0.0,0.0,0.0,0.0,0.0,0.0,6.959439222548455e-43,0.011650782274161678,4.972917327561494e-86,0.0,0.0,0.0,0.0,0.0,1.3556015460979958e-56,3.1917931699531083e-26,3.083738853736869e-82,0.0,0.0,0.0,0.0,0.0,3.842053137849585e-243,0.016275901168601174,8.91761304638022e-74,0.0,0.0,0.0,0.0,0.0,0.0,0.04274029819683372,0.0,0.0,0.0,0.0,0.0,0.0,0.0,0.0158060084862231,0.0,0.0,0.0,0.0,0.0,0.0,5.861439502978919e-243,0.013554692173642179,5.953795678161379e-55,0.0,0.0,0.0,0.0,0.0,0.006968409831356319,3.7627062723007483e-17,0.0,0.0,0.0,0.0,0.0,0.0,0.0,0.0008023920134265565,0.0,0.0,0.0,0.0,0.0,0.0,6.74107619769368e-16,0.01953662919296663,6.679576487054836e-70,0.0,0.0,0.0,0.0,0.0,0.0,1.936252675916036e-18,0.0,0.0,0.0,0.0,0.0,0.0,1.7130667772011541e-37,0.04090515488493656,0.0,0.0,0.0,0.0,0.0,0.0,4.1921873986386035e-44,2.7148386562371594e-29,1.3908194782767493e-35,0.0,0.0,0.0,0.0,0.0,0.005185757453278838,0.010978968892545732,0.0,0.0,0.0,0.0,0.0,2.1614598984620307e-156,0.013096563172324908,1.2130125551695098e-26,0.0,0.0,0.0,0.0,0.0,0.016884415236864663,0.0,0.0,0.0,0.0,0.0,0.0,1.2001421974130528e-170,9.46837749492743e-47,0.0,0.0,0.0,0.0,0.0,0.0,0.0,1.5581051677379596e-26,0.0,0.0,0.0,0.0,0.0,0.0,0.0,4.763320796510133e-21,6.3227117391430924e-46,0.0,0.0,0.0,0.0,7.419901167788712e-87,0.0028509081653370744,0.0,0.0,0.0,0.0,0.0,0.0,1.4797693926329393e-42,2.609438293291294e-28,0.0,0.0,0.0,0.0,0.0,0.0,0.0,0.011182086232556752,0.0,0.0,0.0,0.0,0.0,0.0,1.6553884663449233e-51,0.0,0.0,0.0,0.0,0.0,0.0,0.0,4.46364167501356e-9,0.0,0.0,0.0,0.0,0.0,0.0,0.0,0.009438411583906348,0.0,0.0,0.0,0.0,0.0,9.914560096952238e-40,1.0320302605281007e-13,1.0170731821868295e-72,0.0,0.0,0.0,0.0,0.0,0.0,7.938293014929265e-29,0.0,0.0,0.0,0.0,0.0,0.0,3.4320754924586195e-60,0.031801092796142474,2.7183773622702968e-64,0.0,0.0,0.0,0.0,0.0,0.0056827979802051625,0.0,0.0,0.0,0.0,0.0,0.0,0.0,2.6239080599992775e-12,3.2381314088066024e-79,0.0,0.0,0.0,0.0,0.0,0.0,0.006803764037568165,9.050526326181278e-77,0.0,0.0,0.0,0.0,9.963247028468536e-35,0.0,0.0,0.0,0.0,0.0,8.186494273352297e-228,0.022610155861391833,0.0,0.0,0.0,0.0,0.0,0.0,3.610219879465996e-57,0.0,0.0,0.0,0.0,0.0,0.0,0.0,0.00625791813693024,0.0,0.0,0.0,0.0,0.0,0.0,2.7607122749320343e-45,4.8316176263269033e-85,0.0,0.0,0.0,0.0,0.0,2.5765695483711462e-26,3.1038464836418516e-52,0.0,0.0,0.0,0.0,0.0,0.011182086232556333,0.0,0.0,0.0,0.0,0.0,0.0,3.085334590501169e-179,0.005748434723167805,0.0,0.0,0.0,0.0,0.0,0.0,5.258045739857478e-32,3.392777130283425e-76,0.0,0.0,0.0,0.0,0.0,3.3270649282264423e-236,2.3832485917624864e-11,0.0,0.0,0.0,0.0,0.0,0.0,3.104060545220443e-38,1.33e-322,0.0,0.0,0.0,0.0,0.0,4.261152329268934e-21,4.422240763253729e-55,0.0,0.0,0.0,0.0,5.107515293795425e-40,0.0,0.0,0.0,0.0,0.0,9.076745206589277e-36,0.0,0.0,0.0,0.0,0.0,0.0,3.658020638074717e-49,4.0920258216205043e-63,0.0,0.0,0.0,0.0,0.011223002668699274,0.0,0.0,0.0,0.0,0.0,1.0707923103389596e-33,0.002559842565614298,0.0,0.0,0.0,0.0,0.0,0.0,0.005591043116278376,0.0,0.0,0.0,0.0,1.5761833121825063e-16,0.0,0.0,0.0,0.0,0.0,2.0477806111267384e-58,0.0,0.0,0.0,0.0,0.0,1.2605776953620653e-60,0.0,0.0,0.0,0.0,1.1786404520342942e-56,0.0,0.0,0.0,0.0,0.0,0.0,0.0,0.0,0.0,0.0,0.0,0.0,0.0,0.0,0.0
0.0,0.0,0.0,0.0,0.0,0.0,0.0,0.0,0.0,0.0,0.015374094967823269,1.910403374855727e-43,0.0,0.0,0.0,0.0,0.0,0.0,0.002712110391243405,3.084611272845728e-92,0.0,0.0,0.0,0.0,0.0,0.0,0.00633050969263311,2.444530710364959e-48,0.0,0.0,0.0,0.0,0.0,0.0,0.0018087170550355163,1.2001898398865314e-36,0.0,0.0,0.0,0.0,0.0,3.4397090302940203e-51,0.004521792637595079,0.0,0.0,0.0,0.0,0.0,0.0,0.0,0.0027130755791072107,0.0,0.0,0.0,0.0,0.0,0.0,0.0,0.005426151165114095,0.0,0.0,0.0,0.0,0.0,0.0,4.387520813279624e-16,0.018087170550380317,6.707435135192776e-90,0.0,0.0,0.0,0.0,0.0,5.912322335997595e-51,0.14379300587552352,5.027239629946105e-51,0.0,0.0,0.0,0.0,0.0,8.41993255198366e-45,0.02351332171549441,2.1387410100645462e-51,0.0,0.0,0.0,0.0,0.0,1.130317044146526e-211,0.01989588760541835,1.5196086823564908e-56,0.0,0.0,0.0,0.0,0.0,1.4618425499511042e-56,0.024417680243013426,1.4076668887311353e-57,0.0,0.0,0.0,0.0,0.0,0.0,0.03346126551820359,2.7040702581346644e-46,0.0,0.0,0.0,0.0,0.0,9.03219667786782e-35,0.014469736440304254,5.219725466095532e-68,0.0,0.0,0.0,0.0,0.0,1.2240120618582618e-39,0.034365624045722604,2.1268235035586888e-67,0.0,0.0,0.0,0.0,0.0,1.3745543916150978e-49,0.03707869962827965,1.1206655370934332e-46,0.0,0.0,0.0,0.0,0.0,9.7393667535197e-47,0.11847096710499107,9.429041154408376e-47,0.0,0.0,0.0,0.0,0.0,4.9955516131141705e-42,0.05516587017865997,2.465147056573001e-46,0.0,0.0,0.0,0.0,0.0,1.2580307396399156e-67,0.037983058155798666,1.0440388568380033e-51,0.0,0.0,0.0,0.0,0.0,5.836927945853598e-39,0.036174341100760635,4.175469352937869e-26,0.0,0.0,0.0,0.0,0.0,6.6203536812006784e-46,0.04340920932091276,3.929713642164081e-41,0.0,0.0,0.0,0.0,0.0,1.719033027745586e-40,0.037983058155798666,7.076020020395731e-50,0.0,0.0,0.0,0.0,0.0,1.7397413758996749e-37,0.034365624045722604,1.4214582669553527e-35,0.0,0.0,0.0,0.0,0.0,2.499927912182674e-36,0.027130755825570473,7.451595708119524e-36,0.0,0.0,0.0,0.0,0.0,5.7643370342786866e-52,0.032556906990684566,0.0,0.0,0.0,0.0,0.0,0.0,2.3413874964297827e-31,0.02351332171549441,0.0,0.0,0.0,0.0,0.0,0.0,2.999449754097479e-44,0.02170460466045638,0.0,0.0,0.0,0.0,0.0,0.0,4.829787008306227e-68,0.01989588760541835,0.0,0.0,0.0,0.0,0.0,0.0,5.260522204447704e-43,0.018087170550380317,0.0,0.0,0.0,0.0,0.0,0.0,1.0414993113526097e-68,0.013565377912785236,0.0,0.0,0.0,0.0,0.0,0.0,1.95295094545526e-48,0.022608963187975395,0.0,0.0,0.0,0.0,0.0,0.0,0.0,0.01085230233022819,0.0,0.0,0.0,0.0,0.0,0.0,9.109387916454203e-39,0.007234868220152127,0.0,0.0,0.0,0.0,0.0,0.0,0.0,0.009043585275190159,0.0,0.0,0.0,0.0,0.0,0.0,3.0776029937141706e-41,0.008139226747671141,0.0,0.0,0.0,0.0,0.0,0.0,4.546628572474361e-51,0.0027130755825570474,0.0,0.0,0.0,0.0,0.0,0.0,2.509593152362105e-60,0.00633050969263311,0.0,0.0,0.0,0.0,0.0,0.0,1.7118161154652114e-38,0.004521792637595079,0.0,0.0,0.0,0.0,0.0,0.0,0.0,0.0018087170550380317,0.0007426367718335481,0.0,0.0,0.0,0.0,0.0,2.8365286074604623e-51,0.0027130755825570474,0.0,0.0,0.0,0.0,0.0,0.0,3.325493777172457e-55,0.0009043585275190158,0.0,0.0,0.0,0.0,0.0,0.0,9.888011063840754e-36,0.0009043585275190158,0.0,0.0,0.0,0.0,0.0,0.0,0.0,0.0018087170550380317,0.0,0.0,0.0,0.0,0.0,0.0,1.6285843309342863e-43,0.0,0.0,0.0,0.0,0.0,0.0,0.0,1.2611452384009753e-43,0.0018087170550380317,0.0,0.0,0.0,0.0,0.0,0.0,0.0008479251529704951,0.0,0.0,0.0,0.0,0.0,0.0,0.0,0.0,0.0,0.0,0.0,0.0,0.0,1.3996226539089214e-27,0.0,0.0,0.0,0.0,0.0,0.0,0.0,0.0,0.0,0.0,0.0,0.0,0.0,0.0,0.0,0.0,0.0,0.0,0.0,0.0,0.0,0.0,0.0,0.0,0.0,0.0,0.0,0.0,0.0,0.0,0.0,0.0,0.0,0.0,0.0,0.0,0.0,0.0,0.0,0.0018087170550380317,0.0,0.0,0.0,0.0,0.0,0.0,0.0,0.0,0.0,0.0,0.0,0.0,0.0,0.0,0.0,0.0,0.0,0.0,0.0,0.0,0.0,1.0136206626093249e-46,0.0,0.0,0.0,0.0,0.0,0.0,0.0,0.0,0.0,0.0,0.0,0.0,0.0,0.0,0.0,0.0,0.0,0.0,0.0,0.0,0.0,0.0,1.9570484083787724e-31,0.0009043585275190158,0.0,0.0,0.0,0.0,0.0,0.0,0.0018087170550380317,0.0,0.0,0.0,0.0,0.0,0.0,0.0,0.0,0.0,0.0,0.0,0.0,0.0,0.0,0.0,0.0009043585275190158,0.0,0.0,0.0,0.0,0.0,0.0,0.0,0.0,0.0,0.0,0.0,0.0,0.0,0.0,0.0,0.0,0.0,0.0,0.0,0.0,0.0,0.0,0.0,0.0,0.0,0.0,0.0,0.0,0.0,0.0,0.0,0.0,0.0,0.0,0.0,0.0,0.0,0.0,0.0,0.0,0.0,0.0009043585275190158,0.0,0.0,0.0,0.0,0.0,0.0,0.0,0.0,0.0,0.0,0.0,0.0,0.0,0.0,0.0009043585275190158,0.0,0.0,0.0,0.0,0.0,0.0,0.0,0.0,0.0,0.0,0.0,0.0,0.0,0.0,0.0,0.0,0.0,0.0,0.0,0.0,0.0,0.0,0.0,0.0,0.0,0.0,0.0,0.0,0.0009029474576576547,0.0,0.0,0.0,0.0,0.0,0.0,0.0,0.0,0.0,0.0,0.0,0.0,0.0,0.0,0.0,0.0,0.0,0.0,0.0,0.0,0.0,0.0,0.0,0.0009043584863485323,0.0,0.0,0.0,0.0,0.0,0.0,0.0,0.0,0.0,0.0,0.0,0.0,0.0,0.0,0.0,0.0,0.0,0.0,0.0,0.0,0.0,0.0,0.0,0.0,0.0,0.0,0.0,0.0,0.0,0.0,0.0,0.0,0.0,0.0,0.0,0.0,0.0,0.0,0.0,0.0,0.0,0.0,0.0,0.0,0.0,0.0,0.0,0.0
0.0,0.0,0.0,0.0,0.0,0.0,0.0,0.0,0.0,0.0,0.0,0.0,0.0,0.012798240190628495,1.4156874555461577e-68,0.0,0.0,0.0,0.0,0.0,0.0,0.004107057370286077,0.0,0.0,0.0,0.0,0.0,0.0,0.0,8.510326026538863e-15,0.0,0.0,0.0,0.0,0.0,0.0,0.0,0.0,1.9020750184572656e-44,0.0,0.0,0.0,0.0,0.0,0.0,0.0004076222306803268,0.0,0.0,0.0,0.0,0.0,0.0,0.0,0.0007515988521439549,3.019816663589355e-59,0.0,0.0,0.0,0.0,0.0,0.0,0.011739827484804396,2.2634389798933654e-43,0.0,0.0,0.0,0.0,0.0,5.936852705586829e-149,0.10837115100010417,2.0726868582673173e-62,0.0,0.0,0.0,0.0,0.0,1.7730725773383304e-157,0.07236981158749853,3.536106708275139e-52,0.0,0.0,0.0,0.0,0.0,5.075552158273756e-146,0.008418088317522405,1.4229881978334476e-48,0.0,0.0,0.0,0.0,0.0,0.0,0.028278786679770067,0.0,0.0,0.0,0.0,0.0,0.0,1.0827327712909354e-171,0.048747033425426335,2.942657259133432e-46,0.0,0.0,0.0,0.0,0.0,1.2877818885650513e-132,0.05948853608696079,2.086304888917782e-68,0.0,0.0,0.0,0.0,0.0,1.8472269881536877e-153,0.034331535230794775,5.887069833107565e-62,0.0,0.0,0.0,0.0,0.0,1.420295576840067e-158,0.023804934032752217,3.8221743641818044e-50,0.0,0.0,0.0,0.0,0.0,1.3020892577070321e-171,0.00017269331342227383,6.623245218498874e-64,0.0,0.0,0.0,0.0,0.0,8.87435825556967e-165,0.056986418500836994,9.990869767312648e-52,0.0,0.0,0.0,0.0,0.0,0.0,0.03922983298089469,3.6600839441814415e-64,0.0,0.0,0.0,0.0,0.0,7.902793628830693e-148,0.03045930117511333,6.858201045021238e-53,0.0,0.0,0.0,0.0,0.0,0.0,0.06034710557080764,2.0116486364160254e-59,0.0,0.0,0.0,0.0,0.0,4.379958811107912e-222,0.006395061527091368,4.00604960765558e-46,0.0,0.0,0.0,0.0,0.0,1.37338471231356e-211,0.016964361621248914,1.0558316539009783e-56,0.0,0.0,0.0,0.0,0.0,2.0240891728105187e-206,1.1097817495521227e-5,5.1669510834721134e-54,0.0,0.0,0.0,0.0,0.0,0.0,0.006178394100788858,0.0,0.0,0.0,0.0,0.0,0.0,2.464567542637177e-200,1.849847490620861e-7,4.91050352961755e-46,0.0,0.0,0.0,0.0,0.0,4.231066314240081e-188,0.046725561854487216,4.9201373498434755e-87,0.0,0.0,0.0,0.0,0.0,0.0,0.03711340278215997,4.116694459762451e-67,0.0,0.0,0.0,0.0,0.0,0.0,0.0137879987684366,3.707976590694112e-56,0.0,0.0,0.0,0.0,0.0,0.0,0.03328449082540787,1.9370599322457022e-55,0.0,0.0,0.0,0.0,0.0,0.0,0.018341255849959416,5.77379984296197e-52,0.0,0.0,0.0,0.0,0.0,0.0,0.0096362802346852,2.899216197648328e-95,0.0,0.0,0.0,0.0,0.0,8.438401083462381e-197,0.01890989716047287,2.1342870700084067e-39,0.0,0.0,0.0,0.0,0.0,0.0,0.020463062010835902,2.16945642739867e-60,0.0,0.0,0.0,0.0,0.0,7.011634599653539e-163,0.015410464402588194,1.1499427066906198e-65,0.0,0.0,0.0,0.0,0.0,0.0,5.9139770175457335e-8,1.2126127691626777e-71,0.0,0.0,0.0,0.0,0.0,0.0,0.00484496010240569,6.819114131817083e-47,0.0,0.0,0.0,0.0,0.0,0.0,0.0209903975673,1.22182726299475e-38,0.0,0.0,0.0,0.0,0.0,0.0,9.918819134406197e-8,0.0,0.0,0.0,0.0,0.0,0.0,0.0,0.0016170730656341586,0.0,0.0,0.0,0.0,0.0,0.0,0.0,0.018366598839060746,8.433287658530084e-54,0.0,0.0,0.0,0.0,0.0,0.0,0.0075869778044477115,4.029325734893142e-25,0.0,0.0,0.0,0.0,0.0,0.0,9.560979835849334e-6,4.600547930782457e-43,0.0,0.0,0.0,0.0,0.0,0.0,3.2275754146104396e-21,0.0,0.0,0.0,0.0,0.0,0.0,0.0,0.008845974051469979,0.0,0.0,0.0,0.0,0.0,0.0,0.015742799004913995,0.0,0.0,0.0,0.0,0.0,0.0,1.3572748628470607e-11,8.33777370194835e-81,0.0,0.0,0.0,0.0,0.0,0.0,0.0052135458938913975,0.0,0.0,0.0,0.0,0.0,0.0,0.0,0.003599455443286815,1.7942242192678475e-37,0.0,0.0,0.0,0.0,0.0,0.0,0.002623799834152342,0.0,0.0,0.0,0.0,0.0,0.0,0.007870742700836755,0.0,0.0,0.0,0.0,0.0,0.0,0.0,4.271123361369837e-12,0.0,0.0,0.0,0.0,0.0,0.0,0.0,0.00036184428596656054,0.0,0.0,0.0,0.0,0.0,0.0,1.2507427407920916e-7,0.0,0.0,0.0,0.0,0.0,0.0,0.0,0.002623799834152342,0.0,0.0,0.0,0.0,0.0,0.0,0.0,3.6083241054156974e-10,1.7749793299791872e-69,0.0,0.0,0.0,0.0,0.0,0.005247599668304684,3.2463149604683587e-38,0.0,0.0,0.0,0.0,0.0,0.0,1.2714363241402988e-36,9.165390797788428e-29,0.0,0.0,0.0,0.0,0.0,0.0,5.0409420594086436e-12,5.355758923922692e-41,0.0,0.0,0.0,0.0,0.0,0.0062310981203822155,2.613579421328846e-41,0.0,0.0,0.0,0.0,0.0,0.0,0.002336032320341649,0.0,0.0,0.0,0.0,0.0,0.0,0.0,0.0,2.346460777265614e-46,0.0,0.0,0.0,0.0,2.1429548784115885e-16,1.545445431905982e-38,0.0,0.0,0.0,0.0,0.0,0.005247599668304684,0.0,0.0,0.0,0.0,0.0,0.0,0.0026237998341523128,0.0,0.0,0.0,0.0,0.0,0.0,0.0,7.818552918556144e-26,0.0,0.0,0.0,0.0,0.0,0.0,3.9184955211403525e-30,0.0,0.0,0.0,0.0,0.0,0.0,0.002623799834152342,0.0,0.0,0.0,0.0,0.0,0.0,8.11550336609962e-6,1.5862960963078207e-37,0.0,0.0,0.0,0.0,0.0,0.0,7.282584839307928e-15,3.5145613991763403e-25,0.0,0.0,0.0,0.0,0.0,0.0,0.0,0.0,0.0,0.0,0.0,0.0,0.0,0.007868690317109659,0.0,0.0,0.0,0.0,0.0,0.0,0.0,0.0,0.0,0.0,0.0,0.0,0.0,0.002623799834152342,0.0,0.0,0.0,0.0,0.0,0.0,0.0,0.0,0.0,0.0,0.0,0.0026237970515544866,0.0,0.0,0.0,0.0,0.0,0.0,0.0,0.0,0.0,0.0,0.0,0.0,0.0,2.6784000942687553e-52,0.0,0.0,0.0,0.0,0.0,0.007741949892385161,0.0,0.0,0.0,0.0,0.0,0.0,0.010494816791616757,0.0,0.0,0.0,0.0,2.5707897215780397e-71,0.0,0.0,0.0,0.0,0.0,0.0,0.0,0.0,0.0,0.0,0.0,0.0,0.0,0.0,0.0,0.0,0.0,0.0,0.0,0.0,0.0,0.0,0.0,0.0,0.0,0.0,0.0,0.0,0.0,0.0,0.0,0.0,0.0
0.0,0.0,0.0,0.0,0.0,0.0,0.0,0.0,0.0,0.0,1.3471878309093022e-42,0.009072929085096222,0.0,0.0,0.0,0.0,0.0,0.0,9.683230793714276e-7,0.005443757451057733,0.0009072929085096221,0.0,0.0,0.0,0.0,0.0,0.0,0.007258343268076977,0.0,0.0,0.0,0.0,0.0,0.0,2.523560799222252e-15,0.0036291716340384884,0.0,0.0,0.0,0.0,0.0,0.0,1.0081802433083874e-34,0.0063510503595673555,0.0,0.0,0.0,0.0,0.0,0.0,3.4610303748215112e-12,0.007258343268076977,0.0,0.0,0.0,0.0,0.0,0.0,0.0,0.0063510503595673555,0.0,0.0,0.0,0.0,0.0,0.0,1.6546162589375437e-31,0.18599504624447255,1.059913419581684e-39,0.0,0.0,0.0,0.0,0.0,7.855419925492622e-46,0.2132138334997612,2.059768955262114e-34,0.0,0.0,0.0,0.0,0.0,1.455734719678651e-29,0.0326625447063464,2.633558618839798e-44,0.0,0.0,0.0,0.0,0.0,3.291294890526931e-41,0.04264276669995224,1.6105038086319024e-33,0.0,0.0,0.0,0.0,0.0,1.8598343528037114e-53,0.029033373072307907,4.052442034557156e-41,0.0,0.0,0.0,0.0,0.0,2.377514186959651e-33,0.048086524151009974,2.8019919899897968e-80,0.0,0.0,0.0,0.0,0.0,1.055374491730531e-59,0.025404201438269422,2.850375017153768e-51,0.0,0.0,0.0,0.0,0.0,2.3000117729192e-56,0.0244969085297598,1.3025273081883395e-81,0.0,0.0,0.0,0.0,0.0,1.6351201674370728e-54,0.04627193833399073,3.808867892854419e-42,0.0,0.0,0.0,0.0,0.0,3.6026885728828986e-40,0.1723856526168282,1.1080110217185859e-52,0.0,0.0,0.0,0.0,0.0,3.6834969400677055e-46,0.05262298869355808,0.0,0.0,0.0,0.0,0.0,0.0,1.3283005716644876e-64,0.02086773689572131,1.6241775696376684e-70,0.0,0.0,0.0,0.0,0.0,1.6947332331975052e-62,0.010887514902115467,0.0,0.0,0.0,0.0,0.0,0.0,4.1463509289648027e-81,0.017238565261682822,4.1136106813736284e-58,0.0,0.0,0.0,0.0,0.0,4.935410072755543e-74,0.01996044398721169,8.686376768539607e-68,0.0,0.0,0.0,0.0,0.0,0.0,0.004536464542548111,3.904349634371533e-56,0.0,0.0,0.0,0.0,0.0,0.0,0.004536464542548111,0.0,0.0,0.0,0.0,0.0,0.0,3.9282612870703223e-106,0.0018145858170192442,0.0,0.0,0.0,0.0,0.0,0.0,4.713681841063322e-66,0.0,0.0,0.0,0.0,0.0,0.0,0.0,0.0,0.0,0.0,0.0,0.0,0.0,0.0,0.0,1.831305015706833e-63,0.0,0.0,0.0,0.0,0.0,0.0,0.0,0.0,0.0,0.0,0.0,0.0,0.0,0.0,0.0,7.817155272892709e-56,0.0,0.0,0.0,0.0,0.0,0.0,0.0,0.0,0.0,0.0,0.0,0.0,0.0,0.0,0.0,0.0,0.0,0.0,0.0,0.0,0.0,0.0,0.0,0.0,0.0,0.0,0.0,0.0,0.0,0.0,0.0,0.0,0.0009072929085096221,0.0,0.0,0.0,0.0,0.0,0.0,0.0,0.0,0.0,0.0,0.0,0.0,0.0,0.0,0.0,0.0,0.0,0.0,0.0,0.0,0.0,0.0,4.020320887189849e-40,0.0,0.0,0.0,0.0,0.0,0.0,0.0,0.0,0.0,0.0,0.0,0.0,0.0,0.0,0.0,0.0,0.00016224649585345487,0.0,0.0,0.0,0.0,0.0,0.0,0.0,0.0,0.0,0.0,0.0,0.0,0.0,0.0,0.0,0.0,0.0,0.0,0.0,0.0,0.0,0.0,0.0,0.0,0.0,0.0,0.0,0.0,0.0,0.0,0.0,0.0,0.0,0.0,0.0,0.0,0.0,0.0,0.0,0.0,0.0,0.0,0.0,0.0,0.0,0.0,0.0,0.0,0.0,0.0,0.0,0.0,0.0,0.0,0.0,0.0,0.0,0.0,0.0,0.0,0.0,0.0,0.0,0.0,0.0,0.0,0.0,0.0,0.0,0.0,0.0,0.0,0.0,0.0,0.0,0.0,0.0,0.0,0.0,0.0,0.0,0.0,0.0,0.0,0.0,0.0,0.0,0.0,0.0,0.0,0.0,0.0,0.0,0.0,0.0,0.0,0.0,0.0,0.0,0.0,0.0,0.0,0.0,0.0,0.0,0.0,0.0,0.0,0.0,0.0,0.0,0.0,0.0,0.0,0.0,0.0,0.0,0.0,0.0,0.0,0.0,0.0,0.0,0.0,0.0,0.0,0.0,0.0,0.0,0.0,0.0,0.0,0.0,0.0,0.0,0.0,0.0,0.0,0.0,0.0,0.0,0.0,0.0,0.0,0.0,0.0,0.0,0.0,0.0,0.0,0.0,0.0,0.0,0.0,0.0,0.0,0.0,0.0,0.0,0.0,0.0,0.0,0.0,0.0,0.0,0.0,0.0,0.0,0.0,0.0,0.0,0.0,0.0,0.0,0.0,0.0,0.0,0.0,0.0,0.0,0.0,0.0,0.0,0.0,0.0,0.0,0.0,0.0,0.0,0.0,0.0,0.0,0.0,0.0,0.0,0.0,0.0,0.0,0.0,0.0,0.0,0.0,0.0,0.0,0.0,0.0,0.0,0.0,0.0,0.0,0.0,0.0,0.0,0.0,0.0,0.0,0.0,0.0,0.0,0.0,0.0,0.0,0.0,0.0,0.0,0.0,0.0,0.0,0.0,0.0,0.0,0.0,0.0,0.0,0.0,0.0,0.0,0.0,0.0,0.0,0.0,0.0,0.0,0.0,0.0,0.0,0.0,0.0,0.0,0.0,0.0,0.0,0.0,0.0,0.0,0.0,0.0,0.0,0.0,0.0,0.0,0.0,0.0,0.0,0.0,0.0,0.0,0.0,0.0,0.0,0.0,0.0,0.0,0.0,0.0,0.0,0.0,0.0,0.0,0.0,0.0,0.0,0.0,0.0,0.0,0.0,0.0,0.0,0.0,0.0,0.0,0.0,0.0,0.0,0.0,0.0,0.0,0.0,0.0,0.0,0.0,0.0,0.0,0.0,0.0,0.0,0.0,0.0,0.0,0.0,0.0,0.0,0.0,0.0,0.0,0.0,0.0,0.0,0.0,0.0,0.0,0.0,0.0,0.0,0.0,0.0,0.0,0.0,0.0,0.0,0.0,0.0,0.0,0.0,0.0
0.0,0.0,0.0,0.0,0.0,0.0,6.668779480957501e-28,0.0023329199868905495,8.885528011602751e-54,0.0,0.0,0.0,0.0,0.0,4.7933548847394033e-82,0.018219100498470586,2.0250509294691463e-51,0.0,0.0,0.0,0.0,0.0,0.0,0.008198595336306586,3.142644673765946e-51,0.0,0.0,0.0,0.0,0.0,0.0,0.007287640510851825,0.0,0.0,0.0,0.0,0.0,0.0,0.0,0.010931460766277738,0.0,0.0,0.0,0.0,0.0,0.0,1.3109361104878582e-137,0.01375399213311522,1.7926958699555622e-51,0.0,0.0,0.0,0.0,0.0,3.112277995422846e-42,0.007287640510851825,0.0,0.0,0.0,0.0,0.0,0.0,2.0852150474075602e-34,0.007287640510851825,4.108259886950289e-32,0.0,0.0,0.0,0.0,0.0,4.35639456479349e-45,0.104759832343495,2.697232755467395e-52,0.0,0.0,0.0,0.0,0.0,4.959468461194512e-51,0.04645870825668039,1.877035253765981e-41,0.0,0.0,0.0,0.0,0.0,1.8339780999846778e-45,0.03370533736268969,4.788044571872069e-62,0.0,0.0,0.0,0.0,0.0,3.8144581095377224e-47,0.0291505620434073,3.3301519912791075e-68,0.0,0.0,0.0,0.0,0.0,1.3923583173567906e-35,0.045547753192823906,6.974986778731134e-48,0.0,0.0,0.0,0.0,0.0,6.448752960697839e-56,0.030972472171120258,9.5876457869739e-44,0.0,0.0,0.0,0.0,0.0,1.5785521118993213e-39,0.03917106774582856,4.2680618190867507e-50,0.0,0.0,0.0,0.0,0.0,0.0,0.020041011404842518,2.9752085682355204e-50,0.0,0.0,0.0,0.0,0.0,2.617123123270013e-64,0.0583011240868146,1.0902982080194425e-49,0.0,0.0,0.0,0.0,0.0,5.479830734400149e-65,0.05283539370367574,7.985912690893367e-36,0.0,0.0,0.0,0.0,0.0,7.259189936137494e-44,0.03279438229883321,8.619356207918478e-72,0.0,0.0,0.0,0.0,0.0,9.613597035898085e-67,0.03917106774582856,1.4279190106285175e-74,0.0,0.0,0.0,0.0,0.0,1.7263132204410182e-75,0.04372584306511095,1.1392099137509798e-52,0.0,0.0,0.0,0.0,0.0,1.3465585627650782e-53,0.03279438229883321,1.433492469776023e-48,0.0,0.0,0.0,0.0,0.0,0.0,0.025506741787981388,1.0832831002717517e-43,0.0,0.0,0.0,0.0,0.0,5.129427877191323e-56,0.022773876596411953,1.0274761728859742e-68,0.0,0.0,0.0,0.0,0.0,4.823366488431372e-41,0.017308146213273087,4.0493690953362673e-41,0.0,0.0,0.0,0.0,0.0,0.0,0.012753370893990694,2.873315448576403e-52,0.0,0.0,0.0,0.0,0.0,6.462390339323343e-41,0.013664325957847173,4.8511917737184537e-29,0.0,0.0,0.0,0.0,0.0,0.0,0.005465730383138869,7.783859188553478e-42,0.0,0.0,0.0,0.0,0.0,2.5078697650774224e-53,0.018219101277129564,2.6750093386767416e-36,0.0,0.0,0.0,0.0,0.0,1.3477459553135445e-32,0.010931460766277738,0.0,0.0,0.0,0.0,0.0,0.0,0.0,0.004554775319282391,1.4922891796009377e-58,0.0,0.0,0.0,0.0,0.0,0.0,0.005465730383138869,0.0,0.0,0.0,0.0,0.0,0.0,2.901985135920957e-38,0.010020505702421259,4.507162010853501e-43,0.0,0.0,0.0,0.0,0.0,8.774149349442515e-52,0.009109550638564782,1.195135893105213e-43,0.0,0.0,0.0,0.0,0.0,7.353906610557459e-43,0.005465730383138869,9.952970605742434e-49,0.0,0.0,0.0,0.0,0.0,0.0,0.005465730383138869,0.0,0.0,0.0,0.0,0.0,0.0,6.046106788535896e-53,0.0027328651915694345,4.149764469284688e-50,0.0,0.0,0.0,0.0,0.0,7.417698901605108e-28,0.007287640510851825,5.326248729679749e-41,0.0,0.0,0.0,0.0,0.0,0.0,0.004554775319282391,0.0,0.0,0.0,0.0,0.0,0.0,0.0,0.0036438202554259125,0.0,0.0,0.0,0.0,0.0,0.0,0.0,0.0036438202554259125,0.0,0.0,0.0,0.0,0.0,0.0,0.0,0.0027328651915694345,0.0,0.0,0.0,0.0,0.0,0.0,6.327846316917354e-51,0.0018219101277129562,3.0463771451238436e-35,0.0,0.0,0.0,0.0,0.0,0.0,0.0018219101277102583,0.0,0.0,0.0,0.0,0.0,0.0,0.0,0.0018219101277129562,0.0,0.0,0.0,0.0,0.0,9.072359201347148e-13,0.00016073499331880248,0.0,0.0,0.0,0.0,0.0,0.0,0.0027328651915694345,0.0,0.0,0.0,0.0,0.0,0.0,0.0,0.0018219101277129562,0.0,0.0,0.0,0.0,0.0,0.0,0.0,0.0009109550638564781,0.0,0.0,0.0,0.0,0.0,0.0,8.291278948607239e-26,0.002732865191456809,0.0,0.0,0.0,0.0,0.0,0.0,0.0009109550638564781,0.0,0.0,0.0,0.0,0.0,0.0,0.0,0.0,0.0,0.0,0.0,0.0,0.0,0.0,0.0,0.0018219101277129562,0.0,0.0,0.0,0.0,0.0,0.0,0.0009109550638564781,0.0,0.0,0.0,0.0,0.0,0.0,0.0,0.0018219101277129562,0.0,0.0,0.0,0.0,0.0,0.0,4.8159536818082425e-27,0.0018219101277129562,0.0,0.0,0.0,0.0,0.0,1.6352995323987447e-34,0.006376685446995347,0.0,0.0,0.0,0.0,0.0,0.0,2.0354433542197157e-30,0.0036438202554259125,0.0,0.0,0.0,0.0,0.0,0.0,0.0,0.004554775319282391,0.0,0.0,0.0,0.0,0.0,0.0,0.004554775319282391,0.0,0.0,0.0,0.0,0.0,0.0,1.8269485992611022e-31,0.007287640510851825,1.5604814389936373e-24,0.0,0.0,0.0,0.0,0.0,0.0,0.005465730383138869,1.4042124717698134e-36,0.0,0.0,0.0,1.183895888345666e-32,0.0009109550638564781,0.0,0.0,0.0,0.0,0.0,7.090669569910249e-36,0.0036438202554259125,0.0,0.0,0.0,0.0,0.0,0.0,0.0036438202554259125,4.0834999836048414e-33,0.0,0.0,0.0,0.0,0.0,0.0,0.004554775319282391,1.2286514087519552e-9,0.0,0.0,0.0,0.0,2.79715986549525e-24,0.004554775319282391,3.8635313357464854e-19,0.0,0.0,0.0,0.0,0.0008318387731780831,0.0027328651915440967,0.0,0.0,0.0,0.0,0.0,0.0,0.004554775319282391,0.0,0.0,0.0,0.0,0.0,0.0,5.723937663606654e-35,0.011842415830134217,0.0,0.0,0.0,0.0,0.0,1.5775327285146349e-29,0.004554775319282391,0.0,0.0,0.0,0.0,0.0,0.0,0.0,0.005465730383138869,7.89498476485083e-105,0.0,0.0,0.0,0.0,0.0,0.005465730383138869,0.0,0.0,0.0,0.0,0.0,0.0,0.0027328651915694345,0.0,0.0,0.0,0.0,0.0,0.0036438202554259125,0.0,0.0,0.0,0.0,0.0,0.0027328651915694345,0.0,0.0,0.0,0.0,0.0,1.0121355790962917e-16,0.0027328651915694345,0.0,0.0,0.0,0.0,0.0,0.0018219101277129562,0.0,0.0,0.0,0.0,0.0,0.0,0.0009109550638564781,0.0,0.0,0.0,0.0,0.0,0.0,0.0,0.0,0.0,0.0,0.0,0.0009109550638564781,0.0,0.0,0.0,0.0,0.0,0.0009109550638564781,0.0,0.0,0.0,0.0,0.0018219101277129562,0.0,0.0,0.0,0.0,0.0,0.0,0.0,0.0,0.0,0.0,0.0,0.0,0.0,0.0,0.0,0.0,0.0,0.0,0.0,0.0
0.0,0.0,0.0,0.0,0.0,0.0,0.0,0.0,0.0,0.0018095777321025487,2.365758181625128e-54,0.0,0.0,0.0,0.0,0.0,0.0,1.2034054981039145e-91,0.0,0.0,0.0,0.0,0.0,0.0,0.0,8.312747319338666e-26,1.784715492937069e-49,0.0,0.0,0.0,0.0,0.0,8.331583229344507e-29,0.0,0.0,0.0,0.0,0.0,0.0,0.0,0.0,0.0036191554694527898,0.0,0.0,0.0,0.0,0.0,0.0,2.1692637310420268e-40,0.0009047888673539117,2.5029724908470235e-19,0.0,0.0,0.0,0.0,0.0,6.148783047421837e-53,0.0,2.2124264773344364e-48,0.0,0.0,0.0,0.0,0.0,1.7385877232733358e-80,0.006333522071541943,6.033962911518917e-85,0.0,0.0,0.0,0.0,0.0,6.059107017352805e-61,0.034381976959801504,3.824041695917692e-69,0.0,0.0,0.0,0.0,0.0,6.446357705640553e-39,0.009047888673631974,3.0693613071388096e-60,0.0,0.0,0.0,0.0,0.0,1.7071660460755987e-40,0.019000566214627146,0.0,0.0,0.0,0.0,0.0,0.0,0.0,0.012667044143084763,5.080069243860983e-42,0.0,0.0,0.0,0.0,0.0,4.181681696716858e-41,0.00995267754099517,0.0,0.0,0.0,0.0,0.0,0.0,1.5736247390592609e-56,0.01085746640835837,0.0,0.0,0.0,0.0,0.0,0.0,2.902622683078964e-48,0.05609690977651824,1.7026483927846621e-49,0.0,0.0,0.0,0.0,0.0,2.3832634689960635e-62,0.02714366602089592,9.149882568699167e-88,0.0,0.0,0.0,0.0,0.0,2.6496707028209427e-39,0.034381976959801504,3.0479699757159467e-58,0.0,0.0,0.0,0.0,0.0,4.706693723254296e-71,0.035286765827164696,7.381422593411133e-63,0.0,0.0,0.0,0.0,0.0,1.923023644427646e-52,0.036191554694527894,1.0415007519744587e-51,0.0,0.0,0.0,0.0,0.0,1.2552157113010363e-53,0.036191554694527894,1.972593469097472e-56,0.0,0.0,0.0,0.0,0.0,5.389276172120423e-27,0.04162028789870708,1.895365017445385e-65,0.0,0.0,0.0,0.0,0.0,3.749102083799517e-64,0.030762821490348712,1.3890403569309186e-50,0.0,0.0,0.0,0.0,0.0,1.3151608322976714e-49,0.033477188092438305,1.801695083360777e-49,0.0,0.0,0.0,0.0,0.0,7.895851510416969e-23,0.03709634356189109,3.3103176276821857e-47,0.0,0.0,0.0,0.0,0.0,4.947742368944994e-60,0.04342986563343348,1.1052650119249185e-80,0.0,0.0,0.0,0.0,0.0,3.516627103052736e-47,0.030762821490348712,4.4937107955489e-52,0.0,0.0,0.0,0.0,0.0,8.77707800989946e-33,0.036191554694527894,8.296950619050943e-63,0.0,0.0,0.0,0.0,0.0,3.142416945203511e-27,0.032572399225075106,5.17110004319291e-50,0.0,0.0,0.0,0.0,0.0,6.502560742915459e-44,0.03166761035771191,1.1617337429637216e-48,0.0,0.0,0.0,0.0,0.0,5.730831577727979e-38,0.029858032622985513,6.112615379913536e-50,0.0,0.0,0.0,0.0,0.0,1.221795648190321e-41,0.028953243755622318,8.421192634261666e-47,0.0,0.0,0.0,0.0,0.0,7.332655920442783e-24,0.025334088286169527,3.361392955490091e-39,0.0,0.0,0.0,0.0,0.0,5.598054458867767e-37,0.018095777347263947,3.411324117115461e-37,0.0,0.0,0.0,0.0,0.0,0.0,0.016286199612537553,4.372403875166762e-45,0.0,0.0,0.0,0.0,0.0,1.3515142144127676e-28,0.01357183301044796,5.989767119872538e-32,0.0,0.0,0.0,0.0,0.0,0.0,0.01357183301044796,0.0,0.0,0.0,0.0,0.0,0.0,0.0010552179349785356,0.017190988479900752,9.937014315506838e-35,0.0,0.0,0.0,0.0,0.0,0.0,0.00995267754099517,3.386926871740979e-24,0.0,0.0,0.0,0.0,0.0,0.0018095777347263949,0.015381410745174356,0.0,0.0,0.0,0.0,0.0,0.0,0.0,0.00995267754099517,0.0,0.0,0.0,0.0,0.0,0.0,5.346258280399585e-33,0.011762255275721566,0.0,0.0,0.0,0.0,0.0,0.0,0.0,0.009047888673631974,0.0,0.0,0.0,0.0,0.0,0.0,5.971664616116743e-29,0.005428733204179185,0.0,0.0,0.0,0.0,0.0,0.0,0.0,0.0072383109389055796,0.0,0.0,0.0,0.0,0.0,0.0,0.0,0.0072383109389055796,6.777368555430166e-24,0.0,0.0,0.0,0.0,0.0,0.01085746640835837,5.646022842214589e-5,0.0,0.0,0.0,0.0,0.0,0.0027143666020895923,0.0,0.0,0.0,0.0,0.0,0.0,0.0,0.0027143666020895923,0.0,0.0,0.0,0.0,0.0,0.0,0.0,0.006333522071542382,0.0,0.0,0.0,0.0,0.0,0.0,0.0,0.0036191554694527898,0.0,0.0,0.0,0.0,0.0,1.7226167881830539e-10,0.0027143666020895923,0.0,0.0,0.0,0.0,0.0,0.0,0.0,0.0018095777347263949,0.0,0.0,0.0,0.0,0.0,0.0,0.0,0.005428733204179185,2.8070387800185945e-28,0.0,0.0,0.0,0.0,0.0,0.0018095777347263949,0.0,0.0,0.0,0.0,0.0,0.0,0.0,0.0018095777347263949,0.0,0.0,0.0,0.0,0.0,0.0,3.4397186742687176e-43,0.004523944336815987,0.0,0.0,0.0,0.0,0.0,4.691858966605758e-18,0.0009047888673631974,0.0,0.0,0.0,0.0,0.0,0.0,3.738408744879397e-26,0.004523944336815987,0.0,0.0,0.0,0.0,0.0,0.0,4.093520983164153e-11,0.0036191554694527898,0.0,0.0,0.0,0.0,0.0,0.0009047888673631974,0.0036191554694527898,0.0,0.0,0.0,0.0,0.0,0.0,0.0,0.004523944336815987,0.0,0.0,0.0,0.0,0.0,0.0,0.0,0.0027143666020895923,0.0,0.0,0.0,0.0,0.0,0.0018095777347263949,0.0,0.0,0.0,0.0,0.0,8.520719438298175e-26,0.0009047888673631974,0.0,0.0,0.0,0.0,0.0,6.415259781295683e-15,0.0018095777347263949,0.0,0.0,0.0,0.0,0.0,0.0,0.0,0.0,0.0,0.0,0.0,0.0,0.0,2.08674182824548e-297,0.0018095777347263949,0.0,0.0,0.0,0.0,0.0,0.0,0.0027143666020895923,0.0,0.0,0.0,0.0,0.0,8.920608128342778e-21,0.0036191554694527898,0.0,0.0,0.0,0.0,0.0,0.0,2.319412174333701e-257,0.0036191554694527898,0.0,0.0,0.0,0.0,0.0,0.0,0.0036191554694527898,0.0,0.0,0.0,0.0,0.0,0.0,7.931338060220602e-140,0.004523944336815987,0.0,0.0,0.0,0.0,0.0,0.0,0.0027143666020895923,0.0,0.0,0.0,0.0,0.0,1.2203876604743395e-13,0.005428733204179185,1.4117413202635307e-6,0.0,0.0,0.0,0.0,0.0036191554694527898,0.0,0.0,0.0,0.0,2.7442714746812047e-10,0.0,0.0,0.0,0.0,0.0,0.0,0.0,0.0027143666020895923,0.0,0.0,0.0,0.0,0.0018095777347263949,4.119007451312242e-11,0.0,0.0,0.0,0.0,0.0,0.0,0.0009047888673631974,0.0,0.0,0.0,0.0,0.0,0.0,0.0,0.0,0.0,0.0,0.0,0.0,0.0,0.0,0.0,0.0,0.0,0.0,0.0,0.0,0.0,0.0,0.0,0.0,0.0,0.0,0.0,0.0,0.0,0.0,0.0,0.0,0.0,0.0,0.0,0.0,0.0,0.0,0.0,0.0,0.0
1.0,0.0,0.0,0.0,0.0,0.0,0.0,0.0,0.0,0.0
1703,422,316,487,664,214,207,674,1407,414,533,591,642,541,2707,465,566,691,154,1056,143,186,484,170,336,445,210,242,523,632,2700,240,1204,377,166,383,627,367,160,286,1701,473,630,647,3306,1154,4501,2202,672,1304,645,232,137,2403,307,2007,2305,751,452,211,1001,340,1607,583,1406,480,567,593,605,2702,514,3000,424,5407,290,301,191,180,332,855,275,687,183,637,454,206,325,1207,577,654,320,194,572,362,904,527,393,360,657,417,521,1605,544,280,906,1051,614,257,274,1602,441,481,401,167,525,351,1151,141,193,552,276,463,464,376,384,696,162,620,671,267,1502,571,511,397,156,700,616,1103,4206,391,271,1801,3601,3602,331,1153,2300,165,296,665,550,957,553,405,602,177,342,2000,202,2002,216,382,697,164,475,1904,491,366,412,650,356,493,312,954,437,640,683,3900,245,1201,1054,693,230,142,346,531,546,215,644,507,136,2500,174,560,471,621,3302,392,204,701,707,2406,606,3001,857,3300,155,584,1702,680,1603,334,1050,802,702,534,597,197,353,2302,2100,1804,435,282,1104,670,603,907,291,502,444,406,505,220,612,3607,752,184,462,200,516,451,153,386,365,3307,1901,634,1503,86,800,447,260,2203,163,157,2001,551,1052,754,135,1303,1401,413,234,297,411,542,1202,176,807,456,574,2201,427,295,285,324,455,404,501,1501,313,330,190,592,1403,1156,495,1907,497,504,133,344,225,950,182,354,1100,1106,1903,3903,581,2102,600,247,467,573,371,684,662,205,522,265,390,651,187,361,3902,1800,432,161,2501,212,557,1507,426,1700,1301,144,2204,145,321,1505,2407,496,624,337,804,3907,685,610,540,517,1300,315,1105,535,537,304,490,396,1101,1606,1500,460,474,284,801,655,703,704,226,416,623,652,1704,241,327,631,181,171,430,677,272,1057,453,1405,3007,580,1807,1157,682,292,486,192,310,2402,1902,350,1402,2103,2207,1006,1150,1307,646,686,203,1000,227,421,952,140,587,2303,477,1404,394,322,244,440,251,545,173,613,224,607,555,434,306,303,604,510,561,1004,757,902,335,1206,222,231,676,1504,483,317,400,273,2701,1203,851,526,485,1604,532,287,470,1400,323,201,172,515,615,1600,690,300,582,850,694,457,900,357,196,536,243,195,1053,370,443,423,692,5101,261,2301,601,905,431,856,663,520,213,314,4201,1102,436,305,450,675,1003,264,270,402,753,554,152,4202,466,1706,635,750,387,237,2105,756,352,803,565,2507,235,1601,326,500,626,146,854,2404,407,673,476,341,2104,2704,2703,355,951,175,660,643,503,656,575,1306,755,343,590,185,217,570,1707,622,302,255,641,420,547,543,385,425,1002,564,3301,372,381,3002,333,2400,263,706,380,806,150,363,461,667,705,492,617,415,5707,266,3003,562,661,347,3603,252,442,236,233,563,1806,277,2101,853,2502,375,1803,2107,524,1900,364,374,513,2307,653,345,2200,403,596,373,2304,311,281,151,633,681,506,1200,250,494,472,2004,246,2503,512,221,1302,903,283,147,2401,410,262,130,482,3303,1152,1007,253,395,953,254,3600,1802,625,256,594,446,2003,556,576,901,586,223,852,293,530,433,1107,294,611
1107:516,425:236,2004:585,220:71,1703:564,3601:637,1900:575,215:68,673:430,251:96,687:442,657:419,1503:549,185:44,420:231,404:219,905:486,2300:600,612:383,525:316,665:425,365:188,417:230,2700:619,584:363,1704:565,333:162,544:331,1901:576,364:187,263:106,422:233,431:240,86:1,242:89,207:62,183:42,1401:539,651:413,506:301,551:336,224:75,694:447,692:445,603:376,465:268,177:38,430:239,376:197,1501:547,676:433,2101:588,637:403,2501:615,264:107,607:380,523:314,1050:502,802:468,1702:563,130:2,2702:621,857:480,801:467,517:310,671:428,1002:497,172:33,1150:517,685:440,526:317,280:119,521:312,336:165,755:463,211:64,343:170,366:189,414:227,752:460,571:352,1105:514,565:348,1102:511,230:79,656:418,754:462,195:52,1202:526,374:195,141:8,3902:642,450:255,477:278,1301:532,135:4,904:485,485:284,644:408,222:73,555:340,655:417,502:297,535:324,276:117,1404:542,541:328,3303:633,295:132,2305:605,381:200,152:17,247:94,475:276,170:31,511:304,1803:571,397:214,3002:627,957:494,250:95,1154:521,663:423,610:381,560:343,806:471,3603:639,133:3,436:245,564:347,532:321,184:43,252:97,1000:495,137:6,454:259,154:19,435:244,313:146,427:238,707:457,391:208,1006:500,206:61,1504:550,1052:504,1807:574,686:441,507:302,1207:530,237:86,270:111,604:377,500:295,354:179,2403:610,345:172,1800:568,677:434,573:354,516:309,4202:646,400:215,522:313,231:80,432:241,245:92,1604:557,254:99,283:122,482:281,165:28,527:318,142:9,1706:566,416:229,2204:598,624:393,265:108,325:156,616:387,703:453,2002:583,1603:556,660:420,3607:640,136:5,855:478,145:12,444:251,672:429,282:121,556:341,275:116,342:169,954:493,337:166,4501:648,2202:596,804:470,530:319,1300:531,2701:620,704:454,457:262,460:263,393:210,363:186,674:431,557:342,351:176,437:246,706:456,176:37,1056:507,1203:527,587:365,1156:522,590:366,5101:649,2103:590,2105:592,1701:562,2304:604,623:392,451:256,2303:603,1903:578,901:482,553:338,1004:499,162:25,494:291,751:459,537:326,203:58,2507:618,1001:496,292:129,353:178,232:81,1505:551,2201:595,2107:593,296:133,304:139,680:435,240:87,1157:523,147:14,906:487,476:277,157:22,582:361,3302:632,392:209,514:307,415:228,341:168,370:191,622:391,287:126,2200:594,807:472,583:362,1051:503,1303:534,217:70,1304:535,1507:552,2000:581,146:13,266:109,690:443,412:225,900:481,390:207,380:199,212:65,513:306,424:235,303:138,576:357,474:275,580:359,3602:638,193:50,3300:630,226:77,540:327,463:266,360:183,223:74,3000:625,285:124,3600:636,1605:558,421:232,271:112,335:164,426:237,577:358,166:29,1201:525,331:160,214:67,756:464,520:311,800:466,462:265,1606:559,274:115,490:287,246:93,143:10,667:426,1204:528,493:290,5407:650,1054:506,330:159,552:337,284:123,2102:589,684:439,402:217,413:226,950:489,1302:533,501:296,1100:509,650:412,234:83,473:274,614:385,1106:515,1307:537,367:190,272:113,2207:599,253:98,182:41,186:45,164:27,2104:591,470:271,2406:612,547:334,2302:602,5707:651,153:18,394:211,267:110,1406:544,1407:545,405:220,856:479,1700:561,2401:608,524:315,575:356,1057:508,640:404,1500:546,316:149,456:261,853:476,630:397,515:308,410:223,850:473,2704:623,356:181,486:285,300:135,171:32,302:137,487:286,2307:606,2500:614,646:410,2703:622,406:221,1602:555,216:69,852:475,495:292,441:248,443:250,643:407,382:201,156:21,2503:617,702:452,2407:613,654:416,533:322,3301:631,261:104,675:432,307:142,3003:628,2301:601,144:11,273:114,257:102,352:177,484:283,312:145,290:127,200:55,3907:644,340:167,187:46,213:66,1101:510,2003:584,647:411,344:171,346:173,1003:498,227:78,662:422,294:131,512:305,1904:579,481:280,1103:512,1907:580,445:252,466:269,534:323,453:258,1152:519,1502:548,395:212,161:24,372:193,645:409,3903:643,531:320,241:88,2400:607,383:202,401:216,4206:647,236:85,562:345,323:154,260:103,297:134,1802:570,545:332,1806:573,190:47,201:56,1153:520,601:374,311:144,281:120,593:369,464:267,2007:586,433:242,554:339,491:288,386:205,620:389,602:375,447:254,543:330,314:147,357:182,461:264,480:279,633:400,403:218,1400:538,334:163,174:35,2100:587,634:401,496:293,566:349,322:153,592:368,683:438,315:148,597:372,1104:513,305:140,586:364,574:355,550:335,423:234,757:465,497:294,700:450,627:396,1801:569,197:54,510:303,2001:582,233:82,196:53,262:105,320:151,471:272,1804:572,635:402,681:436,324:155,3307:635,705:455,210:63,151:16,505:300,1151:518,567:350,191:48,606:379,1306:536,205:60,327:158,244:91,661:421,682:437,483:282,150:15,2707:624,4201:645,1405:543,434:243,173:34,256:101,596:371,615:386,277:118,697:449,851:474,854:477,361:184,952:491,621:390,355:180,235:84,204:59,1200:524,385:204,2402:609,377:198,907:488,411:224,750:458,321:152,310:143,384:203,903:484,371:192,3306:634,243:90,1007:501,194:51,301:136,167:30,317:150,140:7,202:57,1206:529,605:378,3001:626,572:353,455:260,442:249,180:39,652:414,696:448,803:469,255:100,160:23,591:367,1601:554,291:128,1902:577,753:461,664:424,693:446,653:415,503:298,542:329,452:257,632:399,902:483,953:492,631:398,670:427,2502:616,3900:641,600:373,225:76,347:174,350:175,396:213,581:360,332:161,375:196,1707:567,163:26,440:247,1600:553,192:49,570:351,1053:505,1607:560,326:157,561:344,563:346,3007:629,221:72,951:490,625:394,373:194,492:289,362:185,2404:611,407:222,175:36,691:444,546:333,286:125,467:270,611:382,387:206,617:388,536:325,626:395,2203:597,306:141,613:384,472:273,181:40,155:20,594:370,701:451,641:405,504:299,446:253,1403:541,293:130,642:406,1402:540
