5
0.925101727028593,0.025223178094378566,0.0006606695230558502,0.023239093960435397,0.025775331393537364
0.009527220706908344,0.0008687729707889517,0.032574936958656944,0.05353532411042767,0.9034937452532181
0.0469900661566886,5.779701541521478e-16,0.9490827480925078,0.0036618339946329465,0.000265351756170194
0.02200608070351964,9.384791887655855e-8,0.0069150370069634,0.9523210550242741,0.018757733417324004
0.0162227501681315,0.9766347077037216,0.0062607775122143034,3.739764804467537e-6,0.0008780248511281697
5,112
0.02726492237839175,6.404614709440718e-81,7.056744715197629e-134,1.3793488558009326e-64,0.43910051658856536,8.376588398319745e-63,3.8662852741867175e-8,4.00521142575098e-80,0.008125401283688613,1.3027944908492608e-73,0.08361448140524799,1.2313189946731613e-76,0.00263326001206269,6.3546552627870425e-53,0.12914497125707977,2.3877662739640055e-59,0.002380570859773053,2.166640253003186e-69,0.08381880067418251,2.649906812340459e-39,0.0005690753106662693,1.5452626094207367e-75,0.0464337106007545,2.606072735535631e-69,0.00040146680553124176,4.098346448075152e-43,0.04976741290029585,1.269376175028594e-61,0.000665326915012184,5.309641160002163e-66,0.03821851564831333,4.100065303098789e-60,0.0007521914405414584,1.2918638813017986e-48,0.02535994963579669,5.398390679179686e-71,0.0002883723414608155,6.758759291312978e-57,0.02571713202503326,5.0115662377876e-61,2.4397877334766535e-27,1.1804672288625292e-55,0.01607320751564579,1.0303381637878505e-89,4.873619187653099e-37,1.1791805106540201e-61,0.006905526191907079,4.0782381731086926e-41,7.311117490552256e-54,5.339051901638408e-57,0.0025002767246560115,8.817856771300962e-46,0.0004488369180280293,1.6618457836415301e-68,0.0021430943354194387,4.4353604764587125e-52,0.00023021170070073056,1.8671898051545254e-73,0.0010715471677097193,2.3670379285599903e-97,2.6619776078040593e-47,2.9289742616637286e-181,0.0007143647784731462,1.1675620818639437e-111,1.818113142044353e-43,7.766436963385031e-57,0.0003571823892365731,9.29009191981254e-80,3.2737270385729817e-44,1.2507574803000577e-44,0.0005953039820609552,1.0688286477149052e-56,0.0002070186949058598,2.1247157916135787e-39,0.00011906079641097311,1.2115082716103785e-87,7.206338872721957e-5,4.470428732490814e-59,0.0004762431856487641,1.3845672145756724e-182,9.607213029255225e-32,8.961858968649089e-185,0.0008334255748853372,8.612891950381078e-107,0.00018803863187260008,1.9969293566278902e-61,0.0004762431856487641,1.0531815561427297e-137,7.008296098140862e-5,7.032497555332367e-52,0.0004762431856487641,4.2902352497296915e-100,1.1251725068140275e-27,8.393950502209096e-176,0.0005953039820609552,4.7528110173545414e-111,3.145301470863914e-91,1.642366760249797e-205,0.0,0.0,7.96344602327741e-86,1.1828063873575543e-193,0.0009524863712975282,2.8684423074577155e-172,1.8396307588338695e-128,2.634790448412774e-190,0.00023812159282438205,3.768591916997374e-138,1.6507303967141873e-187,0.0,4.851712974685067e-132,3.6895360658856366e-198
7.378743877345652e-94,4.3182043175218337e-106,0.014276261031724283,3.461915568212118e-81,0.009984588001375907,5.14223831550634e-66,0.3717864101943262,7.88202136429861e-68,0.14937211629850825,1.0086629854277888e-46,0.036080925984731047,0.0011558876652244278,0.0959397090673631,2.0250690352839326e-38,0.00022241486619126576,0.09625624660050645,0.0608167389428115,6.848364347865137e-82,6.4380330679685456e-55,0.03185448094980388,0.03544422738329503,3.6317254151424574e-70,1.5971428929090112e-78,0.001460742685230588,0.015901463836066144,2.2521763920503223e-97,1.9440280659407977e-97,1.6517840973907113e-42,0.016730773164669782,4.0378553907834046e-83,1.8141668774381985e-154,0.0005123903205763072,0.014305144449451917,2.06012949948867e-86,1.6980054048692061e-130,1.1767076428036068e-17,0.007630339049991456,1.5015641582490376e-133,2.6572893663485116e-164,0.0014572888730713207,0.004532107845571098,8.549294966366835e-97,4.8884627209256743e-104,0.0006034785440099873,0.00415673649475013,2.567217583440527e-116,6.014959990794935e-169,1.2702192005937992e-23,0.0021498115056527885,2.229267783846714e-171,4.89216235448156e-170,2.73576186436711e-94,0.004499863524044896,2.846590154127703e-121,3.022738288922687e-116,0.0006988886062894951,0.0031023849344374416,8.269605754452611e-208,2.916330822510797e-172,7.207167751762407e-94,0.002912888622913481,1.734254414840936e-102,5.9165844357321995e-168,4.332021728380177e-92,0.0017984406614003814,4.550915093744989e-74,1.6571224731123028e-169,0.0002097002181224423,0.0014599677317019251,1.1623246410351741e-71,5.731500839250996e-167,7.283387032351305e-92,0.0004659306628009732,1.2557094301168234e-56,1.241016974787976e-26,6.988293680263086e-75,0.0013103184871824623,0.0,2.680841853624399e-171,1.2170684421781318e-235,0.001472721796089236,2.0547160914215842e-64,3.0001160604837183e-167,7.990975197974305e-58,0.0034145491856891804,2.1649245263977167e-60,4.826836507902681e-173,4.237194911205529e-89,0.0015219762849013844,1.9393091223584724e-89,5.4403590723863455e-168,2.617835477706234e-99,0.0017118412205177737,1.2656821499174418e-37,4.487803223631728e-168,5.089806604819751e-117,0.0005973500967250196,0.0,0.0,0.0,0.0008783704612032699,0.0,2.4696190871759008e-169,8.484470164803923e-185,0.0009388825110599982,0.0,2.023534796437564e-167,0.0003756412400177566,0.0,0.0,1.4762470409760019e-81,0.0
1.6265657196238048e-135,2.6266480466861218e-83,1.3966270739265114e-173,4.453681983443437e-130,1.6923997975954706e-48,0.03292702803756861,1.2277677035605132e-24,2.4894327481458126e-143,3.1267641896581415e-51,0.2322051886370696,1.6152780552420184e-52,8.774339856065079e-151,3.665690478176105e-55,0.17089983309790746,3.4266667185508244e-65,1.4470572034288442e-152,1.7083064159388072e-54,0.11640133508903006,5.577644183584159e-54,2.3144118122215112e-117,1.705845467776042e-48,0.07617938307213463,5.798777886689838e-54,3.1233402166194645e-143,3.297915173230772e-59,0.0651807871128879,2.712565887697725e-54,1.0980817941298813e-142,3.525065584775741e-50,0.07305978335730291,2.4524603537424516e-49,5.328472661884784e-128,8.783823757657645e-60,0.06339010614824811,2.2020827278867738e-55,1.4708881240926305e-139,3.3632623868899323e-51,0.04942279462405785,3.066110939533042e-60,1.230872628735805e-129,2.2504242239148823e-79,0.040648457897322944,2.5766691170355865e-50,7.860842198252513e-173,2.2777710219685452e-69,0.025606737794348813,1.496252317781315e-53,6.391955097028583e-176,2.5745577086477404e-57,0.013967311524190262,1.0031319738495369e-50,1.1806483605762265e-118,7.082160131670958e-44,0.00859526863027093,3.5082177109745426e-198,7.7871732218224e-122,2.6156011877492196e-112,0.005551110990383309,2.5816290240352848e-27,7.028937938863647e-174,2.978062793498543e-68,0.0028650895434236437,1.9681240540145953e-207,3.779961841380864e-179,1.5498354290020139e-58,0.0028650895434236437,8.250274314720095e-23,6.96593369041185e-167,1.0106585787325265e-46,0.0034022938328155767,6.569063649794887e-208,2.729135244185503e-150,3.2335940353384656e-101,0.0016116128681757996,2.956267412518075e-245,2.24661052395442e-167,5.2655840855320355e-189,0.00232788525403171,3.2146780580227487e-37,6.764935553651941e-214,1.4930682489495647e-43,0.001969749061103755,2.6515424762871566e-208,1.8789192407159185e-180,7.646719744157307e-153,0.002506953350495688,1.0530569741357304e-37,6.975524862156213e-192,8.990226851108876e-186,0.0016116128681757996,4.796765903503119e-209,4.724589510609055e-171,1.577805248027566e-58,0.001253476675247844,5.5057946322147726e-210,7.062780069893863e-179,1.0303395059578959e-213,0.0014325447717118218,0.0,0.0,1.4718292578369994e-137,0.0026860214469596657,2.392716150016649e-60,1.2580613122790644e-210,4.964494777652084e-46,0.0008953404823198887,1.3479998024259034e-208,1.791452216622494e-203,0.00035813619292795546,0.0,4.008231581731207e-223,0.00017906809646397773
2.3053103095659023e-69,0.01971187830554634,1.484945463074101e-71,0.017807349000662644,9.769767934786383e-49,0.27673954237597737,1.7236328343757423e-54,0.5099377213826118,1.45387346138798e-57,0.004881082476596135,8.393791834278273e-58,0.08800635423355706,2.384418651111365e-64,0.0007251878992209416,6.336758621552602e-74,0.030918907837089404,1.1160095814947276e-59,9.146544655643998e-5,2.2376179693464045e-136,0.007011664924588291,5.183696879083137e-94,0.00024556012116898785,4.2221643138693516e-165,0.009167223193937245,5.6041455275997076e-52,3.3284936582306883e-60,6.926804116619496e-108,0.015236231636083128,1.1639519479341911e-62,2.8040862170498945e-102,3.5277502968798735e-144,0.008004636521203055,3.806786000016211e-148,2.6467551444286927e-93,2.289601266879421e-182,0.0029368810656899575,1.5005349902835953e-111,1.1008782105312374e-137,1.843483765438176e-187,0.0016028931875430863,1.1222187341329687e-80,1.6552643443952665e-116,1.4421943812771286e-180,0.0014306392797862537,1.9995400520823723e-153,6.710961514635044e-108,2.7148223261029673e-186,0.0004826321218594766,1.4954679467399965e-153,1.6664052919251718e-53,3.261934766600014e-185,0.0007618117219534818,2.302489897648972e-138,1.3795503197516014e-188,1.0828610811017077e-85,0.0008832778142590027,7.55512534948796e-71,6.889839574325942e-95,3.649235231655108e-175,0.000380905860976741,2.6437968396217237e-152,1.3565834322796616e-122,4.410098017261477e-189,0.0003809058609767409,2.8164841793122204e-146,5.509880228305194e-81,2.433210464309462e-170,0.00017935980988627922,1.290386895348291e-136,3.721702146041765e-169,1.0869288144145096e-193,9.522646524418523e-5,3.260063005060264e-141,6.671083882706873e-154,1.9382420104670038e-153,0.0002856793957325557,2.807121309931433e-163,1.9552094760861313e-197,9.709719228359218e-185,9.522646524418524e-5,4.674165962645803e-69,1.4855636800312012e-164,3.4659962843688694e-193,0.0010474909436072246,2.2543254405814636e-142,1.3878109152481027e-62,1.1008300300515848e-184,0.0004761323262209262,1.0965220598052598e-102,1.0436002408070105e-125,2.3890203887251636e-191,0.0002856793957325557,1.1972906714952305e-150,1.9022352558345135e-201,2.762842871619862e-194,9.522646524418523e-5,1.988746747934819e-170,4.742472588673634e-243,0.0,0.0,5.516223994059395e-159,1.0347655939299367e-234,4.8872543565495676e-188,9.522646524418524e-5,1.0382573684535148e-149,2.7440781824559083e-236,6.026068378379643e-192,3.1262224748715517e-161,3.0730826947790086e-234,0.0,5.509792804074959e-172,1.7896933691208676e-249
1.165949172156915e-125,9.824654938603508e-96,0.015294583574612587,1.7674468715149419e-130,0.012199666966127135,5.735780758274124e-69,0.35918573990078034,6.858860909333426e-116,0.14444932328208485,1.3181507181553122e-33,0.040652961098175545,0.002039448281019515,0.09791260353506302,1.2169456037923629e-50,2.2585067811588113e-5,0.08811202071226899,0.06791711777881136,1.1432317077948322e-90,6.033878397355745e-61,0.04431551889125745,0.030881192629487006,1.670940307488072e-91,3.2515547462571303e-102,0.0005650286884494295,0.015672235345478163,4.656597158618073e-109,1.4791782866385674e-141,5.628151223330746e-9,0.01497784782457996,2.4591709401780006e-103,7.145279738289428e-179,0.0004231336816641838,0.01176271641653879,1.1074878493755674e-108,2.3957914183736375e-161,0.0011776368735946668,0.009359986640324022,2.852257706256466e-119,1.2414059480676836e-192,0.00026933835653747537,0.007623402764083931,1.4973851876700376e-103,1.2277898538715493e-149,0.0003371723960794982,0.0039902064983921084,5.321145776609965e-117,3.6047704787977977e-207,0.0003693617707469577,0.003930039259765543,7.678846640476038e-111,1.35884396642194e-207,9.559905165411527e-56,0.0044497328806222,3.775014588137032e-95,4.047873100537362e-174,6.514882605838718e-7,0.0033554098586003763,1.438682954986004e-146,6.116321029687459e-204,2.352735850993911e-27,0.0033444128188276283,1.243542038920892e-83,9.858849758480874e-204,1.7256662413294135e-65,0.0023756801875807016,1.7422148426191028e-91,2.5764883437408337e-195,1.0630453368784201e-22,0.002146635462057431,2.818403879385596e-90,2.44962529142919e-209,2.8150246871441223e-27,0.00167889040419673,8.193422992412744e-81,1.955907738696559e-15,1.5368683824540677e-27,0.001036013379678494,7.262421706476847e-223,1.0199844271159317e-208,3.2260299853380866e-255,0.0025160642753637203,1.3942843799393724e-75,2.0921501245254178e-203,3.4953499747345057e-10,0.0008108696809006532,6.2577745661469656e-86,3.855548549797257e-210,8.020473568682127e-99,0.0017797525587317344,6.567315093772979e-64,7.992574695791856e-207,9.70952942539386e-60,0.0005517767723795702,2.249336157472969e-112,1.5320076149552777e-209,1.9316010070846724e-63,0.00034791366280937047,4.068838562636232e-246,0.0,0.0,0.0017826850024422346,1.2748072017863951e-242,3.0315949560367373e-209,3.341409983277151e-240,2.2456546333260793e-7,1.3090178198639743e-247,1.3090044927361684e-209,3.692794073735528e-78,1.1544161997249078e-245,0.0,0.00038241279066302653,5.1923264318276585e-253
1.0,0.0,0.0,0.0,0.0
1703,103,1701,2202,2403,1001,3000,301,101,1602,401,1502,700,1103,1801,2300,602,2000,202,2002,1,1201,4001,2500,3502,701,3001,1702,1603,802,702,2302,2100,603,502,200,1901,1503,800,2203,2001,1303,1401,1202,2201,501,1501,1403,1100,1903,2102,600,4000,1800,2501,1700,1301,2,1300,1101,1500,801,703,2402,1902,1402,2103,3501,203,1000,2303,102,303,902,400,1203,1400,201,1600,300,100,900,3500,2301,601,1102,1003,402,803,1601,500,503,302,1002,3002,2400,2101,2502,1803,1900,2200,403,1200,3,2503,1302,903,2401,0,1802,2003,901
402:19,2102:87,1302:55,501:22,703:32,1603:68,1703:72,700:29,1100:45,1801:74,1900:77,2002:83,2001:82,1503:64,4001:112,2302:95,2202:91,2300:93,1300:53,3501:109,1700:69,1901:78,2401:98,4000:111,603:28,1401:58,1500:61,1203:52,1501:62,2101:86,2501:102,300:13,302:15,1701:70,2103:88,2303:96,802:35,1200:49,901:38,1702:71,1903:80,2402:99,801:34,2500:101,1602:67,203:12,1002:43,1001:42,903:40,103:8,2503:104,702:31,2201:90,2:3,301:14,2301:94,100:5,202:11,1102:47,200:9,3001:106,1202:51,803:36,1601:66,2200:89,1301:54,0:1,1101:46,1902:79,2003:84,1303:56,1003:44,2000:81,3500:108,503:24,502:23,1103:48,900:37,902:39,1502:63,2400:97,303:16,2502:103,600:25,102:7,401:18,1803:76,3002:107,1600:65,3502:110,101:6,1802:75,3000:105,1000:41,1:2,201:10,601:26,1201:50,3:4,800:33,2203:92,500:21,1800:73,2403:100,602:27,701:30,400:17,1400:57,403:20,2100:85,1403:60,1402:59
