5
0.9395569422225429,3.866645635340105e-42,0.0033976715700611278,1.0408655738013254e-97,0.05704538620739593
0.005341652933277059,0.003069041461695264,0.0004468283604629102,0.1532587439474234,0.8378837332971413
0.004540249589848702,0.008553895433220984,0.9526758436483207,0.006173093447339989,0.02805691788126965
0.04408207564496022,0.0007025789261231992,0.02539071827638626,0.9298246271525301,2.9342072664207363e-20
0.00010832874292952072,0.9998480851592605,3.0188336447091117e-5,9.435678967236407e-34,1.3397761362668197e-5
5,298
0.0,1.8377651420510279e-255,6.054685281387049e-63,0.009059606050347618,0.007339427686357564,2.803480890871536e-94,0.0,0.0,3.422875712086966e-63,0.006766034898360879,0.007912820474354248,6.831085e-318,1.3801296111019958e-268,2.8181147945086423e-199,5.772362536223383e-56,0.12428220351063696,0.11657496813214452,2.1854236642697296e-76,9.56132089427948e-134,0.0,6.242802168115374e-32,0.2052746181028131,0.22098558049392228,3.4977417644715706e-160,8.102639842644824e-185,5.718674029184813e-180,8.60908052002325e-162,0.0007175371037137308,0.0017420887455566103,3.6532374112031514e-122,3.987527606006266e-128,9.31894785772167e-106,0.0028783629950228434,0.04965581544051289,0.03142192478221832,2.0467604960689832e-166,9.12622646062403e-194,2.4582823919695765e-185,7.41447594000483e-252,0.0006520638161005596,0.000126512118881966,1.6591824518088654e-150,4.506599109374926e-138,4.838045235488656e-60,0.03983055212602839,0.05022920822850958,0.048050315634122175,8.886770384750389e-172,4.672689776967913e-194,4.0565955616372683e-188,7.145977754394193e-250,1.9084641327811458e-144,7.410056936782968e-85,2.50502215136804e-180,9.449822625950628e-188,1.9957618661374613e-78,0.01571096239110916,0.01422014114231778,0.017087105082301202,2.581367067391873e-173,2.005216363130088e-187,1.849139228371741e-187,9.154355704276748e-255,0.00012181240925856454,0.00011468623412498293,9.145939626233245e-219,1.349141897327842e-131,8.359736208961299e-67,0.0021937775351738354,0.0019495354791887278,0.0022935711519867386,1.2756106002499965e-177,3.5598805033915995e-209,2.6627855071032653e-192,1.5598383666769982e-295,6.680595810166336e-157,2.579577781401164e-130,6.860866620873587e-237,3.358257040475331e-102,1.3527744246575886e-77,0.0037843924007781187,0.004013749515976793,0.004243106631175467,2.6164989145146925e-175,9.543974463594372e-209,5.395845961618468e-187,1.784978330088335e-232,6.510576177842924e-92,1.2433978575036208e-164,6.887332462622255e-245,8.341772391828316e-240,2.0309900195307404e-110,0.0017201783639900418,0.001605499806390717,0.001834856921589391,1.9283531659186135e-169,1.213318775082513e-197,2.223249555520877e-190,3.262873259433542e-236,3.8572731533754883e-172,5.21230257864061e-186,1.885057728990879e-252,3.128690052506024e-126,1.343732330436442e-87,0.0005733927879966847,0.0,0.00022935711519867386,6.256252692738117e-191,4.2026176424150485e-226,3.698168983683024e-195,7.913760420931605e-247,1.3874145893528132e-208,0.00011463385271663484,1.3458448273096998e-248,7.753819825623586e-247,3.325104269361918e-118,0.00011457437034311345,0.00011467855759933693,0.00011467855759933693,3.299578351577387e-186,5.654269805765665e-174,5.157662201641042e-198,3.0354488989761588e-99,1.7379044255238727e-93,3.1055090268033785e-126,1.304742328588596e-259,3.0214119989273968e-230,2.317626434489502e-145,0.0005733927879966847,0.0003440356727980108,1.2145556803172763e-304,1.2100020869436214e-213,8.860067351514728e-177,1.221581327885265e-290,3.7809906603435193e-94,1.409358154298215e-189,7.907931178601893e-230,1.767971302382307e-225,0.00034355598294777406,0.00022935711519867386,0.0004587142303973477,8.80458019044492e-152,1.0831967804642739e-202,3.031746444958104e-268,2.0963592450531138e-269,0.00011244817033315953,2.6127163546666588e-245,5.848554910897846e-239,1.2101029536724276e-223,0.00010527279348255618,0.00011467855759933693,0.00011467855759933693,4.911253e-317,7.611837999852022e-178,3.705646826335974e-192,8.398314742303561e-228,2.6596497539668755e-273,3.790214040520214e-186,4.998401508644406e-267,8.204981477574132e-264,2.867678979406415e-240,0.0008027499031953585,0.00011467855759933693,0.00011467855759933693,1.2419170998e-313,0.0,1.629677952597305e-209,6.308359387938212e-278,2.9666753142077877e-176,2.062101826107576e-117,1.4741963865742414e-260,6.910961867554458e-240,0.00011467855759933693,0.00011467855759933693,0.00011467855759933693,0.0,2.0112575733317566e-154,5.3011100482987343e-194,1.4378495868628656e-286,9.428376954377587e-72,6.043396063410945e-218,6.250950072902357e-254,4.356706274741168e-180,0.0,0.0,0.00011467855759933693,0.0,0.0,4.6102216223452975e-174,6.124194045798107e-284,1.5599443907964942e-255,6.0389689779552565e-12,1.5500668231422823e-246,0.0,0.0,5.6845e-319,1.0576406900578348e-139,1.116887202375277e-273,5.558934002535803e-296,3.36941774326394e-180,6.265714822338201e-200,6.020302262680852e-274,2.37526752221883e-281,0.0,0.0,0.0,2.354037849109292e-180,3.4588780589385144e-261,2.284392699300106e-260,0.00011467855759933693,1.791315826620911e-254,0.0,0.0,0.0,0.0,6.596621444640135e-174,1.1785349711669712e-161,3.450283259430504e-301,4.0565428604646896e-290,1.8351509108457432e-215,6.883511572327002e-243,1.4199793977063965e-153,0.0,0.0,9.016871493559878e-211,1.1196741593872287e-295,1.1522342531713486e-289,1.2795641502515864e-286,1.268422366457994e-283,7.61805559227171e-278,4.506785472613799e-213,6.458047151972975e-309,0.00011467855759933693,0.00022935711519867386,7.432073057542345e-225,1.2406857690024483e-194,2.1848917955325405e-204,4.389386596581793e-300,3.5612650022425026e-287,8.276417643557636e-52,1.2940226827501792e-245,2.6000918000191677e-221,1.3059427428519624e-276,4.95554244857167e-301,1.201454176960921e-190,1.6870719912770402e-277,1.5517714165265944e-301,1.132650034075689e-201,6.099732317191566e-201,2.817640976459316e-265,0.0,2.30343054913e-313,3.5427976531076065e-74,0.0,1.4447520261634142e-181,9.00313488802875e-180,2.398481058924962e-216,6.052258742568026e-292,1.2874953102646098e-176,7.17611876425567e-309,8.675671524314812e-282,0.0,0.0,0.0,7.223130741384783e-251,8.260949609628517e-298,1.4269240752539143e-214,3.250156628838476e-242,0.0,0.0,0.0,0.0,5.7651449630936485e-173,6.580442879497612e-277,2.586710891784723e-175,1.119723869125005e-280,1.5574748506929563e-222,4.354231945761402e-235,2.9502390016316693e-283,3.1805867405190753e-169,1.1300459140166485e-301,0.0,4.115758997366652e-289,5.204337174699263e-287,0.0,1.2773346361072868e-226,0.0,2.3779104486709525e-288,0.0,1.5034752123400017e-297,0.0,0.0,0.0,3.717871262727342e-266,0.0,0.0,3.2811804550658405e-278,5.9391722997713266e-266
1.549782957326452e-142,1.733709387283447e-155,2.4974861931132513e-270,1.7181008964188417e-279,2.7328345988759216e-192,0.006893588351548227,3.518516756703682e-127,7.374767376771515e-278,6.393986887827266e-272,1.0e-323,0.0,0.0077573532830351654,1.4698651081694032e-134,2.3257156447464905e-147,9.259470942955656e-139,1.0033408048643825e-182,8.553265595758714e-100,0.08680641685246109,0.0014096150946143998,2.4727476133054376e-131,3.1981651257034124e-244,0.0,0.0,0.1751839374744366,1.6737058086108994e-133,2.3550055216306124e-154,4.656758671500043e-149,1.093896801530413e-168,0.0003070266111295281,0.02873681273534338,0.009557347032020403,8.206625672105471e-78,1.2926072839361708e-208,9.0443721169344e-310,0.0,0.024995559640475024,2.0754473395981316e-144,2.774450106005105e-172,1.8217617757873294e-160,1.5612231348798203e-139,0.0005051540160195826,0.039880981886606395,0.0425878015117986,0.0016258204719029222,2.3794389416803153e-152,1.3028506e-317,0.0,0.047620771318795704,7.885228106601617e-140,7.848736577273203e-172,3.2610746133765075e-161,2.0479932154220036e-104,0.0020631566639521507,0.026720712492542445,0.03650332154030151,0.010662310441722942,4.349013060076757e-95,0.0,0.0,0.02240984745186491,2.8521387748809123e-153,8.536889187660659e-221,1.0037081510712644e-198,9.761860073892533e-81,0.00375678634140925,0.0178482805389251,0.027987294152640986,0.014026456136269405,0.0006184573022451302,0.0,0.0,0.006895332533512856,3.919935435266372e-132,1.7467105176220263e-137,2.9136104108301614e-220,4.901920839347899e-52,0.013564563421909395,0.014366461903826792,0.02566622919713754,0.015835721519937743,1.7979430015500322e-79,0.0,0.0,0.008403642508565703,7.523070915711632e-145,9.332607262242483e-216,1.2303355848554614e-138,4.520222295842651e-56,0.014774139716816759,0.019504259809755755,0.02329122676068773,0.009933529110500433,2.3138164629104407e-17,0.0,0.0,0.005817914377132658,1.699637073349533e-253,3.5156808675388524e-147,1.1853502749530904e-142,1.7430842210411431e-65,0.012726492632408833,0.020846006960407528,0.014644288680083198,0.0069285334040565675,3.492966580802824e-91,0.0,0.0,0.0036631355375838326,1.498021253923748e-172,1.388053810832482e-205,2.9793979590082696e-199,7.402744606055681e-76,0.00951485776472649,0.016205282196020895,0.01664900399021603,0.006393782315036881,1.9576245479486348e-7,0.0,0.0,0.003447685108671714,1.547431933529368e-145,1.8418558366824998e-127,3.0061593948981207e-183,1.124336441856211e-50,0.0065826180016047104,0.015637740823611707,0.00965439515676067,0.0037257949369635234,6.811704671021545e-53,0.0,0.002801256733978632,4.279994967043218e-154,2.332950168055433e-232,1.8946684525618308e-122,1.8256554356667718e-80,0.005800647960050565,0.007453811634228722,0.006206629344132063,0.0008101385734499847,9.975680102406744e-215,0.0,0.000215478512255987,3.386081417729263e-132,9.840556859263669e-204,4.558584384405913e-223,1.5521978547131764e-87,0.001127213041261711,0.004191795356965046,0.0011071543210111774,0.00044862317420856694,0.0,0.0,0.0008619261738529441,1.6727680134406822e-244,5.243699966791898e-103,1.3501221708367314e-193,2.608883875812441e-180,0.001928546036229853,0.0033376724220178892,0.0008678559429340161,0.0002246745935212145,0.0,0.0,0.0,0.0010774065269522155,1.416517362172906e-97,2.5048901453107307e-98,3.8603421579262317e-118,3.1310648029830574e-65,3.028706493279032e-108,0.002463705013129825,0.0008770730875069517,3.6713618922391895e-175,3.8437339654716144e-141,0.0,0.00043096227402245816,3.1446205047414266e-246,9.15503366496772e-232,1.0340512650729629e-142,9.4572836682125e-57,0.00043133565818955947,0.0010613452758189317,0.0003716512232649682,0.0,0.0,0.0,4.1233943194306654e-259,1.3132282406763513e-266,4.392131537466749e-227,2.2370396790747387e-219,5.091013546752703e-129,3.733201205745807e-136,0.0004314372026979335,1.7682839736244414e-125,1.4500372206375042e-195,0.00043096186140659216,2.0212192511945516e-258,1.0112455829177413e-233,1.279943249186304e-108,3.786306894252547e-41,0.0010766851122436907,9.378495943944902e-30,0.0008619004542363166,4.0349639991187596e-105,0.00021547511355907918,1.5236303866387003e-270,2.6438986523664096e-227,1.5055429391351102e-103,1.958744434710495e-178,2.0686971193221503e-294,0.0008371504569170833,0.0,0.00021547511355907918,0.0,0.0002154783219558952,2.699413848919909e-251,4.985566606705067e-240,7.623037874934354e-234,2.6083042023955864e-201,5.272280811564172e-49,6.894078711644885e-17,0.0008619004542363167,0.0,1.0224490708513799e-256,4.829368921978564e-154,2.3786437565773265e-100,1.3338965632241296e-221,1.1519947711811525e-208,0.00043095022711815836,3.676853994394436e-19,0.0002904223820330053,0.00043095022711815836,0.0,0.0,0.000861905606326557,2.123602802738156e-140,3.4121384291377594e-216,5.443859950518014e-233,1.9271717869442222e-201,0.00021554239083430206,0.0006518722852309752,0.00043095022711815836,9.770726305830085e-165,0.0004309635218705606,1.5139105816522498e-179,2.072239235917708e-241,8.496620937265382e-223,7.2856443580925765e-208,0.0006464253406772376,0.0002165877744384899,1.9020101116556216e-223,0.00021547511355907915,0.00021547511355907918,0.0006464253406772376,5.700550090652834e-240,8.268503781213111e-235,1.3900628084799545e-165,4.458069469629234e-205,4.1633766384363334e-39,1.7191159760871692e-77,0.0008618901319705553,4.626055805713484e-103,2.644362430299212e-222,0.0,8.319305504725016e-232,8.895043013292847e-227,1.711595715035543e-50,0.00021547511355907918,0.0,0.0,0.0,0.0,2.346473218402332e-235,1.591279603180272e-226,3.039115679893261e-44,1.0606903346917827e-193,0.00043113915625834343,0.0006483584738669215,6.850192767776801e-79,5.136141189602842e-105,0.00021547511355907918,0.0,1.0618220749770415e-231,1.338888822966148e-204,0.0,0.0002698553366237335,0.0,0.00043095022711815836,0.0,5.919946779322408e-231,3.1388206354761506e-184,0.0,0.00021547511355907918,0.00021547511355907918,0.0,1.1629300039730912e-218,0.00021547511355907918,0.00021547511355897008
1.196206332348437e-187,1.4436051862422673e-54,6.217801893745801e-161,5.267233980408044e-152,7.149198306815651e-119,1.7236675089312985e-203,1.4710566147360792e-183,2.3432115438464916e-203,9.369282508166993e-181,1.7457670897646038e-199,2.4135502626755045e-226,3.076878818963135e-230,5.097505445779951e-109,0.008684408026086117,0.021858870155456612,0.017191398677738605,0.008024285285187845,5.49442292534644e-122,6.4246345460245565e-71,1.5514339691623446e-146,1.0220596417212889e-173,6.99237654730318e-203,9.703391829100483e-222,1.7542822228241425e-204,3.758017971914633e-44,0.08909237343675447,0.09875289001468522,0.08415815557583371,0.07940777101953182,2.8222309533601797e-41,1.4507898435482728e-44,2.2941315745357384e-94,3.378422802062663e-151,5.899682089631013e-215,2.731594096192838e-203,1.591040938567496e-188,7.862459483713699e-51,0.060381957552830545,0.043527034346603294,0.047761281530143196,0.045415365060006624,1.039121908664251e-58,2.0777405373499596e-33,2.6759354557419725e-79,6.698761446224082e-125,7.026026637405006e-245,7.350813170514413e-194,1.0513945987977212e-188,3.174048995293473e-48,0.03673147692487361,0.03984545299066847,0.037265507895015766,0.021543232867061383,1.6320353107055447e-63,2.276433836244096e-73,3.0195987310018018e-77,9.458711011850717e-119,4.3781731842693254e-263,7.040528131526041e-197,3.081139366813971e-188,4.625705157811927e-40,0.020893632041556955,0.02401208458507292,0.023222771912367914,0.011546935145548162,2.7914849703301517e-85,2.752825243947874e-54,1.3602076926189339e-78,1.076237890088635e-122,1.4000290714626626e-272,5.240031069052857e-194,3.163705131413592e-198,5.00789382194776e-60,0.008824734036994198,0.008887589749020496,0.015280417463228224,1.2179218239964169e-8,4.5198744260875005e-108,2.4499296691420524e-73,3.667172217976544e-93,3.661062111541905e-168,9.991204100028682e-291,1.4458691496108491e-210,7.403021172081192e-197,4.536977915564934e-57,0.008887589749020496,0.009043512376196295,0.012473810174063854,0.0011736466027898144,2.1066477024218515e-148,1.1278889275011071e-146,8.357392391091819e-141,2.5989455857238438e-160,2.674433649156266e-290,4.554344033681681e-219,2.3541714560049934e-192,2.3302806916871845e-54,0.00686059559573512,0.009823125512075285,0.009979048139251082,0.0003816179497022442,3.422667198181155e-158,6.615013883432643e-76,5.2387530998251267e-163,1.9985400155757635e-138,0.0,5.788135654044186e-290,1.2169455402745162e-194,2.3966728295845033e-74,0.004677678815273945,0.006392827714207725,0.004521756188098147,0.0003981628076794034,4.608897752996986e-197,2.4709563955187613e-189,2.769975407894485e-190,4.974119037194203e-93,1.2113709359097443e-288,2.4941183507895553e-264,4.469770622258074e-193,5.77880585852282e-28,0.0031184525435159634,0.004365833560922349,0.0028066072891643674,1.034926768037226e-58,6.202425582080697e-227,1.382138896251788e-165,9.956316473943813e-170,2.2383728730304208e-113,1.8453117037291802e-187,5.652189613142786e-210,6.604129481416349e-51,0.002650684661988569,0.0028066072891643674,0.0037421430522191564,0.00034171809308567363,7.511208302496337e-202,3.7605561244912476e-188,1.8111696531018796e-180,5.1068539132359684e-272,1.3467551189465358e-259,2.3252219551193015e-184,5.645592561879353e-48,0.0015592262717579817,0.0021829167804611744,0.0017181814435475414,5.393426613117905e-103,4.5971340833504365e-208,6.8186505121962875e-199,1.759658435206565e-99,1.5582634342248757e-293,1.4085867737835815e-264,6.054799982979466e-215,4.958695948983185e-31,0.0012473810174063855,0.00358622042504333,0.0010914583902305872,0.0005466140501106346,2.451404512400594e-230,7.469526101725494e-208,7.825430334345883e-215,1.331933432398403e-287,1.3230901703738467e-213,6.940010610242579e-156,1.139802377391033e-207,6.574805011309787e-176,0.0023388394076369725,0.0018710715261095782,0.0014033036445821837,0.00045201701725881897,2.730064921029565e-225,2.812561028847374e-190,1.4056088835548034e-157,4.438345257881512e-112,8.846294469675624e-287,1.1248024831471029e-222,4.16338339848326e-20,0.0023388394076369725,0.0020269941532853764,0.0009355357630547891,1.8494057803879484e-30,1.160396284020483e-220,2.106893293968554e-160,0.0,0.0,1.2533367326437345e-264,3.781046236182879e-250,2.9905422726330912e-202,0.0018710715261095782,0.0012473810174063855,0.0012473810174063852,0.00016468777994547206,5.862421238825385e-221,1.0743657330972907e-241,1.5016414586949968e-152,1.4044539460596303e-219,0.0003118452543486366,0.0009355357630547891,0.00171514889893378,0.0010914583902305872,0.00015642225628213486,1.807746252027389e-238,9.217333224780052e-228,1.3965923058194996e-229,1.6891118102863173e-233,5.868567669110402e-194,0.0007796131358789909,0.0007796131358789909,0.00046776788152739455,2.615583149506492e-211,2.3870914245588323e-217,0.0,1.727468731993297e-182,0.0,5.522426882461191e-214,9.93799696161362e-23,0.0007796131358789909,0.0007796131358789909,0.00046776788152739455,0.000311846076899271,2.0977921656588146e-215,5.009923631156808e-140,0.0,4.1566869710379294e-265,2.077377507747448e-52,0.0007796131358789909,0.0009355357630547891,0.0010914583902305872,4.499229220694862e-245,5.325712915685468e-237,4.392039086889288e-184,1.1082308832263803e-271,1.5735800756161155e-290,3.5008730553281544e-219,8.071903393468078e-198,1.0506181107171292e-35,0.0021829167804611744,0.0006236905087031927,0.0006236905087031927,0.00031177934841716094,2.8933429032630046e-62,2.2832237952604408e-194,9.318956641775257e-208,4.338438515418878e-228,6.206443293726885e-45,0.0012473810174063855,0.0006236905087031927,0.0006236905087031927,3.9718551735711726e-102,7.818352532734182e-235,9.02659500687824e-266,4.0027731358541164e-276,3.918006140270201e-161,7.101017215372292e-250,1.8835288309351306e-29,0.0006236905087031927,0.0006236905087031927,0.0006236905087031927,9.588775293127869e-31,1.5196503617727199e-251,3.241109378410857e-148,1.0037476163192069e-135,9.402050376954147e-227,0.0,0.00015592262717579818,0.0006236905087031927,0.0010914583902305872,5.0488482555464945e-211,0.0,0.0,0.0,0.0,0.00031184525435159636,0.0014033036445821837,0.00046776788152739455,0.0009355357630547891,4.567139519671571e-102,3.3096048605104775e-193,9.953871325554428e-240,1.8105190307709776e-184,1.2167384117101492e-268,0.0,0.00046776788152739455,0.00031184525435159636,0.0,1.2491710090201631e-163,0.0,9.863155333748643e-261,0.0,0.00015592262717579818,1.58797202819034e-64,0.0,1.5085388841439872e-212,4.954042598611455e-242,0.0,2.102042556892105e-173,4.2405088991553764e-65,1.6013193162528234e-233
0.007663818173099184,0.007663818173099184,0.0060749778201395965,1.1181191781247168e-85,0.0,1.5176728683205326e-181,0.0029907583114533397,0.005514210636742095,0.0060749778201395965,4.063248787132318e-72,0.0,4.3645310899900646e-151,0.14168717500510197,0.10180757124462833,0.09381723820901602,2.0102858883120144e-66,1.9737395123760762e-193,5.9373007698932405e-133,0.06752179964926006,0.12981760295652153,0.16262248318527533,1.3893850409661306e-76,0.0,3.1084273437848573e-173,0.03757140128763258,0.0010852382510380893,6.117290423839835e-5,1.4838714036464003e-174,1.4265773544397328e-158,3.435550625891205e-135,0.012561095825173767,0.03841255206272883,0.041394020325949875,3.278824818805698e-94,0.0,2.3089079638726827e-147,0.03486102656787799,0.0003499279273978751,0.00017216416308816292,6.253521726989366e-171,5.62660648022316e-165,8.124414754930284e-193,0.0005447550417051805,0.029575080499614166,0.006512053896480539,3.360200965727789e-204,0.0,1.6844119635886696e-161,0.019066084235515042,0.00022664098891527222,0.00013586302614792813,1.2561061637695985e-202,1.2634393090230228e-161,3.4967603491648746e-209,2.821447775596072e-40,0.012400008565512939,2.4594987845663275e-78,0.0,0.0,1.885956065601519e-151,0.006261900214605431,3.8167992716500604e-59,2.62071319347894e-130,5.596608333555626e-225,9.187392499026896e-215,2.62997252282417e-252,9.905017846529248e-83,1.7181694504320834e-18,4.1292115142657556e-40,0.0,0.0,1.4954940954644188e-180,0.005140365847810428,0.00013113738448880419,8.216754237334833e-218,2.093032774277113e-228,1.030487090654031e-214,4.077112345173112e-245,5.253348213214775e-131,4.93915525825106e-67,1.1261451328420038e-73,0.0,0.0,1.855386210072143e-173,0.005420749439509178,1.5336197565640533e-37,2.706932083543759e-99,9.544877304077283e-227,1.119642490105421e-162,4.92023285200398e-305,2.892940546501736e-219,4.112209345423583e-77,3.320992025310503e-92,0.0,0.0,1.2434748403118513e-160,0.003458064297617924,4.1622231040489197e-54,6.128301628582541e-92,1.9275876645058135e-189,4.779321616860244e-218,8.922844495060877e-260,1.3885087468598194e-127,8.773737620262446e-89,6.62173038726393e-57,0.0,0.0,4.2885321202976274e-142,0.0019626851418912544,1.2354563609858136e-70,1.1918743002190607e-120,5.93252499527727e-227,9.556908218334129e-219,1.428033539756e-312,2.4891086293957557e-197,1.4732935053304078e-131,1.8601871569990824e-14,0.0,0.0,9.40584070927373e-134,0.0014953791557266699,2.2087306810578322e-64,2.0867912164956753e-151,2.750115715673116e-225,3.619443276918883e-292,4.81666757e-316,1.7628982047785913e-218,2.990652264520806e-146,2.284647222829018e-38,0.0,2.2757988438164165e-140,0.0007476895778633349,1.703836423937896e-59,1.363698405263603e-91,3.543110282433101e-161,6.179013197744746e-214,1.0223719767e-314,2.8147938423760395e-268,9.404941144423557e-148,3.861837416145339e-220,0.0,8.62404196854344e-273,0.0007476895778633349,1.1480511462130071e-181,9.631764984896634e-140,7.844823672662199e-224,7.02637686461072e-297,3.210836146e-315,1.776819e-317,3.901703661709381e-14,0.0,0.0,2.734275416291054e-144,0.0018692239446583374,1.215080102011209e-26,1.6654748610756154e-17,6.220147278904707e-239,3.634304707304912e-129,2.46000451e-315,1.321762698555086e-263,6.57e-322,0.0,0.0,0.0,7.616711071045179e-140,0.0008411507750962519,1.1207449877791593e-53,3.799973561281341e-79,5.836087459077652e-220,2.1772754963237027e-64,4.834946e-318,2.673050767605e-311,1.5930480048268088e-54,4.91504837281553e-25,0.0,3.090567818150397e-162,0.00046730598616458435,1.4251043690365237e-76,5.585519447937239e-111,2.0895370778944e-236,3.735227595789082e-250,3.834606697e-315,5.49828712181622e-309,0.0,0.0,0.0,7.767390922894266e-277,0.00018692239446583373,1.4142091975834222e-56,4.609876772209701e-227,4.642374584301454e-143,7.948930059767005e-283,8.21942030657e-313,1.4755341456042037e-283,2.4822024133782962e-241,2.350716100282716e-156,1.7741055054485916e-15,4.372907440558349e-181,1.1227394512843581e-89,1.1521794834955762e-242,1.400253648160416e-205,6.66719944e-316,0.0,4.2303143931152126e-284,1.3692297871835253e-132,0.0002803835916987506,2.058317273497514e-59,1.1537261749537718e-63,1.1154025815778412e-232,0.0,3.15648058503187e-309,0.0,4.098007687258712e-21,0.0,9.500687633326746e-132,0.0002803835916987506,9.002774328844677e-43,9.180750676018135e-226,7.64893976442642e-232,6.711806452034729e-130,1.2019654e-317,4.230652286852953e-267,0.0,6.63061507905e-312,0.0009346119723291687,2.644958170068929e-53,8.796482730833519e-220,8.665625026214388e-229,0.0,7.6169863e-317,3.5e-323,0.0,0.0,0.0,5.432420987525581e-274,0.0005607671833975012,1.8727029434319475e-75,1.832389572275704e-223,3.910207828650253e-229,1.2231462689281963e-226,1.8041644872905883e-289,0.0,2.989966318460256e-252,6.525084455334673e-286,0.0005607671833975012,1.624287014586938e-226,4.005536715183802e-230,7.809238159595338e-223,0.0,1.874698e-318,1.327065e-318,0.0,5.6634759608932566e-160,0.0,0.00037384478893166747,5.45636166600876e-52,7.253724466061657e-77,2.1497212521132613e-227,1.1522873061679908e-267,9.6355e-319,6.568442666552436e-261,4.2749001616525025e-254,2.6601943872052643e-277,0.0,3.517025470357923e-164,2.0916168493494673e-227,3.614239021725689e-236,0.0,0.0,0.0,0.0,0.0,8.405113965726253e-49,1.87413350507615e-210,1.22760915768567e-243,7.240690472158235e-233,1.45800000991156e-310,3.9459809982233e-310,5.83e-322,8.239210419167144e-264,0.0,0.0,1.1318923909872008e-238,8.519117357070544e-238,0.0,2.75180668e-315,0.0,0.0,0.0,3.0420466966593946e-243,4.805833886013107e-277,0.0,0.0,0.0,0.0,9.346119723291687e-5,0.0,0.0
0.0,0.0,0.0,5.555147921061457e-284,2.117590083907741e-169,0.007011496719809815,0.0,0.0,0.0,1.3061064165371835e-296,5.528915002246386e-152,0.005038079640324965,0.0,1.338102170257965e-250,1.5951397904230486e-213,6.3057383610042014e-176,2.3817254480537522e-49,0.0931301847665779,2.0246362329633287e-28,0.0,0.0,1.5096252784539093e-295,3.4850466368706386e-145,0.1807200988192098,0.0,4.261422067637965e-254,3.0812509155231887e-237,3.067076182433538e-148,0.0008997356003191702,0.030369125887537717,0.010787770307807866,1.0638516621684417e-206,1.6723966488308014e-265,9.183155241705949e-257,1.0201763040450002e-144,0.02584838486924989,0.0,7.191600435342599e-250,4.414076062736486e-238,3.812192515417281e-160,0.0007193512433881276,0.036564291981279716,0.030783182837431117,0.00022176819476179923,4.9475146335664935e-186,8.845565487434633e-178,1.8694756511561692e-141,0.048191966185734667,0.0,1.582424477217571e-247,4.431386008319419e-233,1.0621250530182459e-88,0.004218816848580928,0.026504184312821574,0.042626810305978376,0.004565547604013034,4.589688804339429e-131,2.6665448819217285e-228,2.5312615876762026e-144,0.02146723676319862,0.0,7.749889063616908e-248,3.7323684583759047e-225,1.5527365957634116e-53,0.006026172924811609,0.016466101710046404,0.028502411726218337,0.009398576242852964,9.262710774889375e-87,5.295278507437242e-232,2.6836873622903444e-124,0.008324071269808539,0.0,3.5882068703115024e-250,2.3555987529506758e-232,3.068426885010028e-46,0.013373059320555812,0.016500887473041827,0.027576201174018822,0.014569081629714183,2.841129466409828e-116,8.309803765985483e-296,2.0328090577915625e-142,0.010733724864295031,0.0,6.641554064869222e-252,9.678894518390783e-231,5.398762618521216e-31,0.016628137398689638,0.01872563061726211,0.024295187444057748,0.00895934190720982,2.2703703921879404e-137,1.0964060446382126e-296,1.2731813382866435e-142,0.0070097668329524064,0.0,2.1716175381536787e-251,2.0778516735923813e-229,1.291977599312171e-31,0.01127930426565162,0.017580631337216875,0.015999383138314914,0.0076331444804365964,3.569001421384606e-105,0.0,1.1384521754261126e-289,0.003942983619188689,0.0,4.689465037244402e-251,3.0536508676861053e-230,3.0024775600870225e-42,0.009701907294389528,0.017479245366713865,0.01659002961625924,0.007081497438628729,4.547538157306437e-30,2.0967129956291385e-278,9.633308667254435e-256,0.0017523789681135723,0.0,5.661082977947244e-249,1.3643309627607941e-191,4.2458842796934536e-63,0.006670463905154149,0.016522817922039038,0.010338406977085495,0.00453645620883588,8.983881945246665e-70,5.122886724095927e-122,0.0008761502301856129,0.0,4.24861447772787e-254,2.6285289780225042e-244,3.3925204119721364e-35,0.004575714054687485,0.007537248025559024,0.0035477770760891053,0.0009297706802230937,6.40913464020031e-254,2.6891629336227927e-196,0.0004381124559869523,0.0,2.4723608774250798e-244,1.6853509369727718e-236,2.7882727692114418e-40,0.0036733190922674723,0.005377055036449695,0.0028174795192510457,9.503320279355337e-43,4.381780662827459e-294,9.028817115524279e-253,0.00043808976392307493,0.0,5.514546147208927e-256,2.3868404054744575e-225,5.265626341822502e-210,0.0003382521879217831,0.0025213947726155346,0.0008701773079885118,0.0004287634656177132,5.927823269068722e-262,2.6986380209104267e-185,5.292554593838148e-76,0.001314316259654028,0.0,5.346957524443633e-251,1.5709213878355172e-243,2.1877007765828874e-21,0.00024118657277233288,0.0014383725942223478,0.0006417489484804434,4.910374713967105e-100,5.496250081818885e-69,1.220522260787994e-294,0.00021904570838222453,0.0,3.2881104628370073e-252,2.132780984620338e-228,1.7494343778629304e-44,0.0002186661157186129,0.00045441274905368693,0.000936516828574812,0.0,0.0,1.228133672346249e-242,0.0006571738667942395,0.0,3.370724916465113e-256,2.879945053109781e-232,3.5173237538933233e-19,0.0008639175208719669,0.00021856288276498215,0.00043811591119615964,0.00021905795559807982,0.00021904612785891755,0.0,5.335667603562472e-246,1.6779231614449486e-239,3.654427666825035e-43,3.354374296939048e-14,0.001314347733588479,8.953697190726734e-41,0.00021905795559807982,0.0,0.0,5.876626805999139e-250,1.5294507465957278e-243,2.562339981368158e-228,9.782562130920402e-94,0.0002442194868963228,0.0,0.0,0.0,0.000438112649451285,0.0,6.495455012108295e-266,8.431488928759587e-243,6.126441280758788e-222,0.00021905679998894702,0.0015334056891864887,2.1378573694341765e-27,0.0,0.00021905795559807982,0.0,3.822055248511136e-253,1.6249296423239145e-227,2.6583090500733538e-214,1.0204486663059074e-79,0.00043811591119615926,0.0005809804023222635,3.345e-321,2.6139845593265963e-298,9.23974389858491e-231,0.0010952845402330707,0.0,6.848427655993831e-249,6.401605778173308e-253,1.0779723023250949e-217,0.00043814010745995424,0.0004325783968238992,1.978160536218375e-164,0.00043811591119615964,0.0006571603509815162,0.0,3.9080138985537516e-247,2.5074233391904953e-244,2.9194425377531054e-231,6.6428446614802585e-124,0.00021792679379710998,0.00043811591119615964,3.9946969794478616e-255,1.466107049198363e-198,1.4554438677325812e-286,0.0,8.988369903529148e-251,1.8505590103904798e-64,1.8522484759411868e-214,0.00043811591119615964,0.00021905795559807982,1.0493900652780824e-8,0.00021905795559807982,0.00021905795559807982,0.0,9.918513461373149e-245,7.520410542226757e-233,2.326289748454169e-75,2.97437388730294e-53,0.0,0.0,0.0,0.0,1.1345180381519474e-266,1.7628788683690986e-243,7.746114693038632e-213,1.968652495392961e-178,0.00021886588501267325,0.0006552085901669929,0.0010952897779903993,0.0006571738667942395,1.1894111377999022e-243,0.0,2.6750055934061024e-241,8.987720903823055e-234,0.0,0.0008209473847013535,0.0,1.0106894135957017e-141,0.0,1.292262137638458e-231,0.00021905795559807982,0.0,1.425879898992624e-81,1.6822801221181804e-222,0.0,0.0,2.107075928466967e-265,1.109215185697424e-16
1.0,0.0,0.0,0.0,0.0
1703,207,1407,1409,107,805,2009,2504,1305,210,1204,103,608,1701,1011,4,2202,1304,10,308,2403,307,2007,2305,2005,3005,211,1001,1607,1310,1406,1408,605,1111,3000,2111,301,101,8,206,509,1207,904,1605,906,7,1602,3503,401,110,2405,2011,1502,511,700,1103,1911,1801,2300,1210,1005,405,602,2000,202,2002,1,1904,1711,908,1308,1808,1201,1611,507,2500,4004,204,3502,701,707,2406,606,3001,609,1702,809,1603,802,702,2302,2100,1804,811,1104,603,907,502,406,1506,505,111,200,1901,409,1503,800,3004,2203,711,2001,2206,1303,1401,411,1202,807,2201,404,501,1501,1403,1907,504,2306,1100,1106,1903,2102,2106,600,810,4000,205,1805,1800,105,2501,2008,1507,1700,1301,1211,1411,2204,1505,2407,2,1311,1209,909,804,610,709,1300,1105,304,1705,1101,5,1606,1500,2211,801,309,703,704,1108,1704,1906,408,710,1405,2006,1807,2411,310,2402,1902,1402,2103,2207,1309,3501,1006,108,1307,3504,203,1000,2303,1404,1010,6,607,2208,102,306,303,3506,604,2511,510,1004,902,1206,1905,1504,400,1203,1604,1205,9,4002,109,1400,201,3006,1600,300,100,1510,900,106,3500,2301,601,905,1102,305,1003,402,1706,2105,803,208,2507,1601,500,1811,808,3505,911,2404,407,2505,2104,209,2205,503,1306,1511,910,1508,1707,302,1002,3002,2400,1109,706,806,705,1008,3003,2311,1806,2101,2502,1803,2107,104,1900,2307,2200,403,2304,311,506,1200,508,708,2004,2506,11,3,2503,1302,903,2401,410,0,1007,1802,2003,901,1107,611
402:51,2102:238,1107:139,110:23,2004:229,711:96,1302:156,308:45,1703:200,1010:130,1900:216,501:62,1100:132,6:7,1106:138,808:105,1307:161,3505:294,2208:253,2207:252,1503:180,2104:240,1411:176,2302:257,2406:270,404:53,905:114,2300:255,3006:288,1406:172,1811:215,3501:290,1407:173,1704:201,2211:254,4:5,1901:217,405:54,207:32,506:67,1700:197,603:76,2401:265,104:17,1401:167,1500:177,1501:178,410:59,2101:237,111:24,2501:274,300:37,607:80,302:39,11:12,2011:235,802:99,2307:262,1702:199,1408:174,2500:273,801:98,406:55,1602:190,810:107,1002:123,108:21,4004:298,103:16,2503:276,702:87,208:33,2407:271,2506:279,1109:141,2:3,10:11,307:44,211:36,2411:272,3003:285,2301:256,1105:137,100:13,1102:134,200:25,1506:183,1905:221,1202:145,1510:186,1311:165,1301:155,0:1,2306:261,1101:133,2003:228,904:113,2009:234,9:10,1003:124,1611:196,109:22,502:63,1904:220,409:58,1103:135,1907:223,1911:224,107:20,2400:264,1404:170,1502:179,2305:260,1409:175,1511:187,3503:292,511:72,1803:209,401:50,209:34,805:102,3002:284,806:103,610:83,1802:208,1806:212,809:106,8:9,1000:121,1:2,609:82,1305:159,509:70,201:26,707:92,1209:151,1006:127,206:31,604:77,1504:181,1807:213,507:68,601:74,1207:150,311:48,2007:232,500:61,1800:206,909:118,2403:267,1005:126,602:75,911:120,1308:162,4002:297,400:49,1400:166,403:52,3005:287,709:94,2100:236,1604:192,309:46,1111:142,1210:152,1706:203,608:81,5:6,1906:222,2204:249,1104:136,305:42,703:88,1603:191,2002:227,700:85,1801:207,910:119,3506:295,510:71,2001:226,408:57,1804:210,2202:247,804:101,210:35,705:90,1300:154,505:66,704:89,4000:296,606:79,1306:160,205:30,1808:214,2008:233,1310:164,706:91,1203:146,3504:293,1405:171,2206:251,2106:242,2311:263,2205:250,2103:239,2105:241,1701:198,2304:259,2505:278,1705:202,2303:258,710:95,901:110,1903:219,204:29,1004:125,1200:143,2402:266,907:116,7:8,203:28,2507:280,411:60,1001:122,2005:230,310:47,903:112,1505:182,2201:246,1508:185,2107:243,1007:128,304:41,301:38,906:115,202:27,605:78,1206:149,3001:283,2200:245,807:104,803:100,1601:189,1805:211,2006:231,1902:218,1303:157,1507:184,708:93,1205:148,811:108,1304:158,2000:225,3500:289,503:64,2511:281,106:19,2405:269,900:109,902:111,2502:275,303:40,600:73,102:15,1707:204,1600:188,3004:286,3502:291,101:14,1607:195,1108:140,105:18,3000:282,1605:193,1211:153,2404:268,407:56,1011:131,1201:144,1606:194,800:97,611:84,3:4,1008:129,2203:248,306:43,2111:244,1309:163,2504:277,701:86,508:69,1204:147,908:117,1711:205,504:65,1403:169,1402:168
