10
0.8481845453036795,0.0,0.0006164782967765772,0.00023493027673518376,0.0,0.08935605696585096,0.02799896926755502,0.0,0.0,0.03360901988940298
4.443543327330148e-144,0.8725722148348126,0.05618370569354401,0.0018196460336202356,0.06452041219703913,0.004904021240984075,0.0,0.0,0.0,0.0
9.571538170729773e-16,0.0,0.8411567091955658,0.0,0.0,0.019210472221407163,0.08693197370479992,0.002381853332568733,0.032278279760433154,0.018040711785224213
0.024816495323028605,0.0006703479095214821,8.11291601792095e-303,0.8759846171823295,0.09608762511798523,0.002440914467135278,0.0,0.0,0.0,0.0
0.0022585940504102914,0.01403183225042658,5.990609666087451e-33,0.0628048826937719,0.8677493764799533,0.05315531452543797,0.0,0.0,0.0,0.0
0.1304513904011809,0.0,0.024322398240380162,0.0,0.0,0.8392278884274773,0.004974200790846356,0.0,0.0,0.0010241221401154853
0.0,0.0,0.06808089191894254,0.0,0.0,0.0,0.782101794724865,0.014666284391814114,0.030314693756157255,0.10483633520822108
0.0,1.0080852731295647e-6,0.0,0.050708444213721005,0.0005210705284105089,0.0,0.0,0.9152309074946114,0.03353856967798368,0.0
0.0,0.0035680222347431526,0.0,0.00937868550858012,0.014156950345268406,0.0,0.0,0.08467006707254449,0.888226274838864,0.0
0.0,0.0,0.016440173054491757,0.0,0.0,0.0,0.1841605840743344,0.034930120332414466,0.001808195116828365,0.762660927421931
10,114
8.363144764843941e-281,0.0,0.0,6.396591535304842e-98,3.417342845576748e-142,0.0,2.6529559776458407e-155,0.010226984718806037,7.687842072514584e-123,0.0,8.428143388092891e-121,0.6793408856628305,6.698915252275321e-120,0.0,1.4277920077863565e-239,0.1426065762846652,4.559320218535279e-119,0.0,0.00023562598701526647,0.061316389797815694,2.0493512433093284e-122,0.0,2.4675608157626457e-158,0.036413511238409184,1.8368654880100664e-153,0.0,0.0,0.019264153116555122,5.175251560407275e-133,0.0,0.0,0.010573069047926344,1.7700594430648064e-233,0.0,0.0,0.006108146110127234,1.4227259011875728e-146,0.0,0.0,0.003054073055063617,1.0958069406548784e-210,0.0,0.0,0.003289001751606972,5.722930071936892e-219,0.0,0.0,0.0023492869654335516,0.0,0.0,0.0,0.0023492869654335516,2.3682200817005746e-141,0.0,0.0,0.003054073055063617,2.544628548399779e-210,0.0,0.0,0.001409572179260131,0.0,0.0,0.0,0.002819144358520262,1.0558383963187864e-200,0.0,0.0,0.001409572179260131,1.267718546928621e-109,0.0,0.0,0.001644500875803486,2.598208450442491e-151,0.0,0.0,0.0009397147861734207,0.0,0.0,0.0,0.001644500875803486,0.0,0.0,0.0,0.0010246405197796757,0.0,0.0,0.0,0.001409572179260131,1.1810428872525264e-117,0.0,0.0,0.0021143582688901963,0.0,0.0,0.0,0.0018794295723468413,5.685889691145535e-190,0.0,0.0023492869654335516,0.0,0.0,0.0,0.0011746434827167758,0.0,0.0,0.0,0.0,0.0,0.0,0.0,0.0,1.1860235649204473e-16,0.0,0.0
0.0,2.6466261584579566e-89,0.960597729471202,4.963773891877164e-52,0.0,2.0808619240895003e-199,0.03940227052879807,3.6007700844369445e-169,0.0,7.671796128298259e-235,2.689887487532809e-54,4.8569796288209866e-303,0.0,9.085444767646392e-223,1.6752342748401823e-150,0.0,0.0,0.0,2.1834160679259356e-262,0.0,0.0,0.0,3.4928120024095556e-279,0.0,0.0,0.0,0.0,0.0,0.0,0.0,0.0,0.0,0.0,0.0,1.9550398077797677e-138,0.0,0.0,0.0,6.2638278925794786e-195,0.0,0.0,0.0,0.0,0.0,0.0,0.0,0.0,0.0,0.0,0.0,1.3485467197147467e-156,0.0,0.0,0.0,0.0,0.0,0.0,0.0,2.024318587470175e-188,0.0,0.0,0.0,0.0,0.0,0.0,0.0,0.0,0.0,0.0,0.0,0.0,0.0,0.0,0.0,0.0,0.0,0.0,0.0,0.0,0.0,0.0,0.0,0.0,0.0,0.0,0.0,0.0,0.0,0.0,0.0,0.0,0.0,0.0,0.0,0.0,0.0,0.0,0.0,0.0,0.0,0.0,0.0,0.0,0.0,0.0,0.0,0.0,0.0,0.0,0.0,0.0,0.0,0.0,0.0
0.10637002509763153,2.8363851947880537e-159,1.6114266328680835e-174,0.16424643403721348,0.7225684009530203,8.546977302595561e-134,1.597209200047834e-235,0.0003290156194039987,0.0015652231782691908,3.324877960781431e-152,0.0,1.2335467441509036e-127,0.0012249188906944192,1.283223683247857e-88,0.0,0.0003651734626354685,0.0002873630484034973,2.5580161358740596e-132,0.0,9.206437783663518e-278,0.001110324293604426,1.8925756142450257e-289,0.0,3.75371927732491e-216,6.075319440494039e-59,0.0,0.0,7.980341001088544e-237,0.000162979174827409,0.0,0.0,0.0003598280635014904,0.0004387664527221134,1.4022952446837411e-158,0.0,7.877789770719426e-291,0.0006064124854248914,7.460189037018746e-169,0.0,2.0163796027531675e-274,2.8600093505956442e-55,8.225549340211988e-306,0.0,0.0,0.0003651352426478527,8.342847568201227e-304,0.0,0.0,1.0642962511034194e-62,0.0,0.0,0.0,1.631201963395919e-29,0.0,0.0,0.0,5.991476032993556e-155,0.0,0.0,0.0,1.9477991772228357e-160,3.029823e-318,0.0,8.447679069293052e-304,2.0361354182596077e-33,0.0,0.0,1.4817943458096786e-288,2.424400598493215e-146,0.0,0.0,2.40505e-318,1.498764970481446e-36,0.0,0.0,8.256247868561491e-217,3.1821185059997654e-100,0.0,0.0,0.0,8.969921239143951e-222,4.789604770492741e-296,0.0,1.9226196028746683e-264,1.1122251202503369e-32,0.0,0.0,0.0,3.601138521807557e-218,8.538770385722434e-293,0.0,6.708e-320,8.636292038363282e-260,0.0,0.0,0.0,1.475221018623035e-225,0.0,2.62905383521361e-260,2.3362258432125788e-234,0.0,0.0,0.0,4.654996171766474e-301,0.0,0.0,1.133514298317e-311,0.0,0.0,0.0,0.0,0.0,0.0,0.0
0.0,0.0,4.199251840605629e-98,0.0,0.0,1.255854230316019e-116,0.016405071775669116,9.581252754821537e-171,0.0,5.029210857694604e-107,0.6089218246834005,3.2921069762069274e-137,0.0,8.359158645358195e-108,0.27205158863660334,5.031034513223163e-189,0.0,7.3505053756939e-134,0.0772711172138353,2.834021402739149e-211,0.0,2.115013155216343e-148,0.011887968579078464,0.0,0.0,6.8728585397401226e-161,0.005029525168071658,0.0,0.0,8.392904160493843e-142,0.0038864512662371902,0.0,0.0,3.542666753015171e-171,0.002070426449164584,0.0,0.0,0.0,0.0006858443411006806,0.0,0.0,0.0,0.0,0.0,0.0,0.0,1.482620531625824e-27,0.0,0.0,2.1877761323533447e-139,8.097595908863931e-36,0.0,0.0,0.0,0.0,0.0,0.0,9.634818655234999e-142,1.436594672675667e-5,0.0,0.0,0.0,0.00045722956073378706,0.0,0.0,0.0,0.00022861478036689353,0.0,0.0,2.5349605161531584e-127,0.00022861478036689353,0.0,0.0,0.0,0.0001754193276299844,0.0,0.0,6.464825798189829e-121,0.00022861478036689353,0.0,0.0,0.0,0.00045722956073378706,0.0,0.0,0.0,9.308249414664886e-8,0.0,0.0,2.3645766385458424e-85,0.0,0.0,0.0,0.0,6.742011810727814e-11,0.0,0.0,0.0,0.0,0.0,0.0,0.0,0.0,0.0,0.0,0.0,0.0,0.0,0.0,0.0,0.0,0.0,0.0,0.0
0.0,1.2886379175667094e-162,0.016257745366447553,1.513248796160865e-158,0.0,1.3252689630970183e-152,0.9468986993303143,6.851954465368602e-134,0.0,4.2591930083161016e-182,0.036092686349853624,7.934718117517768e-194,0.0,8.877300468697135e-176,1.1640366177062856e-70,5.4e-323,0.0,0.0,5.742475350297917e-108,0.0,0.0,2.695930836054812e-263,9.081581643670042e-108,0.0,0.0,0.0,4.532594203564233e-160,0.0,0.0,0.0,3.258343053454765e-155,0.0,0.0,0.0,0.0002459492327095081,0.0,0.0,0.0,2.523186102930202e-34,0.0,0.0,0.0,0.0,0.0,0.0,0.0,2.8520751655127835e-268,0.0,0.0,1.11e-321,0.00026064934529305517,0.0,0.0,0.0,0.0,0.0,0.0,0.0,0.0002442703753820341,0.0,0.0,0.0,1.57024369598691e-172,0.0,0.0,0.0,1.593451393318661e-166,0.0,0.0,1.9361e-319,4.966131459987169e-181,0.0,0.0,0.0,3.9000888800661455e-228,0.0,0.0,1.88074841701467e-309,4.513834059047714e-177,0.0,0.0,0.0,2.6294740599579806e-170,0.0,0.0,0.0,2.0042399217077634e-205,0.0,0.0,5.467501828217657e-288,0.0,0.0,0.0,0.0,1.0608071248652525e-195,0.0,0.0,0.0,0.0,0.0,0.0,0.0,0.0,0.0,0.0,0.0,0.0,0.0,0.0,0.0,0.0,0.0,0.0,0.0
1.1560736803136706e-198,0.0,2.74538810869772e-141,0.014829989394960403,3.483946627050383e-153,0.0,1.0811071950407677e-125,0.9308351145026222,7.300513304177646e-158,0.0,4.529772779315844e-106,0.053689967474758425,1.745111461538854e-157,0.0,0.0,0.0002396508513430681,1.457681360716267e-190,0.0,0.0,8.854062551909019e-48,5.991826400788921e-248,0.0,1.3526458362e-313,4.592884944455192e-7,1.3650132229413569e-267,0.0,0.0,4.0965950232885244e-64,2.6995062444188292e-201,0.0,0.0,5.305998287676379e-84,4.038428392437436e-287,0.0,0.0,1.5379029914043903e-34,7.801947292237157e-239,0.0,0.0,6.784245894596734e-91,4.242e-320,0.0,0.0,5.450934956577688e-58,5.38738501073299e-284,0.0,0.0,2.234941104755695e-81,0.0,0.0,0.0,1.0416159444393112e-85,8.546585735097653e-166,0.0,0.0,1.1665812763377236e-52,0.0,0.0,0.0,4.431238948861373e-22,0.0,0.0,0.0,9.42598737596879e-52,8.484240456417229e-291,0.0,0.0,2.832717138210305e-35,5.147318244933427e-190,0.0,0.0,2.7522510631698406e-31,5.264682134448814e-159,0.0,0.0,6.157135738886086e-73,0.0,0.0,0.0,9.012214969400472e-68,0.0,0.0,0.0,0.00015775260654556897,0.0,0.0,0.0,4.51072048416287e-37,2.2084436242051346e-217,0.0,0.0,2.3935296674845425e-77,0.0,0.0,0.0,1.1144034059651745e-41,6.934467075619549e-290,0.0,6.226766949306636e-41,0.0,0.0,0.0,9.694835054383496e-26,0.0,0.0,0.0,0.0,0.0,0.0,0.0,0.0,0.0002470658812758853,0.0,0.0
1.3404261131283465e-35,4.1558190703760765e-221,0.0,8.972631985352998e-179,0.15689194443185267,4.562625931268666e-136,0.0,1.916914770224068e-108,0.7121049378553623,1.1689914191523924e-109,0.0,2.902058916546881e-140,0.10193288606990786,2.730090947282026e-118,0.0,3.2487378974749324e-77,0.022003647451270085,3.015949703576876e-140,0.0,7.867094441748705e-118,0.004232579981366113,9.816703993788182e-185,0.0,1.2624707238258873e-122,0.0008615008916302233,2.7504669300592204e-221,0.0,7.782698825548201e-168,0.0005714074509879845,3.1945010368746046e-224,0.0,2.464907953349296e-45,0.00038965805915432703,6.473234576340803e-159,0.0,1.336329325046716e-201,0.0003231013434044014,2.99762562773255e-157,0.0,1.267992660177181e-167,9.317739859469854e-5,1.1693836046481262e-162,0.0,0.0,3.4900077982479328e-40,2.44792090058976e-160,0.0,0.0,7.728069876859532e-29,0.0,0.0,0.0,1.2205830472135822e-5,0.0,0.0,5.950046006024121e-153,4.18145067773642e-43,0.0,0.0,0.0,2.2390019530520613e-64,2.2876948713775023e-177,0.0,4.817820756716522e-161,7.489787269516585e-21,1.8193249809427858e-192,0.0,3.706895897070119e-137,1.802484730685836e-40,2.4929706419173144e-195,0.0,5.196238183509505e-142,4.902485993701699e-19,0.0,0.0,6.988446175836775e-120,5.189619074375319e-39,7.032856267459434e-175,0.0,0.0,1.471019038609377e-66,6.062761103372827e-153,0.0,0.0,0.0005829532359971647,0.0,0.0,0.0,9.551388466076345e-66,8.986466552677783e-146,0.0,4.96828563319624e-138,1.2623216296382853e-106,0.0,0.0,0.0,3.679716457871845e-83,0.0,3.333619154183371e-156,1.0671618878358762e-77,0.0,0.0,0.0,2.159006752716967e-152,0.0,0.0,1.2664273874951142e-155,0.0,0.0,0.0,0.0,0.0,0.0,0.0
3.85e-321,2.6912117668739294e-171,1.0638939167949064e-237,0.0,4.94603744612871e-153,0.00014102922418063508,2.7654739973151596e-139,0.0,1.59952473809298e-155,0.23453662812875387,2.6664314140186465e-142,0.0,1.3482639917592235e-130,0.3646579713390217,9.81136576173688e-100,0.0,9.619805406999293e-143,0.17779549951254073,9.630783848651291e-101,0.0,2.185739163076833e-127,0.08348118404885058,1.6066007920711747e-98,0.0,1.2768328615023626e-182,0.03433960587559708,1.0566389592807064e-80,0.0,1.3118963770940144e-138,0.02088236066736265,2.4971177998326505e-69,0.0,4.9367699768369086e-129,0.013739077852751427,8.636657194004269e-74,0.0,6.370169600547283e-221,0.008708150040737645,0.0,0.0,4.2299600815794364e-194,0.0070050506230769655,0.0,0.0,0.0,0.0048815692758877776,0.00037861521916250635,0.0,1.59087654975546e-176,0.004543382629950076,0.0,0.0,5.259208800134713e-189,0.005300613068275089,0.0,0.0,2.778523570398471e-144,0.004543382629950076,0.0,0.0,7.225369754941591e-200,0.0060578435066001015,0.0,0.0,9.99481863071502e-114,0.004921997849112582,0.0,0.0,3.580874776638612e-156,0.004354075020368823,0.0,0.0,3.9808657263759185e-180,0.003218229362881304,4.404922543527335e-5,0.0,3.494072357089986e-98,0.003407536972462557,0.0,0.0,1.0409927494331744e-171,0.0035968445820438104,4.72474326123052e-39,0.0,4.62440975807632e-114,0.002460998924556291,0.00018923053134321238,0.0,1.9624912637656282e-131,0.0017037684862312786,0.0,0.0,0.0,0.0007572304383250127,0.00018930755375309817,0.0,0.0,0.002460998924556291,0.0,2.5295690054510394e-151,0.0017037684862312786,0.0,0.0,0.0,7.366792112516237e-66,0.0,0.0,0.0,0.0,0.0,4.969104921085012e-60,0.0,0.0,0.0
1.0656844273819227e-158,0.05370217977798476,5.313410583554114e-147,0.0,2.6746184739528272e-108,0.5468590682133484,1.3207923780926255e-146,0.0,6.960455808252623e-136,0.37938490116446144,1.4911782607590822e-164,0.0,3.494583493957756e-120,0.015142255808025487,1.0053120060981127e-128,0.0,3.112892139210627e-70,0.001668977714786621,3.219708143191159e-283,0.0,2.4269195332009132e-139,5.266644360958544e-6,3.7966438550680074e-278,0.0,1.8498801156563143e-249,0.0004606891420708868,2.176332842756017e-262,0.0,9.859763010138034e-5,0.0004855752261282476,7.793342244439964e-234,0.0,4.0238911379364507e-202,0.0006962868148606955,1.866219421472168e-233,0.0,0.0,6.154099097537688e-59,0.0,0.0,0.0,0.0005733398947311017,0.0,0.0,0.0,0.00034850710520444847,1.5226229224570554e-200,0.0,2.75e-321,6.493043949891287e-77,0.0,0.0,0.0,4.10246912790351e-86,0.0,0.0,5.215193790764418e-186,1.2744492344247912e-112,0.0,0.0,2.036134796579249e-302,1.5186175176388342e-52,0.0,0.0,8.319878201827295e-179,2.9532103548408246e-80,0.0,0.0,9.047003942657866e-302,1.0673493438936542e-81,0.0,0.0,3.681947132034664e-306,8.20660268721308e-140,1.3092883286815042e-190,0.0,1.5253276426587485e-157,6.962300403308721e-79,0.0,0.0,4.01042176e-315,1.9575588358805684e-51,1.0895537566074835e-200,0.0,1.8778805476418247e-89,3.3042390927470635e-139,1.0487678384733043e-170,0.0,2.4839818555739736e-283,2.248404996887729e-50,0.0,0.0,0.0,2.0387806467247253e-143,5.696907998394256e-159,0.0,0.0,2.8171706457857735e-66,0.0,1.826272011070865e-287,3.8450528557199876e-120,0.0,0.0,0.0,0.000287177431967833,0.0,0.0,0.0,0.0,0.0,0.000287177431967833,0.0,0.0,0.0
0.0003894707955444219,0.0,0.0,5.084696486934441e-215,9.732223180229238e-9,3.839082304610359e-158,0.0,1.7874403019822982e-121,0.033959606149857116,2.522595070135502e-137,0.0,6.393215479238392e-147,0.29892102006736915,7.113362002106724e-136,0.0,2.841498184975539e-83,0.18739576669784905,3.091926601932627e-151,0.0,2.4341920577307765e-73,0.10397102031381347,9.377896830714033e-155,0.0,6.5185201136724995e-77,0.057441208362395677,2.4738214751292173e-167,0.0,2.1463350971548552e-86,0.04307995460989712,3.2202213252595855e-169,0.0,3.406401559156675e-17,0.032617186336144036,1.1970494655943337e-116,0.0,5.512850430912032e-107,0.02626991111804783,1.0258641165384269e-122,0.0,6.69260975122015e-107,0.026494264657856478,1.5105693344909217e-96,0.0,0.0,0.023499265632170904,1.5909329592398065e-74,0.0,0.0,0.01449344345512901,0.0,0.0,0.0,0.016433371749077094,0.0,0.0,3.719775780181843e-58,0.023111166590611125,0.0,0.0,0.0,0.016452016895011305,5.722616875492362e-88,0.0,2.723614645739603e-57,0.014101728767152547,3.36083797275028e-104,0.0,1.376826638617812e-30,0.013318299391199629,2.742584932331893e-106,0.0,9.824513895960985e-38,0.010184581887387953,0.0,0.0,7.286863392465894e-26,0.010576296575364416,7.569616926749364e-90,0.0,0.0,0.010968011263340875,2.3184878838260437e-73,0.0,0.0,0.006160367978370168,0.0,0.0,0.0,0.008617723135482116,5.332771576412308e-60,0.0,1.8880481612505416e-41,0.006267435007623356,0.0,0.0,0.0,0.007834293759529196,0.0,8.09888629647239e-50,0.004308861567741057,0.0,0.0,0.0,0.001958573439882299,0.0,0.0,0.0011751440639293793,0.0,0.0,0.0,0.0,0.0,0.0,0.0
1.0,0.0,0.0,0.0,0.0,0.0,0.0,0.0,0.0,0.0
1703,4003,103,1701,4501,2202,2403,1001,3000,301,101,5503,1602,3503,401,1502,700,1103,1801,2300,4503,602,2000,202,2002,1201,4001,2500,701,3001,1702,1603,802,702,2302,2100,603,502,200,1901,1503,800,2203,2001,1303,1401,1202,2201,501,1501,1403,1100,1903,2102,600,4000,1800,2501,1700,1301,1300,1101,1500,801,703,5000,2402,1902,1402,2103,3501,4500,203,1000,2303,102,303,902,400,1203,1400,201,1600,300,100,900,3500,2301,601,1102,1003,402,803,1601,500,503,302,1002,3002,2400,3003,2101,1803,1900,2200,403,1200,2503,1302,903,2401,1802,2003,901
402:15,2102:83,1302:51,501:18,703:28,1603:64,1703:68,700:25,1100:41,1801:70,1900:73,2002:79,2001:78,1503:60,4001:108,4501:111,2302:91,2202:87,2300:89,1300:49,3501:105,1700:65,1901:74,2401:94,4000:107,603:24,1401:54,1500:57,1203:48,1501:58,2101:82,5000:113,2501:98,300:9,302:11,1701:66,2103:84,2303:92,802:31,1200:45,901:34,1702:67,1903:76,2402:95,801:30,2500:97,1602:63,203:8,1002:39,1001:38,903:36,103:4,2503:99,702:27,2201:86,301:10,3003:103,2301:90,202:7,100:1,1102:43,200:5,3001:101,1202:47,803:32,1601:62,2200:85,1301:50,1101:42,1902:75,2003:80,1303:52,1003:40,2000:77,3500:104,503:20,502:19,1103:44,900:33,902:35,1502:59,2400:93,303:12,3503:106,600:21,102:3,401:14,1803:72,3002:102,1600:61,101:2,1802:71,4003:109,5503:114,3000:100,1000:37,201:6,601:22,1201:46,800:29,2203:88,500:17,1800:69,2403:96,602:23,4503:112,701:26,400:13,1400:53,403:16,4500:110,2100:81,1403:56,1402:55
