5
0.895844987520055,0.0015137703607669669,0.06251852635549146,0.04005078367612174,7.193208756479263e-5
0.03565465788296206,0.02674198462462006,0.03403723012293541,0.1023315766773952,0.8012345506920874
0.13327558613786628,0.054559071683488294,0.011211823046708863,0.7813486080610376,0.019604911070898897
0.05544561740327601,0.007943280834840805,0.2553311260492132,0.6679091986927808,0.013370777019889183
0.0010396291363097903,0.8280135095240424,0.07311197192600227,0.005436204036832776,0.09239868537681264
5,31
8.056691037858925e-8,0.0336569215923159,0.5359486315896721,0.19632890235938774,0.08202449722149731,0.04185624459085267,0.02105672022099629,0.012333221843764947,0.010852107823888239,0.0072194468800197914,0.007821067450051518,0.003374132287908769,0.004812964621966963,0.006016205777466456,0.004812964621317346,0.0033089131776087724,0.004512154332626239,0.004211344044230422,0.003008102820596408,0.0024064823109888117,0.003308913177609617,0.0018048617332416092,0.0015040514443680076,0.002406482310988812,0.003308913177609617,0.0009024308666208047,0.0009024308666208047,0.0003008102888736015,0.0,0.0,0.0
0.9479178523996498,0.048186405786363594,8.580716547324723e-5,6.497648045535159e-5,8.654589373206625e-12,0.001050003961687975,3.741962070585754e-15,2.841417911067078e-13,0.002694954197267378,3.5389687280960086e-20,1.854005363219525e-17,5.237059635694108e-16,3.013804144632223e-21,4.438183420727794e-22,2.503588930849717e-16,9.533015261311935e-26,1.5971510267705802e-13,7.161968480489299e-25,1.7527862526399825e-19,1.0379167489402014e-28,4.3664935730253293e-29,5.111328085818201e-28,1.4602436352766764e-32,2.5283228496589817e-33,7.636378240281743e-33,2.1123961408199898e-35,2.518831569991385e-34,4.684614469214691e-34,0.0,0.0,0.0
0.0078037024738829164,0.9441859830902128,0.047067570347261535,0.0008753638952657978,4.411755375122873e-5,8.0070414675773e-6,4.696354312942057e-13,6.063463293783404e-16,1.0555853095794562e-5,1.6030535255202275e-10,1.836670873790457e-10,4.699192917955536e-6,3.2247743368305056e-14,1.47939090418643e-14,1.4579847214439754e-15,2.5548764619910664e-15,1.357239583024054e-12,3.2029115572789515e-19,2.062932318519607e-10,5.049683741038192e-23,5.2417371475879266e-23,5.66185020160893e-22,7.195415791741488e-29,6.735581498729857e-29,1.147957299986788e-28,1.0179981317648134e-33,1.885262700092088e-31,1.527286388554206e-34,0.0,0.0,0.0
0.0010267627982516365,0.974229777154621,0.022793542086526765,0.0012973696841644075,8.583927101172482e-5,7.729572242207965e-6,5.9580196957238015e-18,5.122991207469932e-23,4.705573204455781e-8,1.7484648664943942e-15,1.3895241195695417e-15,0.0005589323774402353,1.19880696082549e-17,7.190823647784874e-16,1.9599734453961185e-20,3.8918067751586985e-24,2.9931715341530874e-18,5.306417710242546e-23,6.220958166334431e-15,1.6838055814209949e-31,1.0674188438206182e-31,2.3762035561113254e-29,1.2594664492093108e-44,1.9724312410463854e-42,1.1479931069221029e-39,1.1186854878357016e-42,6.373630159591913e-46,6.160073850627561e-44,0.0,0.0,0.0
0.9683429518894094,0.027229385353670303,0.00012585804328312677,0.003595921347717679,6.681963328999093e-13,0.0002878969094977665,9.98587929044898e-22,1.9673992126310587e-25,0.00041798645217672235,5.212945940610616e-28,8.561445984806615e-28,5.274050716099321e-21,4.706026407365122e-28,1.3712553607955627e-25,3.5766844320684213e-12,1.1776213077864105e-36,1.4393064878195643e-22,1.595974295992616e-38,3.1753183028798266e-29,9.018717939137268e-46,4.478131928762263e-44,8.656405979794528e-30,6.840828220529867e-56,1.4808307330183104e-59,4.9964870038156025e-54,1.629742741137492e-56,7.515066752237333e-59,1.3718081493661666e-64,0.0,0.0,0.0
1.0,0.0,0.0,0.0,0.0
3000,700,2300,2000,2500,2100,200,800,1100,600,4000,1800,1700,1300,1500,5000,4500,1000,400,1400,1600,300,100,900,3500,5500,500,2400,1900,2200,1200
200:2,3000:26,1900:19,1100:11,1000:10,700:7,2200:22,5000:30,300:3,1200:12,2000:20,2500:25,3500:27,800:8,500:5,1800:18,900:9,2300:23,1300:13,2400:24,5500:31,600:6,400:4,1400:14,1700:17,4000:28,2100:21,4500:29,1600:16,100:1,1500:15
