40
0.5789880921082531,0.03260710169936547,4.189970811187068e-59,1.4404086867053284e-9,0.005269717330394768,1.0256469921438287e-13,0.000267164504920895,0.011598940903987187,0.0027751948226393667,7.008544081366861e-7,2.2942334824424497e-9,5.491864635907448e-6,2.053849298958853e-28,1.4776203437502515e-5,6.021066307630007e-34,1.0030486498065204e-12,3.57851060759324e-27,8.767402083676341e-43,2.5680792199560638e-20,0.03330587945736855,2.979009731560796e-9,6.808725438427199e-11,0.25656799018470555,5.574345298896631e-18,1.3752225760967935e-8,4.5174950803048116e-18,1.3197127584291525e-40,0.0073252460278239945,4.3808780823646125e-16,0.014431423182289328,0.028713849411489207,4.418070906147098e-17,0.010858673843288511,3.162190632499424e-42,2.9194344167482894e-20,8.249658488003245e-9,8.871130572288698e-14,2.4694901668811113e-24,6.459070890314336e-34,0.01726972881617443
0.028957274122008502,0.002269303293939767,0.00036726882665022513,1.6504503355916937e-6,7.453362384625628e-12,0.00054635180186124,0.00018498901569099588,0.00036908596709517104,1.7363454692168966e-5,2.6798943888010313e-10,1.0906764877318963e-5,0.006855118712710191,2.1973948463966483e-14,4.899137952671093e-13,0.0007012659770248342,0.6147402845932688,0.08277500778540652,3.0889727141725727e-10,4.94014137520804e-5,1.9456025400594835e-27,2.2736872684471687e-8,0.00017670312959555472,1.615328217511503e-16,3.0372185331447407e-6,0.008908473299907283,2.994509218282568e-16,2.4436789235556765e-13,5.7016110602526604e-21,1.44155525173457e-11,0.0915750170686687,2.685353151356221e-10,4.4356574977878366e-12,3.4270216202562196e-5,1.7606466414231262e-6,0.006965521383991173,1.2666826602490663e-6,7.931381560311784e-5,0.15331367655097108,0.0002617856545866228,0.0008338785439697457
1.3910275184450905e-57,0.03064447100477153,8.115985538619477e-8,0.009654749318390105,9.03912591091219e-12,1.7978303418088072e-5,2.373876600503347e-16,2.0380067556371045e-43,2.478430951931002e-20,2.798617533208846e-7,5.878788490605718e-14,4.7221606206621136e-54,2.053591277421889e-9,2.900055700624685e-6,1.7826153782725853e-6,1.331388195063784e-9,0.0014410968728539517,0.08979055839477108,4.548362811247171e-8,1.347241316695125e-25,8.252773990559542e-9,2.8529674940670265e-25,3.7042809667629774e-30,0.00018916502999649927,0.31884417552276634,1.2636165706504565e-20,0.35100191800616465,5.972313293455506e-9,1.1574615825266362e-5,2.4883310656089195e-17,5.019306783215326e-7,0.15879534685441973,2.6014602103473863e-31,3.434732851097637e-11,7.125628836812718e-11,5.494016173266693e-10,1.2560274189550076e-14,9.543379822581337e-14,8.834299351331821e-5,0.03951501370183729
3.933975259238924e-21,4.107667562447096e-6,7.781085059622127e-6,0.14009949251527432,2.209820011146521e-12,4.6056002189305954e-8,1.4326186724680895e-6,1.091241903834406e-24,2.4315862535924237e-13,5.4131777065063806e-8,8.324668837413686e-10,1.7432823186732524e-32,0.016872352784507025,9.689474660136025e-10,4.01792310951323e-10,3.5574528143769417e-9,0.051382754549861756,4.338266013930668e-13,5.117689322093614e-8,1.258544204571366e-47,2.3182085909710017e-10,8.398586033842601e-11,8.769551011299002e-26,0.04241673162159269,0.22413976422210485,1.3992772447254244e-15,1.0667949162336075e-11,0.026631355270957537,5.451566531951773e-9,1.1634731367961187e-15,0.23660512530284644,4.017169082759179e-6,2.568146064622209e-30,3.666742944819379e-16,2.893759381435181e-11,0.0020526563444945656,8.085539068813782e-10,0.25978108119444765,2.2414394231733812e-10,1.1836856375811238e-6
7.78379451914944e-18,0.006959923660048128,3.54541555500066e-5,4.326487563128962e-12,0.6487204269482341,2.3589466735291453e-10,0.0070191545183675074,3.1884886909893285e-9,0.001205391060915087,0.09410692264427814,1.4629661220488427e-5,0.0029031468501355038,2.5486380678343816e-23,0.028170186941321698,3.8826747617984586e-11,1.6650295936599742e-27,1.926272967448259e-12,4.1579419687778353e-10,7.829204779889958e-22,1.7710802869755441e-19,0.18528648873432915,2.2598614848870465e-13,4.909110348915236e-37,4.252406424044944e-21,8.469083468987105e-8,6.865062773323683e-11,0.00036844182877950136,4.0668983471346576e-32,0.0014796198676832286,1.6666886994325657e-13,7.9988076638641e-9,2.6994055947441246e-5,1.9199760027024648e-28,0.02370278921693504,3.42129855787815e-17,9.430192933990793e-8,2.1250001531535508e-23,1.182346395625934e-30,2.594336234770606e-8,2.1296702047908215e-7
3.687984974381621e-18,0.47826956712230306,1.766634655743648e-10,2.43709197718167e-8,4.6702816007069037e-7,0.00010961484625232943,1.5805669273912809e-6,5.460283595925614e-22,1.0332122036320855e-12,4.7860674578526e-10,4.7545398376535964e-9,4.991042652067221e-24,7.805544502333947e-9,1.0324985660981521e-11,8.533638183019733e-10,0.14872209423990046,0.24236869211133802,3.987858727988754e-24,1.1071405687729939e-13,1.3797436782811672e-23,2.1143974568519404e-8,8.569635323736911e-11,0.04705233892416898,4.598573837713278e-5,8.360213861154562e-8,0.041684238183234135,2.511127465405568e-21,0.03985920719924665,9.143256014581765e-13,3.646996548905433e-16,3.883413680151286e-5,4.815358048992541e-14,4.758415764020601e-15,6.920622779382681e-14,1.3211275101300533e-5,0.0018227331368176163,1.8129713917366283e-9,1.5266342554081296e-11,2.0627183756515176e-12,1.129037711754787e-5
0.012651295542729271,2.827836379492431e-9,0.0002056582589103525,1.0933075147515026e-6,1.0233101829497036e-10,4.851981116097007e-13,0.05526965960122179,3.6095464551955315e-20,0.8361992894546786,1.8397786097772153e-16,1.9788072442423514e-6,1.0379870731773336e-19,5.2519865276550415e-36,8.555224667916961e-13,3.1458806324516413e-7,1.0557879269283125e-6,4.472249272106608e-7,1.42193505614665e-14,7.898096922215656e-10,2.1726614277826092e-42,2.3762267139929127e-11,8.121725088445262e-25,3.0231341406194975e-22,1.6128105490748031e-9,3.727154493906131e-7,5.218903682713619e-6,7.65889066718918e-19,0.00891816995492798,1.2684823236010144e-12,0.004312721536229003,0.00035969650350082454,8.398456814777991e-8,0.0004968316243840503,6.486629956424509e-6,0.00010787278932745512,1.8622186365179523e-5,0.08143469285863646,8.389526129351632e-6,4.2852251472744946e-8,2.201735617315167e-12
0.03259713712257293,1.0426573170852646e-31,2.3654890592919857e-28,1.5635746128785978e-10,3.0887921801174304e-34,1.3661818085003818e-8,2.7146931771359822e-9,0.021466598359639058,0.008742987628679711,2.055667435187492e-26,4.2032408684452975e-9,0.37361161421391575,1.4211889429602814e-27,5.083492324708198e-16,1.648173154188406e-20,0.14611889309939785,0.009345940007293729,0.005279975746803641,5.4531288127037756e-12,1.6879615965095856e-8,4.980854493204376e-16,1.6432228576423734e-5,7.525005376201394e-27,0.008616460823143993,0.025152694936304103,0.08818640747345577,6.912071087111957e-23,0.05266000164699099,1.8672224179072247e-17,1.847432893358146e-10,8.378009798996599e-8,5.612699584491517e-25,7.459235569595652e-10,0.025681036551510075,0.1918093026918487,0.010712815845543719,1.5014627461383367e-6,7.782963260465028e-8,7.870052046990778e-18,9.447651560908875e-23
0.001156990269988117,1.0123937539340065e-9,5.346025653674248e-6,5.207519084562963e-5,0.008475352066307701,6.269389779782523e-12,5.218754681419169e-5,1.1203925293940877e-19,0.1291688028354759,1.2028504754791865e-7,1.199826364930525e-8,2.5382459685285226e-20,6.448458752826393e-31,3.674849389040632e-7,0.00018392814471633094,1.090689634235311e-11,3.5268550092462314e-8,2.0798096794655358e-8,1.9814142483277942e-7,7.549786046413055e-41,0.006155344587001541,3.733587427759148e-25,1.2868196110406725e-23,5.680850752145613e-10,3.990338663227177e-7,1.2149508894654757e-12,5.749628669288114e-15,6.343208613531598e-6,7.528633284371089e-6,8.948480559111556e-11,0.0003178987878869908,1.3885716435686097e-8,1.934337035012532e-6,0.8423098255593925,1.5074991830226745e-10,4.933859300233803e-8,0.0014933477309729377,0.010547755282329065,6.412171985040229e-5,2.2380885440080876e-13
4.006692510413962e-15,1.1873606110584355e-7,2.709453640030289e-8,2.1666456037774597e-7,0.0012461033005728595,7.81055266844525e-17,1.7613696939949147e-17,3.9719490498297374e-23,2.4188961251572414e-12,0.06839907426555755,2.099786329798849e-14,1.8582634299539942e-27,5.1029006977188265e-23,0.13361424739771313,0.05408864490352115,4.220517908820746e-6,4.5145297177394384e-6,2.045068226333825e-6,2.9752294651124973e-9,0.013636698834545442,0.5983022250000721,4.3849802058904806e-5,8.984592439561915e-22,1.9416995384640513e-16,1.2408355003155916e-9,1.536396741697317e-38,6.328917771966976e-10,1.947026925441731e-9,0.014765076348759535,0.00015306040365991146,5.042681637336665e-15,3.6302485940084363e-6,2.145465456024037e-30,4.754870471974585e-7,4.944168821987956e-10,4.248554327299546e-18,1.2803430679157912e-6,1.3822373924685043e-7,0.11573434553722921,1.204482092856037e-15
1.0014806779553065e-11,0.005873399447069548,7.135237017084327e-5,0.002404217135364692,0.0003170288491512337,0.0038385718005528955,0.044050585042870745,8.588420353349793e-19,0.14599516214415326,0.004844277941217672,3.446610456255792e-7,3.3016217107280627e-20,1.195888123867087e-12,2.3418438400804105e-8,0.056575732089459055,0.14625299564908814,6.534725224892755e-10,1.7977560920268774e-23,0.05369290041167285,5.213804182081902e-38,0.00020592038803655052,0.07924297417014943,2.6066810048913422e-28,0.004479182015452422,0.004643715632787197,2.140178930757866e-10,2.1429795480042913e-24,0.028714031407643118,1.7072359573323428e-12,7.330897405068279e-14,0.03452105401185143,5.6148466844751723e-14,0.04885247680193933,0.19787509604531572,0.025247717719961267,0.0004991601508478738,0.05160553163757803,3.0087965591461155e-6,0.06019353765668247,1.7244030904881895e-9
3.8564499758777875e-8,2.745061913977364e-32,1.506334080328988e-46,3.1439534705310105e-20,4.815996826575947e-42,0.0023777649118344973,3.809256924809329e-32,0.38600789159742066,2.1306915242248164e-11,2.514540243148362e-39,1.0381316608441149e-16,0.332869430570894,1.2929580103074215e-29,9.414773005844952e-29,1.1533392071653631e-25,0.0015069073556152912,8.439848783756617e-7,5.934087620967069e-5,1.727501307614705e-14,1.3769649622174267e-6,2.2408335988090673e-16,0.0015728974063715178,3.729747562585928e-30,0.006139150775938575,0.0014629134341987702,0.00593364015369098,9.105150883798228e-23,0.038158272506597035,9.943237870688527e-41,1.5698047814744141e-6,1.2862311473395702e-12,4.548579446539014e-30,0.006940653858029348,6.099643938649248e-7,0.21695224281540215,3.584102366631027e-16,1.4454428249478901e-5,3.421180439735521e-12,1.2066828617062306e-22,1.816387219576452e-27
1.1479966483609848e-10,7.622767253270958e-11,0.046615767186969616,0.00029661710590803147,2.558772549161175e-10,3.1467088258739955e-13,3.4314979103331604e-22,1.1078206211283654e-20,1.1512508996820511e-17,1.7368647673486687e-17,8.696976361895994e-16,1.7249834545797476e-20,1.1882113204702153e-18,2.5608221647630924e-17,1.9461199728950718e-11,2.742860187132362e-7,0.9518506249098951,3.581027760702387e-26,2.8495519622887855e-11,2.7535536677473144e-16,1.8083578671701355e-15,4.819558665404811e-9,2.728575146104306e-18,1.9084465229691786e-7,0.00022828604421191233,2.31441136654361e-10,4.1368290349576254e-17,8.283544667760668e-11,3.751722574561194e-20,3.6965980074168775e-20,7.772281468130033e-9,2.4750888075998304e-18,0.0010076541560872733,1.3469692440238012e-17,4.908646441358428e-7,8.373902515161578e-15,4.8589617457226956e-8,2.8377506044462774e-8,2.2889726576614947e-9,1.944212696495182e-9
4.6003799635696865e-12,0.0001320161224069617,6.101402347551296e-8,1.3567828442058918e-9,1.6465837249416297e-5,1.0889825639324759e-15,5.4152047314066315e-18,5.12535071037769e-19,1.9813632452479494e-13,0.03678543071916857,2.611953526345377e-13,5.653603446790817e-25,1.6264901657000914e-21,0.3036837327553914,0.30146663647619315,0.009453703426616725,3.256920950834942e-5,9.03178006443771e-7,3.84956706495163e-8,9.210134889184897e-15,0.31158395218281765,0.0061769531175458635,1.9312080692781458e-19,4.958940097311401e-16,4.932117192186096e-13,5.641896431805555e-37,3.08702158019249e-11,2.6422851721960293e-22,0.017274533974131943,0.004539340568356263,1.1645005934167795e-14,0.0016478013850771765,1.128433300722326e-28,1.0921694846030424e-7,1.442674916039279e-7,3.951837974128887e-19,3.544852174831486e-5,0.0032025090082231904,0.0039676491301960165,1.0601603333817448e-16
1.0811499783643229e-22,4.2948955884299364e-13,0.08488118599912471,4.095001129528761e-9,1.3604279036335416e-9,4.0451440982833516e-14,2.8890807191227597e-22,1.3903817069085686e-8,1.3206972212429603e-19,2.3191318225732016e-6,1.5743005181750378e-15,0.008695028258728586,3.701330063488872e-5,1.7701704949297232e-5,0.12721910512502202,0.00010745583716595088,2.6136353084576346e-7,0.025416202670226564,0.7100597775242368,0.009891405676890116,0.0003661990324143391,2.5524204510863057e-28,4.3159463070466244e-27,7.09717130860027e-8,3.362473364003225e-9,0.002108856453863196,4.361263725642559e-5,3.551024749698572e-31,3.1281732467741216e-7,0.007782787910878931,2.9948826414269026e-11,0.010782042118263217,0.011436555169010798,1.3139513357672098e-15,2.9819841998352396e-8,5.000175323620639e-16,0.00015319482523605063,0.0003471335719302219,0.0006517253246617783,3.1313716721793646e-12
9.07012011452265e-25,0.029407092133109564,6.640582931772942e-5,2.37697075151088e-5,1.951236040986747e-5,0.004755142737318682,0.008836653398317289,0.14355555049661037,0.0002953492729426655,2.479349925574588e-7,0.018666733861281662,0.00536316787063223,4.722258263526012e-10,0.0005190832998139267,5.199249762279197e-7,0.5864260771757996,0.001904534740665002,6.333285475744277e-14,2.3808704513902833e-5,0.005322034331665424,0.007621121941404816,0.0019909406430515504,1.5366275657851388e-23,0.0015050058492190668,0.08659165712111866,0.005081695600554247,4.388979755723867e-18,0.003456600141654246,0.013591780598749563,0.0023690192558663377,0.009454089100030925,1.2561291570748164e-14,0.002059933075495834,0.012262204680072882,0.011450427296577954,0.0012266147279071456,0.0012089980031585392,0.027592128135294398,0.0006961672390698515,0.006655932338590463
8.656139903101356e-12,2.0979246755695184e-9,0.7649743808513326,6.7609936237910945e-6,1.513613515789257e-11,0.00015988324242707563,8.735512327163015e-8,4.8060819625927525e-17,2.479602819213018e-12,2.2101538968611722e-8,3.4389230007043125e-9,1.3160475884774644e-18,1.3033986235769535e-8,2.07164712402702e-9,7.196697440405267e-9,1.3574560120850214e-9,3.2586556253871147e-5,9.027843166538551e-10,4.2475392816912966e-8,6.438376693056044e-32,6.887040479191773e-8,2.3731615604688512e-11,2.441575234936472e-27,1.1209332099401519e-7,0.18074177056153062,3.4271887755769985e-20,2.899073790883377e-12,6.27058962883915e-11,1.1876864440979275e-8,1.8826428506585784e-11,3.1239895921723216e-10,2.3087147556178826e-13,0.04983155996189545,1.4150185813679042e-11,2.165892095983564e-9,2.75444192281233e-6,1.4815474299929125e-8,4.193329644827443e-5,3.0823635064331304e-9,0.0042079746975564125
6.359906385039251e-58,2.768866391106346e-7,0.7064143973950336,1.4390436863219859e-5,7.38847114833189e-13,8.10970972166725e-12,6.452037815782457e-15,6.063442346337104e-20,5.5301845375018854e-17,2.2204421452158786e-9,2.9465645691895575e-11,4.307287141274034e-24,3.421443224791625e-13,1.356806631957379e-5,0.19451947754034354,4.049799753553145e-16,1.4659640958080106e-5,8.529349811733965e-5,0.0318026352904723,3.8121287865048424e-14,1.1408179702270016e-6,0.06605401894709656,5.010470099785348e-30,1.0371924615015572e-5,3.336578825197184e-6,2.5616968757411786e-22,0.000749257573260801,2.4080390169501507e-8,4.526990612181562e-7,1.0639655812669895e-10,1.9972189464967866e-13,1.59733209917211e-10,1.7309192328404615e-20,1.2776279573299438e-11,5.125523739086712e-16,9.422399414385742e-13,6.618776327027282e-12,4.511033352362228e-14,0.0003166960012225872,7.69552018387611e-11
5.601022061197433e-12,5.943657142333778e-11,2.5385181882874774e-5,1.9822402427741096e-7,5.928212596938372e-14,2.24662384005071e-12,3.6780678922553914e-13,1.1556325891765112e-10,1.4963678749212094e-19,1.2738701188096449e-9,1.448812032404773e-13,0.001106179137456516,3.573819286020446e-21,3.7174388921816226e-8,2.0158552040222354e-7,6.543325495205029e-14,4.1460463108064504e-7,0.02779429670046229,0.17892832223671973,2.78400210897097e-23,6.900752395553201e-10,3.9262047735001726e-13,1.263880819997189e-37,0.7618777684552281,1.4288509924500674e-6,0.0007111259562802278,4.759670165663333e-12,0.006072294093481647,9.683225775142194e-8,0.0007142492596184944,3.1776088048804734e-12,3.098927116455704e-7,5.020460862864619e-6,1.5609368632077223e-15,4.376340758678843e-11,2.7417437936410645e-6,0.02275701154366487,1.984986731419664e-6,2.6934322796717384e-9,9.281863333554104e-7
0.028750941071146504,9.279186159128045e-33,1.7486711540403522e-86,3.264339757966923e-43,8.387804317108401e-110,1.379829466214311e-35,1.8604167008056858e-68,4.3801658874149954e-8,3.396140825723128e-11,1.4378198576809993e-108,8.529000617274541e-33,0.10319188367897596,2.8566093948445473e-32,2.2390588799003253e-106,6.374621641230441e-57,0.01398826675783158,7.893819170057079e-34,1.0454617104360365e-80,2.1691329491780285e-54,0.6367348341811402,3.966785689993734e-99,0.07381904954691257,2.60827368044233e-18,4.404486402623315e-65,4.7577597340995575e-55,0.06658570018122954,6.710559874664076e-72,0.07287789975435932,1.377669180051175e-86,1.3177842725202653e-13,2.540842142394115e-33,5.666932434226446e-39,9.453544116200548e-25,0.004031186067286823,2.0194925352406164e-5,1.0658824807447289e-69,1.3159516290390232e-14,6.6148752957198975e-28,3.086128591379416e-27,3.1038535738282153e-47
1.7414613338322992e-11,0.00643650615540016,1.1126192910448294e-10,1.078983329824953e-7,0.002127114566433494,1.7409251151395794e-15,9.089859762693684e-14,7.715756600107542e-23,5.628239821590756e-11,0.2503993284809735,5.475338044496517e-12,1.3888158085335194e-24,1.690044230636925e-25,0.6054174923870244,0.015034793346460257,2.5579710298742085e-7,2.266075437486731e-6,3.075242745793897e-6,7.52757942223506e-9,2.8166201237455912e-15,0.02489447040316249,3.230104557287534e-9,6.744598477506899e-24,1.138689072023365e-13,1.278561199541116e-9,1.7625276842523352e-34,5.049295684952341e-8,9.477382149478732e-22,0.026020567439278205,2.6335910377832346e-7,1.5920190137731178e-12,0.01929703833504129,6.314537930105285e-28,7.786591674245036e-6,2.3833757646541667e-8,8.178890481933049e-16,1.2742855897212075e-10,8.362317095173988e-9,0.05035883887660555,2.816272597196326e-13
1.1310458565327198e-13,0.031004803862738253,0.012496350992587644,6.956119356694109e-11,3.8996844790460883e-19,0.08193228661913374,7.005369131752236e-28,3.86532261413694e-10,2.6409259472158197e-27,4.913468820974831e-23,2.2909930142312287e-12,3.9769885852359174e-9,8.455647973229479e-15,9.716029380207159e-19,4.1685508360475855e-22,0.0004005355025012891,1.3424892706721194e-21,1.1559233355614102e-26,2.887719786223998e-10,0.10524827907840208,3.266318884838516e-17,0.004558580987162454,5.898324119704692e-22,8.721927798873324e-9,1.8406630091178498e-10,0.2773407229049829,8.250770142698335e-43,0.20562588477879135,3.854433178892816e-20,0.017801526694153965,3.000885425592353e-13,2.981111291575116e-24,0.02098548151963769,4.1995527204649164e-16,0.24260553340430707,4.359678513719332e-19,1.1069609691561368e-11,1.3856132776297863e-11,7.758075301837327e-22,1.146177320010205e-13
0.09483321050298625,2.540001002066218e-22,0.03796040474244317,1.928657175124584e-5,3.1674388409513457e-6,2.0828344401688103e-11,1.7168196911842868e-11,0.006424970930423496,4.066131915040502e-9,3.4143436421941434e-13,4.912988943239213e-14,0.03337002511272821,0.023083616439796565,6.02824919332521e-8,1.0286456955301099e-16,2.9104957654609227e-22,0.024388122546995232,6.0628775426731515e-18,0.0561118268917263,6.714075568416933e-15,0.12452967334637473,7.060858069825964e-21,9.176038501772891e-22,2.341537831566151e-5,0.06379077885001073,0.027852741946833435,1.6969935244886577e-19,1.1539539417707623e-25,1.079672345553186e-13,0.153072015899595,0.12302727288820386,5.327283018641377e-25,0.21250380163304655,1.1047501604304555e-28,1.979654905049178e-15,0.0190052125320808,2.024176287264968e-19,3.919607200554963e-7,1.7198270717902905e-21,4.046837848491502e-26
4.2026461598296076e-26,7.186202267743253e-6,0.0030583130140883095,2.2390205254679884e-8,9.843971208538202e-17,2.9367030475710364e-11,0.0011931619488919334,7.658701729679625e-22,2.887747045404025e-12,1.9943953075975777e-14,5.331230769845586e-7,8.408835193150792e-26,1.0854202146615974e-21,1.2098204554415442e-8,2.6165067368140543e-10,3.844084055221898e-12,0.0009611783809244827,9.530077517702394e-5,1.925065653320966e-6,7.690911863440668e-45,5.275437046471921e-14,3.4625977780834904e-9,2.4684455012234035e-33,0.12799215927316898,1.633282881585561e-7,1.753441052160024e-21,6.327485710927475e-16,1.0161919605996619e-20,3.669755725076979e-10,0.005599435271153489,1.067850411258369e-8,2.0623621258295798e-17,1.1941732930596274e-17,8.774232225579084e-18,7.848592354192345e-10,0.8219013731369497,0.03811609133775638,0.0010731290630068126,3.834085805867702e-13,4.3741171947925116e-14
4.380772422268009e-5,0.3670827407097144,0.021174269122184036,3.0150578679220177e-6,1.013135267387511e-9,0.008624461939602819,0.004802101311542894,5.410237615680613e-9,7.268175702497799e-6,0.000278177457515685,1.3652855538198197e-5,2.0697466581441994e-9,2.0597566556813947e-8,8.299876247010703e-10,0.002011544114868127,0.004206050338841245,0.001059861296994586,4.896819769716455e-9,4.668965693255281e-6,4.742371387991065e-27,0.00021779473346758403,0.00021040101069161757,6.779005365118222e-22,1.0934052964364073e-5,0.5669469584503405,3.2772678257685266e-21,2.7394891290685017e-14,6.770521073183478e-22,2.7402124809472167e-11,8.952163313409591e-6,1.020304116212757e-6,1.4930079572400872e-14,1.4517409684442663e-7,7.211729796875239e-9,2.280805076542864e-5,6.605533117411388e-5,0.00032796319002680106,0.015075269913440966,4.53597980622988e-5,0.007754676700583743
2.4891958360238728e-21,4.152552728737265e-12,0.012794241390922027,8.9665280966413e-18,0.005325054932531568,0.06190153877722122,3.6579910080982864e-16,0.00392780104089745,1.5190563830699653e-16,4.966554258351007e-10,4.5578394922105634e-15,0.3722553057357519,9.601881760111002e-13,7.340963427734927e-8,1.0251035594419541e-29,0.03702670179440892,4.210239229940193e-20,5.270017507855193e-32,6.36702529115924e-8,0.1846611820002988,1.0263121046569167e-7,0.05052392497146885,2.3722135182977195e-14,0.007300842715377759,1.6058151924270402e-9,0.052220980459021155,1.6167702323436538e-43,2.734994264564055e-5,1.8744365566733954e-12,0.00023502412635632267,6.501123001156683e-19,8.014687326504305e-18,0.002423045001616746,0.004760621317747311,0.20460597535010044,1.489839645518862e-9,3.0288713625382334e-7,9.86424607371102e-6,8.435103976536553e-21,1.0495287580675756e-22
7.293791716043682e-55,0.08551960759707902,0.34737138909756987,0.0007737869490527476,1.5896280876577004e-13,1.0420701611106966e-8,1.2219930652977984e-16,5.1202833049541065e-18,8.010359158578209e-14,1.118883593660793e-5,2.5983128366912244e-10,4.684445366225611e-20,0.14633805854291673,1.2218693131111342e-7,0.12575554190881838,1.1577476639007e-8,3.882134030759135e-5,1.4420112897999047e-8,1.4571408418888002e-6,0.01446708584571252,9.483515005689324e-7,0.00209824175584814,4.548998133243906e-19,5.503711374494538e-12,0.0005312738855245253,4.662594516049675e-37,1.250829988064678e-5,3.8891286212593337e-16,2.692648348586671e-7,1.6457443890205798e-10,1.1905715179558093e-7,1.302951606864286e-8,0.2736670820015287,1.7818298223733457e-21,1.2095661750293646e-11,1.2475453527087524e-13,0.003377540159970485,2.4626419245829326e-8,3.1970428159504806e-5,2.9128338382785472e-6
3.805356800197073e-17,2.428613477130422e-25,8.453865019417977e-19,1.3963309959089632e-24,2.9687102894033383e-10,6.193184164398697e-16,6.633302004844097e-25,8.288620326474747e-7,2.8186986256254396e-22,1.1321120264088743e-18,2.364198939121959e-24,0.018833049188198628,5.567510325575746e-27,4.6902724715182725e-18,1.2555256085051508e-39,1.080419208455194e-6,4.395041537608456e-30,1.5106450014304762e-49,9.306081851003219e-20,1.171299048876006e-5,7.016960021194484e-16,0.009232811831945109,1.4572559762427982e-11,3.0661004955652236e-13,5.019953773808222e-25,0.40005180343680063,4.599542696532005e-59,0.5718599834135084,3.5333368615432647e-25,1.4832526005470572e-9,1.9318321934052854e-25,1.1316658328694988e-25,1.4117096526372487e-13,2.2154561235879333e-14,8.72639026976494e-6,1.228472701305767e-18,1.2355708314433399e-9,4.368093185418166e-10,9.31141094921826e-32,5.9238735580168885e-33
3.346841971333351e-19,0.0003818112244778287,7.753678953431442e-10,2.0927514685400316e-6,0.00011211691456639543,3.3825162386789316e-15,5.155479447499845e-15,2.292560968613343e-21,3.0455801531895585e-12,0.058816051647464,7.384039531929416e-12,5.4811262782988156e-27,5.600545793886666e-22,0.031374520243004765,0.006161387539604321,0.014151558383235494,1.5319254707880523e-6,3.401547794780814e-7,0.0027903713696829416,2.3036680416410655e-20,0.3143440950740277,5.079707644543652e-8,1.1033634730582557e-21,0.030658608736788343,5.668608288019108e-12,3.191697382233231e-33,9.998489949249276e-10,9.903719662796019e-27,0.0030508671600814885,5.336758969563909e-6,3.7222736776342655e-10,0.004530705324514621,1.6497177456781897e-23,1.1136798851618376e-8,2.339290073225883e-5,4.4660257105609036e-9,5.567003929919029e-7,0.07896131338049518,0.4546330965742166,1.7667257492081338e-7
3.5278274119950074e-18,1.300003167146236e-16,0.03712931027699429,0.36331943717436743,5.786139453338443e-12,8.374781273693261e-8,3.197386581817865e-20,1.4057521946172462e-6,6.477770399436562e-23,5.173748504237658e-12,3.7553853896713376e-13,0.00036739813358309826,9.93730756685388e-19,1.818638604992454e-7,6.676222441687202e-12,0.1104129474377709,2.1115951895704625e-10,0.01962340030952387,0.014040335241421712,1.0512259304793828e-9,4.3584082016877085e-9,0.273313569220203,1.6800882321308372e-17,0.002195157351795758,3.2963884938637966e-6,0.00034293737725870607,7.241206025818608e-21,3.457708947210043e-8,5.608759753045319e-8,8.609959147959317e-5,4.696693303271714e-9,2.81956274876366e-15,1.3242268593840443e-9,4.4174218785727807e-16,0.1734615082507906,3.1189529707416845e-11,7.2415127115780675e-9,0.005702820040975466,4.246689980928892e-15,2.2443513593566936e-9
9.926805180381711e-8,0.001350638642249698,1.1900067601602812e-11,7.137735261163179e-6,0.014779634161892454,3.1265553501002627e-5,0.009918733570494968,1.350482088249363e-21,0.0710005515227746,0.000725767419472526,1.7375109549079196e-6,3.0515020627183866e-23,6.456672804006124e-7,5.209464000891526e-8,1.1177821607695744e-11,5.431977923971949e-6,0.00254172970370928,1.1105015975378616e-13,9.931887151590765e-11,9.053064835421632e-27,0.00040518376110181014,5.08407298191595e-12,1.1489431770805303e-17,5.911938656356899e-7,0.0007191030969810789,8.061711134470543e-18,2.491131531220856e-23,1.7823530134196805e-11,1.9850266852742122e-11,2.168676725183362e-12,0.0003378792563448607,2.0564630799911628e-14,2.9830547443230393e-22,0.003283269702012336,0.00027196343368355176,0.0257892642491041,0.02673618774701557,0.4353935067183882,3.2153678881785326e-10,0.4066996255243043
2.603495604323115e-23,1.9019956303110065e-16,2.3773206418361514e-16,1.5310985334913597e-5,2.9495427600865753e-12,4.341808952447098e-5,8.785876319373633e-22,1.5706865809726101e-16,2.0590412869583094e-9,1.8123992731521425e-8,4.407452275293819e-13,1.3971856986991426e-16,1.3201180552459774e-7,3.9632759806701746e-11,9.006518104363907e-6,0.010047525785772664,0.03150397060870027,4.515774221593451e-16,5.483210010510569e-11,1.5251349549904752e-5,4.3164469068817415e-13,0.16844032793125532,8.319070338353774e-8,2.5320863863991342e-20,5.9085715074802025e-5,1.1801883120661486e-5,9.366431234057349e-17,1.7523928712630843e-20,0.10853323514169404,0.24516158661856205,1.1406978543776301e-8,0.00010438599739045188,4.4982181043589456e-35,1.595703578797927e-15,0.04913774042112383,4.378827371456375e-28,0.3014238593993424,0.0027496154588062217,1.0158694125897203e-6,0.0827426153364199
0.8409478270808671,3.525380080742826e-22,4.830037960252395e-27,3.2543197803497143e-16,1.533313242133569e-27,1.5977728955908308e-16,6.445154650188008e-22,4.7694846389041196e-27,4.491819494759049e-28,3.385526118511074e-30,1.4368277292219567e-23,3.8747378031823184e-25,1.4229653049670952e-25,2.887217600163467e-30,4.484004121352026e-25,5.211026588671936e-14,1.6076352478231423e-18,2.911435159157159e-32,6.96590237652232e-21,5.413621979978747e-14,8.103583904907362e-29,4.328491599385154e-19,5.727172480947318e-14,2.006617232565159e-16,1.735721866686388e-14,7.929433919968989e-14,1.21737999777217e-35,0.0071007344205337875,1.5643622058633009e-30,1.9614800107798878e-19,2.808649932818395e-15,3.767245904869232e-24,3.747307204849434e-5,4.6510772544415275e-27,1.6502788850587785e-13,1.244467490997597e-15,0.15191396542388905,2.231561813478839e-12,2.1029051382954646e-24,6.351443484194919e-19
1.6985670600939013e-15,3.3222465838840168e-6,1.5478900321477845e-5,2.3989401315279595e-8,0.9354903831547698,2.2306240642788914e-9,0.00046198733206765996,2.9589933897219925e-11,0.0005986740279103899,0.00018373974367945304,2.9298529271805407e-8,3.966211708271184e-12,4.6156889196148906e-24,0.0002570473590373568,3.263130329350846e-5,5.6285837620901745e-14,6.93206571545967e-13,9.558913422402492e-7,6.463968000442129e-9,8.533447484519027e-48,0.00431271478619791,1.0758190179775067e-24,6.041614743165877e-26,2.098577582667997e-9,4.2040843551907686e-7,7.166120726983743e-6,9.017299467471664e-12,5.157668260067232e-24,6.029661498540604e-6,3.796546309479985e-10,0.009066016246206518,0.00010774324455654209,1.2520523695402019e-12,0.04940620689139006,1.3663720802764622e-11,4.466655385544779e-6,4.4198867154743586e-5,1.6385404623852296e-7,5.887703907920829e-7,1.6009500979471672e-11
2.2854817405315583e-19,1.5461824074294291e-6,0.019393566044554063,1.5574847150220494e-5,2.5535842163098013e-11,4.7375179299185856e-5,0.013939049340453886,0.0014381994320341637,8.885286488527289e-7,1.0136311640366068e-15,0.14204008961304523,1.4805680454793108e-6,8.619588532168946e-5,1.558659951530072e-12,0.000163694300265822,0.5433791850819446,2.4430350505291213e-7,1.3901866906882462e-17,0.0003090249586377318,2.3774960306146962e-20,1.2639045279758533e-8,0.14664814676935325,1.0244964530720101e-23,0.000975617082510543,0.02126564360994685,0.0001464077008259866,1.3615223364278823e-18,0.020194829338853623,1.821024291521305e-8,0.033904975043904974,0.008595084132800954,1.0212035829085489e-16,6.193922399806408e-9,1.5501362654803188e-12,0.012406237154928121,0.03391731799986378,8.34705076668715e-9,2.3400047263086688e-7,3.1345083612028127e-6,0.001126212973957671
6.015163908830479e-10,1.8756623135476156e-7,0.000188248624720148,2.5769188676382253e-7,3.202211887213677e-20,1.1196104249819829e-14,0.8838344017513777,8.043030828379629e-23,0.001232244545723478,2.233378065565319e-17,1.2649037172257721e-5,5.1706442765920753e-23,1.2370005271940725e-26,3.792189760583257e-12,1.404480566203715e-8,1.3293882729050659e-6,0.012529663288813974,3.0236058284233373e-12,5.835305623242226e-8,7.307747899939897e-36,1.4202038154701625e-17,1.1207784001015694e-26,1.4294119907912613e-25,1.0620131546579075e-5,3.0776868771927137e-9,7.459564296701978e-11,7.631562380507132e-20,2.5192657078297635e-7,4.375030620101594e-11,1.5634780175350272e-6,0.014638537765878614,8.965040654095054e-11,5.295027734130617e-7,1.987652381931976e-10,0.00018177967454751864,0.07603551358097224,0.011332144198131893,8.167772013059923e-10,5.399028593929954e-10,2.8803062496906727e-14
6.458224661366422e-22,2.0634527324271816e-7,0.02337285769978572,0.058943789786309445,4.634874992951751e-11,0.0014897139269931829,3.181532151350404e-6,2.3829366950907893e-12,0.0025637067632296546,2.4357281067005492e-14,3.562181372665682e-6,8.582199833929567e-17,0.021816429959588202,2.759305820656936e-12,2.575211539449924e-9,8.615863649586128e-7,0.03309176317404782,4.523460935745647e-21,7.516096718474865e-6,3.057963727636845e-5,2.981098932270147e-10,1.648604465112632e-8,7.793802309083164e-11,0.00821005148047221,0.015667215512307434,0.00019917629731526674,2.7888330919677555e-20,0.12374855776142939,3.239576885093683e-11,0.06778571931427256,0.196410343180543,9.61801644523157e-9,9.81061515426542e-20,3.541102009547076e-13,0.0070296703793610495,6.252017439851976e-5,0.4372235569482019,0.0023389605162550866,3.0606724562025083e-8,2.198598920210021e-14
3.3895004443919714e-22,0.03648827443955738,1.8956636374492266e-5,0.13875060132228875,7.962584821434081e-9,4.048345673252046e-5,3.263818416036385e-5,3.480670943353336e-5,0.005537556151957266,7.970054792064873e-11,0.0003071169654946766,0.0031536510358888352,0.00025032536447371285,3.5326255065616833e-9,3.483889474502816e-5,1.9639646900353892e-6,3.9762268414136295e-6,2.120243368727155e-23,0.011315586955736371,0.14933968438696787,1.8156347318345018e-11,0.0014428068635889929,2.784077343499763e-10,0.09107859089824771,0.0007943258507756314,0.10893830161112388,0.01403314603145163,6.534196616937587e-7,5.4197452106565485e-9,0.10845005216642961,9.93111153751993e-5,9.88856515906927e-7,0.11642010938732467,0.07267724271209403,7.097065051047011e-5,4.3119840201181705e-5,0.0034559251210415816,4.210106873632343e-6,0.1368282874412556,0.000351479940966168
1.6361879104222785e-24,1.0835437171475264e-10,0.0018800280398674335,2.619543913182107e-6,6.623828524038465e-6,9.399779841708298e-11,4.825975509127925e-16,4.846409039328311e-7,8.352648535452496e-14,0.06029295773482702,3.354744320048599e-10,2.559803448261693e-5,0.028669815264536016,0.005978524065362097,0.09676792931522225,0.0009694847331778821,1.3281734146934126e-7,0.006809634754181413,0.32030283445505353,1.1604868277916157e-5,0.32812235079262114,6.291565855963552e-18,7.887079971779993e-23,7.377736692867141e-7,4.578954854809383e-8,0.0012473639898088868,0.0013815241734490002,4.766713223923905e-34,0.00012884086887510288,0.013507249318664266,5.44166943547901e-8,0.05700847293108882,0.04467176469535094,2.7259959126194107e-13,0.0002909651160971888,2.653571978058957e-9,9.811374303388485e-5,0.028338284741149685,0.0034859563556093685,6.913646159867618e-12
1.775238978673386e-17,5.028462596225971e-7,0.0037235156712269813,0.0020003401134626574,5.404156662879598e-8,1.4360186277441192e-5,0.00024889860992584486,9.715471907162426e-9,0.0003122068686095018,5.2546776514306606e-6,2.6788683376433293e-6,2.210664085391786e-9,1.0938508680685546e-8,8.908303432814674e-9,1.2789482899321795e-7,0.00011785154712341479,0.12950047291107375,1.4921378399244976e-12,5.142047320894652e-9,3.451156934524267e-30,1.8579514559856702e-6,0.5282189854809463,7.199088695204554e-21,3.3531805491785674e-8,0.3342390663688026,3.830572509334652e-21,2.009906261279189e-8,2.8273160084399257e-5,2.268575662721735e-9,4.838235186569759e-7,5.623911731746199e-11,4.560419716289597e-14,8.453971682360019e-15,0.0008787338842037456,3.724953668712726e-5,2.289935115836056e-6,3.643065037723404e-5,6.338564300827123e-5,1.0423916842939903e-5,0.0005564625403885044
40,31
1.376695918835129e-280,0.01039823330108219,0.0008011276013043579,2.0509009370157982e-12,0.009918852898149071,0.09017344050503648,2.1909057995879556e-13,0.08106196426943674,0.10774166370441379,0.08547942358650717,0.08621736177887193,0.0328232750466425,3.330389404672542e-15,0.070701111431209,0.05334437585414405,0.07045780428615832,0.05541425715093305,0.06611586038349235,2.2962642075764717e-41,0.07542259493297741,0.030029748804146158,5.750295475390421e-23,0.031707452623708214,2.7052419070357002e-39,0.027020202841475636,0.005114903006974674,8.71567985245807e-136,0.010056345991063653,0.0,0.0,0.0
5.748109292760049e-187,2.0183588520271212e-19,0.9363308165232846,0.011500356999869257,0.02995076422960479,2.0976842628309492e-24,0.010339841742877252,0.007330177734229106,1.281642480190077e-52,3.3076495536358815e-42,4.744461854562155e-95,3.702488031919093e-66,4.173743009459532e-19,9.476223357284835e-175,2.007362228295304e-80,1.9286395624213932e-154,5.976792556300357e-202,7.056997888313982e-95,4.1243507885550414e-76,5.579956049597029e-227,0.004548042770134912,2.914483027503818e-116,3.3337157136911155e-158,2.7994733e-317,6.353781667940102e-81,1.8969310171447863e-239,0.0,7.233e-321,0.0,0.0,0.0
2.2637511653719067e-32,0.9999873068558146,1.2693143968534538e-5,1.1382205716380155e-16,2.170202748119672e-13,1.80945532442626e-22,5.121725875683679e-44,3.52488763742596e-25,5.772152057446076e-60,2.1114192957097365e-59,1.0197140983450982e-31,1.2461455232111813e-143,1.7204607481451753e-79,3.71943539121793e-275,2.0514453773974955e-131,6.344164416119344e-153,4.685168937255743e-271,7.42422844609564e-222,2.189918677580175e-131,0.0,6.17898037768767e-169,2.6826611471364766e-94,2.9718694560546615e-231,0.0,2.5422143306041224e-148,7.117444162624887e-268,0.0,0.0,0.0,0.0,0.0
3.1307795282631724e-117,2.2092775988501216e-10,0.9684823534883439,1.028290622103391e-5,8.375584641117133e-11,1.898975323532138e-10,1.8635194801133745e-20,2.2350427554093853e-13,0.0158595338440652,7.343496293587334e-43,1.1942815526290268e-97,9.065606439989432e-16,5.550291045425127e-134,5.9547954281892525e-223,1.157444409761684e-131,1.4546199469296258e-57,4.627714635122993e-173,8.214189981538692e-232,2.9437534091583365e-131,3.1026393648145305e-228,6.38160773043365e-184,0.015647829266564328,1.8410293901837167e-170,2.833365854374409e-179,1.3108878804586755e-218,1.0397775760432648e-158,0.0,0.0,0.0,0.0,0.0
0.000563268185724036,0.9980492023578243,0.0001662693171866195,3.3935909859571323e-11,2.278447369213038e-17,2.5163263877809978e-101,1.0037728636126689e-65,2.3080362740213422e-197,0.0012212601053291257,2.5728273043798324e-221,8.981551309262736e-94,0.0,6.5041569788327845e-198,1.14716632797e-313,0.0,0.0,0.0,3.3849613968291596e-223,5.174670824672962e-299,0.0,1.2995490332621455e-263,0.0,3.432771205657536e-188,0.0,0.0,0.0,0.0,0.0,0.0,0.0,0.0
6.6018407283356846e-198,1.0674114712533529e-19,0.6193090496653993,0.3806907005948724,7.035632972704311e-11,2.490890099497401e-7,1.0582940786208508e-17,5.803619762745455e-10,1.7555788962649316e-44,5.186180425666943e-49,9.696860110267394e-100,1.3524417481171704e-56,1.3338143369448975e-106,6.450802024087544e-127,1.4535552010799685e-136,1.374117855735132e-137,1.5230331034141057e-128,6.480702176345745e-83,1.9479135656050237e-36,2.361568647542645e-185,2.5717154802162576e-78,2.6286910845556285e-47,1.0889582610236738e-112,7.734119601869553e-90,1.226952063132057e-91,4.3263294882430665e-104,4.478438654691758e-107,0.0,0.0,0.0,0.0
2.7052083873362333e-134,0.025711886722657267,0.9741149350394765,0.0001731782378655661,7.55998355285007e-16,1.028186672955381e-53,2.51587442306635e-70,7.283150945538645e-81,4.217771175711245e-121,2.373677775941852e-49,9.436737776991473e-172,4.20731978685135e-136,5.334792074279434e-117,8.67062432256775e-276,5.747826136392798e-129,1.001826942045044e-266,5.284301726846134e-271,8.68118643716199e-115,2.4875453052572185e-197,8.0257847476358e-310,2.0548090999193105e-105,2.232712086898565e-165,5.9210045400869345e-291,0.0,1.073103414751791e-213,8.81428147e-316,0.0,0.0,0.0,0.0,0.0
0.0,6.199054280824889e-60,3.712005804824728e-22,0.004639852168385479,0.9545708255271256,0.0407774255732244,1.1217240511962315e-5,2.295428394842103e-7,4.499479130686466e-7,1.424065348364037e-66,6.655866947651307e-68,4.6551039053706926e-30,2.7345711945407836e-137,7.072349895182817e-116,5.636848073015822e-87,1.9068833203982237e-100,1.997928855794993e-143,3.260135528739035e-180,2.911835604854357e-60,1.8833004293699497e-247,8.585704692588775e-53,3.641592891442025e-82,1.617191985531793e-141,8.199359868182509e-112,4.456854590045647e-114,2.591732918266387e-133,1.3536148404355746e-218,1.051006368408674e-273,0.0,0.0,0.0
2.1132439986730507e-62,0.016107310549408137,0.9612908187011179,0.02260187074947404,3.5912613606574336e-20,1.7065944880574845e-57,6.246126126183436e-118,2.594968560444878e-117,4.0114343748272534e-132,8.554164176405573e-124,1.8362063088630131e-177,1.2032380977990314e-184,3.2571831287812598e-229,0.0,5.6243545260688435e-186,1.3636100500451537e-280,1.2001839794577195e-298,7.254809137703198e-166,2.6380811181343068e-282,0.0,1.0395223484296447e-180,1.3732562481657265e-167,5.374397082210306e-269,0.0,6.683991699150428e-289,0.0,0.0,0.0,0.0,0.0,0.0
0.1385567192012441,0.8540236289421429,0.00729947298263085,4.0818088204672656e-10,2.8831005651080276e-8,2.255069896515652e-47,0.0001201496347956279,1.5340152233873738e-146,2.842297614517586e-48,2.9098130140450913e-158,1.1564628661628924e-91,0.0,0.0,0.0,0.0,0.0,0.0,0.0,0.0,0.0,0.0,0.0,0.0,0.0,0.0,0.0,0.0,0.0,0.0,0.0,0.0
9.417105511881514e-167,0.008551594442103651,0.7688151368991752,0.0003886444803696884,0.222244624178295,5.578629789930156e-14,5.788659704884167e-26,6.04743534762843e-16,9.182329206173378e-42,1.9398642089892007e-57,1.6751707368430792e-86,4.457179211648773e-50,2.9245295615015123e-142,8.986606923967957e-290,3.778541864941575e-96,5.265121859408562e-105,7.698957028295116e-223,1.7170742884236005e-107,1.9071003928133085e-102,0.0,7.277338730237663e-114,4.1436667196747705e-117,6.993002335149637e-160,4.98824086598901e-160,6.531773982456924e-290,3.1918675148820598e-211,0.0,0.0,0.0,0.0,0.0
6.83497310263e-312,3.000737893063705e-112,9.197443683055144e-48,1.3919056520501441e-5,0.9551047689646249,0.02550240556382235,0.01599876484516904,0.003380141569863106,7.559924131289222e-18,3.6391684076274157e-66,4.5711339967242073e-32,1.0245349893153607e-48,5.368116946070802e-103,2.406710435976459e-90,3.5289197272926254e-141,1.7331850304863213e-94,1.8133962021450476e-172,9.295152792030467e-159,2.0530093227617333e-54,2.05404079174747e-310,2.0328053710893221e-100,2.1918052962186285e-101,4.783001860214544e-65,6.090013045175183e-127,3.502236160111025e-86,2.1739819088967772e-67,1.5545697985132902e-266,0.0,0.0,0.0,0.0
2.401595670457408e-40,0.0002653022327776752,0.0012224466861557987,0.14504014489992198,0.15102488418924126,0.45631833697540447,2.4455057071248425e-50,0.2461288850164989,1.2097324651880607e-63,7.509125289199135e-40,6.999673063373784e-55,1.92149771405937e-160,3.173010314239919e-129,3.6237787998836096e-236,1.6069675525157022e-127,3.155017211291323e-231,1.2002825532454486e-298,3.588588501437473e-208,1.3991064594559043e-230,7.852040619003922e-289,6.61455722130902e-264,5.726968802239294e-192,8.12972692291592e-192,1.1567497147911615e-241,1.2845063562159847e-306,0.0,0.0,0.0,0.0,0.0,0.0
8.060012907271646e-5,0.9973971720452383,0.0008688800431854061,2.1523772383220355e-10,2.0229890465009757e-6,5.912028097222974e-42,0.0016513245782196157,1.6790204392853635e-126,4.266100212555155e-52,5.838163096170889e-247,6.271596794748298e-128,0.0,0.0,0.0,0.0,0.0,0.0,0.0,0.0,0.0,0.0,0.0,0.0,0.0,0.0,0.0,0.0,0.0,0.0,0.0,0.0
4.45206694320116e-25,2.0010241010924017e-5,0.9908818407766855,1.5991891771902969e-21,0.0005095179661266606,0.00858863101617689,6.889064531738893e-63,4.797314818155702e-84,1.1928914936553278e-130,1.2782467268845078e-93,7.588681933620192e-41,1.697727805360967e-219,2.135672579877664e-167,2.3662282229384616e-221,2.449190666135205e-156,6.350701644421447e-259,0.0,2.685969192080377e-219,8.4e-323,0.0,3.6809144552458407e-290,1.4103260730861005e-204,0.0,0.0,5.548971171031596e-283,0.0,0.0,0.0,0.0,0.0,0.0
7.437794491800789e-215,5.277380732247068e-15,9.515803309536701e-5,0.9786434161124974,0.011459195364694485,1.4832871154153336e-8,1.489668784513853e-11,0.004862148233496135,0.0049400674084436,3.881698486188484e-98,4.730495510702303e-115,6.193834741643296e-44,4.99317747560717e-128,5.277233092665072e-249,1.600043385426775e-146,1.1173878188386301e-153,5.966595753814511e-209,5.189465947050507e-60,3.391273559796733e-79,2.14321934e-315,5.894817983197519e-57,3.029306254821125e-74,2.8115716094581022e-182,9.71865290852718e-197,9.21239820382315e-147,7.658563909007069e-201,4.036932775164344e-288,0.0,0.0,0.0,0.0
1.1785146665815735e-60,3.582675866827239e-9,0.8119669329064815,0.18803304886699684,1.4643846040957318e-8,2.2304972407641143e-30,1.9440116455777645e-43,9.32939921485729e-53,4.523083113707513e-32,2.199404420124267e-66,6.917222321918096e-33,7.205135921037303e-118,7.952451565453152e-164,5.416521333090324e-190,6.260292399660168e-151,2.387489256476112e-195,5.972888860013546e-209,4.561265912020845e-111,1.4486211139991643e-185,5.221385493448409e-271,1.6660328031929709e-155,1.012555066519249e-30,3.657099603956172e-213,3.3620632914340324e-247,1.4359478670375607e-244,1.0451525498487726e-305,0.0,0.0,0.0,0.0,0.0
0.0707128360097218,0.8703510379335277,0.02649525294511483,7.194706085808735e-20,2.726765503771876e-13,1.881773025790114e-26,1.7796369282628977e-40,8.294889571438739e-89,1.1397506871768954e-79,8.025855866862622e-100,0.03244087311136273,9.55709983872323e-235,5.701246694318753e-242,3.6759819087514e-311,9.163621228839335e-157,2.441336987803162e-302,0.0,4.51659846740496e-229,0.0,0.0,0.0,3.1765839759054915e-94,0.0,0.0,8.786522893035808e-295,0.0,0.0,0.0,0.0,0.0,0.0
5.56963073091398e-88,0.029570145202575913,0.9016317059940093,0.0525615712829106,0.016236577520504086,7.872105753825455e-64,4.4482365172705256e-89,9.484428413110733e-53,1.3815935414857003e-122,1.2397443789714877e-51,2.601995251731195e-72,2.4323284141394695e-218,1.7245054411971843e-156,7.765209985801987e-279,6.730705817857629e-92,0.0,0.0,3.363952757583821e-234,8.177157998925912e-302,0.0,2.4264661006949667e-264,6.118495894172809e-117,2.37e-322,0.0,1.619487448410418e-299,0.0,0.0,0.0,0.0,0.0,0.0
1.523089764236727e-146,1.373422818748112e-128,9.497743788505827e-59,2.72214503216464e-37,1.8935065934725208e-7,0.003974948215259188,0.3251098575242223,0.27479096958105687,0.1132259215597405,0.0785841772762673,0.04926768169609082,0.017743280201938844,0.05185051119629018,0.026878745810865627,2.574561123465538e-37,0.007777285776427946,5.158963170972049e-41,0.003490471258683024,0.010350292266675595,9.303876489890596e-77,0.00747084930931323,9.011072208939041e-20,0.01688698046472518,3.3692026647910834e-46,5.518542313436706e-51,0.012597838511784164,2.028695639208257e-98,7.285500168990296e-195,0.0,0.0,0.0
0.023837467161015407,0.9755020458944069,0.0005238777193092569,0.0001366090619153251,1.633528276322732e-10,3.956676946876363e-61,2.831565408598122e-16,7.827126799759207e-156,2.8327835195331722e-49,8.768085694691042e-214,2.2029775428685416e-58,0.0,8.496870042769701e-252,0.0,9.972235328867978e-295,0.0,0.0,1.3836048413941073e-286,0.0,0.0,3.3822928933239423e-277,4.540215369949e-311,0.0,0.0,0.0,0.0,0.0,0.0,0.0,0.0,0.0
1.7841102292437537e-157,1.522799757957409e-47,6.441676500096168e-13,6.948190557546216e-6,0.8223336214976597,0.07716505704956221,0.071071551000458,1.8499728633352836e-6,5.603124414527314e-16,3.448231163757408e-36,3.441684430437504e-37,0.029420972288254493,7.728117976088789e-49,3.515218222130673e-83,7.72471360176482e-94,1.563276138659856e-56,1.3165545513720327e-88,5.172213508913542e-67,1.3786143614168355e-28,1.5227392098864484e-192,8.159094094602636e-57,7.087172212210002e-45,4.1090953858447165e-53,4.9321118592846174e-64,1.675388645036725e-61,9.798075545357318e-52,6.021967252949239e-59,0.0,0.0,0.0,0.0
1.0499791072545464e-155,1.0643848272818219e-24,8.62301025499323e-20,0.30935256102382813,5.517281285907989e-14,0.08797835837742772,0.21778677350096398,2.3340603686118258e-11,1.0519071083307648e-24,0.015698445930694988,4.775087575877642e-39,0.07855740875796445,0.12990514186443664,0.02638269076411069,0.008162135424823178,2.6925555480807254e-9,9.518970270109496e-67,7.058778831837367e-45,0.019454423428628145,2.3273894021563334e-26,2.4626816830703382e-17,8.29376577731953e-86,0.07577584560706423,2.5470862502260425e-86,0.03094621260410645,1.0916530517079054e-59,1.3904467339843453e-117,5.758770056235211e-70,0.0,0.0,0.0
1.8074845903640678e-111,0.014554388209159505,0.9851318538656972,2.8761140631036826e-5,0.0002849967845122726,4.6940805344059705e-67,3.7197863793265165e-63,4.834515679685934e-91,1.740470823284021e-116,5.698690417091886e-44,4.0236624352830364e-168,7.655675004738804e-201,1.575227587059864e-169,5.4e-323,3.9916633727724436e-47,6.889e-320,0.0,1.6321085009408723e-193,4.1821389536359306e-278,0.0,1.7807890595791757e-209,5.0034390298596257e-138,0.0,0.0,2.646033651416485e-265,0.0,0.0,0.0,0.0,0.0,0.0
1.0429241622038666e-120,2.2034477587237623e-5,0.9986570122707498,0.0010487252948983433,1.5040850098685333e-7,3.612118979910839e-14,9.146303410500963e-15,0.0002718421832697931,5.454569631800003e-73,2.353649486199799e-7,5.1381641602616127e-138,3.361905520483055e-123,6.614331489698987e-104,1.0237140503133489e-302,7.98215353599552e-131,7.070283337697582e-261,5.0160254126094144e-275,1.9497617656885494e-153,5.203412716627833e-211,9.824344871063797e-274,9.852297330722862e-108,2.783852595859449e-50,3.8015564517465704e-278,0.0,3.140867787043253e-274,0.0,0.0,0.0,0.0,0.0,0.0
0.0,2.9796982378647415e-72,2.6598935509771413e-35,2.2526523176274782e-14,0.132187580062183,0.7720898429719294,0.05748299149593501,7.1591521920428926e-9,2.2521997690265853e-17,6.629741683558781e-25,0.0029492419287942048,3.704762690798502e-33,0.016127624340191188,3.7761762251694332e-34,1.099132144972792e-59,0.0052965571231225585,5.1658795859957335e-113,3.8626927472692714e-35,0.012970683683160926,5.697123139058684e-165,5.854126091936353e-85,0.000895471235508919,5.015958156505972e-29,1.3706790802452067e-17,2.877997602884559e-22,1.4563664183363206e-17,7.729075925381553e-68,0.0,0.0,0.0,0.0
0.0001261792040273458,0.5049329378013239,0.47523384195977014,1.264607859513447e-31,2.6942602699185016e-31,2.978123409006906e-19,1.186542368805959e-33,2.6693320217493925e-87,2.0832671117100495e-75,1.3616655514634863e-134,0.019707041034878817,7.327910576828355e-88,1.176330707019896e-168,1.9055364189511474e-156,6.379777386690477e-145,3.6913303063269386e-214,1.9757743811005723e-298,1.6991581606684627e-138,1.1395597606164282e-172,0.0,4.386627291138986e-287,7.950629974601155e-279,1.574161365175942e-290,5.566962618574597e-290,3.3561985018836147e-302,0.0,0.0,0.0,0.0,0.0,0.0
0.0,1.0942341857389325e-159,2.828652393333265e-21,2.521807311596445e-16,8.313293135600713e-10,0.5573231262468946,0.18853701273116666,0.0903384754396022,0.03772302082844694,1.1919065231605218e-5,0.017495863474230166,4.2460427847585575e-17,4.317631927309737e-18,1.1679516670242838e-92,2.3828562687967063e-111,4.0165021454153256e-38,0.008181076945228079,5.476586213716383e-125,5.591231465633936e-73,5.519164272081225e-214,0.004493909330663758,0.03179916110740055,0.01899404129681823,0.03720087790554651,5.59465972028506e-158,0.003768083919047135,0.0041334308783940584,3.149446598057473e-264,0.0,0.0,0.0
7.052522490586675e-10,0.9316082768281743,0.06839125086811008,1.5307572843610344e-10,4.714453878382562e-7,4.645108054629462e-25,3.740929476954349e-18,4.2515542745333837e-94,1.4866003512461653e-60,3.4124391857095415e-183,2.1486205396602136e-124,7.4e-323,1.0194966e-317,0.0,2.5083064980473846e-295,1.3517261345601494e-307,0.0,0.0,0.0,0.0,0.0,2.098020742005496e-208,0.0,0.0,0.0,0.0,0.0,0.0,0.0,0.0,0.0
2.1382201914234066e-121,7.260983659086791e-20,5.2808328919971e-7,0.06064298549517492,0.935421698162354,0.003934661965690542,4.993763850139516e-14,1.2629344114772074e-7,3.5742936308367303e-32,1.4904667698130748e-47,3.2292355489552817e-57,8.577327028234465e-60,8.399566128788389e-83,3.560826313518689e-105,2.0063960159758225e-77,2.1403008716635646e-105,5.49439775538798e-184,4.632036802961842e-69,3.692022911148127e-64,1.4548036448400422e-148,1.6780898938935124e-54,6.626615265008956e-76,3.052499807047373e-96,2.3168892214155547e-164,3.3956875473267817e-63,4.6487477649923445e-177,1.4749629887722065e-149,0.0,0.0,0.0,0.0
1.0231750489341408e-150,8.814386533510682e-5,0.570600203669363,0.030380254692264592,0.03702249451395511,0.3365576094377185,2.2271764165927392e-17,0.025351293657967223,1.6339650424454785e-10,2.4444076909182795e-32,8.327410800938856e-96,6.389114312701423e-61,8.381986842667547e-69,4.529382814747303e-140,1.0304426655918276e-54,4.784728469031622e-105,1.1254442189803503e-153,1.5131271168536113e-151,1.4852493538065772e-101,1.078516002858522e-182,1.0326641266271856e-143,4.125731282464775e-68,4.624881557005184e-127,1.9660801981122394e-290,2.069223296956012e-84,7.705858699728239e-305,0.0,0.0,0.0,0.0,0.0
8.382349207118581e-40,0.2939348937585951,1.921371166107866e-6,0.5679697856102318,6.92641582462015e-25,0.13809339926000694,5.74033922972997e-44,1.9632840372611087e-36,3.3442859665373347e-74,1.2671030987343612e-159,1.83050184050384e-82,8.922860226949184e-193,5.607767045357876e-82,5.477273606476862e-221,8.191663277416312e-37,2.414503704926671e-195,0.0,1.0670152979816057e-161,0.0,0.0,7.440657768439359e-214,5.147e-320,0.0,0.0,0.0,0.0,0.0,0.0,0.0,0.0,0.0
1.4483873801127106e-140,5.260059021491503e-41,0.1814847929418703,0.28357861653506583,0.05257884924682356,0.059737091201271346,1.610235062728595e-23,0.003210558997673216,1.2737722106160817e-18,8.50212818898205e-13,5.307854160509589e-32,0.16188857654438435,0.035435648794794605,3.2181642163476444e-54,0.1437087631634393,1.8687129414210936e-53,1.653720882705298e-48,5.437943039111803e-13,0.02735884834502585,1.2521968323948422e-66,0.0015521439380185341,0.04946611029023908,1.7037576326541525e-69,4.943221329390609e-149,3.922768858505443e-48,6.103675249670589e-52,7.422285284676911e-190,4.707255287074475e-43,0.0,0.0,0.0
1.0812938614870165e-28,0.08658415447360417,0.8919591986202218,0.013565105358406071,0.00789154154776794,1.2876788950539394e-26,1.1977983494014058e-119,3.638572024309539e-148,5.0160039910519216e-76,7.603750512697065e-192,8.672452270538488e-176,2.09408576198809e-281,0.0,0.0,0.0,0.0,0.0,7.310537636567853e-181,0.0,0.0,4.316924310556209e-261,7.174658990852062e-252,2.7246744287e-314,0.0,0.0,0.0,0.0,0.0,0.0,0.0,0.0
1.1950606215270102e-243,1.3607743044224976e-38,7.068494196526258e-15,0.9328117235993216,0.00019579403464744808,0.046217992508500026,0.01705805633884194,1.6670652726409422e-20,0.003379862392950568,1.1494270668395415e-99,4.7483952235353745e-111,1.250351605277557e-12,1.859706647723042e-100,3.3525423919806206e-184,1.3579075102918903e-139,4.328003973350171e-161,2.65429176840375e-153,2.4612863387881296e-136,0.00033657112448099656,5.0e-324,2.178575311271489e-94,3.2079038156262956e-27,4.250244571673418e-117,9.31531500608425e-161,6.389136931586214e-95,2.5976598510371267e-104,2.3376479506690747e-158,0.0,0.0,0.0,0.0
5.575930355291454e-195,0.02833327676172187,0.9560458971830408,5.936778478616814e-15,0.015620826055231326,3.587589484203531e-69,3.763241279965274e-63,5.9385916082662614e-92,4.295277731238343e-149,4.664027786688491e-61,8.102359872111884e-165,1.0231825215156907e-177,2.4250946738360323e-148,0.0,1.3194874409040376e-137,5.53805950604296e-254,0.0,1.152838358355696e-181,1.145377032600296e-283,0.0,1.5825903172436665e-166,5.093152675232027e-201,9.934933244747912e-307,0.0,5.333455125556308e-223,0.0,0.0,0.0,0.0,0.0,0.0
3.021880443920179e-122,5.3721109854040396e-21,0.00031921364689935873,0.8586555559173048,7.163587639466842e-12,0.0002585573687728832,0.09731856350601,0.043448109553849285,1.7831206342936648e-44,5.869877703256798e-37,8.872434973620535e-99,5.68551619450631e-23,3.1936581975302455e-49,1.0986334932418096e-199,1.302926563562505e-32,2.0766756370155346e-71,1.494397867672898e-74,2.875226802087362e-77,1.2727647108537267e-60,1.2004227307524897e-172,2.5853852812469632e-48,7.456935606800633e-99,9.353670513471721e-121,4.689904908841996e-68,6.135386572063856e-244,6.182956319515679e-175,3.8603893674596004e-133,0.0,0.0,0.0,0.0
3.0310880973031355e-95,1.0504043902428162e-20,1.8490772754167472e-10,0.9475053010850519,5.947671428725917e-10,0.052494698125319005,1.013795225226811e-26,2.726418658329967e-32,2.15213593655472e-39,3.629263920932702e-25,3.8570002033751883e-75,3.8430070326812557e-47,5.27991507016343e-91,1.3784209453006922e-138,9.407315531250077e-112,7.688623181032233e-147,5.178537736786827e-175,9.954262192084945e-12,3.5980325113174935e-87,8.460245456230396e-205,6.560587030776331e-108,1.9136698373531597e-88,2.0359997193424705e-140,1.6325712270997338e-157,2.993837271237484e-98,1.4494331203748574e-114,0.0,0.0,0.0,0.0,0.0
1.348880613171128e-26,0.0001267251290316975,0.9998732641794073,4.962431298173443e-16,1.0686729689836321e-8,4.8310546905519244e-12,6.486270021891771e-41,2.059211551271182e-74,1.3107554833493364e-99,1.8611238797918898e-123,3.2322125599287116e-85,2.137827757329473e-144,5.653786859315157e-187,4.273196807509207e-237,1.2933564184554018e-171,1.0122069640939924e-229,0.0,1.0362956860920105e-209,1.0513941838760868e-230,0.0,1.1857118525110899e-227,1.0940494896892567e-169,0.0,0.0,1.610561125890004e-287,0.0,0.0,0.0,0.0,0.0,0.0
3.7942486150614216e-90,3.897714275782547e-25,0.8528445710222109,0.08751239434980493,4.511950777106776e-11,4.49766583579946e-18,1.500525220313193e-16,8.003840308532559e-26,2.6088067072048737e-59,0.05964303458286464,4.166134576216554e-98,7.188671140252223e-102,8.661237091375599e-93,1.9155301291360983e-148,2.361924450476159e-62,1.890695736973018e-127,8.193580410868123e-177,2.935712365870344e-39,4.489624009475759e-83,5.1342363427034784e-182,7.245021548100882e-55,2.979924828462956e-77,5.671795988244001e-99,2.1432801726e-314,1.4036756924695885e-112,3.611816372072858e-240,0.0,0.0,0.0,0.0,0.0
1.0,0.0,0.0,0.0,0.0,0.0,0.0,0.0,0.0,0.0,0.0,0.0,0.0,0.0,0.0,0.0,0.0,0.0,0.0,0.0,0.0,0.0,0.0,0.0,0.0,0.0,0.0,0.0,0.0,0.0,0.0,0.0,0.0,0.0,0.0,0.0,0.0,0.0,0.0,0.0
3000,700,2300,2000,2500,2100,200,800,1100,600,4000,1800,1700,1300,1500,5000,4500,1000,400,1400,1600,300,100,900,3500,5500,500,2400,1900,2200,1200
200:2,3000:26,1900:19,1100:11,1000:10,700:7,2200:22,5000:30,300:3,1200:12,2000:20,2500:25,3500:27,800:8,500:5,1800:18,900:9,2300:23,1300:13,2400:24,5500:31,600:6,400:4,1400:14,1700:17,4000:28,2100:21,4500:29,1600:16,100:1,1500:15
