30
0.28686679187124203,4.402495195891814e-18,0.01597728700035311,6.441729236354276e-14,8.12571246554797e-31,0.005801655282981796,2.4169744711972832e-19,1.5175575800312988e-40,6.92066347023253e-25,2.0810819363448265e-25,0.12018879415634175,5.2885882895381084e-12,5.2128758103981354e-48,2.5235798854191215e-19,0.00012410553758007562,6.416545718542459e-25,3.961187830548905e-25,0.12173865514453362,0.0018898844049451665,8.508737857605851e-16,7.170698147207751e-69,0.4057344673006577,0.03602671290957996,4.4193458753922114e-17,9.059608505373917e-18,2.23753408231587e-15,3.521155150854754e-30,0.0056516463864285235,4.846342496471083e-71,2.4485300947832656e-49
4.6692553128653207e-14,0.21036007312569896,0.011248811205981035,1.0792506953936023e-31,4.606187758266534e-19,3.2140001007849936e-8,2.3789805882320205e-15,0.0017972394006912037,3.644725636562988e-8,0.029734715413238653,0.018034422027531104,0.31073710040252855,2.0039352997825966e-44,2.1704339730901115e-9,4.1587315052671326e-8,4.882426266922913e-5,0.2918284430228972,0.007064943595424988,0.10899494132007514,4.4889719219589435e-7,6.466041076671696e-20,4.844616515468431e-17,6.514163582525028e-16,5.289541856560923e-15,3.606094908003172e-5,1.1082373403300312e-11,0.010113864020847936,7.069071541058538e-27,5.29055940498874e-42,4.7249863502858695e-29
0.004382784787374953,0.010629685633001743,0.4705294548628076,0.002159508027388147,1.0345020620430979e-19,0.04429661318648872,0.0022385834805030854,6.978399454895732e-8,1.0445511475230718e-33,0.09123731356349234,0.0020369436421198415,1.1188120935727273e-9,9.74200089847946e-9,0.07447453041157592,0.06235154488577615,0.07251665150890484,0.020914813998614452,0.0517211888792909,1.6237571016749687e-12,2.9313553951165513e-7,0.017644688415930657,4.042894052884035e-11,0.0008259867016843799,2.4905047298807464e-9,0.06815276256598059,0.003886566945133074,4.914994322529799e-24,2.1910280579613663e-9,7.461265445014118e-39,1.8887867937964606e-16
0.004880535626627049,2.0593616013994935e-18,0.0003632067295496958,0.03170230086754493,3.771682848942982e-26,0.0021080881172692192,0.029459081472861443,2.218508709312294e-13,4.567327912005558e-35,1.0405855078251712e-8,1.2328958209483473e-20,1.0639704061120342e-24,0.04398033151350703,1.37139338854361e-19,4.8255275506958764e-5,5.00221604816736e-17,0.007563251007820067,1.2330213513423627e-18,0.012058413986420918,6.635437295366036e-16,0.047709956669190236,1.0002456461592223e-15,5.582774462334084e-24,1.9718337035165274e-18,1.110516157807656e-25,3.604520110215011e-21,8.389398639668555e-8,0.5832160084918684,2.0963154419515643e-19,0.23691047594176895
7.394547150866712e-35,9.59653487379967e-23,5.7512131177532585e-8,0.2230031815128758,0.011173210627668935,6.18325723650125e-7,1.4329999612741666e-21,1.4351402209978966e-9,0.0039014555586603383,7.475854555996795e-22,9.482000983386895e-6,0.006179254715180711,0.29809679083273205,2.5682168233379515e-19,0.13201602820810582,1.3135643017404389e-12,0.0454446157208489,1.005409627879818e-11,0.03509603951741788,7.538164159038852e-27,1.6392695502681307e-14,1.8307000864261868e-16,6.25785207374721e-28,0.08698267688347361,1.6154815914464109e-21,3.949264930394972e-20,0.0108719929853222,0.1472245941521578,1.9340892107444145e-13,1.27185442576173e-30
4.885742948113207e-16,7.651913159341064e-6,0.04691699200954179,5.311749892389398e-19,6.350857249915834e-8,0.0003750712100679294,1.4800477466092778e-5,0.3959057024768601,0.22478093018417827,0.024921737199121302,1.3383656341327547e-12,1.6197896818398277e-6,1.9153864280966597e-27,1.0748866139577032e-13,6.343518163072797e-13,0.00011400134474920635,0.03312562447446679,1.1870600066790076e-16,0.024314612177257538,9.14113089827219e-19,0.210128818503971,0.029652415157822003,2.7524293942719246e-10,9.845851845330364e-15,0.009723909332739077,1.484156883301101e-7,3.108284078190408e-15,1.0283625538194449e-14,1.590154730997849e-5,3.5930342601945424e-27
1.1831248677163117e-10,3.6668950801581613e-9,6.0789089108671725e-5,4.229507589633095e-21,8.1675678034283e-19,0.6081022970633567,1.5584573806729699e-9,9.0817428009889e-6,4.1563415406416043e-13,1.1673802569743652e-15,4.729030011218983e-6,7.724722858759516e-11,2.4321443897785865e-19,0.001864038641893014,0.1930560966053181,8.236245056874576e-12,0.13255370491666488,0.029995273814458573,0.002481693909887917,3.5089861879349205e-9,3.5232421376795867e-10,1.4073310353554138e-9,2.5268140260306202e-9,1.9993512207592632e-13,1.2449462587361046e-9,8.624962172513518e-10,1.3679022273926025e-21,3.8125828865357385e-19,3.316031039110315e-20,0.03187227985383695
4.65146215797609e-30,8.592676068589487e-5,3.188399339519071e-6,1.0109316100927124e-10,3.3294103584508184e-6,0.40093620476795955,0.0036959692301182533,0.2931746314549475,0.0035422832132446153,1.4821833116990296e-9,2.9293559473028617e-5,0.04989687094181702,2.0644269502155145e-14,0.0012991795338938628,4.248258042982934e-22,2.74797784617593e-10,9.372477593904506e-9,2.8179647337708988e-15,0.0006468305522812352,1.2826929592180364e-17,0.12280687816918191,8.057726154714066e-10,0.04987608778174837,3.1485772343702364e-13,0.005904635501343272,0.0615594984977042,0.006539015473519475,1.6471572112107333e-7,5.715005990205316e-19,3.824753096501865e-18
4.893563569098272e-62,1.4974349247535014e-41,1.7688816217445915e-55,4.462785284123154e-70,1.8565104775366735e-13,3.1533096420346127e-6,4.094414022756581e-34,0.006527402668335835,0.6814426898071358,5.041060616382052e-8,7.859755895305169e-13,1.0344737797745696e-14,5.964635272254691e-6,8.416609410124607e-16,1.3016789013911153e-6,0.1108388911115618,1.4230984080245824e-17,5.597444378093795e-39,2.570913690451907e-14,2.5039136588032193e-15,0.12859533206287965,7.710471863868759e-63,4.513311075304909e-69,0.006779186786510236,5.127114744489954e-21,0.035655545955774325,1.469534348659654e-57,7.775128078802557e-29,0.030150481572369454,1.8744854568090433e-36
1.5691583297294762e-14,0.017810399892743228,7.446209365791469e-14,3.428003184002605e-16,1.0224317188779455e-16,3.9497911282872207e-7,5.066618896444753e-17,0.0017308914459161506,1.2939111388290836e-47,0.722120499649712,0.0352312218607694,6.854719013108422e-18,6.491126952141537e-24,1.1811218794341864e-20,1.290151626406512e-10,2.32886741613926e-13,6.889987145371026e-17,0.12258823146564306,4.227598490105934e-9,9.819008338823628e-10,0.008228799845052094,1.3725133353607976e-8,1.2372083317918567e-13,4.2116716237772556e-23,6.859765677350993e-10,0.08050034478550759,0.006022836417659856,3.543213269511809e-30,0.005766359907811837,4.061542306724343e-17
0.008086956814716457,0.0011899227003766347,0.07764426780713143,0.00011779235776573762,3.443802920136818e-31,2.5164652016866926e-9,2.7376744643415784e-12,2.3302183313747887e-10,3.0059539849577457e-5,0.004564073464567666,0.5984340074697234,1.946402448817432e-8,1.8322939671153941e-9,1.2633286515095538e-5,0.003056101884631751,6.886798246048242e-17,2.923182989321471e-7,0.08987068446782978,0.009448342879737575,0.09769278362204534,0.0008024256447067365,0.0006052883452307153,0.0012286679588168245,1.2395403341881131e-9,0.0874262366276469,1.031195389124159e-7,0.009133361119582415,0.0003089896645830445,0.010346983100134556,5.18486988313566e-10
6.195562047365748e-24,8.179161697851536e-6,0.08900154401253743,2.932953466396976e-20,1.0222392271023132e-18,0.006562348056315603,1.6869686294096643e-8,1.8662085929585493e-11,2.6756446015433617e-22,1.2748944372840577e-10,0.0007769842917080029,0.023741196670618914,2.5565987733860373e-25,1.956065320216498e-11,3.203461343782994e-5,7.836075072099857e-10,8.15494044955238e-19,0.030849619928792205,7.318899732251512e-7,1.9391611839604434e-15,3.0361642896286313e-5,0.006613357038477961,1.410203222210243e-5,0.841108734190854,0.001254081700623138,6.706945617242976e-6,2.500402089404626e-27,1.6303543869511687e-14,9.184965878752557e-39,5.203873828533043e-12
3.0791796312117896e-56,5.228583139577083e-32,1.8596416381300373e-14,7.755345833202795e-23,0.22127586537744562,2.696903732076005e-13,2.740836461686156e-29,8.001589903050439e-7,7.315705840175988e-15,4.203041261612902e-24,7.455194355022912e-37,9.012934833089529e-5,0.0001359031710167136,2.3223865732506474e-5,2.1914273402909336e-24,3.141707246584901e-23,2.243954532470563e-8,2.544293227924403e-32,3.901721434146146e-10,8.852956457618835e-24,0.2340184150111583,3.604375549725394e-15,4.7380710189330384e-45,0.00018536281876357577,2.880760656356266e-18,7.934735933057665e-6,1.6997993678693486e-31,2.7657476044548144e-16,0.5442623426826122,3.071924523094757e-25
0.051651080445686615,2.0134944791370705e-15,1.7824863585635039e-7,0.0006199835526491121,7.903594611834381e-14,1.382610044461435e-8,2.1534838402682306e-5,0.023730201081934143,2.9698274703866423e-20,0.00013459802170431832,6.514978270032911e-6,2.6916001680305985e-16,1.0765359477975091e-26,8.848859959402857e-8,0.13105928247732165,1.8735175257324157e-6,2.7211179678713507e-16,0.0021044287163965027,0.09712614548407102,1.0530208851667368e-13,9.315779404277123e-10,9.748104073554097e-12,1.1644281311524772e-29,0.583414680756312,2.0183101250772e-12,0.07187853817519306,7.489187724311415e-37,0.03825085644764742,4.648716894624939e-37,1.8834768470558922e-14
0.18219881449499692,1.5739238077024612e-16,4.868488762312834e-8,0.104685243241776,2.6607920330989418e-36,1.0573868592298976e-10,5.02773517375494e-6,9.080772337052103e-29,2.149123651130404e-23,5.583987999308032e-14,0.45129462973133594,3.157664648401939e-13,6.94092082133221e-39,0.06253871022699042,0.0021414652378606573,5.791523474494625e-11,7.656025189916427e-10,2.8698374205067826e-6,0.023730978783044362,0.11095107515469411,1.1247369878563036e-32,7.991973146115133e-6,0.05201547293485491,4.78533259961194e-6,2.4423038651423826e-8,3.9283520986463835e-13,3.2879176484044104e-9,0.010379469656866975,1.67762451639975e-53,4.338833337480068e-5
1.1299001602673465e-16,4.781231837050458e-25,0.08190079367472647,3.320561883387788e-29,8.966645236215463e-15,3.0958335660470368e-18,3.047753742466855e-17,0.0004949365792826134,2.6969196011983913e-19,0.029056479637891375,0.09683608381738724,1.5832822363941007e-8,7.130024420373843e-33,0.06530600081162104,1.678560436432631e-11,1.1756462150232625e-11,3.810070727892156e-11,0.0781119639903961,0.044890872898995356,1.868986790663518e-21,1.5013592155213294e-6,0.006278237420349267,0.2748281641211087,5.4098803098877985e-21,2.89890008493825e-11,0.32229494976056294,3.636079464500916e-39,3.8474264770933926e-35,4.735487823288594e-37,3.484224164891474e-30
2.768148387062069e-30,0.023239584341928587,0.018536911492791706,7.076533313339783e-25,5.85327207265685e-18,1.689334316610242e-9,0.08413276942724082,6.117219914798947e-7,3.4838024649987026e-22,1.9582197082161397e-19,0.07621297254823182,4.784263589684163e-13,3.867522539449727e-34,8.1690307735281305e-19,0.014178462642829867,1.2154080882370286e-6,0.6672412210838823,0.0013689814479075331,0.11508726391714326,2.9326236436564634e-15,2.9461939774509756e-9,1.3121861397146761e-16,2.584722606817293e-18,1.2122568894177379e-15,3.644322093817031e-12,8.433492584041875e-15,5.07368389114952e-21,1.328300639887832e-9,5.823727444872051e-33,1.3002106462815871e-33
0.0014619533937615737,1.3306801827409377e-11,0.11015620425979955,0.01879290010149425,6.020957573090052e-23,3.0420118169427244e-7,1.6533703261315892e-12,1.9597850366201753e-9,1.6756114080251714e-25,1.0812949343556936e-7,0.0680093165352977,1.2292452908732184e-9,0.008006934677633085,0.004574253375101179,3.8771031033756966e-7,8.793969436523097e-26,2.1291720299025025e-11,0.6670716224534355,6.540986449916989e-15,0.00010479987392368348,3.432714024578773e-6,0.05575869663740146,0.033466261638851504,1.849768221575492e-5,0.027241873352234165,1.297437969470707e-16,0.005332197543718231,2.5248885259286337e-7,5.98092332467949e-12,3.4673395858854316e-25
2.0967213183684174e-8,3.542116522520454e-23,0.0862820191499099,2.87520210705079e-20,1.0917184351309218e-36,3.932572362773098e-16,4.689052776329308e-18,1.5576045989022446e-17,6.681107859092237e-42,7.959848763199116e-25,4.2539775755436386e-8,1.8235931246011868e-23,2.2778650351155214e-41,4.2034674215927155e-8,2.0459458198010908e-6,2.0043538203839933e-16,1.2722944750275084e-17,0.020801477084444193,0.0001868540414498227,2.6953708985834542e-6,1.858838114568182e-18,0.6323913058573666,0.2603334970083545,9.26713736530065e-14,3.194591178137714e-19,7.984930190126168e-17,2.0255015822443784e-37,3.0774651072688816e-23,3.819893376546992e-51,1.980326477348768e-21
5.6134055555335995e-12,0.018678267976564897,6.442723947568747e-5,2.947267637574955e-7,6.13062248238348e-21,0.04401186355710177,0.21452043807641413,1.0086245003368232e-8,0.13876862099045117,3.9873795570716445e-18,0.0789638384767069,3.2281910607257433e-15,2.7031822373299635e-10,2.8363620633288387e-6,0.2054164039831485,1.5257194508756598e-16,0.1348877878080409,2.098533839613472e-6,4.75683365618626e-11,0.05443216622469953,0.02280930967475813,6.839288929813126e-9,0.009776756941131767,0.031731699699917924,0.00010429834825502932,0.04582884948960183,6.699185747939825e-28,2.464201972160067e-8,6.500242516857436e-33,8.051813866006459e-15
1.2041959310328142e-59,4.036740580179602e-7,0.0069543170584004275,6.232175385550389e-5,0.05827648882427769,2.600050363211695e-6,2.3681377354267944e-7,0.04890389270550143,0.025843281654047735,2.0643774113736694e-6,0.0036055933352243685,0.06687950260791967,6.357419141098919e-16,2.5103900337635815e-8,4.973798643636517e-25,2.2194010366144275e-8,7.296026815502904e-26,3.1236475451900745e-20,0.00463627857898274,8.217141700648047e-15,0.706762730873125,2.3094382793902192e-57,0.003287802743970039,2.954352525092409e-15,0.020733084072826036,0.0021397659688468804,2.6649637940758942e-37,0.0003258729806443172,0.051583714628849725,9.65360135448262e-29
0.6720017932522832,7.362622973971812e-12,1.9064197045206796e-17,8.396058955455896e-25,1.3110844555713604e-21,2.2652630448794602e-48,7.901814744974893e-16,2.7496611703358904e-13,7.745737976527893e-66,5.168892006804058e-20,1.5199353486402628e-5,0.0003358147567293307,5.49310242841715e-56,7.772828037712981e-7,6.369668767335823e-9,2.2467022830036126e-22,0.010475886137519938,0.03596155483434717,3.363597613999867e-9,0.22671106901082802,4.04250782596241e-35,2.592547528070932e-5,0.0013467579430323105,0.03258113687875849,4.394848773991727e-11,0.020544075290077398,2.415511281134033e-31,7.212141222560328e-23,1.166903267033422e-95,9.402175070473023e-54
0.0015580324248363653,0.00796281004064117,0.012062806096297984,1.6380878873329967e-53,7.98181011462563e-37,2.4075310827001197e-18,1.957321340066877e-15,8.830170508576095e-23,6.2710757440474925e-93,1.005532104496055e-15,0.01746147784529201,3.6039408776123106e-29,2.2180065967978232e-49,1.7404928566891635e-15,6.324880003650832e-20,2.0665961754107218e-11,0.004309173539655895,0.07934015061737526,0.00012266586213019025,0.011591615981631038,0.012396178630528595,0.08724778381902287,0.7196676094222827,6.458319926210926e-50,0.02424516148886826,0.02203453421076635,2.417849138624679e-62,2.4603160480008485e-50,1.967176106849247e-130,6.144093771837889e-16
2.9534625419710185e-18,4.296415069157304e-17,1.2776099803491203e-9,0.001998949891461525,2.6154847079854515e-24,9.855674504253175e-21,2.754887943639158e-14,2.1327935687371577e-13,0.009870431315096507,9.118237853916985e-10,0.0021173532292759517,5.206309150490853e-12,0.008915336352259105,0.34923899650562906,0.08920328717219277,0.018102288019370305,9.81059891787086e-17,0.05250045249824279,2.4563409377809035e-19,2.404763322742351e-15,1.828413853482868e-20,2.9893369074555415e-26,1.0567968975265537e-18,0.042625985568758365,4.788407026523025e-13,0.018996253451039134,1.0019399176988355e-17,0.3961283116310474,0.004677832086386191,0.005624520083878641
2.562894445224861e-10,0.3186114702097063,0.0002582010931684355,2.975199991731371e-19,1.3754375910316668e-7,0.00041243809695782707,0.22812022998638165,3.9344631194288203e-5,0.00626043324335858,3.027390200186928e-7,4.865692406602981e-5,5.7625504209873665e-8,1.1088853787153652e-25,0.012257341438332675,9.699215527159708e-6,0.0655834066926522,5.021406105561387e-6,0.03019944043117397,3.077960250603397e-7,2.40753367628192e-10,0.1583086772189492,4.674159018693613e-13,2.2293710119185357e-19,0.0571402440841538,0.10442157605747171,2.221448806936815e-7,0.018322790924101526,1.3992587480187508e-20,2.5613117346247835e-34,9.53620757532333e-18
1.6298064399433835e-25,5.811057890798483e-5,0.01829650121532251,2.6933195874436002e-15,7.853927851424886e-7,0.20443660635503014,1.2927873606942176e-5,2.359280749672856e-5,1.8836496375430778e-13,0.011854414845112588,3.385765230217608e-6,0.1172155704842472,1.8594867260555518e-29,2.5479480232383777e-10,4.708911658130496e-11,1.9549020655189178e-14,3.04317927750321e-8,5.774532722441277e-25,0.03565840568878026,1.8446166866118803e-17,6.491649591504686e-7,1.2523316624929381e-11,2.6212420899381756e-10,1.6512830125332467e-8,0.0320516429032123,0.5803873594039437,5.6029804225877595e-39,1.2455110565553673e-19,8.035039035009035e-34,1.297300848356609e-25
9.550984781556466e-36,0.006865271265966772,0.03116758539399313,3.0967473601557146e-12,1.282254594508065e-26,3.028554992195816e-16,6.432269327240928e-24,0.006918921281549371,0.0005072446451205594,8.34098804252033e-18,8.747301805298812e-11,7.76830275573405e-22,0.008859364727645636,9.320419572244831e-31,0.018421877958822726,6.99059019517306e-22,5.798103732967264e-21,0.006971365189520912,4.52263740877579e-18,7.937045878600138e-32,0.0033661149733114136,9.334618481087175e-41,9.943487512839943e-54,6.739084259730338e-39,0.007290628167197275,9.736470186446156e-28,0.8726496003445292,1.8798959402938932e-35,2.2383901178996377e-7,0.03698180212276083
9.629615384570367e-16,3.2309483895567283e-35,0.029908527013763536,0.8231770380882854,5.442952402355094e-23,0.029230465183543906,0.0005960108897949002,0.009783514080840175,7.267304409986784e-23,3.5760187145571007e-10,6.364901998364266e-20,1.3691354408282596e-29,0.018098275656758193,2.0456122777538503e-9,9.558387948966337e-13,1.5925687193434362e-11,4.5518508714397065e-10,1.2886083244673055e-28,0.027548978942461,9.047481276025391e-7,0.00015179247555116872,2.825250853052214e-20,1.0118896053399885e-10,0.0024417427492112683,6.202459267387074e-21,0.003607368062141324,4.373717381179049e-8,0.046097963496461905,2.5815004738800912e-17,0.009357371899415191
2.5348136946261605e-55,1.514851752915641e-20,1.877267187393244e-15,1.6825124710094355e-25,0.15315920502794428,2.0489649275309746e-18,4.4526773197903295e-18,3.534908423272791e-10,0.008242283297502092,2.1309519574043158e-34,0.0018272218950847895,7.412845834040934e-8,0.0004467237935698658,0.00961074690018007,6.170680904589218e-9,2.6141360112190855e-33,0.00960245384880695,1.0914202209510202e-22,0.018809981751457528,3.0061531960058764e-16,0.014055814623616497,3.732645871824896e-46,2.4731977410885997e-78,2.9034341601293544e-32,4.539037439987685e-28,1.1913205710530168e-27,1.3621107293204076e-28,0.0020962892924440376,0.7821491989022046,1.4557000061088138e-11
8.686118665966887e-40,1.3767882352916968e-36,5.297228626176388e-10,2.6317427542773026e-16,5.567884712461553e-7,5.71502328712588e-21,2.8340436856507407e-13,5.913529676586625e-5,0.036000947533879404,0.027702293185130643,2.0207098650064625e-11,1.2073689674937194e-43,0.15605465585435535,2.082523772833169e-9,0.03289231806918602,6.348073126580219e-30,4.280179396515036e-7,5.958155133328386e-16,0.0012331188017274445,2.74380632120138e-29,0.08354174346457766,7.39573591034132e-18,3.8599488797288807e-50,7.756045026630157e-27,1.1673407334516034e-8,2.376361155896166e-8,0.021341213733643907,1.1908475948928413e-32,0.28972615562602977,0.351447395558536
30,92
0.0,0.0,0.0,0.0,4.4291050452930044e-222,0.0,1.909780775850245e-228,1.4203225421685734e-199,3.7602881022967304e-106,1.199435722092237e-182,0.002843799503195518,7.134909010051539e-135,1.1137928457898676e-112,1.0590179388134032e-50,1.3065619453899251e-74,5.97204737264196e-50,3.3050695618866176e-15,1.6901095446172084e-51,7.887049846891443e-21,2.5960743442869345e-14,5.10847221253561e-34,8.338652513340964e-18,0.011295299982112593,2.078991855469011e-10,2.7133830003891643e-13,6.658041497124401e-20,0.002810790891846305,1.2112496459848575e-13,2.5584083423027485e-7,0.00947397327653671,0.04705637098232764,4.000481137926114e-11,0.03504320122361798,0.05574208121955549,0.05743439238232671,0.0691576773105865,0.09262816284393137,0.10426335912257781,0.06347069438617711,0.018314701975187253,0.04480430877961138,0.031161973528365063,0.047582779815280106,0.02784584306636209,9.271386988548646e-7,0.05082275765377489,0.025742935940376285,0.03946355601418233,0.03558029188389148,0.011337859896956659,0.010050509820491287,2.6107433897508197e-10,0.011803883542736896,0.008437663526071728,0.021447791054971074,0.00962776528180604,2.077550073611325e-28,0.0294751418604497,7.259538967771014e-26,1.885822340925037e-20,0.009466606618302538,3.2802182779797608e-24,4.336654699461173e-8,9.610062664401519e-21,0.005042585678228727,8.304132004450066e-31,1.0097358540975295e-66,7.388608035769204e-93,0.004837673957686597,1.7938365875915893e-24,3.488941790883209e-75,7.42799641068865e-18,1.8888549577352542e-57,2.939448710631108e-69,4.372619698600728e-99,1.6776422676566076e-12,2.5474721309812946e-43,4.506264295853231e-85,1.5029999004285027e-112,1.5646685870607373e-72,0.005932340123318241,1.869812804312906e-179,2.918900789515806e-88,1.233973826568816e-230,1.088044985842484e-59,9.31285222188642e-198,0.0,0.0,0.0,0.0,0.0,0.0
0.0,0.0,1.638652e-317,1.8075072335171646e-197,1.0527611236500085e-95,2.9269752717136337e-95,9.982355899560568e-57,1.1470501073454334e-43,2.0670357212590204e-37,6.207840196882004e-20,1.6928710191932733e-17,7.668510016983451e-17,0.06237312396740901,1.4721836185900617e-5,9.603376384774433e-9,0.36279813607315914,0.069998111533114,3.134796672376061e-5,6.481468565268935e-5,2.121579748075841e-7,0.02494677141229373,5.2025514638067e-5,6.453901104044678e-5,0.05810307774895712,0.09046432641124517,1.260374936804475e-23,0.05628518313898737,9.309570393671773e-25,0.05957119508942984,0.05016663780894756,7.182591124663664e-52,1.26444401383076e-17,5.54204167926277e-5,1.8234321029099182e-22,4.622897319783135e-14,1.0889971196937859e-37,2.896548767759661e-5,0.023552314763418764,0.07158004202431673,1.3370934943137124e-43,3.1664743181317804e-45,6.074903476543192e-13,2.5358325565306648e-33,0.02567291997694267,1.701263140312057e-37,0.020842866993146632,2.7641647731292883e-65,5.00038923134934e-100,1.4962492077820061e-56,4.0314993398989155e-31,2.1259159000192713e-129,6.412212991397224e-75,0.01126135226313378,9.107248952735428e-148,1.6059222537214977e-65,1.2814722362379536e-211,8.49670631396495e-31,1.467831150199541e-84,4.9902653582860716e-61,1.7184820187876677e-69,0.012071881756005352,6.493695507848581e-63,1.9348179952639757e-18,1.996411676834435e-38,2.651199718410701e-56,2.3410815074972425e-9,8.963697910479662e-51,4.396883555356341e-149,1.7695561864632052e-11,2.484780801740157e-46,4.913547162902072e-90,1.8302325582810908e-143,1.1189972955721587e-131,6.169008948916279e-57,4.795524270648611e-150,7.168680819357574e-204,2.7933830328149784e-60,4.815200281237443e-112,2.6089195278951737e-50,2.2881579065499572e-140,4.194266807938635e-221,4.4935821935028945e-209,7.305492427055755e-231,1.6116915613898636e-256,0.0,0.0,0.0,0.0,0.0,0.0,0.0,0.0
0.0,0.0,2.132676948603714e-284,1.8646089844891096e-160,6.442251946670638e-138,1.3845045001450672e-148,3.1595400079410983e-78,1.3466961679247471e-22,3.046077114456405e-24,1.8421154875217156e-62,1.2367495463447488e-42,1.3056842928517297e-49,1.7951524272345315e-17,4.84032580773544e-10,1.1455941561384605e-22,0.007208087962164401,0.002557845975037907,2.480851038142853e-7,0.010701011572817443,0.019503154067267024,0.1899339750784213,0.42659552766622644,0.20329680454899318,0.00790652030642651,6.279504836493299e-11,0.012339846632860066,0.07397323755924197,0.0015854653393292107,3.966195831840063e-5,1.909532139425481e-8,1.9314680562374762e-11,0.0009530166825885252,4.4084898595867634e-7,9.112761285385917e-21,5.560031677104506e-13,0.003381027041730403,0.006360029323335124,0.014803095017006456,2.4835425343314333e-37,2.9921482261517542e-31,0.0009251182023275297,1.698045053547573e-58,1.422360913342671e-34,5.929398742520089e-37,2.3427393145669267e-7,9.096534541620256e-85,1.0104757402625059e-25,2.98794971777248e-90,1.8977547865819385e-91,6.262041426113176e-24,1.0995997182297917e-85,5.120486435972456e-70,3.737329029730746e-102,3.345482252996939e-97,1.1303027631711218e-96,7.243459427117927e-253,7.926233341071487e-58,1.9516650649962457e-14,0.007003441996847771,1.098051848158126e-30,3.1995027040107593e-40,0.0052082987027286115,4.138578102494056e-92,1.1834007772174881e-50,2.7686278018388304e-86,2.1249662174725756e-83,9.844687136595727e-70,1.6607061878906184e-73,1.3315271143569674e-71,5.160008210636345e-12,4.5768621122472967e-66,3.803334703536855e-125,5.645316307965812e-72,0.005723891491111457,1.267606876092036e-139,5.012133359429542e-154,3.8248820976068407e-47,6.9180945456772414e-152,2.3133993678642776e-108,4.134739948493482e-70,2.8709432924336844e-201,8.141809101119288e-220,1.2012921362806313e-191,1.9085915551508448e-203,8.111463243226828e-211,0.0,0.0,0.0,0.0,0.0,0.0,0.0
0.0,0.0,5.160310472301594e-260,1.385016609907715e-309,1.9149923931770418e-258,3.3334979904205675e-257,1.1782502684112273e-156,4.624499705324045e-193,3.2213509540909635e-156,2.2007365348863505e-85,6.569540088194788e-42,2.563754390228207e-10,0.0034366716502554737,2.5002006899572445e-50,1.5648405738596382e-55,1.4088752351866682e-13,4.108797764213729e-32,0.0006119147188881408,0.754742939250714,0.020468401403071664,0.07755385576435676,0.024634992473940413,0.04325104629237463,0.06380162205555251,2.342904395358404e-5,0.005215932072982247,0.0006328973369202149,0.005626297670066057,2.0309405723524633e-55,4.5066226838439313e-100,1.0197220452761524e-81,3.017291841812536e-80,5.244708444208525e-84,5.937488607038146e-136,5.853165916110426e-50,2.7884116973624375e-87,1.138155116578094e-91,9.615312026014208e-60,6.195035041706579e-70,9.371219672078016e-168,3.234660370760463e-20,1.0408045616535732e-11,1.0125068248622534e-153,1.3443240714267458e-206,3.4694519370048106e-133,3.95820563824825e-86,1.6829535485159442e-63,1.2876888117007785e-257,2.7912638460506703e-84,8.364850404922122e-116,3.69702043e-315,0.0,8.831982097626576e-107,1.362923471741976e-194,9.894099548876192e-53,0.0,6.061919666923944e-180,5.6925764403442363e-241,2.091756828281148e-158,4.762649540566666e-171,6.13519187798055e-104,3.450697667413393e-140,2.217736055219186e-179,1.0010865203868535e-114,1.530462020733762e-212,1.9779522708369095e-172,4.697567428947996e-202,2.8646449403726933e-109,6.804014921061168e-246,4.267118034798524e-132,8.357640019819935e-238,5.9825e-319,5.028742063403862e-252,3.5105595848267834e-206,0.0,0.0,4.871658038509303e-124,1.7231169075747553e-237,0.0,0.0,0.0,0.0,0.0,0.0,0.0,0.0,0.0,0.0,0.0,0.0,0.0,0.0
0.0,0.0,6.44378476153645e-136,2.0422500026603295e-41,2.8751396574329584e-185,2.1721330455241648e-113,1.416220985164864e-106,3.3386654874885566e-100,0.01104704657725899,9.87808456590012e-24,0.04030946920570233,0.12787125535277785,0.22251576927512223,0.19506085169804055,0.10072955802094664,0.07982406953683946,0.1262945543310582,0.06169240738900005,1.2562611545411592e-6,3.464743863610234e-24,3.1054733107766195e-8,0.008052591990971344,0.02381174436190593,6.3841196319842774e-55,0.002789394944488836,2.746807082129826e-70,1.0119374174930041e-70,1.3493528116062552e-23,3.0031514564119513e-17,7.590606977223494e-54,2.057155806998983e-138,6.2828938566780264e-46,2.4814344824610188e-73,2.893187965343447e-78,3.0485154030351155e-137,7.827772022956962e-72,4.0235200267723305e-43,7.36384050824968e-186,1.9864684492298233e-180,4.510489148955197e-163,2.5586739022756403e-133,9.423409008675865e-128,8.497040660227494e-161,7.793701561445929e-201,2.2668643882375273e-27,1.313789817192085e-84,3.8562231705799383e-302,5.451385843172646e-255,4.91148556702296e-201,6.684724188881941e-215,0.0,0.0,1.2019331490882606e-118,1.0960677639240025e-123,4.43182195902267e-174,0.0,1.3639352679007255e-154,8.87421075304e-313,3.2842287227068573e-71,3.2080619500532073e-134,1.2186334741210613e-107,0.0,7.304827844578944e-209,8.042430893424065e-129,1.2598177616702646e-175,8.066987603472173e-154,9.148466027901782e-197,0.0,1.599911556147726e-261,4.719476828947858e-140,4.574843381250865e-270,0.0,2.4132074427893965e-229,0.0,0.0,0.0,1.6939773520070742e-181,2.843206267882231e-112,0.0,0.0,0.0,0.0,0.0,0.0,0.0,0.0,0.0,0.0,0.0,0.0,0.0,0.0
0.0,0.0,5.505681452309623e-78,8.970353821444668e-79,0.012440916446282499,6.516340730311869e-27,1.8767582806830342e-24,4.372295118905068e-53,0.01439352376788275,5.8379529436830165e-18,0.040865498350738945,0.1663310424023469,0.08381837301116223,0.16355472782333144,0.24326817247543164,0.19049930000846949,6.787609958090587e-14,0.025237119690287486,1.328328185916744e-8,0.021646910468799782,2.390318886858894e-28,1.345857060367861e-24,1.6912465660685806e-25,1.5308705394186833e-33,9.949040273110994e-13,1.1733273571068626e-61,0.006884341200904826,8.760016733449132e-21,4.941314003712878e-28,4.743112608186805e-39,0.009479362503086137,3.5954260470671704e-44,8.379003126150645e-37,5.130733811877985e-83,4.503773361266229e-59,1.0764392945787095e-81,8.351903924419541e-60,8.052398187411752e-112,2.42435773417799e-61,6.504006900028117e-77,8.811499492713828e-21,0.006795261595225038,2.5399277619022352e-80,1.737864942075152e-120,3.94429843537978e-90,7.285037706046685e-55,6.009431515496404e-106,3.939838204765281e-149,7.332036015257221e-47,0.002306635591424139,2.5966913177355534e-236,1.1951546760837836e-173,8.33795663975478e-168,1.7316789994860855e-124,8.412342568962593e-134,1.1695038871052518e-158,2.196328908134182e-47,0.0043274673632464735,1.783327600280924e-52,9.143726619605101e-61,1.7609372500470305e-103,1.4574821877390791e-58,0.003815111156946836,0.004336222860088711,6.802893457525818e-73,1.4501796756193524e-122,8.743087245129138e-116,1.9758751260939417e-139,2.4004528985173463e-163,4.6139178046237706e-88,1.367202883687439e-115,9.687782679849068e-272,1.3216868065291192e-195,1.2448188293657295e-112,2.845148076684286e-261,7.427402e-318,2.7807417633929488e-139,7.563494703985539e-182,4.82768689157543e-129,0.0,0.0,1.707780525e-314,0.0,0.0,0.0,0.0,0.0,0.0,0.0,0.0,0.0,0.0
0.0,0.0,1.5109268491593688e-214,2.4108185207631605e-174,1.8350485792427813e-57,5.500278847877689e-71,1.4813658849971435e-6,6.579689478912462e-55,8.456671804732472e-44,0.02977539836038342,1.3091313508088257e-19,0.02135453274169148,4.994726114121889e-9,0.12330841507913019,0.10666671239536782,0.013779191650832018,1.9252316979299243e-6,0.07864217825815323,0.2894244368898075,2.037896984390473e-9,0.00014645230894500417,0.00011966093705581038,0.08617723405141305,0.0959260129507397,7.260147069931765e-23,7.289514860959655e-17,0.04515178572674561,5.824862098506416e-21,0.018381736221715305,1.2359986405562768e-52,9.767284758539406e-75,0.009655906799579055,8.866209372695024e-34,7.466710879557121e-8,0.013471382830200556,0.05677252458364027,1.1807697745605565e-71,2.9644385164073784e-64,1.5359132597196444e-48,1.1754453947253063e-27,5.679874142263592e-57,4.850168988275902e-18,0.011047548102098298,2.045165204620059e-86,1.3299210810994159e-73,1.8903233014330717e-12,1.3083301740873325e-79,5.736351120592278e-158,6.280497883194684e-50,3.656987693658419e-87,9.224203719830863e-146,2.2211111179581713e-155,3.074027635709706e-75,3.151278929962192e-181,6.71003604802971e-152,1.6700222084052288e-212,2.8533690931473965e-98,4.846217046418898e-130,5.725374213893518e-104,1.7485486820361233e-100,0.00019537759467471558,5.345308189834129e-110,2.4218621797674046e-8,2.561038039020199e-19,4.124292018098916e-32,3.231790482055639e-68,4.659720030358421e-125,1.854153543838761e-130,1.1216224186207748e-94,3.6767687307299066e-70,9.47816822366668e-211,1.1415511746647085e-263,7.531079589326474e-245,1.0737949303662397e-85,8.0633503127e-314,0.0,3.3736970125301883e-87,1.975599744226685e-271,2.0059342478324995e-65,1.4319385132854e-310,0.0,0.0,0.0,0.0,0.0,0.0,0.0,0.0,0.0,0.0,0.0,0.0
0.0,0.0,3.9770916480842214e-103,1.1747149685140793e-97,1.3360646263605799e-11,0.01809673442916335,8.497665244228292e-9,3.6071089144984656e-19,1.6807473187212856e-30,2.0577187799441886e-23,0.34995670699256237,0.27763930108737556,0.09694209232168989,0.1474529149072264,0.016422191391437378,0.05271545532628032,0.0014639973971159593,4.612960001393445e-26,0.02553989018538093,1.1125765379127928e-19,4.797449654531889e-27,1.7854363785730683e-45,7.992424888956007e-43,4.0218560697852375e-21,0.005650296959828203,1.873647505083708e-68,7.912209839045393e-19,7.481867554795912e-80,1.0445058794822449e-57,4.006131103522676e-71,1.619407833891707e-33,3.543976241826558e-51,7.731824191738044e-63,6.244973155442648e-79,1.369045327479725e-67,3.2757761756572712e-46,1.0628989422873625e-89,4.895794274921407e-158,2.9277503044172056e-156,8.804339894312454e-159,1.086460534358773e-66,4.480499599429274e-46,2.646406230769418e-98,9.842655568560407e-56,4.692563154691841e-69,1.2232069870055885e-36,1.5811157263790483e-191,1.0418552860705149e-111,2.3210980069031333e-27,3.9709389912007155e-112,4.158502207872306e-94,8.214307885515344e-175,9.790735852215922e-31,6.588165210362163e-120,1.8951492385546205e-222,1.1237569418718561e-144,1.1109434541221472e-54,2.7634759924601884e-218,6.469660337173284e-122,1.402037736883627e-87,2.1494998270551265e-112,4.2535675838252534e-148,1.3016496236168399e-104,0.003321665514123871,3.24222450482705e-38,4.854219644570828e-130,8.060639102145916e-83,8.339145533262503e-181,1.5942982185350193e-180,8.547410238484248e-166,7.903614800245237e-90,3.8953068276809e-292,8.65435718248719e-109,5.599674136400022e-146,5.846167139917009e-76,4.18314854698975e-256,0.00479874497678985,1.9967078846437328e-51,2.0448115927130782e-199,0.0,0.0,0.0,4.549043139774673e-243,0.0,3.0860061848296e-311,0.0,0.0,0.0,0.0,0.0,0.0,0.0
0.0,0.0,0.1816069169542655,0.18435853690811801,0.09807552099774876,0.058414000855467024,0.14325636469346656,0.13453776603965478,0.08221852898782317,0.04608968433740281,7.407249095624487e-5,0.03313294438712784,0.013276573522669,4.151919203386087e-24,1.2566633129773987e-24,3.7796302876983255e-34,0.004050261723654797,3.984043460456219e-38,1.0450099406617544e-60,1.106682693292626e-62,4.5467028166538e-61,2.3315306612486895e-33,5.258413708361389e-105,1.025291696264669e-120,3.6593212215062915e-69,1.2065939351843773e-122,0.004158932907511458,0.002916689478160256,7.776124342425959e-29,9.526467984375273e-188,3.1072132540023227e-95,1.9280740024285576e-100,8.151849088389672e-39,2.0099436859021974e-52,3.347437887159775e-79,0.0027875483937023597,8.755604537731395e-162,2.1847152877334973e-191,1.2793994136798313e-211,6.06180880061441e-45,9.854309165543915e-127,1.595006369751898e-160,4.4494768609165954e-13,4.1369675364579756e-176,7.338984516258667e-181,7.759194495369653e-175,9.522970358927906e-214,0.0,7.726353645626279e-98,2.3211268911844836e-198,0.0,2.9288307043863633e-306,2.6489487967089198e-227,1.433e-321,6.5010773177744726e-248,0.0027527900578340064,4.392951724376797e-67,3.3374596524685046e-138,1.5507013882194892e-226,0.002761858132416409,2.445898309684062e-183,0.00553100913157599,2.258525062806323e-71,8.150201182823558e-39,1.0921866457460926e-148,4.6406216382839284e-113,9.591053420082136e-269,0.0,1.2667123722281239e-283,4.641451806886715e-289,2.3564298229321971e-271,0.0,0.0,3.393738219792072e-229,0.0,0.0,1.8544714216059625e-132,0.0,0.0,0.0,0.0,0.0,0.0,0.0,0.0,0.0,0.0,0.0,0.0,0.0,0.0,0.0
0.0,0.0,2.1105994870122192e-295,1.1400639191635699e-251,4.485151600337718e-179,5.949355908165519e-184,4.4657846098635246e-160,9.215729695075362e-88,9.432986954012602e-44,1.2044296880688302e-48,1.5881381421042513e-38,1.3123789885627612e-66,3.8818981528799495e-24,1.891198255132625e-46,8.940530192458868e-29,0.06418656940803084,0.39434715736184706,0.1258335394542123,0.12061361391743364,0.05982009164571769,0.14737663624361455,1.2316933224252713e-13,7.754898606001579e-18,0.03259166849796025,4.550384914456463e-27,0.008818014203248828,0.00018546399421939046,1.5351293697772809e-31,2.164002385596859e-29,0.02395804211290403,1.434683842359242e-38,1.3912488952360557e-39,0.0014250071371415033,0.009520565733068425,2.7020401806459964e-35,8.866099895373886e-42,3.2036523760046107e-49,4.879648340795827e-90,4.904308758042134e-18,2.3180976491738e-90,6.754345391062772e-60,7.149496146174692e-21,5.742147950673004e-37,1.0343212127705187e-75,2.0646106307817318e-67,1.768581222555166e-92,6.306011438240867e-55,2.179041613802015e-122,1.507389902057916e-90,2.8766682271385537e-79,1.1482614737850673e-105,1.3201340438574424e-93,2.1112045914352478e-176,7.486818756066132e-193,1.158036359352388e-133,2.4538430245602103e-148,3.1315924815393974e-9,2.746071111822559e-69,6.561005358471456e-127,1.1808368046000732e-80,0.008884650639901565,4.484543805140211e-102,0.002438976518984104,1.4203800686756637e-56,1.6468750102620806e-134,9.468228279889256e-158,2.271562536250942e-138,2.318673256031294e-146,9.178905195461797e-225,3.5230842117070195e-149,1.1907974316809231e-129,7.914643656859486e-281,7.595797557893959e-112,1.3597058390497222e-44,0.0,6.606827971682677e-264,4.065106296521864e-46,2.8419353984e-313,6.829313831346061e-173,5.6994121759807895e-168,0.0,0.0,4.563869574010636e-186,0.0,0.0,0.0,0.0,0.0,0.0,0.0,0.0,0.0
0.0,0.0,9.185103861114244e-268,2.539091531692276e-184,2.1066215451922247e-176,7.406832010521941e-302,8.860671183012346e-170,7.996935550703088e-74,8.480815212210253e-97,4.70523861936864e-96,1.1292526175292544e-69,2.7411867412764236e-92,2.9784958054933803e-23,0.002630904102012349,0.0065800261738338025,3.1581499283758608e-27,0.0042157080655353465,9.34874012887816e-10,1.0758045041052378e-9,6.15883099823474e-11,1.105075968043272e-11,0.004292810974153463,0.245396433356138,0.2009764439898214,0.13763344837396968,0.10103282874574183,0.05297790716082978,0.0979520726938364,0.04254983599643916,0.005641586960618037,0.02379469900292546,8.734960936934929e-15,0.009067681958442372,0.023758437990681648,0.0028778031709764474,8.178833554937623e-13,3.841431136977204e-11,4.995009312559049e-41,0.017716015786549386,0.0045025576302666565,0.005077414857428162,0.0015412702646051056,6.931610432428964e-17,1.441237542199357e-12,0.0031966025779254087,8.448174636745762e-24,5.017770552490966e-50,1.2163575959740129e-86,3.1681191935787732e-99,0.0012577653948839303,1.0771942029434926e-68,0.0019608813999953973,3.478679016537488e-56,2.3295985340201583e-146,0.0014686174276608659,1.419213604944448e-122,9.325657923133643e-69,1.0608162203468576e-78,1.7579652720804733e-91,4.3274407508956216e-33,4.5399535898648235e-34,1.4289139632933814e-6,4.794495544938907e-45,3.6429238542041764e-48,3.8147267069804986e-87,2.7873904158693645e-65,6.384923007795322e-97,5.0448338563056974e-132,4.183666872571965e-114,2.136028178045736e-37,2.783305892348486e-116,1.5546112647933662e-137,0.001898814906766758,1.905737730456695e-62,5.525695216924105e-140,1.0743260069460001e-129,5.819236924947562e-45,9.06785294470334e-137,7.075186712174659e-106,5.860590346333731e-43,6.882727064684718e-143,7.453961647941506e-175,4.931706572288589e-172,1.888909972475261e-239,3.485552637656714e-166,8.1310775e-317,0.0,0.0,0.0,0.0,0.0,0.0
0.0,0.0,5.208822678892274e-275,8.992402941704121e-103,1.4082993536630174e-152,5.804181298339103e-171,1.4639354019116318e-131,6.920530551008111e-35,0.008429164804588997,5.0269239413723846e-70,5.652808379119827e-21,1.167460754626118e-35,0.08451880593433077,0.03941263310388771,0.14403053082325062,0.05537094446720793,0.10604456647509847,0.039644972805959446,0.11906078299088356,0.10880606253383396,0.06869144005951162,0.020996617965056634,0.0455320082781864,0.09304488999810799,0.035710678388282666,3.95380939286927e-49,8.263977775535893e-36,8.302649209379153e-29,1.3092593301808133e-31,2.662010306262931e-73,6.762774518454463e-18,3.2645301183551065e-25,2.5607893133138955e-47,3.516957850813707e-106,4.7524773617441375e-12,0.00780556104497665,0.008266252508022785,2.976722662026171e-39,2.4522510344489226e-47,5.564766523357572e-48,3.247249968206552e-123,3.07849811033568e-89,6.658415278851212e-67,4.160543083915523e-46,1.9531363096280714e-55,1.0357173905729538e-24,9.893151798209289e-81,7.271665062813102e-89,5.481838131714521e-170,0.007547712433972717,1.7123996687430473e-174,5.813889336289647e-175,5.203146403794317e-78,1.3284524506333294e-97,7.397698678190313e-13,3.815877554794455e-246,3.1990069308798246e-38,1.5122608647343354e-169,1.5942051813251673e-23,1.6607067168630009e-137,8.03787156786872e-67,6.139435790718258e-123,1.590604830706338e-132,7.876790234795966e-38,3.397822821605402e-88,0.007086375379348667,1.2454987613520902e-107,7.604848781402118e-256,6.4465641312047426e-68,9.159477665212473e-81,6.935314617379518e-136,6.173065593462557e-289,5.096104034957011e-199,1.616637528088046e-170,1.7903605e-316,1.785421834478235e-253,3.5817126210735513e-44,2.70394838024299e-200,6.361996652478998e-227,1.2514189688295103e-238,9.30459636e-316,0.0,2.2031464806142215e-275,0.0,0.0,0.0,0.0,0.0,0.0,0.0,0.0,0.0
0.0,0.0,1.2279490701373808e-95,7.580240690766233e-216,8.87718649045934e-176,4.146603367051519e-136,1.2591875003048377e-78,1.1598229763831443e-84,5.3895449715647116e-67,2.18627203010151e-10,0.08525638535182976,0.26027748457275635,0.271646566387593,0.2545798698008635,0.10814364439314177,2.6903338592213156e-5,5.034929596112764e-7,5.333765987526354e-19,2.5602513445074662e-11,1.4890746023118628e-12,4.9553038621844405e-20,2.0407421754747368e-16,1.8981896466998188e-69,1.847262862696451e-51,0.00426828884226957,2.3838823456418295e-105,2.001217644506489e-60,3.0764116396864804e-18,0.015800353574275342,7.146325339848825e-157,1.516866834535248e-88,2.3459028824615835e-51,2.181907553537626e-142,3.0937835779406495e-118,4.925651939480897e-131,6.867674527283608e-110,7.419651297604378e-199,1.4563035028484657e-154,6.575720243981821e-198,4.695295997572609e-164,2.7046992668371052e-157,5.968754617863702e-135,4.4238045366131236e-228,1.361098399469186e-287,2.9120493594857056e-57,1.16711259576163e-165,4.3169651382217026e-297,0.0,2.48348573060608e-286,1.7651726565550424e-178,0.0,0.0,9.507135479526676e-173,1.6994437703309506e-279,2.854094901598983e-293,0.0,8.691127099120135e-124,3.745696885824518e-243,1.73118100277765e-301,0.0,2.0678955e-317,8.798857637825352e-241,1.5500993641621406e-97,1.4436342289999682e-282,1.3206439344495938e-199,7.029410181566072e-262,2.955862503039946e-188,0.0,0.0,2.005858305949796e-241,0.0,0.0,0.0,3.4047675827549375e-268,0.0,0.0,0.0,0.0,0.0,0.0,0.0,0.0,0.0,0.0,0.0,0.0,0.0,0.0,0.0,0.0,0.0,0.0
0.0,0.0,5.287706231808094e-160,2.015942900387788e-76,5.271004950980494e-156,5.188491692882926e-181,9.116456919314878e-135,0.02033569550295686,5.293400522700745e-33,1.8851389253413776e-18,7.648273841201582e-8,1.2136316263991987e-12,1.4127269349028347e-46,7.594888996585001e-38,2.710680635385783e-19,4.6421260539526194e-42,5.4844440085828495e-21,3.1844114977557456e-13,0.10664486746505171,0.5015149276415087,0.13613290636575856,7.711961270957338e-8,0.026582099616752765,0.03324396958375634,0.044478392065242,4.708738385894747e-5,3.744526479366866e-14,0.02896182572510526,0.043100477651578206,2.169853886759709e-9,0.024596950322768162,0.026871159806404733,5.619189031267177e-25,2.863243576888471e-52,5.742691944774249e-7,6.878722185712205e-43,3.9936466268484894e-16,3.316547144170168e-64,3.367459052794166e-43,8.344614102278174e-86,1.4642226296705912e-23,3.4893216331176033e-47,4.8170768581330016e-63,1.7077748721265782e-17,1.1960573656318725e-48,2.5218155555380247e-28,1.9991881341215321e-57,2.788776087529131e-83,5.471408370239129e-84,1.6242729950189883e-88,2.323159750811342e-64,2.0385105094152542e-141,3.5397777654416526e-108,2.2429614056869935e-106,1.364539702138408e-23,3.348847759111028e-177,9.724194478770975e-19,0.007488910825918208,4.91969727540598e-14,1.9868547446218424e-45,1.4625924982244732e-56,4.48145375941251e-46,5.672331512753892e-94,5.601991863614504e-82,1.269676303228886e-144,3.5019051857531045e-77,4.712318466520436e-152,7.74520899631805e-160,2.2034321716806527e-250,3.2124733893800487e-13,2.588985449440496e-66,2.1671800873279803e-160,1.5194003939713118e-87,3.693483019429253e-74,1.1706364103927293e-286,4.891744414761625e-193,3.7463271379022744e-64,7.027380182313958e-170,8.260280158001698e-217,9.106616909692528e-205,2.717658310598341e-209,0.0,6.436569482420127e-285,0.0,0.0,0.0,0.0,0.0,0.0,0.0,0.0,0.0
0.0,0.0,3.126410876926276e-287,4.652669330634604e-151,2.0372485220605416e-230,2.076758837831841e-195,1.0901600426136509e-172,2.5043022078161496e-51,1.354725324360651e-44,2.3758479999642667e-65,1.6674252936766698e-17,7.552788098735817e-38,8.598367379461173e-36,4.475953938724016e-28,1.4686118287490122e-27,3.5688243676992764e-7,8.202198258627347e-11,0.06283973803593534,0.07296608738317348,1.037571447672198e-11,0.2319684705577631,0.08387762032840476,0.0037324805686553236,0.20096273644939322,0.07111280898912045,0.18945032399294065,9.810729772207464e-12,0.002188917092819525,3.1565030376123294e-7,3.9630821167660266e-25,1.4975838781956748e-34,0.008677223842663267,6.4726081424712935e-25,4.794834751644982e-30,7.53596273693963e-32,1.1286362229075793e-30,0.03697098325491412,3.784605592242088e-41,2.1555432577183806e-18,2.144681067102242e-22,0.03523801662986606,2.2066710762545217e-13,1.3911996640711943e-5,3.7540056994623347e-38,4.027065793951555e-9,8.763478906899006e-49,2.0084734135615128e-17,3.360305838612315e-76,1.367767513216829e-41,8.85067905177611e-49,8.384548070506621e-67,7.671132135890898e-74,2.256808484710415e-62,5.363127153733487e-48,5.776939833709784e-27,3.675318422350262e-125,9.003919790997708e-53,2.191873360020656e-53,2.839888250039258e-43,8.332099693211219e-50,1.2116704918762443e-35,1.2745573041665924e-21,1.2670550766542301e-73,4.215474597889784e-9,3.24600039935749e-104,4.121251499349701e-73,3.630571771423306e-77,2.318414897998946e-74,8.75350625634325e-81,1.117146466004355e-17,8.199159332748898e-97,7.37201344318084e-157,7.437125623811684e-61,2.2395711518356825e-81,1.4612597578517565e-122,7.396446117271952e-127,1.9661077843981628e-36,4.108437819948133e-103,4.204245382390266e-83,6.146358509420293e-144,7.690781612643581e-128,1.0381562171581796e-199,9.06999788087907e-140,0.0,3.65652318381273e-78,0.0,0.0,0.0,0.0,0.0,0.0,0.0
0.0,0.0,1.868604465482369e-63,5.188092040677747e-55,1.3776149193198136e-28,1.0173399683565995e-84,6.606716215030649e-45,2.2946999046944983e-18,0.013891911371351479,0.055263861066885814,1.3771662502247496e-10,0.044591606132637886,0.03155150305995542,0.07497453882209079,0.16655593801704513,1.959986058305173e-23,0.05334345084016275,0.09413446480801524,1.5329466239073512e-7,1.4419857358691747e-19,0.028151488277760983,0.05127036331884997,0.12752024237585885,1.7415884358986307e-18,0.019052378007028668,1.150132894618284e-14,0.01042745282283826,3.6585213364994586e-20,0.02487433930392675,1.78872829739185e-28,6.694985268422132e-39,1.3291973114276805e-31,8.542297323936848e-25,0.04595895786489359,0.0458429718909719,1.534365418531416e-42,2.2766204572862404e-14,3.1344483175173596e-42,1.2782987267494042e-53,2.736251228467463e-45,9.145627604858383e-51,8.59075189027204e-63,0.049536345919336276,2.6044095552590437e-54,2.5115107520427403e-51,5.884997402969707e-72,2.112469036995084e-64,1.8085343200796665e-105,1.063912233435282e-37,3.346360185337231e-63,3.709686413955493e-94,2.4393550276535533e-60,3.88730139971775e-72,3.836853111085765e-93,2.542262265823283e-91,1.5183543385623798e-90,1.996997531127026e-47,4.5274557905685065e-49,2.4354198938927384e-33,4.000817199356858e-42,4.085830220724641e-76,2.7859675982573685e-69,0.022613413095368688,0.04044461957260716,6.692555956147574e-91,6.286190594118412e-73,8.646454712323439e-72,3.427980644233327e-98,6.536986893143349e-77,2.2819363840336394e-26,1.921309169695206e-19,2.5317455482339955e-144,5.389129495191744e-77,1.0602692126011561e-15,1.1512543218931125e-107,2.4924135548716345e-54,1.0928325170881167e-35,4.280195500891404e-122,7.556050891053348e-28,8.74068766374111e-105,1.0710373371373287e-163,6.695097231967797e-149,4.1954793126090075e-82,0.0,3.0314025449834976e-206,1.748e-320,0.0,0.0,0.0,0.0,0.0,0.0
0.0,0.0,4.7333859945139776e-223,1.5138998823993867e-147,1.9093271334282548e-83,3.6058127984914955e-68,7.25322814788821e-38,8.612507821774848e-43,0.015964037176329094,4.2598979499968786e-26,1.0519870987230296e-8,2.9881175408013228e-27,0.04140496565991024,0.12490142782620116,0.34401645417369714,0.08000859327981058,0.06970267386668091,0.05594809085214208,0.09205754040801577,0.057269349733225526,0.03293158039301301,5.564530747401905e-5,0.008664123630750725,4.78318083050005e-18,9.107786831962443e-8,4.262263026869736e-15,0.00680275579828039,3.5269846219209114e-28,6.80761884185923e-10,1.347779920258133e-16,2.251784572491627e-70,0.0008000222901360167,3.357736410894656e-33,0.020236166425973624,0.003771731403506755,2.8165718959100716e-60,2.7230678810025216e-31,1.7299537643801394e-64,1.4742571399939451e-8,4.001112134933999e-13,1.1683691049995385e-30,0.01612384795727419,0.007148450572381136,6.253546280929133e-69,3.0654054243337275e-48,3.7986618853944467e-81,2.3424051767887905e-80,1.7413862702662442e-104,2.1290127187701076e-74,3.351035463397576e-56,3.310638150906738e-114,4.950280680703037e-122,1.114642785153031e-49,3.0377747982714075e-127,1.375877843013261e-116,8.048159435892854e-192,2.6815759896178115e-69,2.2508616398981432e-70,1.3365825080392457e-91,1.8832475146331357e-68,2.5189369045053335e-46,5.865479342600785e-35,6.03736820486065e-110,3.625455589472088e-68,0.006300136620074678,0.009513265494743775,3.8834746720634205e-114,7.804122893496103e-112,0.0031663539230526094,2.9664999212541775e-30,2.411773839440721e-102,5.9785653079651524e-158,1.846957551856059e-181,2.387492325755256e-17,7.660740569136263e-193,8.093690813434697e-265,5.803612845270813e-33,8.933214579110562e-123,0.0032126701858495458,1.3838220436038399e-208,1.0810208154237094e-249,8.695436386067808e-285,6.524e-320,2.330668188313792e-251,0.0,0.0,0.0,0.0,0.0,0.0,0.0,0.0
0.0,0.0,0.0,1.966351347481759e-194,1.6456637077344275e-206,2.6809694407060657e-295,6.0346892017640965e-186,1.2876957506055304e-155,6.717395871230197e-30,4.455865457553774e-116,1.4383510993506092e-52,3.04807717988578e-110,6.198355112266973e-53,3.862880799580172e-37,1.5823113664520464e-9,1.1629536436151301e-44,3.0152462524481187e-29,5.6879331968181614e-15,5.727567699864119e-10,0.003128505201185145,5.875497780495602e-13,4.6332268851675633e-7,0.00011347539801957495,0.0001598775831365088,0.05302094391814979,0.05399734150521484,0.10955788333812244,0.06691285931849009,0.09588886131395813,0.11162027026264609,0.13469654517946633,0.1008195093403354,0.0807616087534419,0.0565928215041362,0.04901064534592187,0.023868260738243323,0.02386695269664958,0.005397273596632465,0.013675426295247227,1.2916714278842318e-21,0.0011064077111325584,1.9885366027142868e-11,0.0066986167008548205,0.007623858387314771,2.1180953906473784e-13,1.6784094166956482e-66,1.2876134252004965e-33,2.697482114509204e-40,8.798217973277865e-72,4.5883498588614144e-39,2.595377560728431e-71,2.691816802803902e-23,2.1445986639079593e-35,3.137921461008094e-120,8.379918386327971e-50,1.1547654824707939e-76,8.143434886072829e-44,4.0725589762944097e-50,2.4308568949368892e-65,5.787305689677248e-42,3.3113735347423545e-16,3.0766216127714387e-16,1.9336797915004865e-14,1.3439849778403923e-38,1.160512522292186e-68,2.803149994004151e-31,2.3922214602551233e-70,3.8527891406701245e-91,1.4684326834068196e-74,6.323527925906982e-43,3.0837931870502934e-54,1.0016135427083036e-42,1.3685485044147714e-54,2.537803551691656e-16,1.6974904089973205e-100,1.3471256703013226e-55,1.2009543083246433e-45,1.5431301483461222e-83,6.358880791744679e-99,0.0014815904132337355,5.235122182636036e-97,1.0052244434957855e-131,4.0063707873879034e-102,6.952687397430613e-184,4.1443308891620375e-72,4.69513358475799e-211,0.0,0.0,0.0,0.0,0.0,0.0
0.0,0.0,0.0,1.6761099831018568e-131,8.508785982280438e-126,5.503934309043632e-240,2.2201815289942234e-149,3.6514175624012585e-93,8.39757052011489e-124,2.9152299619957605e-68,1.0898505810464842e-25,7.850943300498629e-25,0.013076569476875417,0.02179223256247093,8.192961757614707e-39,0.010784059947611812,2.7746702241429764e-26,0.060487211316114904,0.09726418730559803,7.10926846843596e-18,0.0965177972255341,0.00520225571478086,0.10548424801785133,0.060904766858093394,2.8099365913547643e-16,0.09195060980837044,0.03230013145635713,0.04200423077884225,0.13764278012201855,2.1838889538960182e-57,0.0335998944163236,0.017342376427006173,0.009459374342314392,3.843515236217864e-10,1.83564725956505e-12,0.0005691175942521923,1.599858738261691e-31,7.763047350064447e-14,2.3460893206546098e-38,0.03571646144290214,2.586319715612862e-39,8.36352381837427e-17,6.643585014282407e-26,2.57035140137557e-64,1.3883980584165091e-37,4.35247349056768e-43,1.2840350403407994e-62,3.6511615410132657e-32,9.096647571391194e-15,3.9911241817495356e-7,9.170041728990891e-11,9.304427793746876e-19,1.862415481077262e-20,0.0300827496900153,2.105510448638133e-12,3.807590760233235e-44,0.00944953888680063,3.141922009184641e-41,0.022102140307869108,0.02009041012202672,0.03320912115362988,1.9206944478846012e-48,2.4718547959065914e-68,9.100134104222355e-14,8.735563403973128e-48,9.978170945006571e-36,0.012967324119910528,3.408468340337551e-32,3.7874770850742556e-33,1.1313840765975967e-8,6.259927344512045e-54,3.790740295308744e-114,9.416706941241886e-38,6.81795029958611e-73,3.788427918641532e-70,3.9273663153689676e-72,1.0338303240021952e-77,1.6276660197070002e-51,3.986075851103118e-39,2.381956407299933e-130,1.6956828584906494e-104,2.3937605532944653e-132,6.487285503005237e-83,3.094963338646373e-296,8.411474327975545e-118,5.529403070935097e-304,0.0,0.0,0.0,0.0,0.0,0.0
0.0,0.0,6.323950281059002e-213,1.1275665370572776e-136,0.014889276152728805,1.2522833307828955e-156,3.92591340532247e-55,1.2481522076360458e-62,3.733560207615665e-85,4.851499553351642e-30,3.6301659063109843e-48,3.886018677926558e-12,1.9942187231801326e-7,8.50500640125697e-20,4.676117716575238e-16,1.1569580735702106e-29,1.8133806223982814e-9,3.996415035611165e-8,0.1494113501496514,0.15965411782525363,0.13177539720134748,2.6585434196282364e-23,3.342771178233487e-17,0.029211423729619372,3.712895244092282e-11,0.1474452556616164,0.056160099443423456,0.11218162470214373,0.09540247151330068,1.5897083229648693e-12,1.5500049424188048e-16,0.008272542028617762,7.4609464089255485e-6,0.005351824738662909,0.014347369198288221,0.0005321535422964489,3.078558137044838e-32,6.003798050970759e-53,8.32175488154398e-17,0.04012624745038555,0.008013765213878418,3.48540507694454e-26,1.1721117150517604e-40,8.806503157593986e-26,1.6543477970173206e-31,0.002199549568035117,8.091307194920925e-56,8.742337934514465e-60,2.1770024527412773e-76,0.014332301920054805,6.202955637877059e-94,3.188756591309823e-29,9.84752649996431e-70,3.932706870821596e-77,1.60342895487417e-47,7.405485927553329e-174,1.8227967287898e-16,1.1331738484613224e-37,2.0414427427649286e-50,1.848295569867299e-45,7.410521741808667e-23,1.064095723920154e-24,6.852115519439193e-50,4.875274755040392e-65,5.260622426005516e-40,2.8139426378787957e-33,5.273532402611656e-88,1.9524856015259603e-119,2.108474186118289e-69,0.01068552777227798,1.2291487243047517e-96,4.03058151737181e-109,8.198785129121449e-88,4.375573229653909e-35,1.1418779029230417e-109,1.9447722478675853e-168,1.7902560086541985e-72,7.874694887138853e-51,4.0520699110350967e-116,4.3474198936199154e-44,4.3136787050029644e-186,6.733126594789104e-212,6.9495e-320,1.5914727880184463e-189,0.0,0.0,0.0,0.0,0.0,0.0,0.0,0.0
0.0,0.0,1.2027269425372555e-76,1.0408897408557656e-112,1.644624687823131e-49,1.2509650554317442e-51,3.4996540168871256e-29,0.0014425681252748634,0.0014511804117468888,0.002440247678580293,0.8595186889557193,0.006231090605816764,1.199732677323013e-10,1.3194870709451007e-10,0.084664563957842,0.026253385434470183,0.016847149733479273,8.690675545408921e-18,1.4035128453763168e-18,4.805139976736559e-47,1.9593651513890738e-55,8.992823914688376e-53,1.098643189065287e-78,1.7979383989737184e-72,1.2267672439274313e-34,6.099503607174106e-107,8.068989838695424e-77,3.0622280480786703e-59,2.2772705188321933e-44,2.153436905172428e-70,1.114444442256681e-62,4.401221011743094e-17,2.476341976868619e-58,7.571146750827865e-164,4.738320291185028e-142,1.5098688410025232e-78,6.596265044382722e-109,1.0690710006363628e-151,4.086449497962064e-177,1.9222140489056426e-173,4.4478124782283336e-131,3.526949222388871e-111,1.526195852807429e-43,5.40355315032481e-165,4.379402307546981e-57,0.0011511248451487185,4.3594219434670795e-240,4.180311131690748e-90,2.160052794604868e-135,1.2019634913027643e-79,1.4338968360863213e-302,1.4563801399705065e-117,2.1072671719331138e-116,4.59296644408368e-252,3.847872466195966e-234,2.9772063540039555e-134,1.768339537001446e-115,4.906892977395536e-173,9.288290770362393e-64,7.515859616347743e-179,1.331494986365166e-229,3.133219518276652e-142,3.5258187521699267e-75,4.972232938096518e-103,2.8949782900470737e-120,3.8796534292801254e-176,3.948366482182338e-143,2.050733964252973e-208,3.554925243425781e-243,6.614684768743296e-105,6.712669951836392e-214,1.4085820531282202e-290,5.063727699540782e-251,1.3803537903554897e-130,1.130733301722974e-205,0.0,8.064886115470265e-198,5.332765097718538e-157,3.3718886720882088e-195,0.0,0.0,0.0,0.0,0.0,0.0,0.0,0.0,0.0,0.0,0.0,0.0,0.0
0.0,0.0,0.0,4.6054044745239996e-192,4.987526201940119e-187,5.24114869658981e-239,4.85170768892051e-186,3.3324151899631067e-50,1.9270021924409234e-141,8.506627525624212e-98,5.763514583393092e-81,1.1711338335546615e-96,7.6747956021864105e-56,6.442002409784113e-56,4.406986528361138e-62,4.0926150431061305e-64,0.006251477119650591,1.1591581859884013e-60,4.411325521742708e-9,1.9416204920343185e-18,1.0868488937042559e-17,0.00888204039323517,0.0006271691275059429,0.01800464850159648,2.755959077529433e-18,3.606349714922361e-19,0.024364271092863644,0.00017139441446698702,1.8654797686975196e-12,0.01461011593187462,3.1595370731729155e-15,0.044408192686516586,0.03867605510705301,0.01380295830848868,0.06317265198950837,0.04457883538275107,0.014803128163320248,0.00035982533686453597,0.06012061736510822,0.07023326048939527,0.0251165854749184,0.05360898905816434,0.03194975089199761,0.04372074018371566,0.08416783587394687,3.89465565752949e-10,0.03507640363990987,0.01862045367085359,7.485752964454498e-15,3.861863492453935e-30,0.011168479615397197,0.014442695807896946,0.008990235663823471,9.282929567689412e-24,0.02713792148696909,5.713305436080582e-58,0.03114847474507752,0.009377977623344852,0.022243968482005202,0.06521260217322915,2.475928848846553e-26,0.037502065626066075,0.01400695256778104,0.01638600891621141,7.487542183445165e-49,0.01304388998098538,2.1961281060809732e-38,1.2807566883772737e-74,1.3884450395665421e-24,0.014011322304839651,1.4351448586733007e-68,4.613551695577499e-27,3.6668360052817926e-38,1.7583858774691312e-88,1.1019212851268061e-78,2.0796661976150445e-34,1.8811148096058774e-21,1.0747177011571764e-54,5.941653235282301e-121,3.9827626703783e-44,8.80702037649388e-40,1.0584870722660947e-125,2.2593635188686668e-122,7.630488839827333e-207,3.6608795766285384e-167,4.07268242038971e-249,0.0,0.0,0.0,0.0,0.0,0.0
0.0,0.0,0.0,4.3669877386552634e-176,6.243508219830178e-127,2.969288282619873e-210,1.707219913335509e-150,1.7607618943545915e-136,1.864621230586013e-143,0.0013537786514194227,4.843449378338043e-50,6.433695615007682e-89,2.0372229576549398e-54,8.257591289595531e-54,0.0050128334384834826,2.0086257469754343e-64,0.007257624385754762,8.992527163679806e-50,5.819616475187515e-10,1.6950063335312417e-47,7.514222629178891e-44,0.002715384345982234,0.00012180517202900645,2.183253721305527e-37,0.011809670667910423,1.6002901982500939e-15,1.102062563042557e-25,3.0562376927512943e-32,0.006954158215083792,1.4610681475079693e-34,0.005821432371489263,0.003467203331703614,0.00958194074269996,2.1014266294551184e-5,1.419799867578817e-24,0.010393942956949497,9.496879235475841e-23,3.3363220831598633e-19,2.026667548766695e-39,4.6491637755360097e-57,0.007593158587113488,1.0829006982197658e-22,1.3381998566095888e-14,0.004885668469043912,0.006297070045812422,0.004852032475603772,0.00917576380399362,6.12285121963517e-53,0.007749471550091888,0.01066688545769786,0.019034880143808695,0.027447931516903768,0.011898223604243178,7.332618021620298e-80,4.813785492862902e-46,0.0036920780165175734,1.6949685805358748e-26,0.005637440529019996,0.032459278324861944,0.031378861495887776,0.04100404432673996,0.022435214460112235,0.036969398991224846,0.032046764416149794,0.02223198229756914,0.024272368795330023,0.02982406605988824,0.03371575328664311,0.036790382124897464,0.01435601769997186,0.05057362992996467,0.06743150657328621,0.06485258898175188,0.04047209928711116,0.03853228947044927,0.04575709374470382,0.02889956784342373,0.024082680919030798,0.016867874580171183,0.028950642870560962,0.016530478814096906,0.007224804275709238,0.014449608551418476,0.007224804275709238,0.004816536183806158,0.002408268091903079,0.0,0.0,0.0,0.0,0.0,0.0
0.0,0.0,7.46467631600288e-154,3.3735787622928944e-167,1.7232958607648377e-119,2.2610959719046045e-159,8.607583886386589e-125,2.2876092669703325e-92,5.414813486954232e-44,7.326287190413484e-58,0.01999605444366201,1.2735958047796414e-27,2.542906943417695e-38,0.004913121281380864,3.6706222379879815e-34,3.2483173853370035e-5,1.9873464437605037e-19,0.026277678453589165,1.9450767896012316e-5,0.633613306945613,1.7869224018612742e-6,0.07976008903675705,0.006699335219500126,0.10048175146788837,0.07884600743753101,6.860162453453373e-13,1.5538098491318692e-24,2.3346232430591797e-21,3.938426664287998e-39,3.4972793161404947e-13,1.5824029726896322e-14,1.38115151050322e-41,0.019798007131104807,7.616867819810469e-90,1.438170627639791e-26,0.010202165621867312,8.9771964450881e-33,7.612006739560794e-41,5.317496808083119e-33,5.1455079526237314e-58,7.345356954973297e-25,1.4909307770859308e-58,4.912223823158365e-68,6.5189125270006495e-25,1.8381917444196766e-48,2.7284339896724477e-61,2.1261674671652028e-50,4.143157414581874e-105,4.309253818665866e-43,8.943142817310315e-74,7.156262613893363e-151,8.933093585776606e-157,1.6964518115532785e-79,1.3400882283954182e-46,1.0948139442330505e-39,2.709900842601257e-256,3.7197311550239055e-40,7.866875558842461e-152,3.44600097931165e-121,1.496738364888504e-105,0.009201072671517591,2.3573818552163115e-89,1.5565180776806283e-83,0.010157688678461169,9.425870796137508e-216,6.515098010931795e-93,3.722580456005981e-111,3.567533201679571e-178,8.366761564615426e-250,9.41986999281842e-36,4.185940572667879e-276,1.403873396906423e-225,9.5458812689388e-190,3.615104571826829e-131,0.0,5.4370307254756707e-238,7.459246891958812e-10,5.271517313508796e-209,7.458342672235468e-268,4.948014490554885e-242,0.0,0.0,0.0,0.0,0.0,0.0,0.0,0.0,0.0,0.0,0.0,0.0
0.0,0.0,2.56859331914414e-206,8.866573831272452e-139,9.298004475472706e-70,4.7245163018311474e-125,3.257486251036506e-70,1.4546334444828448e-30,3.5738446663200714e-20,2.158575809573496e-56,1.423093546192765e-21,1.899616669603749e-24,7.770926064048825e-7,3.0709729781249873e-9,0.0008990351770270048,1.00512176678898e-7,0.17712104899745973,0.12954144431164674,0.11354487485160179,0.16922336687119088,0.00043352912688574403,3.3730801056226057e-9,7.790683005413802e-8,8.883286804575686e-7,0.20176716082526994,8.4409796039496e-20,4.13840919116431e-12,7.402647872292374e-13,5.993356300186679e-5,0.05180481758564405,2.8462230795958817e-15,0.051124148185144686,0.04318755295544953,2.1112970307533498e-30,1.0175209227279442e-28,1.9100637260782184e-16,0.0055724101185402495,6.168839140287909e-36,2.417185729016961e-17,5.477049713382897e-55,6.092062232868716e-7,6.650972715683659e-61,1.8754392257918524e-58,1.436908242483907e-44,0.029253507012376046,4.942946715629088e-26,1.7262278879460414e-21,0.0066417108729945945,4.3222541384266265e-94,7.21933184266389e-11,6.603629817782409e-188,8.813268455585821e-78,1.9550085054820835e-110,1.082846680315075e-198,2.9769477406872786e-44,5.346819914528021e-227,0.013752485404698672,3.76508539194892e-44,3.6082576645632876e-40,1.7043458446161208e-75,3.037428312167519e-57,1.9995535694887892e-23,1.316931677806975e-54,1.1374562877080419e-70,3.6086510821750314e-49,2.2660420883214926e-56,0.0060705145734236314,9.955650802941109e-121,3.1719847106237983e-78,2.3977866349538635e-40,2.0241256404402035e-98,3.5906751202870446e-115,2.628231451854624e-81,4.399844026412116e-48,1.525901431043015e-155,8.636960623879039e-193,5.539880201427605e-35,1.5114200939562187e-81,1.9694645175517514e-82,3.226213125556523e-124,1.132449634554327e-272,0.0,2.2227283403004e-265,9.77304512218062e-182,0.0,0.0,0.0,0.0,0.0,0.0,0.0,0.0
0.0,0.0,1.1890294612977527e-128,1.3605410081616883e-119,1.708211180325837e-41,1.7438510654600992e-6,0.007320750200748779,6.683762695094464e-50,1.6458330919930342e-48,4.810240831432379e-16,0.08870240202822924,0.1900484760487355,0.4089278023474893,0.012520129935394806,1.1285003300152913e-9,0.001088264326616776,0.12475666244460348,0.0326221211390017,0.06400850899029434,1.0639573659345206e-6,0.017887197500241682,9.784132322500138e-16,4.127849990586912e-17,0.0197737862235586,2.1929502357974305e-16,1.2333095325173835e-43,0.004759825902143289,1.4677547537496982e-46,3.030875892708625e-37,1.756618940018861e-18,0.006316699939655518,1.4299099587272254e-23,2.723859584636432e-50,4.1706110680401704e-64,1.3608663577519828e-51,2.5485321203117353e-17,0.0038272048143448557,1.0355898512902998e-132,5.232068532050772e-72,5.9860745789427005e-37,0.003936149190395237,1.0855482681372895e-15,6.189365017781967e-66,2.330397066019476e-116,5.397598100610646e-60,0.005786139186350698,9.008217568407266e-166,8.75308501304799e-81,0.003873531491130296,1.5141389951848364e-67,4.0548372765482334e-163,2.1055390785214307e-85,7.062681421428022e-123,1.5937809498641902e-108,1.3200085543707172e-136,9.814280813926676e-156,8.272715352548294e-94,3.7770361169480677e-171,6.126720866611321e-44,0.0038415393541276674,2.422397025095331e-70,6.372829084669385e-89,3.077314520005999e-41,2.7046986207604763e-28,3.6069639743784314e-65,5.6044971022391963e-95,2.1875202125083042e-80,1.1258403688012678e-108,7.940071107216521e-141,1.6880696971180725e-52,1.3146062956864921e-127,4.1876885577630445e-130,1.815435464413349e-207,3.5120254953198133e-15,3.3836071220938358e-202,8.052940358381728e-258,6.113874469640988e-96,4.355996176835048e-63,1.3227285209502308e-110,5.849991071174334e-185,1.7037964714484632e-287,0.0,0.0,1.7866847588416303e-287,0.0,0.0,0.0,0.0,0.0,0.0,0.0,0.0
0.0,0.0,0.0,1.07690405224e-313,5.377423980238428e-274,1.16599e-318,3.1167840623219875e-199,1.1825354057003067e-179,8.954744990966218e-155,1.2516392423459653e-62,3.2665236633352865e-76,1.451240907979083e-97,4.30472685073955e-59,2.169168134695831e-89,2.454595638493714e-37,3.1599343017737977e-43,0.32293210844773124,0.5729101441420187,0.048198067510690425,7.354782421606835e-17,7.098653386311911e-38,0.03106126818039245,2.2594254987798166e-65,5.200249063361645e-31,2.5219731449207773e-28,1.5121320143047112e-63,0.01688094462740983,1.0726417048402545e-60,3.389368484076393e-80,2.3336038831124862e-48,0.008016785396556567,1.3763476913886294e-108,3.0702381660407593e-82,1.4501942444748376e-13,1.4867217035104559e-120,6.816950554629629e-7,2.6005184497862434e-111,5.976226118117401e-113,4.0810110075624424e-89,1.4843500958086393e-150,2.2096137910810087e-119,4.5858063414580203e-147,2.2580343560948252e-128,7.938243474503849e-135,8.79678604414162e-144,2.3403392052186373e-167,1.0142235841987097e-192,2.7579948069970595e-209,3.1218233051197802e-176,5.2688174124261264e-130,2.2678357161661004e-296,1.982109433616118e-192,5.51795934940423e-171,1.8594554684604354e-239,1.629664049102889e-251,0.0,8.081238110318832e-111,4.2570158369864794e-201,4.390427008617725e-205,1.0215453204641234e-179,1.2345352391609722e-130,1.8837315639446678e-82,1.679988815428794e-73,3.7898563729733735e-180,3.860794725599644e-173,2.1866000020877467e-247,7.026025912668203e-166,7.133106367034463e-275,2.1374345506915612e-292,2.1911299627632094e-142,0.0,1.161426240882282e-308,3.378396607480472e-187,2.819750770172731e-162,0.0,0.0,4.318451218318075e-241,0.0,0.0,6.262029043126654e-224,0.0,0.0,0.0,0.0,0.0,0.0,0.0,0.0,0.0,0.0,0.0,0.0
0.0,0.0,3.570371346824704e-242,8.384899638853812e-307,1.7445246925041776e-240,2.7976541647237757e-251,1.968679475551204e-211,6.461356911019078e-142,2.3876049883183724e-138,1.6056531881180908e-89,4.917226429002073e-52,6.999704004201539e-42,1.4018194274645831e-50,2.621034611481563e-57,1.815733468924007e-49,2.5857290179498548e-18,1.3229735472892718e-40,3.34921871193596e-17,0.739759739417607,0.09025636342057794,0.008722475064447665,0.03214431155924666,0.0958422688465327,0.012526059368575428,0.011232202866865278,1.9629765131213502e-5,0.003268217907879397,7.888545815112895e-20,1.6863962047627383e-62,6.165005826536241e-82,1.2052659403690125e-84,4.418546935169172e-78,5.3937386010323676e-105,1.1496079102525988e-93,2.939710156410926e-73,2.6351603142662773e-66,4.532794664722209e-71,3.1363821459103088e-58,1.3425290941958158e-113,2.5986418917540868e-155,2.2010660276176574e-21,0.0014120405504867645,1.1209417685566023e-110,1.285120734463917e-173,3.6828974672854704e-144,5.862048679786803e-60,5.025319738004321e-87,8.142608853794716e-231,0.0023386832148333788,5.732860919576417e-159,2.702504552502885e-261,1.460623768433506e-283,0.002478008017816584,5.62676319813294e-184,3.0591117520187407e-56,2.6154571620697793e-299,2.4797927699204293e-170,3.4572335846878425e-243,1.49747694791246e-91,6.345437717402281e-125,6.634992057179913e-134,1.622097077893622e-183,9.336990945607038e-118,5.0981169908034464e-130,5.455429948341563e-244,1.3166706983023415e-162,9.4e-323,7.288779043096667e-144,3.1318523945718107e-187,4.1514795838163143e-69,6.972161439417229e-274,0.0,5.112920811612509e-276,9.497177978378584e-217,0.0,0.0,4.985314939544675e-141,1.5981249633268757e-222,0.0,0.0,0.0,0.0,0.0,0.0,0.0,0.0,0.0,0.0,0.0,0.0,0.0,0.0
0.0,0.0,1.1730328663145938e-100,1.8507408908378804e-131,8.741995270655616e-186,6.585157253471526e-116,9.254230530964457e-112,9.04166402508357e-99,9.756582625311371e-46,0.7894787715454828,0.09554558999458462,2.7583572815395294e-20,1.8425895037943926e-22,0.02059672878683705,0.05833181873239097,0.026916848631983962,0.0018830926675771102,0.0013894457340201162,0.0015936196719282755,0.0029156034880443308,2.255255749357352e-75,0.0013404595209713505,5.4332746802316125e-118,5.07443408948928e-128,8.021226179153308e-6,1.319319828279711e-192,6.813809450251744e-135,2.138883360521578e-48,3.765559330363026e-58,1.854238071531524e-142,1.4069586925832809e-128,2.9220929737324707e-22,4.859854497145353e-203,7.10784156174657e-136,1.846701766732094e-199,1.773854114249561e-169,3.033357781394917e-177,1.315956064010481e-197,1.0734810631908515e-253,3.462839782558861e-261,1.2912434966502478e-132,7.505761327545764e-171,1.8296981688899425e-178,5.633318483568999e-295,1.554624804563756e-156,2.615888708502324e-146,0.0,2.094973033713181e-277,4.568689050105194e-291,6.886792404316886e-244,0.0,0.0,3.3678319736561515e-194,6.337381135882243e-230,0.0,3.474175596452425e-226,2.7875508361550745e-135,0.0,1.6231437685389417e-234,7.376680738262967e-232,7.811337236971165e-228,1.18720061491698e-309,4.793431983860936e-223,2.247244223210928e-245,1.0428728010174726e-227,8.4e-323,4.810307014391871e-291,0.0,0.0,5.918901514545e-312,0.0,0.0,9.836986470641109e-293,0.0,0.0,0.0,0.0,4.989811543217902e-188,0.0,0.0,0.0,0.0,0.0,0.0,0.0,0.0,0.0,0.0,0.0,0.0,0.0,0.0
0.0,0.0,2.5439899432037424e-155,1.4226264729262492e-174,2.715969004239889e-82,2.2154134978353075e-264,5.729448733171417e-67,2.2843071895594607e-82,7.142255439321591e-48,1.2394241454206082e-24,2.605514186625812e-15,4.594989536813388e-19,0.012956112392277428,3.879030276295139e-18,0.047589156936994864,0.11957020956678285,0.12302224754699873,0.4508660812623355,0.09568021850494589,0.06485193568091929,0.04097421506428969,0.0001965946259109721,6.398672380616522e-13,3.988821777731009e-15,0.027579198029427935,3.8359654162135525e-24,5.8988273869481404e-37,0.01590860393656369,0.0008054264519065749,3.0171585968174357e-91,2.9391448169238977e-68,9.05109198401155e-53,4.722624857471562e-95,2.2798257227653055e-101,9.085268496977813e-98,1.0600252775436874e-63,6.040593405354265e-153,9.791441531326461e-135,7.00045830276357e-127,2.7343899085520142e-133,6.064146875001874e-111,1.2592562599804801e-74,5.076249160867015e-219,5.902158390338894e-215,1.277006829318885e-194,3.109412503756616e-92,1.8762229987412783e-126,1.5589685149851711e-254,4.718846431790872e-136,5.112993514261911e-87,6.1258170881176944e-263,7.187920772475658e-306,2.070771950514663e-175,1.441403602355143e-268,1.9410785501975242e-243,0.0,2.7787400996737733e-52,5.096491562918916e-30,2.963268171729782e-259,3.597232275861838e-167,1.1481578448162113e-202,8.979812048003784e-150,6.3007041489201605e-58,9.069712731861144e-192,7.353437385167084e-206,4.384915190254318e-265,0.0,1.2627387249610261e-154,1.6269412694549607e-267,4.1606349033700887e-128,0.0,0.0,1.238435036944671e-297,1.0847503653518388e-179,0.0,0.0,4.6361064904691794e-287,0.0,2.1629564528771276e-210,0.0,0.0,0.0,0.0,0.0,0.0,0.0,0.0,0.0,0.0,0.0,0.0,0.0
1.0,0.0,0.0,0.0,0.0,0.0,0.0,0.0,0.0,0.0,0.0,0.0,0.0,0.0,0.0,0.0,0.0,0.0,0.0,0.0,0.0,0.0,0.0,0.0,0.0,0.0,0.0,0.0,0.0,0.0
170,210,2700,240,160,630,340,480,3000,5400,290,180,320,360,280,620,5700,700,2300,550,2000,650,640,3900,230,2500,560,3300,680,1050,2100,670,220,200,800,260,330,190,950,1100,600,5100,390,1800,1700,610,540,1300,80,490,1500,460,430,580,310,350,1150,4500,1000,140,440,510,400,470,1400,1600,690,300,850,900,4200,370,520,450,270,750,500,660,590,570,420,2400,380,150,1900,2200,1200,250,410,130,3600,530
950:64,550:44,220:11,1900:76,700:59,1100:67,660:55,650:54,510:40,320:21,470:36,420:31,210:10,530:42,2300:80,1300:70,460:35,2700:83,1700:74,5700:92,640:53,150:4,1500:72,630:52,430:32,410:30,590:48,850:62,300:19,1050:66,1200:69,2500:82,130:2,750:60,310:20,1150:68,280:17,680:57,240:13,140:3,200:9,230:12,290:18,370:26,5100:90,180:7,2200:79,160:5,340:23,450:34,4200:88,2000:77,690:58,390:28,380:27,670:56,900:63,2400:81,3900:87,600:49,580:47,350:24,170:6,5400:91,440:33,1600:73,250:14,3300:85,540:43,360:25,260:15,570:46,560:45,610:50,3000:84,3600:86,1000:65,190:8,520:41,80:1,270:16,800:61,500:39,620:51,1800:75,490:38,400:29,480:37,1400:71,4500:89,330:22,2100:78
