30
0.5781294485071464,0.08959918943162158,0.01926194934242396,3.611391646958952e-21,0.004608249250846666,0.001873392292792749,8.798093360333708e-38,2.7728127852260975e-18,3.805296324323874e-81,5.616005421485608e-15,6.735678437440988e-44,2.46763656878344e-23,1.8939424573158694e-72,8.798339677394254e-41,2.077153318648974e-33,2.132837617402902e-54,0.0056935064385515025,0.1355017034029601,5.893025283772686e-24,1.7507959368216168e-52,0.0033696085686479643,0.11301203345140788,0.04301956470777149,6.027457494531475e-65,7.151663474578252e-16,0.0021326707498662777,2.560846220429844e-13,0.00379868385570122,1.8266228375329124e-46,5.573949067933014e-162
1.725546345113568e-7,0.1376386688891631,0.000176372338304659,4.927237725156808e-7,8.557782865837013e-6,9.406835177083702e-8,0.0019788915623318855,3.1767945814792256e-24,1.1452178584685382e-107,0.001236088104630815,1.0080328279941826e-9,3.746095632668964e-6,3.197220523996896e-84,0.04995614194967643,2.1971569213865416e-33,5.738858650303977e-5,0.3136092096046146,0.10312331038913854,0.005097472868935307,7.746652035437984e-8,4.591909276674649e-30,5.944640745975739e-11,0.0011436264817594672,5.566094179000527e-20,0.25207622256844553,0.0880880050748797,0.04580545955987183,2.624882772645672e-10,3.1205325165940357e-74,3.3838716154984736e-23
2.016232692720462e-30,0.02436818361512255,0.46244205483977513,1.615925391094423e-9,0.016604011659747314,0.024794818507782704,5.475823326956488e-5,2.3222903360594387e-14,1.6406511120702065e-41,0.06076833001346925,0.14541312482362512,0.01123779528539748,2.640836995250693e-88,1.7021701840366632e-8,2.1020395433453905e-23,0.009643086599837408,0.0230426967680753,0.002749938143894921,0.033390391128408435,2.898204448716089e-30,0.012943032537337633,0.0027626920681661825,0.0004546632792343657,3.6228139893517943e-12,0.08602216035091814,2.2419664665585835e-25,0.08330824350466519,2.347804207440787e-22,1.1672379345962361e-113,3.187148645221826e-26
1.0252474490686694e-16,0.003099986383023944,0.004185206619719931,0.43524643648941225,0.2198514691095345,1.698925168676023e-8,1.4164658395055108e-47,0.0027871374291822,0.007519244173677735,0.030379812048751172,3.304922197755404e-33,2.8217281946909544e-22,8.699225961286655e-21,4.6421548838816045e-37,0.05088450586000715,3.969367702109503e-32,0.00010962083638031719,1.6865580395865866e-19,0.009710429901772238,4.1132003567109345e-41,0.0006063929742147519,7.988938173630788e-81,4.2712419075175336e-71,4.927650018681695e-19,0.006665585702387081,1.1154115013207142e-29,0.005730647733403772,0.018701500124703674,9.191775582623226e-27,0.20452200762457765
0.0068982369158778764,1.3062002759582272e-14,9.067130674952293e-24,2.753743137669324e-50,0.045210605026862916,1.7397209736257107e-23,1.1404797718786559e-32,0.2277414320538823,0.03486906566454007,5.970710825980908e-23,1.661616304287992e-13,1.2775363768619855e-20,0.4347620579128191,1.7830192926440367e-30,3.885272717454673e-7,0.04365799652678655,3.910753205186875e-53,0.0007584508858665397,4.1683889826335426e-39,0.13579308287535408,2.1833410619266493e-5,0.004812578890766974,6.703055388782006e-55,9.795408813097041e-42,2.1893879649460613e-43,1.5406614606350453e-13,1.8715086308296394e-26,1.3208145366083278e-54,0.06547427130901924,8.139899931949997e-29
1.7495982386234425e-31,2.83533400140338e-11,3.1569204709700174e-27,2.814207694279022e-43,1.0426334204078322e-7,1.0685975601614831e-17,6.933766949736448e-15,0.1270307871898627,0.2887055266105165,3.249878264844368e-38,4.59927135425414e-24,9.915355472707362e-17,1.1377520378573609e-8,6.187358406394878e-35,3.754817049497893e-33,0.021856494530267917,5.9299439824191435e-31,2.3782408101187953e-21,7.647433804754515e-20,0.049966919695321556,0.4724670078777708,3.276767720513324e-34,1.202468745073496e-33,6.182058283043278e-28,0.03997314842686224,3.548520222731073e-15,3.588396821750361e-22,2.704518465787942e-39,1.7210007776468218e-13,8.557328016643442e-40
2.259099638122692e-7,1.0957965376998114e-7,0.10652350404762988,3.336717508218661e-11,7.874640713686263e-46,0.1425245717483145,0.21667889107470253,1.6701853031790465e-14,1.6499674411783116e-28,0.018984992079249925,9.004247447336056e-24,2.649021975939629e-19,1.0280488715771203e-124,0.1667723206771568,0.05650876612935148,9.303377131998037e-29,1.179780988680863e-11,0.15248115843515336,0.02887319070105279,1.0156853357401306e-73,0.00983240042270826,0.1008198691498806,4.1693039871104136e-22,7.045805165893558e-16,4.657258934636883e-18,4.5321379190399146e-42,9.076110655286595e-25,8.472147297319177e-41,1.625520238127464e-180,2.020755703965673e-39
1.1409931264893994e-11,2.02564156973231e-23,4.7211007134819153e-7,1.712242170007659e-29,1.0830222776472228e-20,5.140729655927901e-12,8.585747740700564e-30,0.1934904155722132,0.024038311148709565,8.374792692023533e-20,0.02637959529827793,0.0014121456336531068,0.101229538576613,5.060408193345998e-16,9.116137903701224e-6,3.686455332078465e-7,2.179075326705024e-54,0.021205770340009627,3.755455591601265e-9,0.09648581277209983,0.4260647065029815,0.0233897537581425,0.005050640890405775,5.277714291071926e-27,1.3742053239982682e-16,0.0005703446207271866,1.5392498477704945e-27,2.0364430795818503e-15,0.06557032819629689,0.015102676024352621
2.0245654775566215e-23,0.013299776432638192,6.314296147463467e-34,1.6439419243204794e-28,4.79788016832418e-19,4.630152563395516e-27,4.710812627950527e-74,0.00015982867865924118,0.49399577217619334,6.652136629108213e-54,5.057224107986872e-10,4.6287168667936317e-39,6.305968985122233e-7,0.02517637624775564,0.013444397075230397,0.06419907108571021,4.946601928156009e-84,3.5169503087173064e-5,1.9160931527885318e-7,0.04119715363705668,0.12482879851168784,0.007150335247525691,0.0031212515763182703,6.708580946210324e-18,3.659506978167345e-108,0.019783652926911772,1.951976866963204e-32,0.002638982105945797,0.19096861208334348,6.735205095221625e-82
5.7772441566441744e-30,1.7835343583536428e-16,0.009797185059027998,0.00010978167985392714,0.013933597532742387,3.8969582980893376e-18,2.7912286306971915e-28,1.0623808899438425e-15,2.853652427885665e-50,0.3615093862639847,0.024001945814922092,7.579232322591492e-16,6.029459270416153e-28,5.942615006235252e-23,0.2903699031791158,5.483727224608321e-24,4.1178683996927323e-7,1.104655896402026e-7,0.09116811718275143,4.5962404264683674e-32,2.4753280515461056e-18,2.0876674462500618e-23,3.31077854313978e-17,1.378518214312875e-14,1.803905048393443e-10,0.008881218338054163,0.19668265043584024,0.0035456920808711397,2.978294867854463e-31,7.94262817426388e-17
3.6532622784528225e-24,1.2903323024389593e-14,0.015640616809291612,5.449119623469444e-24,1.325883561265136e-17,6.014584582087128e-31,1.0281410639049874e-13,4.492179379059917e-22,2.0720646006413945e-66,4.574080289378244e-11,0.6192776221278739,0.11401566169382675,1.1681636634219165e-37,3.1968738200972545e-8,0.015031024908244322,0.0353871364760312,7.695585393671665e-7,1.7594889868911661e-10,0.0932780792165062,1.1927128818363238e-37,3.365425259780488e-24,2.5179415448236397e-24,0.0609548174511519,1.8757617445074062e-21,0.016899386465017305,5.320078073101986e-21,0.029514853102973818,1.4794346935596774e-36,1.89174936062427e-45,1.0267994476705014e-45
1.6455625704349715e-28,0.06519537861795537,0.21266014865602476,0.01014922021994829,1.1358937588178421e-24,8.42411558360086e-17,2.589829733225622e-48,3.268205977116897e-11,2.174649445079164e-68,3.543356387133792e-17,0.00432074351217947,0.6082142467844264,4.5542324143342166e-14,4.1379765960487216e-26,1.7212873333977066e-14,0.04802916992273205,1.342912796282863e-13,7.000705151545821e-10,4.883083410323568e-6,3.3040738647867733e-22,2.036349689926511e-6,0.01625085884515765,7.155021116991253e-20,9.979241395452406e-24,1.4234421940184023e-7,0.021681523694420904,1.5611789690167157e-5,3.014385566809359e-15,0.013476035447192622,6.633850478691473e-24
1.2587094021386843e-106,1.0798777462822648e-40,8.94829897950977e-40,7.239498349251283e-24,3.9190400902930003e-19,1.215767534960442e-25,9.832035304266242e-47,0.011622396436332961,0.0645030171697627,2.0812653453920367e-36,1.6270049621416964e-19,1.967817858770691e-65,0.7099962956773682,3.176344493155296e-29,7.51522585041773e-49,7.396040963987554e-21,1.5213619826799048e-57,0.002408467707452905,3.8606775781423913e-78,0.02923065850953738,0.014921075034485571,2.8793936412217183e-44,2.2825192163947937e-126,0.0007550413315065111,1.0666353977746287e-19,6.880190956603264e-19,6.467655381207383e-14,9.124810103233059e-6,0.16655392332338587,1.6076803281432248e-30
1.5053025788831093e-28,6.0909462682687486e-30,2.2378989422036424e-18,5.407899104167251e-12,9.788192479369805e-34,4.094673557082037e-34,0.04516604162160618,1.5682706068348465e-20,2.5350744967025422e-51,0.2976468815724818,3.508596708716769e-11,1.8261607337846795e-7,1.477947184386655e-52,9.01471584089038e-12,5.916280998156395e-19,4.511541141742469e-7,1.03629566528074e-20,2.4520917230081354e-8,1.7707123848414624e-8,2.4533918003953644e-34,1.4599108176138494e-10,3.098821793200737e-17,1.4222338586752565e-22,0.40795753981662036,3.0443653831116984e-15,7.78499649443679e-6,2.21027451399121e-14,0.2264722641445681,7.400818773941463e-75,0.02274881165447575
1.8676122166596504e-37,1.7884451957397955e-7,0.12932012402819867,0.0003766855350846509,1.3414173927526346e-11,0.604168944003161,5.206165050863589e-23,5.906542583283631e-6,1.9693147735990105e-28,2.6250774704960246e-18,8.465480640440564e-12,2.1516527392901216e-20,0.06020107950567767,2.4657363273105305e-36,2.4493970716963184e-10,2.9673119070630517e-10,6.674544679950275e-36,0.04691184040031794,0.11755166169541312,4.375195065902455e-22,0.03999276489387936,5.007802053553972e-40,1.1351278325862015e-32,2.0054586829162205e-43,0.0014708130518425067,5.663103725766539e-25,7.141356933976912e-15,3.3027098979531663e-12,9.323747096341203e-10,8.716517327915418e-14
1.0099002606824253e-47,2.7671869659279933e-16,4.3192549586334775e-7,8.932435538875283e-19,0.03513056725075405,3.4723360841057167e-7,0.01878001349829234,8.927103377992771e-12,4.200491423455066e-23,8.171616222717237e-14,0.049611404050413636,0.07676882543817888,0.0015714934330937885,0.01583130717639596,4.349239206842197e-35,0.5782213501551592,7.273645540203108e-18,0.03440844863519403,0.11051338347982136,8.740795656907855e-22,0.009311694255531902,0.004686088534715334,0.014734938113519171,6.122773113373413e-32,0.05042970680934635,1.1050438097902906e-26,1.2479844218063027e-22,4.893155056646265e-18,1.5952890115446663e-28,1.4706649175181153e-12
7.008327371606354e-19,1.0367757014653477e-8,0.05663063188071767,7.464092706315637e-12,2.195079159893283e-33,0.001510773182504377,0.017388546579771857,1.3002329895075998e-12,5.464354950176879e-91,0.10041563939802126,6.538689186411099e-14,0.024483167688104584,4.302349953466982e-195,4.461672387964565e-29,3.150861349767647e-8,5.799703923130787e-6,0.5512612976178363,0.11021461789791576,0.021977100244213666,4.737075014628141e-38,0.02037382194732101,8.470335893969737e-17,1.285143423239001e-29,3.3214283907884137e-13,0.06508213348427454,1.2739641743432335e-18,3.4400413761059986e-18,0.018484048728344495,3.45712389388921e-167,0.012172379761519062
0.07614626284151943,0.10213111557677751,0.03001511278329259,0.016358117375494585,0.004409520735008165,0.00532459578414175,3.4279374265321793e-8,2.663391591276114e-24,2.92579287382221e-116,2.5248524010939207e-9,0.0025078392803151842,1.3690142785962762e-33,3.544083397558068e-93,4.811902010894462e-20,2.801635471976773e-30,7.398931596822402e-35,0.00016706033441596287,0.6994496494594454,9.239128679247336e-5,8.504575285545142e-39,1.6772879098007244e-48,0.00016875092502856222,0.016875599730604707,3.2741010011773973e-44,0.04610912112741648,5.642492974022415e-16,4.8830708442781135e-8,0.0002190348226456592,1.3075133464745112e-69,2.5742302165823835e-5
3.377567827982682e-20,0.004279729989398694,0.17371111520096588,0.22583890331270828,0.0001087016396779251,2.178869231059112e-25,6.446486496693853e-16,1.940141824632961e-36,2.6429418035965686e-61,3.5299362552899204e-7,0.0002982817329825858,3.2928815110074335e-14,6.484922566200824e-76,2.6006615289751564e-18,1.2729731543894747e-14,6.736654613328885e-9,1.025476559793779e-10,0.00018906005060422704,1.4411812082456479e-8,2.3234782115270618e-32,4.652286884318447e-32,0.19926303977709767,0.2057085510894022,1.4350358164543232e-19,0.1906002114392886,1.1144456943706014e-27,8.167968918779463e-14,2.031523105998739e-6,1.960645088811222e-84,1.6343575631006326e-26
2.4495613393153434e-19,1.494034054790902e-23,1.0755887977516529e-5,0.04552711783227263,0.26132945394940205,2.5074704841530117e-11,0.053288920627487336,2.2173550064003132e-15,7.200004435940161e-16,3.6837800318264186e-12,9.218595672274695e-11,3.994316322375163e-22,1.7304724173166224e-24,4.4832647948042206e-14,0.010288533934215078,0.012605429203171849,3.332119108119997e-37,0.01322776531876197,0.0018286042662480839,2.3979534756045976e-10,2.320030375130042e-28,0.011460254360069207,1.969659448349608e-36,0.11517268087221338,9.112212649594922e-10,2.0705571695681974e-18,0.028182306830585608,0.4261976628816949,1.1203687796158493e-21,0.020880512763891565
1.062732579518564e-21,9.196674941156054e-30,0.006799887634411089,2.065843513525411e-19,2.3235333750993506e-24,0.02009185568258063,1.7604223485329348e-29,0.06642504914806824,0.06039406587716691,1.4155236242035506e-20,0.004081786404580441,0.000689162328818999,0.0002099662647048607,0.03984242555975112,3.6982471449133887e-38,2.2083583701380726e-5,2.0936480550447337e-53,6.600659433501805e-15,1.099866922374522e-15,2.476393654567963e-5,0.6640864262406381,0.007164164965968651,1.607687738679875e-23,1.9278757641068494e-22,4.2664658197792234e-12,0.09016955663501253,6.006566319436091e-58,0.0028370542300523447,0.03716175150372497,3.6348079487672807e-22
0.6875783011704956,0.016390588337428645,9.30974556896026e-13,6.031986984990518e-26,2.5329888747178674e-26,1.3093201016189924e-26,6.16850568596047e-16,5.832035097241878e-90,1.2326973795868167e-181,7.370297076071874e-24,3.066730022679403e-39,2.266570164069099e-53,2.865624032645443e-63,3.643682833514414e-27,7.314952172766055e-64,2.2381821718598355e-62,3.665852984774739e-18,0.0001736021703050854,7.302289102222173e-27,4.94942240412788e-62,8.37891886435823e-78,7.677615811117588e-8,0.1268298421935625,6.00035889111179e-44,3.7496995401870894e-8,1.8377174104641642e-38,0.1690275518541229,7.238270542758058e-17,2.0786219842486364e-38,2.141134631741292e-137
0.07479660360754968,0.020628392160570615,0.021005046319750687,6.277969132468044e-47,1.2923313830388163e-53,0.009602933720349222,0.0184570990809609,3.333064626461272e-19,1.931152463169686e-45,0.017274126038458845,6.027314280534352e-6,0.009448537465373904,2.5487377602136747e-34,0.0004607869962158053,0.004863982267990731,4.793312239130862e-42,0.022815909767035597,0.03545020686960303,5.165831404556059e-7,0.005673229483658282,0.0023896550055749256,0.01817121837033333,0.7355228612268963,0.003432311782840834,4.834733748085671e-9,1.199102016738184e-34,5.496855794234805e-7,9.258627610647427e-81,1.4191030499747724e-9,3.870941488185215e-101
0.004677992718654944,5.229788973662323e-15,4.199565880745148e-5,4.3424673158810894e-8,6.849517353483967e-32,1.1216682030921174e-37,6.67522040795192e-38,2.70545995867645e-32,6.295570157998208e-100,9.385656189451696e-7,1.967553371080928e-5,5.4813345921298066e-37,5.6864150506726835e-49,0.1291009284204915,5.800665034136172e-19,2.612157053408334e-23,1.4653421338328803e-35,1.344707115401421e-12,0.14276389425893665,3.300737820936651e-25,4.5615640594818116e-42,1.2296318834225963e-23,1.0405172759815597e-33,0.31813057723598953,0.01778436083143823,0.043347297937305906,1.6260329872105656e-7,0.34413213280972405,6.94331681881793e-62,2.0909344257529247e-30
4.435049845361115e-18,0.00015318451742712282,0.04101522577873241,0.0046493306804709315,1.0457846673717995e-19,3.370158387508781e-30,0.11465006589905298,7.347980666336993e-39,9.870825039503046e-131,0.03527313585959449,0.010892189241735127,0.03146384245131264,0.002188965116032053,0.05299970304884265,1.2265981555486441e-19,2.4620340868237528e-6,0.030576492754858003,0.04309051218771408,4.832592996524763e-6,9.446425217891441e-7,3.162962437679515e-41,2.762500631965782e-31,0.01969963928114914,1.1706831812558252e-7,0.6121885053709673,0.0011225827564230453,2.8268387538249898e-5,3.302267770299679e-10,4.110017676895544e-74,3.941854686738734e-27
3.1927505992794696e-32,1.1878643565131008e-15,2.0043534519594535e-14,7.081745286849394e-18,7.947361960289637e-9,0.048983711735546366,1.101558939982693e-21,4.259270532470275e-9,0.007185641469488969,2.4391266571780517e-8,2.0116230589485055e-9,0.00031973424101001214,1.232778885706154e-9,7.996741902436642e-13,1.6080491588555976e-7,0.029084623807669987,2.0424926508863906e-31,1.0682113280775618e-6,2.6101166695138157e-6,0.0280382239426758,1.24115996956643e-14,9.161628936013568e-27,0.015451741782849956,0.34307324684352863,9.102909293492307e-14,0.4549853123755964,0.06421846778130152,9.85037382958943e-13,5.203923267235846e-35,0.008655417043208378
7.123525472949661e-9,0.32744952500009383,1.2734265780974846e-11,5.61986710314325e-25,9.911956233539874e-14,1.2909821977046853e-24,4.597267261955533e-15,5.498661886326967e-44,4.9399558202922505e-71,1.9895804498819362e-8,3.532719033573204e-12,0.009505412921985824,4.909072762564499e-86,5.139837872138969e-16,2.172792558452423e-38,0.08162254574756025,0.00014496022973977107,0.0005159963162060973,5.148397041255095e-10,6.792330993803581e-32,3.492671537606755e-32,0.5346550742757995,8.837798534078408e-12,0.000472843312080273,4.519142759632284e-13,5.046689350082119e-21,0.04563361463670379,2.8087467604001777e-33,1.8860033080790161e-100,7.6184331782088605e-28
1.6717018830371393e-17,5.2769202483141696e-8,0.0014396045845378386,0.3983838224984349,0.028017462557178793,9.38144360949302e-10,0.004035175360770177,9.460290326701308e-7,1.2820484281112039e-11,0.017748794263790172,5.4331339209065487e-36,2.098506954806944e-21,7.319372242780047e-20,3.681411361969795e-14,1.2593640868624435e-11,1.4157569300023135e-9,2.8186635962766845e-14,3.194780834021964e-13,3.1542398296985037e-10,3.2297761067440455e-38,6.7185260232519e-6,2.6630884278273046e-23,1.1753220316854562e-80,1.6985010655765434e-6,2.2717420626286338e-10,5.645400737069035e-26,3.916706964596646e-6,0.5503617410166635,4.869981571117108e-25,6.426403788237058e-8
1.3104963757778777e-78,5.82998076316226e-32,1.0529757106796953e-38,5.639498718137951e-23,1.7314423575156551e-18,2.1219824975257833e-31,2.9560450871475217e-30,0.0012448206503818773,1.0517366626237485e-12,3.20292563029312e-11,0.008713631526444401,7.240187535138147e-56,0.00015423707847681006,8.315367012354049e-28,1.5707455178446764e-41,0.00793233991687832,1.6991923693264442e-37,5.6043736410239675e-18,6.981164796360364e-78,0.1823556292617565,0.014827700050199078,4.202947108809072e-32,6.414935355546391e-131,0.010773606869735788,8.506335751357062e-24,1.53779791085513e-18,0.017908540075941837,0.022103044697807668,0.7339864498392965,2.7544462623459183e-77
1.286846036005346e-63,1.1255286654224407e-40,0.010117154198156614,1.3211414436611482e-9,0.3370463753662412,2.188607698865296e-20,8.83059672774164e-56,0.002064529859436614,1.8363514921247912e-82,0.019276836325884745,1.2857077294303975e-22,4.244875620678486e-42,0.09247105201198619,1.555508714086209e-35,2.267171314438746e-49,2.174286688625066e-16,0.004578239340846179,1.843634137881384e-36,0.007120443521279166,1.3082791253021968e-25,0.022707623259683972,5.8197400049287437e-61,1.3776124431600177e-128,7.059991170055583e-32,3.2424427849874904e-14,1.6716031023096623e-40,0.013505265811822537,6.278335204505717e-44,6.180703600868208e-10,0.49111247836541816
30,92
0.0,0.0,0.0,0.0,0.0,0.0018575323456111756,6.020294122547545e-274,2.21941424409879e-106,7.7269280721306e-213,3.331464175525232e-171,4.956157243385522e-132,1.5370133228173907e-78,3.6333706066448364e-123,2.792243734720585e-163,5.3499772226684046e-124,9.768061174430718e-104,6.183744259749827e-113,9.660728646453529e-40,6.554526007952659e-129,7.817550232758363e-27,3.1850993616505376e-39,3.220317361161737e-33,1.738979972490453e-23,1.1989090702598272e-25,0.00921278461446177,7.493573325332608e-58,0.0021199072076700087,0.00013566299523016606,2.6308175797295565e-37,4.720637966576761e-41,9.60799155683219e-18,8.92880211615514e-19,8.999560564078266e-11,1.2702993528734471e-34,5.218612734235353e-12,7.046527047185821e-6,1.3902244301878044e-5,0.016600277910192245,0.006296983070783773,0.02233146194274092,0.05054875062168865,0.07008927025700312,0.047551524538430145,0.009999986292797549,0.05415978979911808,0.08364507612197275,0.07009187410708308,0.019193214135826895,0.05414333381304155,0.04580304954484375,0.06625539052696587,0.017436791657181254,0.03966403567226578,0.03194337744780923,7.80355940060821e-15,0.03432771247995438,0.017165846472957172,0.014841795863442479,0.041947820370816805,0.08656473590810525,0.022323898900315598,0.03155516493546321,0.0006467738267422066,1.4031531580990675e-34,0.005459166415655672,5.248827208355338e-5,0.0038059633533826798,0.0069618525758408,1.6607996886378406e-54,0.010200121990765483,1.2260661904081367e-27,9.078428082446704e-32,6.434090907663422e-28,0.0010204350788129432,3.255522174178296e-58,7.115305425757124e-49,1.0165591374951322e-114,6.979654147272208e-49,4.370611397345217e-50,0.0013860975780227236,2.2327050979209578e-57,1.3138027461701475e-17,0.0014998999785586675,0.0011392025097916837,2.5445773623263602e-151,0.0,4.195340778531676e-153,5.838828968706236e-162,0.0,0.0,0.0,0.0
0.0,0.0,1.7071850420966358e-276,3.8255222168829703e-237,3.699077225592449e-272,2.1619532068870853e-220,3.832351438448573e-45,6.408687746188371e-104,5.947439790700188e-83,7.645135055900908e-141,2.3291642093216266e-47,6.41068810005557e-37,4.83829567971315e-22,3.2154782902444785e-68,0.022577661796515772,2.4285630635360693e-54,8.430232959853648e-39,3.946989285692694e-19,1.1507489215108247e-42,0.015617903489833215,0.028637029374298833,6.167908423778948e-16,2.5177887424899267e-15,1.0901935465013873e-15,0.029153347262549135,0.030457467907475576,0.016875089169265924,0.03386464806137953,0.06328614950279624,0.07055974702818028,0.10249958568203293,0.07896687610190715,0.12828749763805128,0.1464772453988977,0.10489867914849565,0.06845911072535647,3.236373374824656e-14,1.1426068300267554e-15,0.023437558492217465,1.7545716614897443e-5,4.797986363744362e-9,1.5166050482109013e-23,0.02675490642503873,1.1386693664124618e-36,1.7860722405073814e-6,5.8002658802670765e-8,5.64617476594019e-17,1.0477666815741082e-21,0.005879649777093193,2.2310712155073458e-23,3.648185771321825e-9,4.234522762592099e-12,2.02068009174199e-43,3.5031294560204904e-18,1.3594448581267508e-29,5.532020240935933e-31,0.003290448776611951,1.755281829215877e-110,9.356699694151386e-41,7.412689280325731e-21,7.289983679708441e-36,9.359091727701231e-45,4.432304729927388e-14,5.370378738684365e-40,9.641574685708456e-51,2.033470939934935e-30,5.407920109098326e-76,4.071027733650958e-45,2.645456650355523e-53,6.592335237433953e-92,9.813074834046151e-72,5.342875403325001e-109,6.136881542915169e-65,4.019765607770385e-97,3.5139975393902717e-51,8.416671434952586e-49,1.8546942171350424e-154,1.1249471359511519e-67,1.1148866730513527e-92,1.4285755296762718e-76,9.279953819290733e-140,2.0217396365112245e-123,8.37214306682301e-24,1.3878746413795592e-50,4.5755753967831814e-201,0.0,8.935788378049633e-176,1.7772558663641811e-230,0.0,0.0,0.0,0.0
0.0,0.0,9.559046349522175e-299,8.60394883241627e-285,1.0208283901987549e-219,1.078589773119362e-170,1.0605647418467615e-124,8.19177866333221e-118,7.934199521728854e-43,2.449689067021443e-114,4.059034600696001e-46,2.412742292319649e-52,4.641635997707456e-31,1.504588588030649e-61,0.02970684676098084,1.3601915060740259e-11,0.0003798669628938239,7.667045644604025e-26,7.649085683629494e-21,0.05218722106797677,0.09020050962385534,0.2824696993656142,6.12171641284145e-9,0.3052111346208809,0.016112492120746454,0.007466050379860648,0.06801215910598586,4.4964215589100695e-6,0.0426720877112557,0.00016637890694612658,7.868228636857444e-12,1.7029500059513298e-14,0.04057396365711879,0.026710622861928546,4.738314198721476e-17,5.935708143457605e-11,2.560487680038691e-16,1.2025301651897564e-15,7.198804872021443e-17,3.3170867074230146e-40,1.8058783956772043e-24,0.013699840382046038,2.412629012906497e-21,9.695189385692607e-26,1.3352703489983713e-11,2.0647829368322116e-62,8.280253981732014e-55,7.190747488277708e-58,3.964419322440439e-11,5.175657958516706e-7,0.00046447379357233466,5.125340537107756e-64,0.003249050147522487,1.5332988293084938e-51,0.0033579216704611365,0.005599355413478773,4.637177984559872e-109,4.852119498531056e-32,5.928854844283166e-68,0.01175529986664782,1.7660328350218565e-12,5.766217090765704e-71,1.5146924363710006e-68,8.320485484898428e-103,6.962864512024457e-50,1.0626213493301427e-42,8.695342653255948e-109,1.412142238811579e-117,2.69069048520196e-63,9.335241249068361e-85,3.7010603019005885e-116,6.440301122810581e-81,1.0633875310156693e-79,8.065683087644437e-132,6.204400222563456e-48,5.3349287764260845e-9,4.714752550806547e-146,3.095375082319684e-60,6.185794483416262e-13,1.0539099757714436e-132,1.184819942821795e-200,1.232748211491553e-100,1.1946417772703443e-138,2.101487546077847e-172,4.58830506760414e-249,0.0,1.7238086506140925e-204,0.0,0.0,0.0,0.0,0.0
0.0,0.0,2.6186848045397852e-288,4.2172399509926437e-299,3.184785926846647e-269,2.1489426509856156e-94,2.2290544298837872e-173,4.379816257939654e-148,1.7409224017365209e-143,1.9590435720339166e-173,1.5843175456230154e-62,1.8303574622064296e-67,1.3663252845003312e-55,1.8700064938138353e-42,1.623519032625536e-72,2.4668588282663664e-22,4.539387122312088e-31,1.732190306745028e-17,0.9727096943017145,0.006858062645225672,0.007729846458520923,2.9136432680240846e-33,2.9834091631344215e-15,1.1931109873442537e-18,0.004807454245425921,0.00789494234911008,3.5886885533726394e-104,2.2555485783097547e-93,1.308258182747937e-88,1.422776692721497e-57,6.084926932786532e-67,8.377597935191635e-68,8.842480174239812e-96,4.347055328251807e-163,8.802946219538035e-90,5.744014845083571e-125,2.0619164332967745e-109,3.612096341260372e-214,1.6924566055521585e-131,8.679601549934486e-48,1.7782839524831816e-64,7.034262617280246e-91,3.4447470217513044e-31,7.537395089559827e-92,1.2835115334719455e-162,2.434358200191862e-140,9.604435274022994e-231,6.924324391572219e-84,3.646729948621606e-133,2.603684252054593e-174,9.10796383884729e-128,3.475918753106638e-208,1.4021257421742132e-215,5.75186266722789e-234,6.958254936861679e-204,6.454000032811798e-195,1.4010953203218948e-270,2.4311685656083682e-209,1.4100067543117464e-296,2.631669551279467e-234,4.017532385051779e-205,6.101311339665789e-107,7.876097047990174e-221,7.959187055561638e-242,6.639655555090667e-222,2.847051780020021e-208,1.7729918497558856e-256,4.487619013473013e-299,1.6122571261099014e-184,2.4312910774994087e-289,0.0,2.1205275468415263e-276,0.0,0.0,4.459890725257849e-218,1.0463915402819902e-157,0.0,1.4177911429319976e-153,8.404326980067015e-262,0.0,0.0,0.0,0.0,0.0,0.0,0.0,0.0,0.0,0.0,0.0,0.0,0.0
0.0,0.0,1.367673996650928e-99,4.637773138402914e-104,4.27896132675288e-52,6.43939869015082e-63,1.5409902894205038e-50,4.2082164426904527e-95,1.2279976903457294e-53,4.632619221513958e-23,0.17169854102799453,0.18805918119765266,0.12681552347601568,0.1864559137839906,0.11069899759770895,0.0705075902806005,0.1122290107771961,2.827020138841285e-5,0.012703144408581628,4.637050975057281e-56,5.2792062089196784e-21,4.754866377986407e-47,0.006574246751830265,0.011219125326281516,2.0434093512926677e-91,4.0248115690456345e-101,1.0663271340729922e-147,1.5259319527733801e-115,4.139438358958973e-118,5.890442913246048e-133,5.745018033379073e-63,6.669300652957457e-142,2.3106775871657235e-104,3.2954675027379214e-163,6.593217790711694e-98,7.847020523959217e-124,1.0522222484197969e-194,3.5953203355075496e-199,2.8989961681237586e-258,2.895160497675057e-157,1.472376162959328e-105,6.4479858713568455e-111,3.2472634813479867e-157,9.123746577503e-121,4.498671485225312e-114,1.281237544614375e-264,3.534736103532174e-258,0.0030104551707590657,1.1193802802643942e-190,4.0736870601337144e-171,4.350271503463516e-171,8.100845035234035e-223,3.29194402790382e-225,6.604262605409177e-295,1.6259327564368046e-230,7.59881153195051e-143,1.9858215018237836e-278,1.497014168707592e-182,8.322996130539957e-222,6.012019854779252e-215,2.6190672787899195e-253,4.228517395226549e-153,1.650715163977174e-91,0.0,1.573048762012868e-151,1.2806558481522114e-283,0.0,2.291614243541324e-183,3.0625815663308017e-288,4.736072871876328e-286,4.196595679451343e-282,5.936469300319814e-259,1.931146620496408e-296,0.0,3.136967449805176e-293,0.0,0.0,4.33824e-319,5.106968132076307e-286,4.327647878628077e-295,0.0,0.0,1.1198862502611577e-303,0.0,0.0,0.0,0.0,0.0,0.0,0.0,0.0,0.0
0.0,0.0,5.197736898925877e-124,2.368721693685002e-86,1.1233984807624902e-63,1.285980452756425e-31,0.012238161538653853,9.323863064672544e-78,0.05775830677599354,0.0469046642883986,0.03949401707449456,0.024591617987171424,0.2628350279226836,0.06443227263369225,0.04857178242472419,0.10441530538137919,0.16005254401441815,0.049347272692072924,2.1235874282407808e-7,2.9587536794806916e-61,2.160395308357091e-28,0.06477235835805058,0.00826110838545029,2.257191276157619e-22,4.0697257518493e-99,0.007446920768190096,2.981374027042659e-111,7.460106938890695e-36,3.641207814794943e-23,0.010084491230080568,1.0862447253786843e-68,3.612606271025359e-125,0.005693433869791964,1.0344339292413802e-77,2.581460070540136e-102,4.790720886665606e-143,8.264714057016165e-137,3.820917212993761e-165,6.895594408474274e-165,4.255288547236026e-152,1.0057896655584893e-55,0.009008683750256492,0.01510202060539938,7.82471791493179e-99,9.052186233140381e-129,3.849647164943484e-205,9.249405984892923e-177,1.0735018276918347e-126,4.8181684696773905e-176,2.4017753301482803e-168,2.1313449565618622e-137,1.203838519681839e-238,9.466411752263632e-199,8.059169820486681e-258,1.5785901413464932e-218,2.0525938215630028e-18,7.939880644573566e-225,1.1370840460223363e-281,1.2666707895833273e-86,5.757107160060835e-137,1.8467811669086802e-165,7.495447916646304e-224,0.008989797940355685,2.5250724835251086e-232,1.8812019387570865e-166,4.206755089522124e-156,0.0,6.093750459463444e-111,1.4736557489238473e-179,9.511053259827107e-35,2.4137503053343995e-240,3.660494552645544e-209,4.282994114338023e-209,3.9258927482046693e-287,2.5942082349890844e-244,1.7356003367177416e-177,2.940501e-317,6.178139160505129e-141,6.7925041357461565e-279,6.081851878477814e-272,0.0,6.334883088816976e-265,0.0,0.0,0.0,0.0,0.0,0.0,0.0,0.0,0.0,0.0
0.0,0.0,7.840664868361758e-290,6.374428708521213e-268,1.481656494147348e-237,1.3089042001425755e-100,3.8647346892286504e-157,3.42312441353338e-132,1.6428906070036567e-125,6.93314577857509e-116,4.246877346603954e-27,3.525515553441907e-26,5.260613518879613e-28,7.988607320458664e-17,4.371972888714053e-38,0.01636976692934217,2.298308675635295e-12,2.4348965828096783e-25,3.1486348407883552e-15,2.7454689007977366e-41,0.0185602536275052,3.365514686059653e-5,1.1167601423354523e-13,1.8608576660149318e-9,4.89397121495601e-5,0.047308585348275575,8.622877046600638e-8,1.6750919785715449e-15,0.06484117487917036,3.772392673604882e-7,0.4050040113931095,0.19924107120559154,3.881696058217858e-17,2.0021274457499147e-45,5.1966328979625645e-33,5.554745138852478e-22,1.5615345250347406e-14,3.322465825430226e-54,0.08509332862775576,4.818503340891088e-34,1.3061480946103341e-11,2.4381998093882077e-8,0.06257692225392372,2.973986611634837e-43,0.03763403871622199,4.267594293764125e-43,0.036959367779635814,4.271756808901509e-46,6.464832154756558e-48,1.0678151540547597e-49,0.016559634981806345,4.107243282238355e-83,2.403087446821696e-53,3.6138460453765643e-6,4.8094084693292726e-60,6.378345812340705e-51,2.3512733296951994e-70,3.2467247086125985e-56,8.018378598175103e-101,0.009765145826221006,3.829879104006523e-51,9.112005920708439e-37,9.92330174681042e-38,8.407852725007312e-126,5.969052584501517e-62,2.617097765120348e-69,2.407195840357621e-133,8.178964018437512e-138,3.2918625465020416e-47,1.0813125682297413e-51,1.3238170875063186e-152,1.8738952560218794e-121,5.210621769095709e-70,4.741599997173343e-151,1.5427110468813527e-171,5.168789549278266e-110,6.841948429981706e-140,6.702589715980112e-91,4.837128479006096e-17,4.273921771050174e-91,6.223115366268638e-211,6.4031443572093694e-130,2.3026035968953585e-74,4.507975384697596e-236,4.23008352911465e-309,0.0,1.879e-320,0.0,0.0,0.0,0.0,0.0
2.0933231675796178e-300,0.0,1.0364303658449865e-47,1.8236017862871277e-49,1.8925846571464544e-29,3.8477004167976926e-41,1.137741866506604e-37,5.088072741388003e-6,7.476329550070125e-52,0.0004640238426497068,0.8279627862025666,2.063462277592723e-11,7.279687757120784e-6,6.967750554615365e-30,0.15840487664425645,9.612822292382859e-5,1.3966331895837672e-15,1.0632778246551754e-30,6.748596778707066e-39,1.3918433651252907e-125,6.899147191453796e-31,1.515817394280934e-70,2.9423485774942132e-86,0.005483100937822397,1.2547965187589588e-163,1.90987005657681e-141,8.803886912587038e-94,5.149732159464833e-150,6.765512882424447e-30,5.380792775136903e-90,2.5494122509942923e-79,4.902117354898718e-18,1.544146283833391e-109,8.272905082463469e-170,6.465996172655732e-61,6.2064247665619535e-102,1.4525763487748376e-45,2.516366884309834e-192,1.6360348989827233e-144,2.788593985686075e-252,0.00619381478606281,1.000603748782639e-12,1.300668390902419e-72,3.9213127904085107e-191,1.5311085499324338e-53,1.173771652156784e-294,2.2520361498443413e-115,0.0013829015815828743,1.7350653199549616e-263,3.9226586764937258e-233,1.257062771601929e-72,7.63048001e-315,2.5255884054781194e-272,3.637876907645335e-220,2.003829812468206e-210,1.2677607328459941e-84,0.0,4.553905426966414e-104,1.0238638010960587e-36,7.175046818411067e-256,2.333196082828662e-75,1.4212935826085723e-236,6.967723531913514e-24,0.0,1.161143488687263e-150,4.684820907154961e-248,0.0,7.854790037295021e-148,0.0,7.458840739374386e-227,1.089690067439782e-196,1.7224745463626513e-275,0.0,0.0,0.0,0.0,0.0,2.767717758253993e-212,2.322130227463971e-248,1.3605637302305588e-292,0.0,0.0,3.519760522866253e-269,0.0,0.0,0.0,0.0,0.0,0.0,0.0,0.0,0.0
0.004336004759737578,0.0,0.16476818087002798,0.11707212851291461,0.14090368013805746,0.1166219899124505,0.14586719480392094,0.1343285345727979,0.1699769029520837,7.236407075893024e-5,1.4608329292324635e-12,8.980861744808169e-9,1.9589250680666245e-28,7.935971576792145e-35,4.7047301214808e-19,6.363685529785497e-17,2.6608897131841523e-48,5.3991143863745676e-71,1.207743375739805e-39,9.882677890128996e-109,5.44145047175552e-19,0.004491817415785194,2.2763028218947236e-73,2.3443110252978687e-111,2.7216007476587214e-157,5.901972850745764e-128,3.180759558602889e-119,1.674980210215975e-50,1.459561454642201e-113,1.228488528250971e-134,7.679031407130617e-155,4.654564863930989e-47,1.4540334937062457e-157,1.1872938910701982e-119,3.004515028672134e-103,1.3165698945216228e-178,7.67777644496437e-132,1.1992298263150843e-281,6.309386234771504e-57,1.528778362353594e-266,1.0540296847607243e-100,8.008825182705332e-139,0.0015611930091425008,1.1658024663813677e-256,8.384576934496384e-128,8.6248406169173145e-47,1.498654506980208e-197,1.7711496562672473e-123,0.0,0.0,5.258399699095808e-172,0.0,2.8129293206243787e-277,3.68534593435e-313,3.3308637637727806e-306,6.687207133111051e-119,0.0,1.0165522360613875e-205,6.540513640267635e-88,2.469630427260955e-217,2.76532444250677e-149,7.482547724826844e-279,1.1820735447509245e-96,0.0,2.5071991729608045e-144,1.4263206535041302e-298,0.0,1.8071565197420384e-214,0.0,0.0,0.0,0.0,0.0,0.0,0.0,0.0,0.0,1.5300433737821153e-297,0.0,0.0,0.0,0.0,0.0,0.0,0.0,0.0,0.0,0.0,0.0,0.0,0.0,0.0
0.0,0.0,2.038186220405331e-228,0.0,0.0,2.929142408007448e-26,3.5880137678206485e-228,1.3006561835489743e-129,2.6216115230968422e-68,9.500464089074022e-163,3.9303763216881595e-46,0.02756717535475552,4.6313512731600886e-36,1.159837046894955e-39,5.754742631462973e-20,0.05312709314322359,1.0119810171249704e-5,7.973133162252001e-30,0.3232726869126996,0.13022382593403542,9.974942907755741e-9,0.012872569565209362,0.26633011211106067,1.3889493889410223e-8,0.03988240641787509,0.01923641053234563,1.3535970799521562e-16,3.9162360578675667e-39,6.648608004622382e-17,0.01047438952200471,2.9103474923145544e-17,6.598093147253356e-10,3.5493822329006342e-34,2.7414605672502873e-70,2.2758592215331134e-36,0.003737985051453129,0.029436338086782223,0.007279788347902764,4.3690297102286646e-36,0.010885071068963527,0.01498351000685146,1.3450916821190061e-19,1.8586351803220337e-36,0.020754418245396065,9.279676626536315e-14,2.3755874932899363e-45,1.4975869371753842e-83,1.2900169436792116e-65,3.3323416090750702e-77,8.352348917425608e-67,9.645426055706483e-22,4.6158868743704294e-42,0.004020023355148805,1.0140902057032304e-26,7.46269427291308e-130,2.617192117248864e-97,1.0401297557254247e-192,3.0081374000083777e-194,4.373793285897064e-102,3.000414669288632e-67,4.002882088688448e-66,0.025906052009781945,4.860904219274576e-88,8.426590411739851e-148,1.4080765740555966e-43,1.4102372474530314e-159,4.6155405324826644e-172,1.4920155892196877e-142,2.4897830856630483e-110,8.844797163861049e-94,2.254788097842067e-116,1.52149010920649e-157,3.801264039719148e-69,3.788573208293588e-157,1.4068992343353e-54,2.497232253294282e-84,6.1571186008188645e-139,6.078966440820765e-107,1.017078848498642e-100,5.6696941572993535e-158,5.784291202705336e-212,1.4846305124874014e-195,1.2395201001073331e-154,2.7995478638895924e-234,2.4547363299765048e-270,0.0,2.929116616764491e-175,0.0,0.0,0.0,0.0,0.0
0.0,0.0,2.4304478603956658e-205,1.866169590687287e-231,3.818788537909073e-142,6.078662725296614e-130,5.319454162609687e-144,2.0817504069680643e-79,0.018623608871387753,3.0283545767769507e-115,0.044410291664949836,1.693725434605279e-52,0.01036968161257388,1.1971064238158323e-24,0.031782851434026385,0.09764609764753938,0.2534509781725513,0.05374770200156221,0.0317139488592777,0.015032082990509272,1.9178384827804132e-14,0.012166233666613758,0.2730437817445076,1.813188247126561e-28,0.02379699528542009,9.14855396085042e-16,1.112947818792697e-9,0.045416514565355656,1.7458554722844322e-35,0.012900181908435907,0.027329795914565122,0.013562171624673202,0.016822222076712762,4.3940556052418135e-22,8.88987444072366e-22,2.35391233123856e-28,1.779382133674845e-47,8.761621937631841e-32,4.790323619314062e-33,3.45366831653801e-55,5.661969837782096e-40,1.034502114007298e-24,1.733137769447952e-50,0.008208935629547607,3.199652676436204e-53,3.6871500320693e-70,1.4059110069834486e-93,2.3943665444581716e-30,4.8880906977810413e-79,2.268039527602014e-16,5.614437335475916e-80,3.4217232960131804e-188,7.994631505798351e-34,0.004633846640936279,1.1374887072560898e-76,9.483829788927334e-38,8.155532624876838e-132,1.3841063357797663e-87,3.6420414155113155e-135,5.758956957567819e-14,0.00534207657582814,6.227609634138508e-49,1.5348288057789964e-82,4.34570629600956e-89,1.3852428606691362e-100,1.7725349695498858e-142,6.962886290890357e-195,5.991686137134796e-70,3.812902376080866e-46,1.866914186886312e-55,2.7813236308546355e-149,3.679707848305497e-16,1.29280128253401e-116,4.184615354762716e-92,3.553529070585737e-119,1.91355360058714e-89,2.2620620780535663e-296,2.444675063012037e-102,1.0689656680219844e-53,1.0681434133896563e-168,1.6067493151631943e-164,4.78953435241182e-140,8.08402122187232e-82,1.1124951317523227e-182,2.2352500034459628e-271,0.0,2.157247555725565e-275,0.0,0.0,0.0,0.0,0.0
0.0,0.0,2.9175601285548405e-241,3.9186194815675564e-184,1.8276129557968168e-179,3.785823416883055e-155,2.487181568403303e-200,0.010718887028295036,0.015454284888250493,1.8022685623004292e-120,1.1834255275900017e-18,0.007398012365524017,0.033835514415765794,9.250545844673444e-10,0.3354854080507366,0.013098295664749631,2.5675709240111953e-11,0.039490389097976426,0.01936523660485138,1.0826451046218996e-12,0.4157670487296367,7.386024431203207e-10,0.015159932906544231,8.58040630894727e-14,0.02299241679675698,0.012229421353332305,2.680364812803456e-19,4.766830231247873e-16,2.532282321790637e-12,2.032572924892901e-33,7.413188345930953e-29,8.182763616730234e-48,1.222560650759384e-19,1.3060349523562263e-42,6.753622713546772e-29,0.029401194945223686,2.051493881288891e-75,3.881140103881534e-62,1.5639284815413508e-65,5.767327320707617e-89,1.4266726153484965e-52,1.0510213935918488e-85,0.005161611752222659,1.0546496793534087e-7,1.3063863282309257e-83,0.005729808094830272,1.5300479333819632e-100,2.6692464838051393e-126,2.2797094626616897e-54,0.01086670080798689,9.062781390498956e-42,9.388327839652947e-154,4.683182826879242e-35,1.5358265691473738e-140,0.002056789684141674,2.995863717013763e-63,1.9259618032297552e-240,0.005788939655173318,2.199770686510417e-76,3.767036442937549e-41,2.674652390043329e-81,3.6957126308765777e-90,1.7139011407720647e-105,1.4994623659473594e-106,3.5227817061790906e-81,3.983743686628631e-155,2.319745365262296e-151,2.340204650531089e-93,3.1605342196248892e-149,4.401875979462393e-92,1.1165230301152134e-181,2.872605125921137e-72,2.3607165626942083e-131,4.922715384094201e-161,2.8621766505412842e-152,4.130368663860496e-90,2.1199084427153748e-228,7.847276014134398e-105,3.7134211752839635e-27,3.887144921363671e-220,6.258616071904547e-288,1.5257826133694636e-48,2.396556557924078e-236,0.0,0.0,0.0,0.0,0.0,0.0,0.0,0.0,0.0
0.0,0.0,8.710034555471561e-60,5.909450237824797e-35,0.004671971213891823,1.95600171386765e-61,2.087542325794951e-5,2.3554531414379558e-67,1.3447576661533377e-6,0.9822749226241999,0.0006282982384411615,0.006496458212830166,2.5329308424187374e-33,5.222819055097406e-61,0.0041904247094449575,7.695933112031205e-8,1.0347683102868588e-35,1.9885943444988736e-57,0.001715627860936797,2.8780716933395945e-195,6.094095850180984e-76,1.669053897466516e-171,3.39810772512759e-120,1.6970149666976082e-83,5.856099046805716e-278,2.055772622768029e-226,6.976644515574093e-253,1.920601765124749e-213,1.3196214329228113e-129,9.456349139377335e-221,8.437048130038106e-236,3.0592101889268087e-59,1.8006562514205102e-193,5.416252027948588e-301,5.314947964671149e-93,8.146559635845727e-151,6.704192043579425e-214,0.0,6.734441093013507e-278,0.0,1.1506670546209275e-176,8.936757054278993e-148,3.832345911696541e-125,3.037140842588833e-291,5.932520072641221e-197,0.0,4.3121401701657e-311,2.8463494536691876e-118,0.0,0.0,7.283985009470844e-155,0.0,0.0,0.0,0.0,4.6285067052e-313,0.0,1.735894824e-314,1.9123557252234092e-267,0.0,1.9388236974600242e-272,0.0,3.4703103979317653e-174,0.0,0.0,0.0,0.0,2.1874481109979254e-286,0.0,0.0,0.0,0.0,0.0,0.0,0.0,0.0,0.0,3.352692366004125e-250,0.0,0.0,0.0,0.0,0.0,0.0,0.0,0.0,0.0,0.0,0.0,0.0,0.0,0.0
0.0,0.0,1.608301253716772e-190,2.0956840298508902e-219,7.457793575996901e-140,1.2107074821291162e-74,1.3103878689915015e-86,1.7939018488880427e-60,1.2079913368011173e-105,2.681160503498288e-46,1.1834090660063548e-29,8.72063688493467e-39,8.270731489591416e-29,0.053637191006329916,3.7210308694776607e-16,0.024128038876397608,7.360827010928944e-23,1.6379972795495795e-30,0.196967491727311,0.2655739014232559,0.14548739657375223,0.11322749634182189,2.6817871374629453e-23,2.0040725823526806e-14,0.0972326258526819,0.014509418979356386,9.943514093263326e-25,6.307615963891897e-17,8.532171321358124e-33,1.1286176715227933e-39,0.018265661034227526,3.0318922095490234e-21,7.097451818298771e-73,4.7121616250031675e-93,1.1599055789641875e-27,0.012066489589864579,0.01806654478168849,8.314330478522888e-120,3.4900478015257383e-47,2.919459527808686e-18,0.013847870253365948,2.8811039678169143e-35,6.19483931623601e-42,6.363231166204e-67,2.1191390485050658e-50,0.02698987355992619,5.171371190466024e-99,2.9404352201319917e-171,4.934473631543793e-211,1.3197064982070251e-124,1.101239405151169e-124,8.317301582085306e-106,1.657306818651863e-150,1.1685987271522757e-67,5.101243714006216e-110,2.2400723016969484e-136,9.527952160267403e-238,2.508724124841336e-210,3.2087997371257652e-140,3.9053584904015595e-23,1.1459263308302615e-80,5.030794811992469e-66,1.0677937791720355e-172,2.13967756131015e-222,5.809736024795733e-134,5.612878184684087e-214,6.860054277092713e-204,2.4638677924488367e-197,9.829259330793469e-122,1.3331381407981584e-113,1.0541009887943156e-270,5.376133303198953e-111,7.637643385449882e-168,1.5729123301694648e-240,0.0,6.474732859019522e-176,1.376829824204096e-99,5.375352869205835e-268,5.249307656596899e-163,5.993046546726873e-88,9.896e-321,6.655775878784672e-205,1.2510202608820503e-193,0.0,0.0,0.0,0.0,0.0,0.0,0.0,0.0,0.0
0.0,0.0,2.042124511726736e-164,1.0476333027453424e-208,9.648862778503208e-184,6.371839132154322e-159,5.543816992462209e-116,5.343773084201762e-81,8.274097788580354e-67,3.5554439467187248e-75,1.779990992002659e-30,1.6071498825807594e-8,0.025697595468664642,1.4674606476229692e-28,0.0946766166228015,2.0964269449952562e-11,0.14360395319391314,0.04379313905460305,0.2365629103175576,0.08572586039757873,0.18453429515859218,7.063197607806384e-23,0.038791983052070864,2.9658830057714165e-25,2.858135399258834e-49,3.7392327128398994e-6,0.10609304660949243,0.015409737592537678,2.776140558332023e-47,3.060411834055223e-58,3.5209908293741003e-25,1.81173731602908e-38,5.5212506664071296e-64,1.186239698419302e-127,6.508562446275264e-96,4.3843505559471864e-13,1.1239945260147138e-65,6.208231816005143e-86,3.967815292995992e-58,2.5179045169232586e-6,7.31368904020931e-77,3.043482039279325e-152,4.047705039870821e-59,3.5217729018893785e-58,6.553913661619483e-71,2.812442477842278e-211,1.428959685229235e-180,1.2900536292302378e-29,0.02510458930205691,7.06889161209915e-127,3.421872181058761e-92,9.796618141484948e-134,3.2489710890343906e-71,1.0661095602943094e-186,1.8404603582653342e-199,6.669241446219644e-60,1.837583473533965e-193,7.030586109660315e-162,1.1658323081252158e-99,2.152512933479265e-125,2.8061460853784735e-200,6.278247662756743e-151,4.322650260858999e-168,6.823236741845645e-187,1.6492260038070458e-143,4.088272246002686e-171,4.471021879485544e-205,3.1793246224601975e-193,1.6343744710383952e-164,1.4539282286391484e-123,5.341191163733476e-255,1.2944273964518648e-183,4.6534678134204576e-210,2.5576550635940188e-185,1.2221363420211913e-170,7.993762280384021e-116,1.088734391219813e-286,1.7929131447538572e-98,5.565009410067618e-136,4.573245760936084e-79,0.0,3.8498941147834435e-244,0.0,1.57441115174986e-310,0.0,0.0,0.0,0.0,0.0,0.0,0.0,0.0
0.0,0.0,1.3504553715274874e-79,8.039304072588672e-50,1.2487340137301421e-55,0.006371430121509802,8.223943608624861e-100,0.018425106491706634,0.011002078928402183,2.6102547839814403e-55,8.468710617426345e-15,0.0054784074024459475,0.038237997553646416,0.5409557235311904,0.06788916075173707,0.02282323115300808,0.005366081712665929,0.01935263809064534,0.1857996416080873,1.3653561868211603e-36,0.03164064617369921,0.004325066907800924,4.083331026515967e-21,7.7689807870197e-37,2.1644953153051405e-34,5.8012287813061566e-24,9.588817104452682e-12,0.008410835471642262,4.3837446306384156e-12,8.66086680179248e-19,3.4639965649570227e-53,5.396579641650239e-32,8.091393392605353e-27,7.772940300771662e-50,1.6115050705668175e-7,5.86469022355753e-9,2.5002830145336232e-98,4.2163825954527875e-130,0.00696795424266865,4.801691280517407e-84,3.3580021111236935e-21,4.6717561229723784e-99,2.7140208162674074e-33,8.409637711741003e-21,2.724440199342772e-84,2.0330967082635928e-75,1.603207605019174e-89,7.992637684073009e-11,1.6417894752976849e-108,4.46756949390995e-82,0.015842747483171157,4.077390186024903e-136,1.1818193073363966e-42,5.061369212551659e-128,1.229364855681265e-27,6.789734625789599e-54,4.257903791300722e-133,2.0801544319184e-93,2.9499891872745766e-132,1.5097888302331355e-104,8.426566191653541e-79,6.94564635149446e-85,9.83039098153952e-69,1.534749796826111e-133,0.005881299509791263,8.733617034867735e-119,2.6865643753139306e-201,3.025243454708066e-36,2.7440501639332666e-92,4.934664235033903e-136,1.6305509344266683e-127,5.377248204263028e-52,2.9358184216238686e-138,2.3879145574188077e-219,5.414949104852031e-158,5.185148007704185e-130,0.0,0.005229785757076771,1.5309276502695493e-122,5.907060263868292e-173,2.247844264036649e-252,3.7501869335957094e-250,1.2300519209594488e-126,6.41055086946745e-123,0.0,0.0,0.0,2.167234853192396e-225,0.0,0.0,0.0,0.0
0.0,0.0,0.0,0.0,0.0,0.0,2.220447044297236e-216,5.313806685540308e-176,1.798856812112938e-90,3.3851687886481222e-155,1.3171219620460672e-58,7.153826306259669e-25,6.0535528491895165e-24,1.776459770318224e-39,4.553294016593703e-8,1.4223983597261815e-37,6.280563730752942e-52,1.9297917065385484e-30,6.094396592262341e-39,1.4004431127341704e-26,0.03533205983492699,0.00033652894644469773,2.305211441230143e-10,0.006063937079169424,0.03391976830585592,0.23825665320946157,0.2348282961571473,0.14821301304880036,7.896692041950203e-7,0.05691721343997659,0.040656369704721605,0.13115579673438543,1.307417617383561e-14,9.345437184122349e-22,0.008596215834011075,1.0407704731381604e-35,2.1767372575339087e-36,0.008321937829923286,1.6179157513608557e-15,0.026348521887469875,1.5888628291161357e-18,0.002142172131754945,1.3100487510815811e-47,4.081692623578573e-52,0.02301161852440924,3.820393065037872e-61,2.2835365824938096e-35,9.75397815572625e-42,1.381925114688929e-58,2.865184166702388e-93,3.6945299125772534e-83,1.2595549358126966e-42,1.4882711709752198e-55,3.954586359995371e-63,3.12550811225369e-41,7.150971611986556e-18,8.739734368351292e-109,1.5233834336932943e-207,1.465827140570128e-81,4.935004946610678e-54,1.5732073709313027e-30,7.654403885993644e-57,0.005899061898861632,1.601638216322288e-101,1.7911500347576164e-39,4.642254607902092e-92,1.3439771198323e-135,2.8748104237082085e-139,2.330337986456837e-47,1.249909753818608e-47,4.3672576092903254e-160,2.3404189235960365e-105,2.258237611795905e-46,9.508929999073441e-73,1.413293995800505e-180,6.346348908385371e-59,1.3662895660650738e-152,4.1001517491599426e-148,1.978997947656629e-79,1.8470004167225808e-138,4.621787835928908e-181,1.1317002960592863e-76,5.484393693649179e-53,2.696609392352165e-208,0.0,0.0,0.0,0.0,0.0,0.0,0.0,0.0
0.0,0.0,0.0,0.0,1.2520960805391783e-233,2.2637452094160446e-234,4.033606241083391e-180,7.214935899967988e-149,2.4402982003020334e-179,2.2757013527895734e-178,4.0256747371061194e-98,1.512887423500841e-47,2.3844575666911062e-73,1.3356973468798829e-101,9.843390680506629e-16,9.010990995903572e-95,4.547599313948631e-59,3.56583800699873e-89,8.934915308916509e-44,5.268960865437037e-45,2.346732302587009e-10,4.336172889590796e-37,2.414069441577535e-17,1.0684709138480681e-24,2.2537810077373863e-21,7.548884204904008e-8,0.005426676821326689,0.008652552746827805,0.022679696984205352,0.040766552931227336,0.046321275550082475,0.013267957961836985,0.11977834305765216,0.05210699386109099,0.09622653673330692,0.10193720022851195,0.13242295166700357,0.04799897117678749,0.10671475101453173,0.047224998213970915,0.03973594876133615,0.016768106586185126,0.022987918885700023,0.0322304972250922,0.00928605064479615,7.612815236849348e-11,0.004499072637088799,0.011752663528117541,0.006477023788894879,5.2216858991017994e-36,9.428466994348595e-5,0.0037898442681346682,2.3673580770895683e-28,0.0011420418612178847,0.003493239584032774,6.1405918613948965e-28,2.210713754763817e-8,9.63990363477967e-90,5.21228570662347e-16,3.362068618757322e-13,3.1684088594477785e-31,1.0485774867292824e-11,0.004760067625694631,0.0014576830677988227,1.351302518868282e-39,5.919581830498604e-76,1.8495255977814577e-48,2.0026431747698458e-32,5.8623569765724716e-49,3.65699903151713e-112,3.8893451312317633e-88,2.610241655275241e-75,1.513456314195072e-60,4.2469306291795023e-134,2.704305535013345e-114,7.834318959011994e-22,1.6162957446105264e-184,7.781067334000219e-39,3.4090075183516156e-53,9.97403581989507e-83,4.461448979670874e-107,2.1451852135677403e-163,6.839494759009005e-110,6.510579194257104e-36,4.392214979941907e-171,0.0,3.863867798468019e-194,4.900101900278157e-224,0.0,0.0,0.0,0.0
0.0,0.0,0.0,1.6270315437084486e-240,1.3429443221322445e-247,6.796174229676166e-132,5.78831147566101e-189,5.426494740562501e-78,2.0431986571410544e-105,1.1699286653820144e-99,1.7457067369790962e-62,1.7255922271937724e-83,1.426046124817466e-10,3.4326778616303914e-64,2.2104917946306822e-44,1.365327620405137e-15,0.05626133114904006,1.5916383306471955e-45,0.02576905341604656,2.9587860477523413e-19,0.10620541685342798,0.21613414627577573,6.096321791206444e-16,0.041540069666671876,0.22794997400762745,0.033634482719212364,0.15148823773135509,7.516334487319201e-6,1.3975769009882516e-21,3.200618528650568e-26,1.903065404867221e-21,1.7852972684250818e-53,3.392327219733887e-13,1.5352202002692485e-22,0.006854520481171238,0.024508461525490334,2.599929864423825e-69,7.988569011404885e-26,3.0363496115844406e-22,1.3708911886507818e-21,1.0415675206186338e-20,0.017767645194967194,5.260437876450276e-25,5.729464360574241e-5,2.1417929637095147e-25,2.7166108569937608e-105,1.38266321829331e-78,0.014007164893553362,5.002342185918406e-33,2.3314000884607893e-44,0.0203608632799075,4.098915663414802e-77,0.01752161447288292,9.720127842986744e-116,8.1284092996819e-44,1.5388101470560106e-29,5.10836554802712e-82,1.175932281559822e-44,2.535186538468393e-101,2.119478373070131e-21,6.48623868992905e-42,1.4001924311746748e-25,2.1246077502534715e-70,7.116534322170563e-84,1.412016003632383e-26,2.5636389576684922e-92,3.466685312024102e-109,9.364761728512174e-21,5.405698798330453e-47,6.144161512680119e-103,3.4589915218502457e-93,0.03163750716812538,7.090139746368641e-57,9.244367667902392e-84,5.344240200055776e-53,1.6120103399005286e-46,3.084286072689969e-295,1.5655362222570764e-13,1.4601223753394246e-40,1.0599625463237261e-79,2.874629768389477e-132,2.064032667184105e-278,0.008294700043549477,1.1129200030683638e-81,1.3120133836497427e-226,0.0,7.680927972292602e-215,0.0,0.0,0.0,0.0,0.0
0.0,0.0,2.250547341857901e-89,4.501884069814748e-148,4.0875091695907185e-135,1.3436857500700235e-84,1.1210212267988479e-27,6.290860613359805e-69,0.005055406619610046,3.063052016478647e-9,0.06992444705739201,0.1430793676149417,0.10212367545140551,0.11907454722807914,0.2057258789493404,0.11480725527999316,0.15227142406686903,0.08564542332557512,4.895209182511008e-17,2.5365805075908875e-37,2.943055658548786e-70,9.83385608472832e-80,6.517361530358248e-9,0.0022925648263802177,1.7707110074258618e-106,4.559839907595908e-78,7.274296911108276e-123,2.239517895488616e-21,1.401651468716024e-97,7.125072951617214e-79,8.212017002938567e-159,5.070916005000061e-72,5.734577528585457e-123,2.0231936372021816e-144,1.3893679627237293e-108,7.082801803514655e-124,1.7012279566191079e-108,1.8384019065566384e-207,7.895851764621993e-157,1.1274432551985358e-197,1.1706573449010641e-116,2.8574188085573233e-135,1.5046812020446206e-105,1.665597041221762e-206,5.363864106911277e-120,6.421252251715473e-91,7.465055965316246e-82,3.1095558830809217e-136,6.0938376359250684e-260,7.788496298184428e-189,6.336976235338737e-110,1.4860489745443298e-208,3.382950872493955e-261,4.4378813442660515e-268,1.0298335120432222e-223,8.148713114014575e-80,0.0,1.2763378984123663e-147,9.409981411612429e-151,1.7960163047243036e-202,3.791388653102488e-170,1.2039029730669367e-234,8.96468892492546e-80,2.2156710113984197e-244,3.011636475780208e-187,2.457902957679109e-235,0.0,5.403047134714655e-208,6.26621077051993e-236,1.5593625543091564e-182,4.3753268411040695e-213,3.381814740118931e-285,1.6976214603451187e-241,2.3163518320922342e-287,0.0,3.342993898388408e-268,9.749233068928497e-220,1.1601883987793685e-201,1.0189456294190978e-276,9.857567703436866e-183,0.0,1.259312157652298e-283,1.891439987148439e-216,0.0,0.0,0.0,0.0,0.0,0.0,0.0,0.0,0.0
4.643972743338065e-197,0.0,3.078403622658602e-87,3.359487413247882e-65,1.7802971128527896e-37,1.71339094239845e-21,4.688420266449868e-35,2.0902204174903442e-39,1.6805859981172986e-51,0.016780936957429157,0.9485862326490316,5.64954631214368e-18,4.529227711430855e-7,2.666524321750845e-35,5.447454985484142e-10,0.026732211446717464,4.828437202113768e-7,8.549370950681493e-16,2.4452235677200392e-92,2.756769944437806e-124,8.440358556861472e-56,1.1896167583168525e-77,3.840838504031602e-75,7.525041162914092e-10,3.6260823002998207e-175,1.0650477676895237e-76,1.4642561631570772e-88,1.7759654039671629e-118,0.001980614001324782,2.098423774325737e-103,1.9337770986097712e-84,0.003743350275263953,5.91820990918811e-99,1.5766283968505359e-145,8.503951588434147e-168,9.269298160018115e-179,1.9257675730898725e-62,7.365295813039013e-199,2.0625330333260083e-124,2.1558270343758042e-259,0.00032923726782215575,3.3838026019729526e-104,3.282991004126956e-20,1.478906737502371e-175,1.6412513557291522e-59,4.780671407858925e-131,1.7741915248922433e-138,3.36800422035559e-68,2.1690403260320787e-282,4.565925964057757e-280,6.0200008012543376e-148,0.0,9.004466824274807e-254,1.1687464777937833e-288,1.095232120101747e-260,4.540774782648907e-183,0.0,1.7646841295193754e-139,0.0018464803386692887,3.754298633924698e-163,1.2954216984140148e-48,4.0682122323391e-310,5.311791201075533e-44,0.0,4.68004498948851e-227,3.757914529594569e-287,0.0,7.803812101343062e-167,0.0,1.3106869604635786e-151,0.0,0.0,2.671396210985108e-234,0.0,0.0,0.0,0.0,0.0,0.0,1.9057365735993446e-297,0.0,1.328124956667345e-309,0.0,0.0,0.0,0.0,0.0,0.0,0.0,0.0,0.0,0.0
0.0,0.0,0.0,1.1194048518323353e-146,1.302776061386688e-189,0.0,0.004847232981084181,6.88244558156711e-90,2.911773118672093e-133,1.330911333201429e-246,3.0354664128921158e-83,8.015196469333377e-89,1.6679412541919474e-119,8.426215248825584e-123,1.6130800049738319e-37,5.185724817314102e-105,3.49459811817037e-42,9.943771401539198e-82,1.564872930846285e-83,1.1583439296247166e-46,4.3364449740436125e-41,2.29201487130684e-38,0.015398841900290911,8.465397754590147e-62,7.83590991946962e-34,1.0066835338253458e-37,1.4794009890006706e-17,0.03752287398683656,1.6690843044388335e-30,0.02516182169631523,3.6562756186474235e-34,0.023607778549883114,0.027391034762576545,0.01792172532363534,4.69302248436838e-6,0.02093826913788929,0.056353180545615784,0.07948963433448214,0.010868977458356759,0.01296996535879431,0.043066499615392495,0.04558230359594015,0.0077775574446362385,0.03097742075380894,2.35331848593184e-19,6.341984394689068e-13,0.034948475524435405,6.860994696027758e-6,0.01863884772137989,0.050134108490319074,0.013698521166723291,0.007005559628508325,3.655510314566434e-5,1.9837767812545613e-27,0.09865985843505247,2.69101288547199e-19,0.053282742197201416,0.03406105858777807,0.06350602031689871,0.02576090495276499,0.0780331065302252,6.102472780762196e-21,8.167234306564054e-12,1.6787289342376218e-57,0.017059073716589,0.004022780519587132,7.57379377139382e-30,5.893908911149867e-16,4.048561959602491e-52,2.9269987009267704e-39,9.922878071345994e-22,2.0713061740717624e-20,0.011129358704898621,1.7629614711275158e-48,0.021763645427725093,2.1415142405768413e-43,9.872389405366458e-118,4.416314189867308e-41,2.1964605321691766e-55,0.0019196588799938034,7.257995422088945e-86,7.673140936112785e-193,1.367268291685068e-13,0.00645305262511663,3.534722175972264e-157,0.0,4.926810174507279e-125,2.916444323964124e-117,0.0,0.0,0.0,0.0
0.0,0.0,0.0,1.1265907665583643e-301,2.1535204696300453e-229,9.332972188217404e-292,1.9764992762134038e-239,0.0023229566363637123,4.993674716962348e-72,1.2121814102810584e-163,8.495947603720363e-145,5.107155076172245e-24,3.433493712162134e-115,2.4229430768092024e-127,6.896855294999826e-70,2.1646999782821566e-39,2.0080920968666386e-8,1.4817338699566696e-130,0.0025035448247445343,7.668771776818429e-44,2.0869288835553254e-20,0.004157713198704755,1.6262948696934798e-13,2.992179678764571e-75,1.264079121930517e-25,1.5628667097159797e-36,0.0028490377271110237,4.0560692410454677e-22,4.6884332002052433e-7,4.856652260881908e-37,0.004456742456812548,0.003566434194962146,1.5842050721860292e-23,0.008202932224854353,0.0061942943206015075,5.197176369820043e-13,4.832374612812441e-21,2.206479085378296e-9,0.008399802865593352,0.009438262494612954,2.5231906226094036e-38,0.00014664509661439532,0.0018989211132674007,0.026679998638857092,0.003293714520723523,1.319446522183556e-33,9.384583108935537e-20,0.005420035985061315,1.1833764998133654e-42,0.014273914499929888,0.002841553841602783,0.01551539518205104,0.006213839055120072,4.7103218725592714e-11,3.6014073719733547e-28,0.010187960826402026,3.571233572847689e-32,1.2024862398288786e-7,0.04479760005733529,0.030986668992875714,0.0697551044424227,0.04104321396934839,0.06994431656586274,0.03260920282210097,0.016959773185144283,0.05366076389543903,0.037006956869524446,0.02601403088048998,0.03727395607124368,0.045260956134313135,0.05104067511177898,0.03740205745943166,0.030149492384092307,0.028885889654939753,0.022068548951449298,0.014468262756721362,0.03480046030348567,0.021098288991357246,0.027840368242343264,0.041430988104868255,0.0208802761820914,0.006960092034872003,0.007367563797617607,0.0024500582601344927,0.004640061373798089,0.0,0.002320030686899045,0.002320030686899045,0.0,0.0,0.0,0.0
0.0,0.0,1.009359944974896e-239,6.955207230234897e-224,1.8211904410280755e-205,1.3607730746181528e-13,9.012180215890041e-177,3.1468814859716164e-117,5.208301172126347e-70,5.872329797692227e-65,5.700939926313688e-40,2.4657135139441538e-36,1.1514186891181931e-37,9.049833940898839e-19,3.4181431495497034e-15,2.15687873642715e-20,0.0008374654750467056,0.08485343348693507,0.06540451897112004,0.7526684498816978,0.027507954389538278,2.0414305029664003e-21,0.045236862231749865,0.010076678395913346,4.618701622030754e-20,3.532174151723678e-27,1.982768009073656e-43,1.3004044609815445e-99,2.244738542870259e-47,0.0061817070403294965,5.581721786653111e-38,3.560203385969068e-69,1.0635899129536266e-86,1.7506703930590777e-112,5.297530205322167e-100,1.8002331095805118e-7,5.353402865063888e-85,5.265571071019026e-134,2.4827445704141081e-26,7.485731557198782e-92,0.007232750104218852,2.9115024249188355e-19,1.1492155616584132e-40,1.1001273774558486e-96,6.2608019297638075e-18,2.3667845479039744e-168,7.211158104587301e-149,2.5948369508370846e-140,1.7095426472107687e-209,1.966233721853829e-107,3.7151626501974395e-19,6.595901220247637e-219,1.0665555767981328e-76,2.745536897872064e-197,1.925134446261442e-164,1.0161873820891848e-185,2.2864282134213896e-287,6.782776113135562e-97,8.826069647303021e-254,2.4693868061471563e-125,2.32962675021786e-178,6.549794782776741e-25,9.017746662713132e-174,3.5374903167386347e-253,3.558757449039334e-138,7.970727815896152e-268,9.4347812132224e-310,2.136898865161836e-96,3.139663852722023e-224,4.491838048152047e-220,5.295038486834655e-237,1.8887126169148604e-139,2.8913533991825994e-154,2.5932278464273992e-192,1.2181798054763468e-223,8.570080561615652e-159,7.415920152797057e-224,1.1164525128759671e-225,1.2500268874911585e-213,3.129839985150666e-207,0.0,3.471586784988676e-294,5.483286732939463e-279,0.0,0.0,0.0,0.0,0.0,0.0,0.0,0.0,0.0
0.0,0.0,0.0,0.0,3.301526366125577e-266,5.777171771886638e-190,5.3807159667143114e-297,8.820656283965994e-152,1.9624840815727897e-126,1.8612035928908647e-182,1.1308431132522182e-66,4.915087977445697e-50,1.4024787684879051e-12,2.3017280215253727e-46,2.9012769458087073e-39,5.012873350938673e-22,6.52622193891081e-46,1.019626189975285e-56,7.042735612283769e-35,8.128887960129334e-6,8.966560742449444e-6,0.0072598450028882435,0.1318981736413971,0.055388610155299306,0.20742467249139637,0.03158185796096987,0.015403928600296398,0.1349486938687336,0.19805299310291688,0.11531915235119408,0.034107889076047566,1.6716632760890655e-10,5.708915663610352e-10,0.024071882814594187,1.0965718812726484e-7,0.0024057280959140516,0.00018377236713617098,0.004570588065183382,7.365489286630811e-18,0.0023296270340449703,0.006933042001863553,1.018950175422104e-17,2.1265175188279887e-13,3.1127646528817374e-50,0.008126473372474236,1.6229998787781658e-12,0.00010184186356398302,1.3700370504743712e-91,3.6315884109986068e-59,8.976938656252815e-40,2.640744573656358e-66,5.607251926235614e-76,9.50041812265684e-90,0.002425211744351554,6.19859167637592e-68,0.003031251566260702,7.503264309870372e-127,2.062334174138052e-143,1.9319907138771507e-136,2.645651508029681e-48,0.008025066971530936,1.802522873776766e-47,4.927804253507853e-40,8.82906695700782e-123,5.639048943676254e-103,3.3954680255517684e-120,1.1195381263805715e-162,5.558456561416559e-68,0.006392492004756223,7.798530384068948e-67,8.26826646710315e-197,3.169603154898295e-42,5.890501085376373e-89,1.3117005563947437e-209,6.769723368391564e-159,2.7407188251370325e-101,5.73070559796527e-310,4.015879179253174e-63,1.2521272702251174e-17,6.78116689053692e-173,7.36755238331926e-128,3.9436375863189176e-203,5.855472684675238e-174,5.7206771969802666e-251,4.706230370822802e-218,0.0,8.309494301607288e-307,0.0,0.0,0.0,0.0,0.0
0.0,0.0,4.2784059880014583e-153,6.6967129427715186e-80,1.3702376432658992e-110,4.07158620984208e-15,1.5980981983505135e-130,2.453685308812329e-51,1.1890967279994567e-45,2.6419749538895604e-14,0.033023303851339815,0.16497441556525735,0.29998584590178295,0.08855107190249846,0.07285492586296011,0.04879581314518204,0.1071954517353002,0.12015505272067681,5.083473582704989e-8,5.526475589029078e-19,0.035079086801112824,4.701382043952889e-48,3.249830528684149e-39,1.1584509854310542e-6,6.231674148100009e-61,1.6533116906813082e-8,2.4433366684893575e-49,1.4077961963157046e-39,7.862323944159204e-56,3.2507315239359695e-31,9.165647872906707e-62,5.969350876416368e-87,5.1401274729605504e-58,5.49760499505e-101,4.011564504168896e-18,4.171387798181002e-52,0.003535465416887835,6.628601797117092e-117,8.564856756948826e-68,1.909048046257625e-92,6.004707173968688e-28,4.0532768576998304e-78,1.7846517629736674e-80,8.810038227200782e-123,0.01329603020429108,6.773785587406399e-98,1.0966466118275803e-135,3.082126338587909e-135,2.3241844454176802e-151,1.5634229246300777e-117,1.080245785546376e-68,1.3176603118163875e-207,5.569324660330348e-130,3.535344314253722e-182,1.1612875581976456e-166,4.639057785070243e-131,2.6823040603629417e-211,1.105532370360508e-109,3.5152741500458173e-155,2.102289818509123e-143,0.006297292773706795,4.103541633990522e-114,1.0379365212651048e-28,4.108081650994262e-139,2.748213924459411e-120,1.4462675411599736e-240,1.9787372877876586e-237,0.006255018300135093,2.2871480687527774e-175,1.5438746958279997e-227,1.836145299865716e-122,6.612648953271762e-153,4.679081157407736e-118,5.975285522796138e-231,1.0361839354572035e-204,2.172112578362751e-208,2.6336513491692e-310,4.687329385330136e-191,1.3001415910149237e-205,1.5644833688424713e-226,1.2759119010652716e-291,3.023378483326328e-211,1.96002559101557e-172,1.4781355049501902e-257,0.0,0.0,0.0,0.0,0.0,0.0,0.0,0.0
0.0,0.0,9.581890753961535e-241,3.3101063518574487e-194,4.6084908619416215e-142,5.293698587099624e-165,8.667496453836567e-72,8.270760237694035e-72,1.1918062209772308e-107,5.644320436639594e-117,5.036354216615718e-45,9.274128484941123e-34,3.88492849388713e-51,2.5735597168118706e-51,6.465172742000684e-39,1.5003797086336884e-9,0.015972005714554184,0.04447721615777638,8.697979267089904e-39,0.043932406378154085,2.850335076759052e-6,0.044879444525275834,7.514767418175191e-29,0.07327606503767094,0.0012060548539435715,0.10217569599001121,0.03312729890745164,0.09184806600044224,0.07615081317019443,5.250339337419229e-13,1.3498868659644446e-13,0.06813991612581115,2.161289725323671e-20,0.014707082870315186,0.15452799586394594,0.014993193240652215,3.4860931478079684e-37,2.3027785643017904e-9,0.009265081754800729,1.365946659592136e-32,0.030968453274145675,8.87458880120172e-31,0.025075212179313786,6.1613302939194905e-21,0.09298798617049359,6.930067650835215e-45,1.846450546413055e-38,1.6983305500261023e-33,4.699243563949588e-30,4.869356471047225e-21,6.375334101860977e-28,0.00015881373632280706,3.567938109644515e-34,1.6611623387129464e-18,1.5995590705291853e-30,2.1483664995139834e-12,3.896748318768026e-30,6.905843001343936e-55,2.0379193949782834e-53,4.483156136154629e-30,9.8558422516717e-49,0.000848881279407629,4.5652103202260064e-27,1.3135403604460953e-51,0.0329388630747489,0.006398397491705029,4.303065221321418e-85,3.181622068426378e-104,6.860216105606851e-79,4.613218196778609e-42,1.3646560117838049e-89,1.9183523529196274e-31,0.010800499062380474,1.2479429891840825e-101,1.5514856503801875e-104,0.011141702929121838,1.2669029968345583e-261,6.165486734954996e-123,2.704891131326069e-86,1.584355409180998e-116,5.001409210599643e-304,7.031701830558035e-11,5.6980390653765904e-49,4.560934337202557e-238,0.0,0.0,1.2295024525283533e-199,0.0,0.0,0.0,0.0,0.0
0.0,0.0,4.04372647e-316,0.0,0.0,5.769552483480697e-132,8.826163884855264e-150,1.7733532357585937e-188,7.332319673145907e-114,1.843992131136622e-121,1.567544118886905e-74,1.4864941305005885e-82,9.293747770739004e-55,2.9742541939570936e-84,3.1387036326793216e-73,2.7166916380547604e-66,9.597532182180058e-51,3.958701130627454e-8,0.9583518875748779,3.089958813119344e-8,0.007688714261177135,2.9553540861503337e-38,0.008210994288325285,0.025748333377963124,1.1008256984209143e-11,4.795069636629251e-14,1.023931180866255e-61,4.347567477802867e-131,8.410856025037423e-150,2.677912069716757e-66,3.3216307878852813e-50,1.0256175773850572e-84,3.144838572064125e-114,1.5428937775449335e-166,2.1696434542603267e-155,2.935648406735811e-136,8.710585448638415e-121,3.057489736475009e-246,2.4262903120165746e-182,3.800857592977145e-115,8.872661428939662e-112,7.7247470688756735e-62,9.91107719523912e-16,1.267913047897988e-178,3.557597509220968e-188,1.6743386518562524e-177,5.655449932949519e-204,2.6393099174118052e-110,2.671675563837524e-226,2.6993262953335354e-123,2.7853160344270223e-132,1.606650049610418e-292,2.9580132659187786e-223,0.0,0.0,4.740565238247728e-269,0.0,4.035517864912678e-186,7.16e-322,2.708743967744202e-304,0.0,6.974193240410042e-86,1.6288779564554812e-302,0.0,1.4478157709264284e-113,0.0,0.0,2.351839597574768e-307,0.0,0.0,0.0,1.2311089607071036e-239,0.0,0.0,0.0,4.081968235020352e-298,0.0,2.1327787316113244e-233,0.0,0.0,0.0,0.0,0.0,0.0,0.0,0.0,0.0,0.0,0.0,0.0,0.0,0.0
0.0,0.0,3.3935183840203914e-70,3.6987491332060445e-57,3.373373967711755e-30,2.9465786991601856e-90,7.825708140678383e-21,1.4527171788445332e-84,1.4691954537903262e-21,0.9265624667582519,0.046372325285012124,0.002336738297563296,2.706665831784334e-69,2.3319791205679968e-63,0.012627317875379756,0.012101151783792698,1.5615066498955296e-64,1.7927368832595347e-45,1.505221316897779e-76,2.150016895294087e-158,3.4529619576766606e-50,3.0612614941481655e-146,1.6190685921854977e-57,1.2241500539067028e-120,9.885853379113693e-284,1.854083806354433e-233,3.8629329264006284e-286,1.0837059523571546e-75,1.295397213845442e-239,1.3622448116321937e-215,2.2306089227355486e-275,4.097868253555356e-62,5.369271058453154e-262,2.8897184550112063e-305,7.863372395325447e-37,1.3377197690582372e-142,9.776782921918308e-209,0.0,2.0706926754972414e-160,0.0,2.6828683739170293e-191,1.6038729163102816e-249,7.0e-323,1.2774521384433466e-279,8.122240206141579e-196,3.717942465246258e-226,0.0,6.040675168451572e-204,0.0,0.0,1.6269736605094877e-247,0.0,0.0,0.0,0.0,3.137529943109896e-219,0.0,1.1172745e-316,9.356064394479715e-267,0.0,3.59827265497336e-262,0.0,1.4690755811762484e-201,0.0,0.0,0.0,0.0,8.035283334233749e-291,0.0,0.0,0.0,0.0,0.0,0.0,0.0,0.0,0.0,0.0,0.0,0.0,0.0,0.0,0.0,0.0,0.0,0.0,0.0,0.0,0.0,0.0,0.0,0.0
0.0,0.0,2.70685447297617e-258,2.72232672915581e-231,3.397220383769355e-167,1.8258917469819509e-196,7.40952342004339e-117,1.6829369481661545e-157,2.1058761375244187e-100,7.833412092750218e-73,0.005208834574281923,3.5129258160711438e-15,3.5415812177626335e-36,1.7588434096726606e-27,0.00037935470474367643,6.041480853291851e-24,3.5490196592386207e-9,0.9409584727675171,0.02898737812055573,0.014848768037316417,0.009610797830602943,4.494196046810788e-6,8.655083597667063e-36,2.972526740449272e-31,1.8962199121329687e-6,1.8129739273195095e-113,1.239609867662336e-137,4.2965336402630636e-103,2.226719179550008e-114,9.193210319736029e-58,1.4020061031115975e-135,4.928598971046832e-104,1.2212244612370075e-99,7.243633736611768e-213,8.785008477739838e-80,1.2525609556910421e-162,8.119013907667434e-110,4.708236342923778e-246,3.6863134554607806e-209,1.5982747496775234e-96,1.1233007509158184e-100,2.5599666286882993e-185,1.4273627817615569e-115,4.0666554253181505e-169,4.874409683629707e-178,3.1371162917290405e-274,2.7075898595998775e-255,4.064658471204112e-61,7.073329606849612e-142,2.2466658779742195e-254,5.3559497519163e-102,5.755721073414496e-303,4.709729955148218e-186,0.0,1.3492709807991136e-234,1.6170736805521927e-231,0.0,1.077901689577301e-201,1.572409821035219e-301,6.50875325931366e-287,1.869689966642356e-178,1.4239605829499256e-175,1.1796387871883925e-129,5.977e-320,6.481050135706321e-169,0.0,0.0,9.591802808847561e-233,0.0,4.00855085002003e-310,0.0,0.0,0.0,2.564870361520234e-302,1.3675095424047308e-207,2.819517706030874e-303,0.0,3.285093325374334e-155,8.621141501655906e-306,0.0,0.0,0.0,0.0,0.0,0.0,0.0,0.0,0.0,0.0,0.0,0.0,0.0
1.0,0.0,0.0,0.0,0.0,0.0,0.0,0.0,0.0,0.0,0.0,0.0,0.0,0.0,0.0,0.0,0.0,0.0,0.0,0.0,0.0,0.0,0.0,0.0,0.0,0.0,0.0,0.0,0.0,0.0
170,210,2700,240,160,630,340,480,3000,5400,290,180,320,360,280,620,5700,700,2300,550,2000,650,640,3900,230,2500,560,3300,680,1050,2100,670,220,200,800,260,330,190,950,1100,600,5100,390,1800,1700,610,540,1300,80,490,1500,460,430,580,310,350,1150,4500,1000,140,440,510,400,470,1400,1600,690,300,850,900,4200,370,520,450,270,750,500,660,590,570,420,2400,380,150,1900,2200,1200,250,410,130,3600,530
950:64,550:44,220:11,1900:76,700:59,1100:67,660:55,650:54,510:40,320:21,470:36,420:31,210:10,530:42,2300:80,1300:70,460:35,2700:83,1700:74,5700:92,640:53,150:4,1500:72,630:52,430:32,410:30,590:48,850:62,300:19,1050:66,1200:69,2500:82,130:2,750:60,310:20,1150:68,280:17,680:57,240:13,140:3,200:9,230:12,290:18,370:26,5100:90,180:7,2200:79,160:5,340:23,450:34,4200:88,2000:77,690:58,390:28,380:27,670:56,900:63,2400:81,3900:87,600:49,580:47,350:24,170:6,5400:91,440:33,1600:73,250:14,3300:85,540:43,360:25,260:15,570:46,560:45,610:50,3000:84,3600:86,1000:65,190:8,520:41,80:1,270:16,800:61,500:39,620:51,1800:75,490:38,400:29,480:37,1400:71,4500:89,330:22,2100:78
