30
0.7405316580892527,2.2166698632969975e-21,0.012704134882167125,1.0817697794540914e-57,2.4865952701186507e-16,8.527275278732304e-26,0.0063645384393004,3.2523158369876937e-36,4.6052445142216584e-5,3.138808792833543e-26,5.1281943546835623e-23,1.3425170487758343e-37,0.002044561784899281,0.030227330425846674,1.5744514839726862e-7,2.680722070279009e-35,0.07149098841877603,0.010970036324048742,0.056752720701606904,1.2829054889165452e-53,1.5538963664958317e-71,1.8933767209083723e-143,0.010917658924520377,1.7722282930485285e-30,3.101668849077243e-48,1.3167387259650375e-31,3.365992372203481e-105,7.841239677366818e-43,1.116135110296698e-70,0.05795016211929095
1.443160769063614e-15,4.656256868433172e-6,0.19742044256806396,1.6896845121224535e-32,1.7421646181655361e-9,8.29772411190143e-9,2.334357577209997e-16,1.183254332727109e-10,8.139363163911171e-41,0.0005529705098140833,0.17491655038429632,0.007811313581084519,8.652081956403471e-53,3.178384542841398e-35,0.002577056622112328,7.299071138530068e-26,0.03359089549565342,0.13367882090901584,1.9668058282219547e-6,1.9528155706511263e-47,3.42188563880464e-6,3.2249831767694424e-32,5.536861012928009e-18,6.834340339654211e-20,0.05810723042265588,0.3913346644007523,2.34137578621938e-47,1.2227333469835909e-23,4.5108487043740266e-35,3.909572923979765e-35
5.241955294892899e-7,7.991763360800114e-10,0.517324127213943,3.860167372037479e-28,0.02922980804958109,3.690757674268258e-13,0.034457205649113094,3.703319073143175e-14,2.3297401892399857e-62,0.09624766416901986,0.10835847492496063,4.927005206963821e-16,2.3171039407789966e-71,0.0033870447831586886,0.03837379554026911,2.4605714734436854e-42,0.03881404137232909,0.029847288649731147,4.612996253890427e-24,5.530357400430677e-50,8.914176599109026e-21,7.647153906494507e-90,3.188100774410895e-7,0.093493127726939,7.244831911539171e-11,0.010466578043316934,3.1608869099899897e-55,3.584371306909846e-20,2.4957556593828365e-88,3.912063971097926e-32
0.0499341940013058,3.5551040535895524e-24,5.471116577356579e-39,0.045265262328755884,5.532150935804351e-14,2.850040292790427e-54,7.175902015123551e-41,2.1092740610750592e-44,0.004052274645158106,1.0420565033949741e-43,1.5766964562435475e-38,0.04925794326036713,0.017853641414211037,3.5983259144759276e-35,0.05819745396708549,1.2202525386022929e-29,1.0029167259523257e-60,7.13727413616124e-25,2.4628040765528e-15,1.0056427671088261e-32,3.277692194222131e-54,3.1301096045438724e-12,4.3470543684460035e-9,1.0381455584111502e-14,2.495632459863709e-29,4.274418179596995e-28,6.907512195296794e-25,0.775439226032864,5.364024753907171e-77,1.310931114806721e-24
0.1806575161818597,2.098098699391239e-11,0.0005054211886913516,4.260937586763482e-44,0.24901015113163344,6.039781344968916e-62,2.636965832357552e-63,9.027069830069852e-43,1.5692524832673863e-107,3.9569733681226454e-11,0.016687985118974756,1.7222129486762382e-15,0.020023794809247368,0.005555599516247262,9.10904332276239e-20,2.675465410001662e-57,0.4404990939795495,1.0380490569865033e-10,2.3562581339389966e-23,3.758576077755213e-18,3.5869902748950394e-38,4.790161616432337e-199,1.2835521355756256e-19,0.0412698048990198,0.001345255427028371,8.860186749175309e-24,4.205411097552854e-170,3.497021396148276e-21,0.044445377583391024,5.600699879654795e-38
5.679534961035172e-48,0.013732684203135975,1.1121610398482297e-14,0.0064013899734343,5.294793499500228e-47,0.03810536775579325,0.16113033588736436,0.6027490358915922,1.011937085994435e-11,0.04735276767051907,0.005606090539853562,9.138125555504446e-36,4.804318269536646e-37,1.5017212666396427e-39,2.6176291490698052e-21,5.742334124342079e-10,5.101618035201068e-6,1.0235116295832424e-10,0.06467907277344256,2.4290995881180377e-38,0.015644086313751644,1.5954225670725098e-14,1.297085669725558e-72,3.604853100772897e-22,3.4942638422673054e-7,6.600019396974283e-10,6.694651013722405e-19,6.509453638512145e-14,5.0163654313679843e-23,0.044593716599895666
6.7739047983993115e-49,0.0011662677524075403,3.939820564767698e-8,1.1563604136415835e-15,2.474204836162667e-60,0.9779676195826298,0.006358569172757428,0.0053865364312538746,0.0007769212689537607,5.2199512683173475e-6,0.0034012685615611134,5.635161340989536e-59,1.06770828881665e-53,2.2808656153224975e-35,1.7535093995943557e-5,2.283853959203252e-7,0.0003486275733652989,7.468393224235483e-15,3.223070438557452e-7,6.962845403264243e-33,0.0006100068302133711,1.7281051159936526e-10,4.213419599479741e-71,1.4102227053165696e-17,1.9657253822236966e-5,3.1963181770979335e-6,1.2329921860385595e-17,6.968006088743812e-37,1.1158702889323852e-11,0.0039379839349710215
1.8405743152220217e-58,0.042083973099246115,0.0004336114718494447,1.473167434675014e-11,2.2193608899433204e-69,0.028160623760824514,0.4303253115470288,0.2130535822268256,1.6264567076077023e-10,2.679398209528266e-8,1.9499440743817545e-19,1.3326019351503644e-43,3.241917370564116e-44,7.778354733160637e-21,9.229869336545665e-27,5.481976908720138e-6,0.011239607389077581,7.056192556709164e-18,2.5921929382566137e-6,8.51104490684458e-18,0.1000738471489179,0.0052076071072036986,1.8088182594592723e-59,3.7540832060876917e-10,0.0013518898018827557,0.036053377435754784,1.0972521167802004e-12,2.1889684288455634e-52,0.018741535835892994,0.11326693165778363
4.200124382431611e-6,0.010636648197772587,0.0006061483470427074,6.1820243178925094e-15,0.00039195384169888405,0.00910205080540633,4.094513200342903e-15,5.529405768704165e-15,0.803453453636705,8.845760930997603e-41,3.1625771800902176e-9,0.002519604415091051,0.016478545736270986,2.3026564286024196e-78,4.595322115115995e-5,2.3924854567909823e-50,1.2339281399863435e-15,0.0035608967653886834,0.0210664954059958,0.09327746380170268,1.2145939168992414e-5,0.028502046618149337,5.033104072781275e-15,1.8678363433423212e-37,2.826366945448021e-13,3.2196050650615517e-18,0.006973509738220554,0.003368880242404321,2.8159969298038412e-15,5.637830873996704e-13
6.281391850185152e-28,4.4350841351951553e-7,3.5761488257428507e-16,0.003610194888011849,9.18860266829872e-29,0.007356295441585466,0.010577928831580916,0.0001164231394554678,6.797777620217465e-48,0.8132066878099286,0.008012901763150249,0.0017040757462947727,1.2767636719554098e-109,2.3406313828227346e-27,3.125239493269613e-5,3.1527805280190995e-29,3.083822765650793e-5,7.764316388138711e-5,0.04198454277397006,3.969591572806306e-34,0.041001507322854645,1.3282932638223772e-99,3.647653898123044e-9,0.05848645598301991,7.864291222074864e-11,2.0225881096645457e-5,3.9768840124995833e-103,6.449031242923292e-16,0.010258241731052109,0.0035243376668175398
0.01716525699125098,1.2078166569883695e-8,0.20442066454584046,0.007850434667896259,1.468420790166764e-14,3.266493774512487e-12,4.52923847010846e-11,1.386710647616772e-18,6.401903368001368e-89,8.154184591093905e-13,0.6775978300887137,0.0033192615663087967,0.0024910600617210656,0.003720926073518627,1.083381825259243e-35,5.018093495291048e-44,0.02827335389898788,8.719466772984809e-14,3.3725725130036476e-6,2.3763928533237336e-69,1.0455396072824116e-34,4.857692101255993e-169,2.7179989531309366e-22,2.7961705395691783e-15,0.05515782740560374,7.137847643027934e-23,4.036733503598374e-161,3.5405423497605234e-19,2.5199891644349415e-126,6.08854149698971e-20
4.858914254040297e-19,0.024686051495786867,0.03664615665977883,1.5293947074015333e-21,2.246822851531053e-23,8.950983646715019e-10,1.7148966655160157e-26,1.015966857421075e-26,4.9328387085485306e-54,7.078593734630766e-16,3.4199265223906396e-18,0.6484865365734065,0.014992523663708637,0.0683344788373856,0.08233498638355606,5.7322054613427816e-39,6.551755929675424e-5,0.0019099376812302875,8.503157972588353e-20,2.930256745718773e-52,2.5385921045821056e-28,1.0349991864557814e-58,2.4117838264120092e-8,0.08003115515016636,0.01633547407423206,1.1030260902912016e-12,6.1083871930070506e-34,0.015447567247338147,3.40944028050536e-90,0.010729589660073712
3.6956655823373574e-25,8.508882277076585e-37,1.2868123481434517e-41,8.01760433119532e-29,1.9305117408171622e-38,5.230162434465651e-92,1.3930116800036757e-68,8.286562093384131e-78,7.278227222142281e-26,8.649863361509684e-5,3.647815297219886e-65,0.027458835757921542,0.7113313499062578,2.295583216290718e-54,0.11723972873616813,0.010012362936794954,1.187448656750189e-59,5.0234163016500555e-85,1.2996153163096114e-44,8.484588522630667e-36,6.2761567618718655e-86,0.0019566801607953633,9.877535604411671e-34,0.07569076878318018,1.7528020030077014e-60,1.3257821880562271e-40,1.0260084680129463e-13,3.5668334572686985e-44,0.020136645469422846,0.03608712961574137
0.04551458463761449,4.118271756256615e-19,0.0852010813895307,0.06815397474786142,3.198412621191212e-8,1.417841712363074e-18,5.496402607543697e-28,3.1172997319444805e-16,4.243477098351789e-91,0.091818495430743,8.926033159793592e-53,2.4555830562805955e-16,9.326253769217773e-38,0.6733048077765822,5.528198689326683e-8,1.603474969486266e-60,9.79572991074903e-16,1.8898908257939043e-13,0.006085456214873354,1.353402108246401e-52,0.005288591380466575,1.0526806357688227e-55,8.11342640854702e-41,2.695848590027189e-13,0.010840407853684366,7.113350720431887e-26,1.5926786609852941e-56,6.471935398733044e-33,1.404026079185245e-88,0.013792513302070705
1.0378940259188822e-18,7.639574877109787e-7,4.043203179663924e-15,0.1900464458838808,1.8985949173099837e-27,3.509933702388125e-40,5.021846943749972e-34,5.847746570658662e-23,5.073064675902809e-49,3.514658034842916e-25,0.1511147851665878,2.6375181366624318e-20,1.4029400377853558e-66,5.678225133343146e-53,1.950812761709782e-23,1.5088180268842723e-18,3.33649242744009e-29,0.09511877536154463,0.34153367068762214,2.0665753872710416e-36,2.5733332868287036e-65,1.7866192545349233e-37,0.20652745496129524,2.110101260452488e-14,1.6055386481838734e-6,1.3407420763523288e-16,6.023902693146488e-41,4.660562217454396e-14,9.354812060503863e-75,0.015656498442861717
0.016947005837492205,1.850014736965757e-36,2.290040842145403e-17,0.02926468861472054,1.1235776457955008e-18,9.243148487276168e-30,6.812208662384579e-22,2.181885111594664e-18,9.350296401328999e-11,7.740332823675773e-36,2.6441065761425014e-48,6.17398494778292e-23,9.95165544596271e-7,6.891305130371963e-36,0.06664124422666769,0.3309602610671074,4.491701560418402e-50,4.93292835567909e-31,7.471837348022901e-31,9.850130957995044e-17,2.7083146408403956e-26,5.259248083541686e-5,9.091195532479153e-48,1.2111265138598152e-38,5.649926046976563e-60,7.31088363463473e-40,0.5342545688863118,6.720476649102709e-8,1.5666804494150515e-61,0.02187857642305081
1.6672365076459756e-40,0.06799665175282996,9.819139527792922e-6,9.554302486895912e-32,2.917876968137417e-17,0.047442244909531264,0.02124760935571716,0.00032380941801905957,0.010422583820168927,3.6557804761324395e-20,0.004208418936618699,1.169726392806373e-42,0.0021530577407995436,3.926737563157202e-60,8.425946581765534e-28,0.03483117981142096,0.7792823137692305,1.0738241555837588e-16,1.7246288127576796e-36,2.6085550226722575e-43,0.011589316137315248,2.150651707583254e-108,3.37774942225418e-42,8.373036038756684e-31,0.00027174392449486414,7.573367772134254e-16,2.232739069910831e-115,1.1647564545563947e-23,3.366285002406641e-84,0.020221251284324965
0.00016045439062484847,0.03039470502555086,0.04148959313479186,1.1393834244834658e-33,0.009616827576552564,1.0656917823946647e-6,0.00528351020352526,0.0029834112705036937,4.782598450151352e-65,1.8716556877633755e-16,0.017487211648958795,3.2995585399470714e-10,8.079329198547309e-41,7.96637261971212e-43,2.5065866508912463e-6,3.794635486456726e-38,0.006058885656897007,0.7490432939816578,1.2474455050534637e-13,2.985705635590387e-37,1.5108168453032413e-11,8.536672950756058e-85,0.07965685623766566,0.013528841108249706,0.0277757382797191,1.1729652597952923e-6,9.821110991798444e-84,0.016515925896420612,4.034318926609017e-132,3.571719207978461e-23
1.2609007819478287e-8,5.659896457347227e-12,0.20715712583335166,1.7000022188120208e-26,0.012678004369836383,1.3867724889108718e-12,0.022999377973643348,6.077842179237928e-8,0.012495315872235156,1.2117664130631812e-26,2.2879233249554823e-9,0.1467609815588323,2.969248160534232e-79,1.3175180165952022e-46,4.991688094937867e-22,0.021481663494452987,0.017109439566880092,1.829773114241202e-5,3.3487731143334405e-22,4.9228207540572916e-39,6.69300816827408e-5,3.5119604852399756e-29,0.5170019211938663,1.9576818816758125e-12,2.905364357998467e-19,2.884295335494134e-8,2.2114151417214392e-65,1.751575813754229e-26,1.1076489062721882e-31,0.042230837796765966
2.1145474624570823e-7,1.2793627098678529e-50,7.39725694101682e-44,0.0008830324599790931,0.43343464764332407,6.156175334764711e-39,0.05809142154798901,1.7357705363545618e-13,5.613925561390408e-25,3.682014536753513e-74,0.03489098383534879,0.0009179155574726122,8.719507292669654e-17,8.515645978589538e-62,0.07578830684707584,8.105824294945407e-30,0.370211007334429,0.025767272983721067,4.7344833392670374e-39,5.045353256825696e-22,1.8858161215702354e-18,2.501605875717474e-25,1.5200335740588255e-5,3.261475338281754e-36,2.5739952631555096e-47,2.4065132868480741e-35,2.2981526536328962e-19,3.5105930563786556e-22,4.344580038409465e-46,9.396089359125491e-17
4.135431515738156e-56,0.021247829502171817,1.1742682864219347e-21,9.575596046895386e-36,2.1879245455664647e-63,5.650617537501059e-6,5.3271232265406646e-8,0.00815524718320027,3.45780101994412e-8,0.004439946136556308,2.7253813870399874e-42,6.232557957077111e-49,6.249413045391505e-23,1.20223732064866e-8,6.761944594897613e-34,4.0263355750866847e-7,4.350995757614719e-33,0.004667643937609097,2.417509184685599e-7,4.021446513121131e-42,0.9151316405054482,7.059205202605841e-9,1.4403143227199155e-41,2.7942269044501112e-8,7.74955222212604e-21,9.682533607854246e-5,2.791184575938545e-20,2.567328039158909e-72,0.027591499970873335,0.018662937552959297
4.345469106149107e-25,3.464904645056331e-80,7.189364441949134e-49,0.006723494502947799,1.0991581753443738e-7,1.5976320103079071e-112,1.099202964061841e-94,1.8579327670732936e-99,0.021190980364295908,5.963694132823443e-106,3.0905075848240454e-121,1.262768169913512e-101,1.9336623001905713e-9,3.397948234821003e-162,1.090091181006268e-28,4.054091048498406e-33,3.2508698668750405e-5,4.306104549508307e-21,6.023394120337477e-68,0.12637420776387703,1.6387532994346288e-142,0.013231877384070136,5.847336397413213e-77,2.3968652252443632e-63,2.290439866248905e-120,6.004633498704722e-95,0.8305584889916544,2.1409434367373588e-17,0.001888330445006048,1.196149815118024e-19
6.101753935770328e-26,0.026036771396448437,1.207418104380232e-10,9.220500818733398e-27,0.01806248229842752,3.0895687830725883e-60,1.613935165394756e-69,4.346969849529728e-55,7.1621485285773945e-43,8.830619900415473e-28,0.017129408860669274,0.0034608455423544215,1.0091315408104283e-64,0.007288255173112643,0.007796878895835421,0.0008438243262794321,3.780114491353655e-9,0.1250158522557475,3.887007705459291e-16,1.320848590871173e-30,8.709155370957953e-44,8.754839484892964e-123,0.7424383239969732,2.918178596124993e-8,0.02610690865986564,3.8834487134550955e-6,3.1971000996790723e-86,0.013690773144643035,1.5283107355937903e-19,0.012125758918287238
0.10412736335124026,0.2968802915728239,1.3952417079554518e-16,2.070115537055622e-17,0.00858321938969906,2.442320517829985e-7,2.539483880979693e-9,0.09993421955460272,9.55078537436151e-31,3.4488361311083934e-18,1.2433002816908816e-34,0.06147381596745998,3.7556041293671544e-37,0.0925865520325321,8.340212994509173e-25,3.0843545928281896e-18,0.13504362693613692,0.017480127435673225,8.265536970712352e-15,8.589657121338714e-29,0.017304894798008355,1.0018949558260906e-25,7.169722621420661e-16,0.018316667929012893,4.120790982993287e-28,0.05034477860513919,0.009029150382873162,5.108927835858568e-6,0.05819780510473716,0.0306921312406803
0.02283580295584514,0.011219678337819915,5.335430569275968e-16,1.253158089038749e-19,2.1594531661127113e-6,3.5680041814296224e-5,0.01564101403823791,0.006784769065351287,7.899230221383168e-77,1.5935049917276197e-34,0.013988317935078357,0.07233561127595109,3.7387449253379515e-36,5.1146076523118555e-12,0.018500931027327337,0.012117359756217576,0.02724693078574388,5.881066945272906e-12,0.004742103358254529,3.165113799663198e-62,0.00023572019051053354,0.00837586380180354,2.6069404283496856e-17,0.09895718461381936,0.6865831726972711,9.873640984350127e-7,2.359576861542482e-27,0.00036104481367382605,7.390077897418089e-77,3.566847701954547e-5
8.246268310386252e-21,0.21611434573296695,0.07840675490339047,0.04145618095181305,1.278102708807216e-19,0.0002752059642826856,1.6825213046501882e-6,0.08765302082431141,2.6727902976327724e-20,0.04476215514291537,0.07222727346376846,3.96688848740257e-7,2.6317320365010146e-19,3.154466795462958e-37,1.2844017861595586e-7,0.0003567750570283725,2.0694147010456852e-21,4.434918303781889e-13,1.5909860213003324e-9,7.979572143791646e-32,0.16464448599532616,4.973463227935428e-70,0.13981912229038404,0.0004480656718357627,0.0034297011168409382,0.14750885276434214,6.980668089223662e-59,1.6233682863295614e-16,0.0028939047924648256,1.9460865676775454e-6
4.246315479912443e-38,9.543576056766379e-89,7.088892961985625e-64,0.00557799831464582,5.281100921836562e-18,3.652907037797777e-114,1.3386235042337823e-108,2.152074645298364e-110,0.0005102481356299571,1.7067559770282186e-125,8.154975818492963e-106,1.1580519280026181e-76,0.016757974445194973,6.548069789104496e-160,1.937590436813404e-56,3.415731275619803e-35,0.02232570225842401,1.2480455891626764e-43,1.6053884385190316e-80,0.013747613954073225,1.43990175657577e-167,0.9062257019670455,8.685332541962659e-63,8.204759241598325e-62,1.133540121284214e-136,4.328683179290183e-79,0.017783897282398004,0.01707086364257938,7.674217186773269e-61,8.915350350248083e-15
1.5558677495190737e-10,2.2398716352741734e-14,1.2511901105246466e-22,0.4948432589323441,8.134877744614453e-22,2.341501197392094e-19,8.330561838242391e-22,1.5544021840055347e-12,0.053802799597807295,5.78514694729509e-42,1.7851597649890196e-21,0.00020752976037443705,2.4223010901169315e-25,0.011303807610643379,0.026000881066467908,6.90320175997706e-19,1.5756617026696401e-58,2.7514543486772884e-33,0.14763376860114147,0.01135379187899103,0.006802572270932088,1.6625964104684582e-32,0.0007578148654036905,2.1041334935458355e-19,0.051714095632684094,5.062802748091978e-25,1.975004985335698e-43,0.19557967962603312,2.0148427471116962e-57,1.3747198702979227e-14
6.565023833891725e-91,0.020318172810038605,7.621853542269003e-39,1.4408890040662246e-28,1.5486093016741352e-51,1.3604459960386322e-24,7.862219079520286e-19,7.537407749217765e-17,1.0506199545714919e-122,0.011078199673598438,5.212442539161388e-71,0.007147037523820882,0.002489289981618164,0.0015751239423968378,0.0018326673242422221,0.011901296217619994,9.237272964306735e-84,3.6375824468898956e-47,4.088793533909973e-54,1.4475224712421578e-68,0.033093994400368205,1.2854184500134278e-66,2.1462199868067225e-68,4.3784272530067716e-44,1.3077381288451977e-45,0.017760984804041563,1.2619975899919295e-85,3.3060419774636598e-43,0.892803233322255,1.2331946816877583e-20
0.026205241173386,1.8229887916918439e-25,4.196550743505498e-21,1.433989857636794e-15,1.3811586534367841e-24,3.937839871160798e-51,1.303849093837111e-43,6.7022358936671865e-59,0.37596784648633624,2.997242451599872e-56,4.7828254360569916e-39,2.1380834952800468e-53,0.09203434737141387,1.9069807153157232e-27,3.3112579347922326e-42,1.1097254146392437e-32,2.0683522607477132e-60,2.8773382546426995e-64,2.9492481628714573e-49,6.622853392090861e-33,2.4349069310631915e-55,0.4323099116527972,2.4614987009748353e-23,3.974643810135562e-50,3.6809124829549923e-48,4.443590179998881e-47,0.07348265331606511,5.770970936736417e-30,6.304054661718567e-31,2.1284630531611604e-16
30,92
0.0,0.0,0.003981200510420058,1.804881835596838e-86,5.664356200740148e-31,0.004581078669182264,3.4332865302074358e-96,0.0040299442140505366,1.7758324550099305e-80,5.176752391869727e-94,4.987191052803262e-45,0.0945037211153018,0.7163165701143727,0.052053840165091375,0.013230324080602564,5.8284659577378165e-43,0.04749472612411159,1.4157897516818316e-11,0.010047646235479848,2.138826754717142e-17,3.6652703836325285e-22,7.324026602595544e-48,9.840690131709348e-81,1.3736723033296349e-86,4.217485043904106e-68,5.31754504967834e-108,7.312545857064277e-88,5.022607081441334e-95,2.808016982306024e-42,6.528634497575953e-89,4.6238914186837255e-95,6.357037518657934e-158,2.622674497832716e-122,1.0891844213535945e-97,0.014851008013379427,1.5596179439041897e-142,4.495459744240466e-34,2.0375293420428283e-151,2.627252418233975e-13,0.004344833750558825,2.688189780549935e-72,7.0914779400870694e-121,6.52940479367671e-216,8.984464571670236e-238,1.8824562084258546e-15,5.2834729608753564e-239,3.522158632767468e-104,0.004365382167109596,2.3676074053674057e-180,0.0075724780719364695,5.006188910410811e-224,7.409243299163891e-88,1.0425301829384085e-58,9.541361845547466e-222,8.314686764709051e-263,4.122568696237436e-293,3.716307718804464e-178,2.965929645092143e-191,1.8491664434835694e-129,2.4354936642552854e-102,1.6565754785451323e-129,1.0096571723683484e-119,1.6189220984687117e-160,4.597495990334347e-162,1.368016885075296e-139,0.0086047038802432,4.816260935490859e-180,1.834639517469113e-66,0.006306555011343423,2.836798563520321e-224,2.5179618688505493e-206,0.0042418303912633865,4.759755240363884e-203,1.276014183813221e-187,0.0034741574711303416,3.5757787060393795e-163,3.197989100393053e-191,4.338753506842919e-159,8.166683820328649e-201,1.6342650505311127e-169,1.3107061157468308e-280,0.0,2.6415214617350038e-245,0.0,2.5800577132782793e-212,0.0,0.0,0.0,0.0,0.0,0.0,0.0
0.0,0.0,3.105636971967505e-185,0.004517743729209044,1.5851190813485667e-121,4.8288632725983866e-155,5.760508123852034e-61,9.063056086405602e-44,3.3209071894197126e-41,5.948274387011134e-52,7.480333329474557e-11,0.0009362326613327746,0.14097337762480885,0.06330405848919514,0.1804387736296192,0.2265683272776519,0.13711628903262535,0.00026572959151869153,0.045362336699101176,0.010365076951832407,0.06532813914291401,9.50821816802738e-28,6.741970009602341e-8,0.011761220137932429,2.801761785680745e-9,1.5830944034055233e-10,4.3026368337410977e-29,0.00012232638716666436,0.014316192588605359,3.0993202471999123e-16,0.005585712651006604,0.019280488257505286,0.0005445058922381804,0.015608844964947797,6.764171677245383e-27,4.971619313911757e-26,0.01642718386964502,3.3483610941319156e-43,2.7267761182744575e-35,0.008901684480812421,2.1473459296314014e-58,0.0004788194120398476,1.2090957673547104e-85,5.632416383532258e-82,1.8298934826647878e-87,2.1131741312361553e-90,4.559709880793172e-76,3.44250771530926e-99,1.581749931384975e-67,2.093759354091253e-123,1.114701884930379e-77,3.943153461646995e-46,1.3849930868948795e-144,1.4069458612778458e-69,1.249460036303536e-60,1.8956058349938717e-73,8.227947661093767e-49,1.116205538970818e-167,0.0058421815821582575,1.3194313305349188e-42,9.616637846600947e-53,1.773598554176296e-20,0.025954684491558574,2.2458402248564773e-85,1.595492620041752e-117,4.4258024556028525e-198,2.0062297274459413e-42,9.144240339385133e-31,1.4662562154787428e-50,1.740908601363009e-57,9.225384261551838e-45,3.509537610812447e-60,6.002191269019889e-198,9.191117211783131e-104,1.4555114274458429e-78,1.4475463284674043e-114,2.3177177429357017e-44,1.3247253651348774e-30,4.234078571925633e-83,4.302386212022806e-128,7.621015929949381e-114,6.160880191973698e-244,6.042410589064338e-291,1.3328524270642161e-138,4.2741555302844204e-153,3.0256086837679853e-295,1.590746051697068e-122,0.0,0.0,0.0,0.0,0.0
0.0,0.0,4.5962240251575867e-92,1.2223698982018015e-60,1.9182490246899056e-213,2.3972439951009716e-108,9.366906529009607e-54,5.253242209043315e-12,9.14970873897839e-137,2.3795313879923895e-96,5.864978960301912e-19,5.788981389153741e-14,0.0019663177777891933,2.4011785470461738e-33,4.0391893060013394e-8,1.0467469153528473e-13,0.02632739430213455,0.11233570560788225,0.18903922364990144,0.22923190656254525,0.23492941883319124,0.12590385613491298,3.679756085989451e-11,0.03854269207901568,0.008132558977587535,6.368911066054648e-7,5.5106924927401187e-5,3.6332246860850505e-9,2.9662279683582895e-21,0.008059433919079529,2.6997927003398877e-5,3.931156336195643e-21,3.2154582901814066e-6,0.0015721489157153202,4.492068868597704e-16,0.004163567987093699,9.987426717904907e-27,1.778323406789795e-19,6.731377506152671e-6,3.638422429752156e-76,6.850617811448807e-29,0.002371051601552614,2.8402540101885534e-28,1.1063503305232203e-87,0.0046990803751129516,8.933352445940978e-118,1.0184496179496588e-42,1.0596263655352452e-52,6.585166759407563e-22,9.768536276627752e-136,7.189729947514497e-98,1.883927957240362e-144,6.222140090908182e-39,0.004964625461616887,9.708798858616039e-88,7.456755141313321e-257,7.359343432513998e-60,1.0050065439700218e-248,1.3254503059426302e-6,1.5515948904539572e-125,5.008862989783214e-85,1.1435204009340551e-26,6.055017827523482e-74,8.124094379748472e-37,0.0024016159740338086,2.622166047667318e-96,2.326547645278078e-117,1.4975783376135196e-95,6.72403585223182e-92,1.2214392183242843e-124,5.471274147195263e-10,4.7751486443095184e-142,9.05366204679526e-237,1.5507409424680255e-42,4.410642886486034e-108,1.6361645916999097e-201,1.8162685611448017e-100,1.879630240584454e-103,0.005265343197236405,7.560501231338577e-258,8.735622895650934e-132,0.0,1.339041631694849e-290,0.0,2.465472527983453e-145,0.0,6.285044546588985e-168,0.0,0.0,0.0,0.0,0.0
0.0,0.0,0.030506844493238938,0.0105276835713837,1.3844505942610477e-39,3.4528154989776206e-49,0.30010549247019497,0.11955793804664498,0.15803265129983135,0.20583425681820666,4.2090763018645003e-29,3.1826838020323497e-11,7.301573898094176e-7,1.4466890051640748e-40,3.335342931365679e-31,4.641490672906014e-32,1.9559740082068098e-7,0.01827791592590933,0.023220814937788246,5.8952424342535624e-55,0.048302023784173455,7.009305125517117e-63,0.008597803820233913,3.9900509582337743e-91,1.240754607175763e-54,2.754641739488563e-60,0.019817813147549736,1.2009368937787507e-76,0.04904926280705404,3.4769624106103134e-178,5.0371367827291735e-95,6.4345754966675415e-142,6.451243083893513e-129,1.8649515687592137e-121,3.770024574330492e-111,4.932175676421767e-137,3.34384308283497e-108,1.4063331697239055e-106,4.1510293760282684e-113,3.1174633874772495e-191,1.8228523356129196e-189,4.068126599005626e-59,6.9570998383022e-151,1.695839735761499e-160,3.5631484604712584e-111,0.0,2.2131025678181947e-202,7.81292887184517e-248,2.3157424305901367e-207,2.4975170711055534e-143,8.365549867699866e-82,5.122064480470178e-308,1.9816776516928744e-245,1.0755407108596545e-157,2.7340040742527285e-132,0.0,0.008168573091173392,1.52374875423e-313,1.4810204707226665e-198,5.423667306486778e-33,2.1201030902134684e-155,1.0339546263409689e-195,3.331811697816479e-103,3.1547730507933374e-110,1.601362501959625e-123,2.28618364703747e-68,1.8534807632638752e-109,2.8339196205044835e-190,9.435858989722127e-98,2.4916715491471765e-168,1.0689918157006601e-156,4.537168626574633e-239,5.895512529868923e-192,3.0309341092849783e-161,7.328279353018781e-64,5.083068458218703e-184,1.3764911592381413e-298,0.0,5.094176810338503e-282,3.8225725601176543e-299,1.248673679417743e-301,0.0,0.0,0.0,0.0,0.0,0.0,0.0,0.0,0.0,0.0,0.0
0.0,0.0,3.754120200871699e-38,3.858416627422208e-38,1.3489412845421536e-8,9.196615334299827e-35,6.3220135168215024e-52,6.079000151905441e-29,5.33566877718478e-42,3.4531907600129756e-55,1.250629978799994e-8,5.725514761566567e-20,0.8328533852337365,1.637182729793224e-30,1.7327487965391045e-15,3.720624756484547e-18,0.005047508565429344,0.07810905930744642,7.044576980653858e-21,3.2688389140027e-51,0.009252691154111366,6.327554802444715e-27,1.1846468915238983e-76,2.3096289508277913e-29,1.4468619607445734e-8,2.7759552341824635e-7,1.0816297151192249e-58,0.014590261563106131,6.205586187351987e-7,1.3194834781399188e-50,1.4160026930370216e-79,5.016046936242505e-102,1.2840358045008917e-79,6.7527762202995285e-56,1.7661664979055186e-84,1.2231611585794345e-99,4.711972244390179e-15,1.632307986037143e-24,1.5196044912469196e-68,1.682262855146656e-108,1.7920526082103227e-82,0.020888353670321255,1.7148753604252845e-150,1.641412609628924e-119,1.0420939386871423e-67,8.348585737819812e-108,0.008847227475723671,1.7634754161589452e-75,1.1127483707487104e-29,1.2251223831262939e-142,7.985247728958646e-143,0.010004800034232039,2.1784241998360414e-160,4.897475699859216e-109,1.4319222376320907e-127,6.733561435842265e-217,6.513134190031271e-154,0.0,1.6371849486986494e-99,8.444466009016667e-114,1.0167724949985984e-116,8.482552963698472e-167,0.006660314647754022,4.791145279361719e-125,0.01374545972965828,8.838571250251146e-157,9.396567294714298e-105,5.5266468225059296e-118,6.373394538552343e-73,1.0373942779804308e-103,1.7600501734044863e-67,2.7053302600615366e-106,1.814662510907923e-139,1.4986153470349101e-74,7.015959318370043e-50,4.007259382617233e-46,7.516921232783325e-57,4.725360236225013e-108,4.96536613906336e-111,2.796319530309567e-233,1.6108973521668452e-89,0.0,1.0e-323,0.0,0.0,0.0,0.0,0.0,0.0,0.0,0.0,0.0
0.0,0.0,6.810035444564863e-84,0.008405624065053945,5.308094758086465e-175,5.48114808730428e-97,6.469424524022906e-81,1.7614508304021372e-83,4.0727275542717354e-86,6.134058465829516e-20,0.6194687250848451,0.33738076715221677,0.025910836466058157,0.0010047847758761113,4.908147021758841e-5,9.000457058033902e-17,9.097667941331911e-11,8.971440238026049e-20,5.062968182335797e-40,5.198563261825788e-19,5.667945737214187e-13,1.566755303422607e-161,8.794921018557492e-93,1.200861441325814e-124,8.03114711774072e-14,3.890658809700939e-132,7.202434794600546e-89,0.0038133127888060124,3.9956868665628905e-72,3.407253651149441e-140,1.141429725099942e-141,3.7151715780734255e-89,8.924483965551439e-128,2.212630729431051e-211,6.7567894242914855e-37,8.451190328717247e-90,2.451350223378228e-50,8.050526521768232e-256,4.703540690374519e-205,9.802693366512904e-106,2.3452740969703196e-286,6.071539172247208e-174,0.0,0.0,7.790326345857565e-220,0.0,9.222837921022046e-282,0.0,0.0,0.0,0.0,5.065653885605043e-112,1.3968866766286723e-279,0.0,2.2356195956127347e-294,0.0,1.1042038759260205e-273,0.0,4.543358342589598e-158,1.6472210438446736e-251,3.4052882868289e-310,1.8949942843655907e-154,3.2879532535367937e-189,1.3205629683539299e-114,0.0,0.0039668659928435894,0.0,2.1124589300354314e-9,0.0,4.482644494322669e-80,1.2798502069557924e-253,0.0,0.0,3.638342992630286e-253,8.63852976313979e-274,0.0,0.0,0.0,1.3332492962167634e-299,0.0,0.0,0.0,0.0,0.0,0.0,0.0,0.0,0.0,0.0,0.0,0.0,0.0
0.0,0.0,1.108921959958996e-122,1.2188538564148915e-64,1.5242757035264286e-163,9.896502351320126e-76,2.3012902684465463e-47,1.2911203446621258e-99,1.967456389106641e-61,1.1050522867915518e-18,0.8647721142513377,0.07465444193064652,1.6587453790092394e-15,2.799156775476483e-18,1.9284169673801258e-13,0.03220249312598929,0.006899407209922233,0.006952104505777592,7.269346857902537e-28,1.3378636346315369e-33,0.0004001457503708269,5.241373680953873e-71,1.6443635890399788e-36,7.882170571998532e-88,1.7449940312974032e-26,2.233914146480838e-134,1.2620689394812926e-67,4.867866848782002e-101,2.195419342827743e-53,1.5904323051229473e-145,3.5785332282790045e-164,3.6464314277968593e-29,3.7578694519745166e-56,1.0521072913077458e-153,4.24039348607421e-84,4.333236245845555e-139,0.0047388228254883,1.6893859874176056e-203,0.004294952387480799,8.036856362329324e-148,8.232521511081278e-251,1.522813857037765e-202,5.7942941256800514e-232,0.0,3.081730563531438e-177,0.0,1.160312245518559e-289,0.0,1.2355883516275209e-287,0.0,1.5665132154457685e-307,0.005085518012791936,8.383441230941453e-260,3.888864693091118e-213,7.197565715371979e-281,0.0,1.54523340860056e-310,0.0,8.149972330327955e-162,6.139636033886045e-180,1.3021074930120371e-282,2.031629663116719e-241,3.4548755866153717e-140,1.0329051757115664e-130,1.28101410880165e-280,6.329520850410149e-101,0.0,4.9074508257870437e-20,0.0,2.14878400490275e-133,4.5827239814000414e-275,6.849752669380108e-202,0.0,4.667129341015675e-274,1.2310235102941968e-210,0.0,0.0,0.0,0.0,0.0,0.0,0.0,0.0,0.0,0.0,0.0,0.0,0.0,0.0,0.0,0.0,0.0
0.0,0.0,1.1650632918964975e-48,9.387472849401819e-46,2.8439829528137244e-131,1.7009119032446352e-94,9.356576013116076e-89,6.514572290499311e-104,7.31561244985963e-57,2.2167796125363087e-21,0.9791938394465616,7.32994680779786e-6,1.9494942443110493e-17,9.809152165966487e-18,5.4634698834234364e-11,1.462133477264368e-6,3.170990765332863e-9,0.000757857351093502,2.4436897045754016e-12,0.015976185906876876,7.330924010848405e-22,1.9302359152813928e-178,9.903871839351339e-61,1.3584331267106343e-135,5.3111583482025706e-20,4.026273107357567e-123,8.985402673975147e-96,2.3766604274843702e-95,8.40209775899129e-118,2.1336288919936123e-173,5.254073740429137e-126,6.700061773244976e-40,8.919774279878933e-205,5.254283431017425e-153,2.2259743807739646e-43,3.229872599316661e-156,1.210211888452496e-40,3.0229803787357575e-243,3.296820238290927e-176,8.579415610579225e-163,1.0869012301455487e-295,8.454123315839388e-169,1.4389802558053962e-269,0.0,8.707656961183897e-178,0.0,0.0,0.0,0.0,0.0,0.0,1.8070471073163352e-100,0.0,6.096673352055935e-306,0.0,0.0,4.485553738385923e-190,0.0,1.8039620048353826e-160,3.191207035573018e-151,0.0,1.4380939132431877e-296,7.652228403415552e-189,0.004063321987113653,0.0,1.0259032267277785e-106,0.0,2.1602421253649706e-82,1.324516253575546e-276,1.1159436536955508e-39,1.5531605654906307e-127,8.469041986135113e-250,0.0,2.1824957873453338e-237,1.033904110737655e-257,0.0,0.0,5.251499526068604e-235,0.0,0.0,0.0,0.0,0.0,0.0,0.0,0.0,0.0,0.0,0.0,0.0,0.0,0.0
0.0,4.078397421065733e-308,0.0783076543890923,0.8213571921226359,0.07490873108898216,7.521839570932753e-70,3.1744405503055416e-43,0.017423838133722787,0.0028875373443328894,1.032659595447787e-87,3.704508013983567e-36,0.0023890480461566067,2.7640349527833014e-101,1.9603418507803643e-109,2.3695225112788613e-116,3.482217165771238e-56,9.27962368998459e-40,2.8208582895221084e-123,7.634242102975814e-116,3.5495457553088657e-99,3.279232030662671e-76,1.2662787139833352e-57,1.1402612375912634e-157,4.459273950041859e-142,9.399835403493723e-43,1.0532803494851778e-118,1.0100041509373571e-225,1.0201433463993523e-119,3.198588800912295e-63,8.453479245142142e-219,1.0280831352161513e-163,2.705212333634507e-232,2.5015162235270634e-127,2.1067213269030147e-292,1.0602035406257197e-200,2.3783392300851758e-176,1.832373653855891e-166,8.498667155803326e-306,8.302705795534275e-262,4.404675302964754e-273,0.0,2.1683607181142475e-226,7.574076805448283e-166,0.0,0.002725998875077223,0.0,3.896051815978388e-244,0.0,1.37000386927096e-309,3.232290346967929e-298,7.40700648610918e-266,8.585897358935503e-97,0.0,0.0,0.0,0.0,1.9620871979131947e-253,2.368560835550997e-222,1.4349735410339072e-180,4.207291108424348e-177,4.0269701317451116e-303,4.336559836256092e-216,1.1797654875778866e-200,9.508587153980213e-55,1.1022049096668693e-227,5.580145567792572e-221,3.935660667271734e-244,2.2258441130665267e-194,0.0,3.631107721622737e-183,3.496869253456482e-308,3.6526143820817852e-81,0.0,1.8921821337410328e-197,1.7591356471951245e-267,3.002890146897847e-257,0.0,0.0,4.3324870978677387e-290,0.0,0.0,0.0,0.0,0.0,0.0,0.0,0.0,0.0,0.0,0.0,0.0,0.0
0.0,0.0,1.2009525035219324e-253,1.2214811182552518e-158,2.610241327181825e-249,3.2895772491292575e-114,6.150052348453805e-91,7.929520706349569e-75,2.0672770352386669e-137,0.004933070410405812,2.436579248060567e-13,0.01366717152495224,0.006259951049777882,3.691320302398769e-32,1.0775861503436846e-26,0.0253974108073167,0.17664416830830063,0.17923791174595044,0.4064097415829946,0.10102165977407586,0.008397601128618589,0.003232566171616472,0.015408551235254128,0.030237767565710342,3.6192541578651946e-36,2.3994990906510207e-46,0.009163333206463535,0.007685717075423899,7.824934603055005e-26,1.0647943773681515e-36,9.707928713199113e-31,7.946060750993555e-55,8.142369961990847e-99,5.59543220190893e-46,2.140026347415835e-30,2.1469114488561595e-30,2.1844479110895458e-90,0.005294771538299183,2.2932574271280762e-80,3.5278504014371225e-134,4.699899838296844e-127,9.488742075452443e-59,2.0669928692945783e-181,4.524969687962017e-176,1.8460540556754196e-87,1.5133000268351284e-296,3.6820875731957425e-191,1.576736632876023e-255,1.4247882670344922e-295,0.0,7.177594918293408e-256,1.938211466930933e-283,0.002345800801928199,3.243432166156377e-56,0.00230970347953267,0.0,2.88504961752395e-183,2.194916881126444e-286,1.2268117151188279e-57,3.9536609858214264e-175,5.365767855035617e-148,0.0023531025931353305,1.8851826527914263e-109,2.1323787583563686e-79,4.142962856032903e-90,1.2860229659774564e-246,6.386763363025131e-192,9.497908130788004e-169,2.355456348628963e-278,5.4795636872441836e-145,2.247475709703126e-153,6.741676483312142e-156,0.0,3.1451940310205436e-102,8.627639717644676e-110,1.1644114520345654e-303,0.0,0.0,4.7660452927131944e-132,0.0,1.3040941282028829e-176,0.0,0.0,0.0,0.0,0.0,0.0,0.0,0.0,0.0,0.0,0.0
0.0,0.0,8.255896155854295e-93,1.949391005288431e-67,7.993862285679973e-147,5.530608807193488e-82,2.4157290891433648e-70,1.7846925832102614e-56,1.483134021723456e-157,4.160824089245769e-105,1.8673011018648036e-30,0.010713984226287582,6.573922759924316e-47,1.1795803793397994e-65,8.635475473772777e-33,3.072489287875674e-25,5.534976005633826e-9,2.1522207465897968e-5,3.2299612001957436e-17,8.878055377613375e-19,0.00503366843505656,0.04996033846708953,0.23890725391349343,0.13656155655821323,0.1314144522396802,0.08919705335515876,0.07223931258121709,0.08515200976524132,0.0413798779459553,0.04943007159408544,0.01876401977225044,0.0009391241008784806,0.03151272157318845,6.460710392027964e-17,0.012420084581704545,1.2230051918433322e-37,0.004837425662345352,2.0051366784149769e-47,3.782611419906436e-55,4.47719503345742e-78,0.0007574479333995343,7.929117685979176e-39,1.7386290718228163e-86,0.006353918444036125,2.971372295957215e-27,1.6586953401073612e-112,1.7936435531173484e-112,0.005139824740232645,8.207233265448843e-59,1.0755623423259e-125,1.6206438851855072e-86,5.334674428055134e-166,6.018360224167585e-105,7.116226746841545e-57,1.698804894545084e-89,2.75218261848059e-262,9.0799927295642e-28,0.0,0.003131528716014978,1.4845240127143437e-178,1.4033936693856942e-124,1.3242074256921512e-79,2.2753774031049087e-84,3.5662204898144746e-137,1.1393716271636377e-18,4.962315469074002e-80,5.025085878153918e-122,2.748125687667123e-49,0.006132797652029045,4.799213768355209e-124,8.039324452847917e-73,1.0815786899568148e-42,1.4144258492684688e-236,2.263850035291549e-74,2.422436905585784e-97,6.618935366247403e-160,2.818679088399397e-86,2.1122853354911444e-152,1.2134198581460092e-51,7.531517333774308e-205,6.511664408528795e-161,0.0,0.0,0.0,0.0,0.0,0.0,0.0,0.0,0.0,0.0,0.0
0.0,0.0,3.1505054424178264e-112,8.872862252680497e-59,3.001708432694235e-130,1.1376605738258076e-31,3.820341648099699e-72,0.003087455740069244,3.313075469059415e-25,1.4442663996707996e-56,0.007182682817033285,1.114231057205634e-17,3.4187647510032406e-10,1.4400078708517361e-12,0.7839552851285492,0.05138296828053628,0.01654401527607635,0.015174092758833893,9.507165859077554e-37,3.242595315989758e-28,0.02246155191089029,0.03501205691809921,0.02810033330559122,8.652593061791201e-22,3.4560600519089053e-46,8.519722204956739e-16,0.002758128369437229,7.114685227676745e-34,0.015858025264713218,3.6437509810948297e-84,5.615290714895645e-53,3.076780480601366e-116,1.349414538696588e-21,2.0620921206995194e-47,5.946763356100026e-73,5.633880637132569e-78,2.2572445199172466e-71,3.2337728226878252e-52,2.0992754488174692e-71,8.996829084535098e-138,9.215465283764478e-73,5.612201608131093e-128,0.011863174704998746,2.354499930768421e-186,6.536086875717503e-81,5.7690688998193136e-176,2.191492019323683e-78,1.152704153605117e-169,1.736439500069388e-90,1.718262838496466e-185,1.3985857277840752e-124,8.863544130361301e-193,1.2042714952810563e-140,1.7337124646875108e-138,2.176102060223405e-176,1.7909694266016946e-189,5.006005018677759e-99,1.1987636656543676e-224,2.0884366981895712e-107,9.028515208540177e-91,3.0116224071391194e-52,0.006620229181854653,3.962589732421658e-89,7.086342683503425e-87,1.254461375581552e-94,1.5794558439424754e-107,1.5953396894235102e-65,4.339837080810944e-46,9.879560394163749e-94,7.9620309818735895e-87,8.299016183826886e-129,1.1986820798017608e-99,7.678128324393072e-155,4.7863873884926425e-141,8.444620129268155e-65,9.357198551514965e-168,8.407913286937781e-60,3.4749498942104517e-127,1.673430431172489e-160,1.585455837556428e-241,1.6966560587944835e-192,2.0014390823017047e-294,6.3917359054109804e-248,1.4947849672811543e-238,5.139095211080294e-246,4.6001172920315e-311,1.01367e-319,0.0,0.0,0.0,0.0,0.0
0.0,0.0,0.0333636104829261,5.121980384289275e-20,0.3313891297314836,0.38810036310474977,0.13853647323065327,0.01938424783033058,0.03163634861605242,1.8790414396885892e-35,6.635395968659049e-73,2.859152026427504e-73,5.331657537958034e-45,7.673655943802507e-48,6.416130338580725e-48,2.2653419134128853e-36,2.0104108130734916e-77,4.695526548447091e-57,1.574408529392921e-100,2.87552828718746e-51,2.9785021236221016e-97,8.942882384108274e-6,2.456493200773843e-168,3.1037648332810506e-152,1.240638878831425e-75,2.5917486051854886e-60,9.989254764992089e-117,2.7133435365305866e-62,6.612289614342064e-66,6.7845428411080755e-224,0.024578056001574856,1.72163829431964e-241,1.061351692995709e-130,1.0938364525004351e-168,6.192038015263597e-216,1.0024918729008009e-210,7.116394641574244e-138,4.5110805918243466e-154,2.0694835592429057e-150,2.8321224032374015e-247,4.6597382093940516e-212,1.142317989005878e-190,5.09378485703777e-134,0.0,2.8291884792459844e-151,0.0,9.687773757319238e-186,0.0,5.871921774786863e-293,7.729634542717164e-207,6.349319987291551e-230,1.7426781710369002e-235,0.0,0.0,2.2828147337648594e-143,0.0,0.0,0.016350296639396435,1.1547314321279478e-157,0.016652531480448762,3.268595666386748e-196,7.489831085256397e-281,3.92847038887475e-192,5.82242303537269e-205,1.3186124055550626e-238,2.575466647083884e-223,1.3382045723805025e-208,2.724536660963715e-197,0.0,0.0,3.881227182328802e-116,1.0583182848831457e-277,9.029197387886005e-161,4.591343221635009e-180,1.2106810274585125e-247,0.0,0.0,0.0,0.0,4.511236458558274e-203,0.0,0.0,0.0,0.0,0.0,0.0,0.0,0.0,0.0,0.0,0.0,0.0
0.0,0.0,5.186669634927025e-76,1.1990495688223592e-67,7.109414863653706e-98,1.2559548480618558e-130,2.0762090508773324e-53,1.6538914071249064e-31,1.642863816834568e-106,1.850592568222794e-63,1.8354157851472063e-47,6.643504703370591e-13,0.015156900016425485,0.8174441820545477,0.09918858455503142,0.01878252174059681,1.983145919902035e-49,0.01692181070959283,2.151690865106515e-33,2.3850409321831396e-68,0.010932567239952772,2.713771788580428e-58,1.1381037010072664e-64,5.183680288987056e-34,4.0971659990372035e-89,1.2291577562070503e-100,1.6016811303002918e-98,1.4723326710030338e-73,1.8149884350827253e-28,5.721224729588865e-163,2.855872756446828e-131,4.048347772098227e-190,4.310240253936802e-79,6.889130477956723e-128,0.004695628953048924,1.9783014166317255e-167,3.0125380972324635e-97,0.002544370981399011,4.348378635374655e-31,3.460050756255539e-167,8.923534574969832e-77,3.81723973130241e-169,4.545404168070199e-130,9.413237059486278e-203,0.0072555144512010524,3.144540568949726e-205,8.687719825859147e-107,1.2338099590389762e-136,5.5447299647436606e-108,4.569532580527816e-182,2.1968468818816203e-233,2.125821973275768e-215,4.613933017533279e-112,2.7112896771313035e-148,1.1657208137956414e-192,0.0,1.9781582157875356e-60,1.5756942762593301e-198,0.007077919297539778,2.9059576047877303e-170,1.2367117760488474e-119,2.2720968920247974e-81,5.035832771003023e-137,5.872603515578615e-216,1.3628135764954743e-142,5.521908577395108e-137,4.931332945516175e-122,2.6910296704290495e-156,1.8563868210965599e-124,2.478690613661575e-59,3.193397031843822e-179,3.5921266322893494e-147,5.660460380242257e-75,1.852342506512518e-79,6.920480046262404e-30,4.432555934286696e-178,2.3073446846016886e-39,1.6782252116307628e-34,4.2788320558560803e-187,6.938800602344888e-221,2.7803979806123912e-157,0.0,8.836061688972523e-291,0.0,0.0,1.473626726315921e-276,0.0,0.0,0.0,0.0,0.0,0.0
0.0,0.0,4.978135280409524e-84,1.6329353975015939e-18,3.940221056696472e-39,0.015121159945311545,2.5510259196903904e-38,2.8306346215631347e-22,0.025576233059662667,2.1692556985332202e-41,0.031981225650834694,3.229242995548269e-34,5.842773733247486e-31,1.3407746547730817e-16,5.193998818896128e-15,5.833483607002085e-17,0.09915251256394521,0.06540886315643006,0.10379212411227198,0.2420493411187073,2.5322642744037407e-9,1.3250824097408597e-31,3.1479431658118746e-42,1.207223679073801e-24,0.14801171817019823,0.011319834295765064,1.0877199928094672e-5,0.0020016642542046606,2.575096284945071e-39,7.457191381904604e-33,2.2038285221680745e-61,1.5499615130110109e-19,6.733631249486622e-58,1.5471094909064516e-6,2.331259530030704e-13,0.045663009992677285,2.2879901924921697e-69,0.07090033708297627,1.577987982169915e-105,3.6590045507573754e-82,4.3913458076758677e-38,9.221402921354869e-57,0.02736784025450371,2.1426715081134713e-106,1.689513775542912e-69,1.6430118052257106e-121,0.03984054318292145,1.2683671375544008e-104,1.816622374778065e-18,1.0161990205492076e-92,1.4189807421957296e-66,3.595758699257463e-10,0.015165643241912575,1.855624727631719e-59,1.763978583830367e-31,9.78801421624558e-131,6.03020221446592e-63,7.905832652563412e-60,1.9530828574559075e-75,4.181651306412814e-34,2.4835392879000316e-15,4.7192721159890785e-9,5.059601895655429e-34,6.016204349876879e-13,4.934349113738779e-8,2.0770508460939258e-61,2.0112900987620042e-44,3.590450684417394e-66,1.0410179962975382e-31,2.2473106656454537e-47,0.016786530300882146,1.294443244360665e-74,2.3235683114092908e-54,2.3868644396252532e-55,8.009880496371118e-67,0.03984893835193025,8.520464848145743e-60,3.554930504570843e-119,1.972775473662762e-64,3.2790777783480544e-135,8.3611412041351e-133,3.6057274363225827e-165,2.485193477563816e-78,1.830075529159092e-168,2.442418963730592e-57,1.6993709810542095e-129,1.2962019279227338e-228,0.0,0.0,0.0,0.0,0.0
0.0,0.0,5.810749712889649e-37,2.7588314137594213e-21,0.04860047222081168,2.92052767179108e-20,0.0924899456887749,0.02672826799054941,0.3146902723735686,0.1779741727634693,0.2760514608979461,4.723812232312045e-28,1.254041991568409e-62,3.1302733191080434e-74,1.5834768967477265e-95,7.919315077471947e-67,5.03515236597094e-33,0.012875396073938937,4.759350778155916e-86,3.047624745116467e-26,0.017469101203212926,1.4122437300375322e-124,6.31037365198661e-104,1.1607938411325222e-138,2.4874780021445897e-106,5.360822883137164e-131,2.1131024986014916e-103,9.920792329004357e-99,4.21912212317344e-105,6.026265452742216e-96,5.977273870639473e-187,1.4549720633635902e-165,2.386944264042363e-166,2.1263491701887e-92,7.120737643390192e-160,3.1651731385217137e-220,7.075232427168662e-70,1.8659722408109247e-118,0.016643495144594084,8.978947512454878e-121,1.3846179162540372e-142,1.9764716975458562e-115,1.8318396530827209e-149,0.0,1.8410320054914678e-236,0.0,1.76811534893979e-216,8.21882217162679e-303,3.9737539354786585e-300,0.0,2.8287290843739276e-207,0.0,4.4099063637086915e-285,5.115236681227951e-205,1.7491411787221917e-214,5.795754753268103e-284,1.22302086777457e-234,2.2212071337949593e-284,4.249913596441915e-189,1.0148742960847985e-6,9.487173574320756e-229,1.5385410332430066e-156,1.0661115037379246e-138,2.286895146366517e-182,1.7204376934744924e-221,9.777250871223633e-246,2.015247667084167e-198,0.016476400768838047,1.6619189802415819e-217,2.525778596650439e-242,6.926348762338075e-196,2.273072463818004e-170,8.407589016142727e-284,7.822610933341327e-34,3.295922017981506e-300,5.44653391747e-313,0.0,0.0,0.0,0.0,0.0,0.0,0.0,0.0,0.0,0.0,0.0,0.0,0.0,0.0,0.0,0.0
0.0,0.0,5.932024297001899e-163,0.0013585723668085895,3.063966847511057e-121,4.265356378139142e-111,2.8239675016194317e-74,4.279558769159082e-65,1.095817633662935e-104,1.270386549831093e-95,0.012724430291839771,0.9108073275024596,0.025652029539115204,0.0013337551432339749,0.004525199122453085,0.012334028953607258,0.015062722072029295,0.004272732154484303,0.0006349976590158108,1.5232898120686088e-43,0.0022089006346511213,1.4569957567924632e-40,2.93611438232374e-43,8.135290235351395e-51,2.057579955810599e-32,0.0027077659630347175,0.000430600330252866,5.743291243088576e-90,0.002266066397339783,2.5133118162893948e-68,3.16347635097096e-56,0.0023128189148579454,6.36900938973599e-61,1.8711559345016284e-9,2.9214780550483626e-155,2.79263018309725e-115,2.6410093596530105e-150,1.9650638178791722e-133,2.749263231613355e-56,9.852582723374186e-174,7.429787533274015e-230,2.7083467159322375e-113,9.072053241473165e-128,3.5953282735074147e-240,0.0013680510836240735,3.160388187463491e-302,5.96876894373495e-216,2.886710290953102e-276,9.615679606648967e-165,1.9433671186580913e-177,4.0388441592213955e-228,6.4955120314483e-151,6.141181244881243e-240,8.539291819923178e-242,6.815648728211814e-260,0.0,5.059737726579286e-256,0.0,3.6730531107483343e-14,2.8541299869160794e-267,4.639263570648807e-231,1.0300768375198489e-217,5.229193525799222e-57,1.3932132542710888e-155,9.546352646761718e-224,1.36004666693836e-290,3.214156900376571e-245,2.7552813852654888e-25,1.872031005848765e-33,1.5417424870033794e-82,9.542204246896177e-230,3.926927723425007e-150,1.6016299546674638e-273,2.212047724494653e-236,4.871171610315447e-119,2.6477015572829452e-217,1.060036964986433e-260,3.6317965480698445e-196,6.4645017596310074e-254,0.0,0.0,0.0,0.0,0.0,0.0,0.0,0.0,0.0,0.0,0.0,0.0,0.0
0.0,0.0,2.2105071199737024e-115,3.192681691758172e-107,3.0305347531454522e-124,5.572630467571333e-112,0.002235038867756704,1.5027179587251e-82,4.264170934617682e-112,1.392317108478217e-181,1.5913197103450656e-26,0.007789186398211352,0.001633653796535843,4.601334422732928e-48,0.0115959220176891,0.008849073448982371,0.00979118245127581,0.021039883040257546,0.014971912794536461,0.01915872466879572,0.012124687437700921,0.0205905541525494,0.015635042966630357,0.024074740573126887,0.025602925384268494,0.051624939456400565,0.07200320824506615,0.048689367129385736,0.04624490183774197,0.030786276689669805,0.07208907717266606,0.04931070042281647,0.0604310786733801,0.027666116340775218,0.062013486227687965,0.04922749163354903,0.02823404360943728,0.03179698173277887,0.055413764804752325,0.005397908949250908,0.019949924843965797,0.0028743327875011145,0.02129124398806414,3.2652660358060314e-8,1.0128535753106439e-27,2.933058972319331e-11,0.015887439729785405,2.2396327380396887e-5,0.009775898934396943,3.2047159758978604e-38,5.544759496819847e-45,0.00453965936817726,1.1048973250730875e-41,0.004293753850384199,1.2101859692659434e-17,1.0671218252212886e-91,0.003094504876804659,1.487056230057035e-72,0.006865269148410853,7.798238027426984e-45,0.010365652391885909,3.75013201550397e-22,2.9072616644281886e-43,0.0026020445641910576,1.430188941799369e-79,6.909808199310083e-60,7.766558471771684e-20,4.800936899101066e-55,1.760314531938153e-33,9.833246855004968e-7,1.003859937772484e-40,8.919191338687339e-25,3.5911479016477855e-96,2.063280088338456e-33,1.8967605329777963e-39,2.2176982592027043e-79,0.002050228981639727,0.004309867774835148,2.5042202358360213e-35,2.833051783154819e-41,1.4997505864753885e-90,5.565436481996093e-132,1.642642695565645e-104,9.658840819666633e-148,0.00403659700141383,7.425744695715374e-131,0.0020182985008115792,0.0,0.0,0.0,0.0,0.0
0.0,0.0,8.433530470522648e-83,2.626996400919717e-45,2.3687075688849453e-58,4.5406908978279346e-96,2.8293528184435958e-52,9.502080944731182e-14,3.57764363653137e-57,1.520436537899265e-51,2.216018249832492e-19,1.2704590917797987e-17,3.16822356627603e-16,0.020729123497901243,6.030498374065536e-8,0.08875852211993146,0.05379036726427432,0.1000946800498549,0.11269876590646331,3.1837410138622653e-9,0.02334080372451065,3.5598929778794712e-12,0.12651318575814322,0.019106685395924645,0.0570872565748507,0.04090642136986643,0.044290765575439595,4.391933488193351e-24,0.029973028947825706,0.039511443264182454,0.019803507126469708,0.04169278914200494,2.758103489290794e-40,0.009242899589846486,1.5124272241332045e-16,5.30268692919311e-32,3.9114364094855984e-31,5.044064111272967e-51,2.728663026295895e-42,6.084059281461636e-29,1.9076386358094757e-6,1.8664484161714213e-58,7.4051038497602e-67,1.0060798351216907e-170,3.993012779645603e-45,4.16985868893814e-112,2.4240558549936383e-145,2.2183171650653956e-40,1.3459887273386877e-95,2.3323638528769195e-40,1.824839561563687e-41,0.016391089188186398,1.381822070142926e-10,6.76220576101451e-37,0.009640996259076816,2.5076479798883764e-138,6.2874306943088265e-19,4.781613902021263e-192,8.679955972909378e-71,0.00167788335936603,9.669830545581643e-23,0.020394442065577716,0.026221512328880824,0.015730724942981424,1.835449961962841e-23,0.019223868283944262,0.038435502242339346,0.006195725640449061,1.4635201228831253e-50,5.8481989056705594e-21,1.5430436306922183e-42,2.349816814932636e-27,7.019134432148085e-16,0.009674651958903917,0.008871387153400592,2.0492803327676793e-13,9.934122625236918e-122,2.6350758322970736e-66,5.317239718039633e-62,6.106495919436218e-89,3.4297285613872343e-233,0.0,1.2487672662797832e-20,0.0,3.744939400002308e-81,5.450594235207836e-252,0.0,0.0,0.0,0.0,0.0,0.0
0.0,0.0,4.283678811258549e-25,0.17296185793595642,0.08422221325602595,0.10543408693874887,0.16319315810024623,0.0684198165929181,0.0815544560409755,0.08777388546997386,0.14360230738911314,0.022617112341715068,0.008905229879720967,0.007950331226048513,5.407779618176643e-44,5.398296335070654e-130,0.013254058074982651,1.6581302434810614e-138,1.102034383588148e-111,6.737268941904871e-75,0.01069761889266249,0.019617127859852822,1.3643174952138484e-129,2.6239414158821428e-157,3.0561076587970125e-62,4.6445423357911276e-126,6.657306937115712e-191,8.020265039123935e-98,6.60953250614057e-8,5.012877191494285e-255,3.554737778105134e-77,2.357803914e-315,4.677326724641625e-79,1.258760395937477e-220,3.9939136466826174e-220,6.7350062108876e-216,6.306776211953774e-94,4.000650621647708e-198,0.0,0.0,1.473889318936654e-283,4.209693402588036e-206,1.0238924587760329e-259,0.0,2.3749205758121023e-133,0.0,8.175248493678791e-238,0.0,4.780538947146551e-253,2.4220252933338627e-185,2.2716123142960846e-183,3.99220205215169e-48,2.461534993938471e-302,1.139483e-318,1.3909354650361481e-161,0.0,1.2300234425415972e-186,5.714605298087042e-196,9.198617156074233e-263,7.644302325796659e-142,0.00979667390573427,2.7422104709972706e-95,1.4403238483959264e-183,3.668082268376439e-180,7.102319794760729e-285,4.0759627761107788e-196,6.28025029107428e-129,0.0,9.451942611694052e-173,0.0,6.23e-322,2.2331893631564122e-223,0.0,1.3971248763123633e-182,8.622942064693187e-307,5.136197801833006e-139,0.0,0.0,3.311319764493236e-221,0.0,0.0,0.0,0.0,0.0,0.0,0.0,0.0,0.0,0.0,0.0,0.0,0.0
0.0,0.0,4.436054044778791e-168,1.0648754415285995e-92,2.4700803439389285e-226,7.402718392309637e-195,6.562223015435118e-79,6.385802362843228e-165,4.49772426834255e-150,0.0010747049814257793,0.9937852204407421,3.1173649292456324e-7,3.900043729521648e-10,0.0008916670823849694,0.002640300189762915,1.6196932942354733e-24,3.787472140584899e-8,1.102203654642885e-78,4.1899511495761194e-62,0.0012669859361619502,2.1379660882420906e-11,2.1150576414253264e-198,3.81418023813842e-165,2.584761435027097e-171,0.00034077134692428544,7.896430687000097e-171,3.711642550219308e-114,1.150580299563708e-175,1.6915640408215317e-119,4.530163522353085e-270,1.9430940126854893e-162,6.435293275481433e-134,5.957681680352811e-166,7.0867568994782596e-183,6.041832286455766e-76,7.801019291658327e-158,2.697757826191273e-84,1.237611301247187e-295,1.3374711630664423e-252,3.283612395435187e-180,0.0,2.3098816873011626e-256,0.0,0.0,1.2581180459837e-311,0.0,0.0,0.0,0.0,0.0,0.0,1.1243955174063736e-216,0.0,0.0,0.0,0.0,2.1560003463376586e-237,0.0,2.03636103366e-313,8.848306631627338e-195,0.0,0.0,3.085208508120533e-186,2.3680271471018168e-247,0.0,5.141077641930297e-171,0.0,9.447651881350897e-190,0.0,6.493364687242697e-136,1.934301475787997e-266,1.89693558e-315,0.0,6.217188197623056e-277,0.0,0.0,0.0,0.0,0.0,0.0,0.0,0.0,0.0,0.0,0.0,0.0,0.0,0.0,0.0,0.0,0.0,0.0
0.0,0.0020076703145511542,0.9702736071514175,0.013199775905175673,8.175801521785959e-13,0.006251767700317336,1.2187209837221971e-12,0.006021154452308132,1.6444671206520398e-75,6.1491307702285406e-111,1.0484529764109178e-79,4.958028526990723e-153,0.002246024474193591,2.0464541229129654e-24,7.245193923313902e-233,6.864258293148492e-27,3.594960636023806e-114,3.075226682525582e-218,7.286564651821463e-99,1.594340701075179e-180,1.4701714939174149e-86,1.315105107486097e-203,6.2666283699130316e-248,6.382672720340335e-294,2.9839030240588595e-164,6.655619226269859e-302,7.90013706933517e-272,2.581758830894318e-263,5.332439670670249e-68,0.0,3.2218409710443725e-80,0.0,0.0,0.0,0.0,3.1010559737420087e-274,0.0,3.5694870122287e-309,2.647645908439043e-157,0.0,0.0,0.0,0.0,0.0,5.7897083444228466e-254,0.0,0.0,0.0,0.0,0.0,0.0,4.214333332224816e-306,0.0,0.0,0.0,0.0,0.0,0.0,0.0,0.0,0.0,0.0,0.0,3.758878405e-315,0.0,0.0,0.0,0.0,0.0,0.0,1.5495154531013748e-299,0.0,0.0,8.721962418209771e-162,0.0,0.0,0.0,0.0,0.0,0.0,0.0,0.0,0.0,0.0,0.0,0.0,0.0,0.0,0.0,0.0,0.0,0.0
0.0,0.0,1.7808029821124088e-155,0.0019957771629086347,8.656305664077236e-114,2.001071309149915e-169,1.514354415069222e-61,1.1328343857970528e-38,6.419882535001833e-95,3.490703204058729e-147,4.689051033578693e-27,9.930547723981563e-42,1.8235200569208942e-13,0.0073043833527688135,0.002476650537183078,7.005952590972058e-32,6.426419709698099e-9,2.9728501019570356e-18,0.004194513204120187,1.0833445832442498e-22,1.085704432674791e-34,0.0050067698032543306,5.405134694465222e-30,6.488263748675924e-29,0.004566234952231966,8.332298396641953e-8,0.0041798446478289114,0.004438807893976669,0.005967048817010216,0.005981589960696024,0.008174594443957335,0.0020676189778977647,0.013222969107299636,0.01504267758112766,0.005950935644941411,0.0067028092455135675,0.017605672230340076,0.01235097679177309,0.013255197318049658,0.03624066760832163,0.011468731998635736,0.018810009263772763,0.008427538720727717,0.030323137009758937,0.03783602180678626,0.027699929240741664,0.006374356212544045,0.013502907327156099,0.01811647819779697,0.014371117661997702,0.025721362893102367,0.012007459955886753,0.02144643149875544,0.011535063445776567,0.005945092729398688,0.011871398258354938,0.01872894319178026,0.009892912203955684,0.03408582075123352,0.041127110774601815,0.029409568402223186,0.01924211681299715,0.02631613862039348,0.020038975839340188,0.011251953175037084,0.019790178588197618,0.017713094867742533,0.01654096345065435,0.009805280243000473,0.03165609805527544,0.0350149067843287,0.029731620096054734,0.02176423014031724,0.025676756040829387,0.021960119725460796,0.01372738874658231,0.013818662735784904,0.017539206209240096,0.007585230753794714,0.009892831881962449,0.02176423014031739,0.009892831881962449,0.00791426550556996,0.00197856637639249,2.052073861316927e-13,0.00395713275278498,1.1711863730807583e-89,0.0,0.0,0.0,0.0,0.0
0.0,0.0,7.738427905765988e-45,4.508255434483493e-78,1.740655213350447e-123,1.4283449982052479e-19,0.013825569341623503,0.052140601630563554,7.931628733911058e-34,2.2836776217518974e-60,8.889237378067484e-25,3.21461404034647e-11,0.19316863937018114,0.343820762068345,0.15717612837633513,0.052717620369502116,0.11444593216486613,0.029809006346604803,3.325610870680484e-27,2.851416072571807e-17,9.098008639504442e-23,2.4940482542242246e-31,3.4053348879810706e-8,2.5656136816682518e-21,3.2971503088370215e-17,1.4827042051819204e-19,1.4684449401490082e-43,4.716561424402548e-56,0.0333696020144408,1.108317278218063e-17,1.3553341952517689e-25,2.5654144731695436e-76,2.1309252530752167e-65,9.912845598107789e-43,7.101347537322745e-89,7.971495990766417e-48,3.8826298613214964e-88,1.232620419125425e-41,9.248820505418808e-7,8.743590339066618e-88,1.0852093690049098e-99,1.3046858177300444e-188,1.3171376215325399e-92,1.938034573659624e-126,2.6438146159836156e-17,2.2299958475773428e-219,1.0738174206637093e-64,2.9486359498753722e-176,7.54286863889748e-195,4.673293053567717e-221,2.457202085612951e-189,1.2408763521287848e-197,1.3049558600392984e-98,2.772263434024626e-156,7.179140093654638e-218,8.0256880383e-314,4.795529837600794e-180,2.396232679773914e-307,1.0005565479133544e-100,4.4900377548092915e-170,2.241985089738741e-130,1.0807068897474326e-74,3.302886593113813e-36,9.560289779323234e-61,2.1623460103012558e-82,3.796366770954806e-221,1.9654179856725902e-122,1.6933252049306083e-165,4.339018008462171e-117,3.077687946164313e-126,2.937855135023832e-106,1.0313785869377856e-149,6.58746919547583e-158,3.332599120019654e-76,0.009525179349992032,5.889990985663211e-239,1.752703286174293e-150,2.7955840881242563e-115,2.959705064264392e-172,0.0,6.51254818327959e-175,0.0,2.6248116462e-313,0.0,4.782518969806081e-303,0.0,0.0,0.0,0.0,0.0,0.0,0.0
0.0,0.0,5.045772419294124e-50,9.720379680051733e-78,5.277791318685144e-52,9.553152931250636e-74,5.532483227080843e-81,6.616331824765413e-41,0.0044338751808211474,2.419535680579805e-105,0.01329359384723022,6.339563523216712e-11,0.006948575821075343,1.807268219591688e-30,0.005368435617432295,0.4783876646222902,0.23621980646594973,0.049674214726493,0.016333624659086644,0.013939123999803217,0.020700453778883122,0.02944490098045302,2.2944972331740535e-9,0.056344535751005106,0.005029247911608669,0.015018479554651375,3.693656954947638e-34,4.8168044135212594e-15,1.491235831696109e-7,0.006024348086041324,6.927305177724996e-25,4.884564523448922e-46,6.568789102443015e-30,0.012027742320821566,0.012791265344331965,2.629603129545157e-27,0.013567462063744552,9.374851813159146e-42,1.657717567880179e-45,5.979297716843944e-134,2.2083420667930045e-59,1.1905096084354216e-137,0.0044509585953811,2.5938007388222055e-64,5.466796924246665e-63,4.512312177998806e-99,2.6132328917348387e-79,4.163639704775799e-118,2.0687293373416472e-116,1.0452818280877034e-225,1.8123833299876954e-71,9.124730730544221e-122,9.384181282704048e-169,4.4582758496900465e-55,6.328862299229515e-161,2.548216159211828e-184,1.2666941102653606e-147,1.1498323436311547e-243,5.773188962707222e-39,4.268911639865556e-88,3.241692546972957e-95,9.556608931600077e-29,5.716987125888569e-83,7.3894519869779455e-149,7.052006010586688e-47,2.0197142889985716e-86,4.640944816740235e-62,1.9722971644260773e-74,2.689644329215264e-86,4.46458459105899e-76,1.6828482767001385e-127,1.539191415411131e-6,8.202842984978008e-163,3.609620315142903e-109,5.645110333056584e-44,1.822761440233888e-81,3.009099007176946e-61,6.4359574389197e-57,3.80688806499549e-128,0.0,3.4985350749886013e-76,0.0,1.1197053270030707e-242,2.7756710247848083e-217,2.5338652709271455e-189,8.884768620330102e-292,0.0,0.0,0.0,0.0,0.0,0.0
0.0,0.0,6.488047979429002e-145,1.502418618112894e-42,1.927178216076958e-144,2.3048247954103224e-123,4.291954348727573e-59,3.7929148047463617e-38,7.474096072217384e-40,2.67850273466833e-21,0.40048375215638327,0.18134452100435988,0.09097081405463091,1.6644387693729906e-7,0.22694440633059698,8.271116914412605e-7,2.425588772888825e-12,6.513224026512091e-9,4.113014094364719e-19,2.8857303543647896e-10,3.4373348025287123e-19,3.3159573987581186e-38,2.6233362985266697e-30,3.1301558381817737e-30,0.07073896899879839,8.228233288065267e-66,3.038941713181182e-16,4.958939953793409e-26,4.75880123850931e-24,2.6259216688173704e-31,2.7522236338969143e-13,7.804053292814494e-26,4.462634024513308e-9,2.5326635225815705e-40,1.2508783980133375e-8,1.8034859642681958e-48,0.012111876845759224,5.527306517310848e-71,1.8175074002521258e-11,0.009436296383548147,3.79385261127208e-59,4.408885981840008e-78,1.4258259640010875e-71,3.0678490255452685e-182,1.246290168351732e-80,3.547477347965325e-175,2.5315345668990023e-121,4.965576622992831e-233,7.496009180300549e-89,5.414005251409264e-97,3.9227220690295685e-207,4.815714547865013e-162,2.7111834946231945e-140,4.2608669635304384e-50,5.028305952148301e-187,2.3600164075047835e-266,9.201352162205928e-94,0.0,3.581685131050011e-110,6.218455344653559e-75,1.3878380345360164e-92,6.062492985646e-67,4.091060873182307e-49,3.935786484352456e-78,4.721131032880329e-158,2.1280112888850296e-94,1.586182728675438e-107,1.529940696095186e-141,7.68565557291673e-75,1.6380809432485456e-32,0.007968346876263493,9.085592306503303e-109,8.718112827937576e-152,1.2506262111517083e-94,4.849595922584407e-56,3.05827968464538e-254,1.288925752567653e-83,1.1169136483232788e-80,7.600249826484342e-126,7.0e-322,1.1211172625117e-310,0.0,5.671694750926365e-151,0.0,3.330865022913192e-127,5.990138549536318e-153,0.0,0.0,0.0,0.0,0.0,0.0
0.0,0.0023417162575424502,0.9369770856843482,0.04548946087712598,0.0022220092347410986,3.0403970274883367e-40,0.0024025719632342806,0.0011480673951240403,6.278026399121715e-94,5.562885103194665e-29,2.688062614235726e-101,1.6433137629058628e-160,0.00219686228305784,0.004897137928256702,1.3482232059209135e-295,2.1048654354486653e-47,0.0023250883765694274,1.9685781329216553e-274,1.056727556902011e-87,4.662187200412368e-236,1.4075934411081838e-83,3.789169164763372e-225,2.324143434149346e-276,1.8449840487429847e-297,8.071037611067449e-182,0.0,1.2740511263256865e-308,4.108507550811637e-211,1.1081172652135392e-108,0.0,6.171934189426522e-100,0.0,0.0,0.0,0.0,0.0,0.0,0.0,1.4750763807829223e-138,0.0,0.0,0.0,0.0,0.0,4.419099295119064e-282,0.0,0.0,0.0,0.0,0.0,0.0,0.0,0.0,0.0,0.0,0.0,0.0,0.0,0.0,0.0,0.0,0.0,0.0,0.0,0.0,0.0,0.0,0.0,0.0,0.0,5.86758427122176e-274,0.0,0.0,3.421462516103829e-49,0.0,0.0,0.0,0.0,0.0,0.0,0.0,0.0,0.0,0.0,0.0,0.0,0.0,0.0,0.0,0.0,0.0,0.0
0.0,0.0,1.0883555638667631e-61,0.030228118102840068,0.04411750861628611,0.014637842046914292,0.20935257788913983,0.2681673114704166,0.20207868743491075,2.1165300812171735e-6,0.0898481226251554,0.0361128251420357,0.03141591454789002,0.007630963052136275,1.5654604292737036e-46,0.00979276716117254,0.023285387810262927,4.423195054235544e-37,4.4641160270588896e-17,1.253482306573507e-38,2.1099626052860685e-12,0.013640343564821883,5.937425353428592e-50,3.031057309893318e-87,6.0481778742771574e-18,4.769113499623879e-58,3.475102372890443e-51,3.2387755433589284e-55,1.1126554743444695e-46,8.782234117338263e-154,2.908713324055907e-101,1.939822296409559e-114,2.0874955989021845e-102,1.0084670392849891e-104,4.05928450076278e-70,2.790232903867343e-19,3.708710868402227e-140,3.8123376641004145e-46,5.577141256109151e-161,1.449176027336347e-156,1.9135043838444494e-142,8.464644624865049e-170,2.7629738607689596e-78,5.18007586599942e-161,1.5405717356686729e-90,7.885973378579287e-145,1.2951819118709566e-98,1.3278230085310446e-136,6.756076426539659e-99,9.427713775779615e-194,9.179591071289613e-63,4.946628288418975e-176,3.238243935717022e-33,1.2466404288343576e-147,2.8549887901261107e-84,3.501391607270271e-86,2.4401429751648274e-36,2.8152466034975073e-146,1.027252250903774e-155,1.3157051925051233e-50,1.2490039647095727e-72,2.8713231641902434e-86,8.511942720216393e-69,0.006279176386563336,0.006688148868911269,3.345977210182315e-28,4.587170123053872e-74,8.503733429007439e-184,0.006722188748351635,3.668402106192073e-120,2.621147122786596e-41,9.3973270528671e-83,1.9058057820503416e-60,1.856047996573673e-125,1.0011156061212098e-81,1.8538322404490136e-61,1.3193472681748427e-143,7.270674617678525e-156,4.453329200930623e-188,5.6119303981164064e-204,5.68775153419639e-170,1.8721065115670358e-241,6.66145617866589e-163,2.1478210938200037e-188,4.665801515211939e-175,9.02688601553472e-196,0.0,0.0,0.0,0.0,0.0,0.0
0.0,0.0,4.853353947610457e-196,2.2066513806571036e-237,1.934164660788612e-243,1.2969566271815048e-203,8.269724868264634e-54,5.005699993475056e-170,1.983547462286698e-77,0.897643962310456,0.05498368620362883,0.0020919680561196368,0.002112717084120726,0.004554798166092532,0.00473634486834871,0.014933981323606068,0.0043743402300262385,0.002192422266103777,1.2289182230277305e-107,5.809985252661779e-105,3.667509613061912e-171,8.744606190061836e-53,2.2403940468756763e-205,1.9005081509916943e-143,0.004617599201291571,3.219456027400576e-224,1.6294587241897605e-174,0.0019370572957170592,4.137379568885337e-186,1.8265339913174748e-190,0.001956334709381075,2.5936761884276144e-177,4.724966868253824e-268,7.607558620270068e-140,1.0561084100614442e-143,9.54920714682727e-288,2.2099066715155076e-181,9.333357423861159e-266,3.8029496392024825e-86,0.0019271280654824747,0.0,0.0019376602196253387,0.0,0.0,1.876660538724433e-253,0.0,0.0,0.0,0.0,0.0,0.0,0.0,0.0,0.0,0.0,0.0,5.1918018827451155e-244,0.0,0.0,9.888314744271644e-233,0.0,2.421896e-316,1.0763799064375912e-182,2.75770866373233e-281,5.0397245e-317,0.0,0.0,0.0,0.0,3.4808001397766105e-183,1.0854673896531498e-210,0.0,0.0,2.01260179359101e-309,4.018621539788091e-295,0.0,0.0,0.0,0.0,0.0,0.0,0.0,0.0,0.0,0.0,0.0,0.0,0.0,0.0,0.0,0.0,0.0
0.0,0.0,2.8053954712048597e-28,0.14497656015570423,0.1454776113611704,0.12414769695311369,0.10830050413721594,0.16602405060368178,0.04258188700076854,0.11762938629687787,0.11138546583675203,3.460554162107047e-54,4.294824491728203e-81,7.633122029135117e-72,2.5136206033959584e-97,4.480138556456894e-26,1.9260061743827048e-32,4.622600950857959e-97,0.013690752652532218,3.837841052200694e-41,1.424243788702254e-73,0.01711298293627218,3.7153789338863193e-13,2.3781592307443092e-179,1.960728242582263e-126,5.7723630916189775e-189,3.5831940852545016e-106,2.628031982872375e-172,5.273840410088035e-112,2.498268672073746e-214,7.14584835500313e-180,3.5521516647125414e-224,2.233754712679032e-180,1.8194279871432481e-202,2.3927770618725633e-221,3.5193156e-317,4.227923955189054e-127,1.1993152192315728e-281,1.9457709488159835e-87,4.239276718341689e-95,2.5332555587536513e-273,1.8657578363768607e-284,8.733804827010668e-104,1.2515501505756308e-284,7.813442040659581e-148,5.6630599641639274e-236,3.923333787377029e-237,1.526887924441813e-184,4.480804284707665e-247,5.273363726499724e-159,1.987838020611782e-189,8.831611878889494e-212,2.6822646e-317,1.6068450180045594e-268,2.8095367971832114e-167,0.0,1.469130996988426e-253,1.6098238836235425e-225,2.3811941651311174e-215,1.3879375781788803e-285,2.3942352734713855e-216,0.0,5.920392772208181e-238,2.1329840460601497e-189,1.7586203215618413e-160,3.9653693238434455e-190,9.697528858933898e-53,1.2600777345789277e-290,5.250303542175865e-220,3.357241070132643e-285,1.8444897750867442e-285,4.852187747719018e-43,1.4155246818254361e-157,0.008673102065539683,2.8163876098275392e-207,2.5320104707084785e-184,4.795203204232028e-214,2.65957469703553e-310,4.8363034310654925e-301,9.075002949505594e-304,5.937944811436148e-230,0.0,0.0,0.0,0.0,0.0,0.0,0.0,0.0,0.0,0.0,0.0
1.0,0.0,0.0,0.0,0.0,0.0,0.0,0.0,0.0,0.0,0.0,0.0,0.0,0.0,0.0,0.0,0.0,0.0,0.0,0.0,0.0,0.0,0.0,0.0,0.0,0.0,0.0,0.0,0.0,0.0
170,210,2700,240,160,630,340,480,3000,5400,290,180,320,360,280,620,5700,700,2300,550,2000,650,640,3900,230,2500,560,3300,680,1050,2100,670,220,200,800,260,330,190,950,1100,600,5100,390,1800,1700,610,540,1300,80,490,1500,460,430,580,310,350,1150,4500,1000,140,440,510,400,470,1400,1600,690,300,850,900,4200,370,520,450,270,750,500,660,590,570,420,2400,380,150,1900,2200,1200,250,410,130,3600,530
950:64,550:44,220:11,1900:76,700:59,1100:67,660:55,650:54,510:40,320:21,470:36,420:31,210:10,530:42,2300:80,1300:70,460:35,2700:83,1700:74,5700:92,640:53,150:4,1500:72,630:52,430:32,410:30,590:48,850:62,300:19,1050:66,1200:69,2500:82,130:2,750:60,310:20,1150:68,280:17,680:57,240:13,140:3,200:9,230:12,290:18,370:26,5100:90,180:7,2200:79,160:5,340:23,450:34,4200:88,2000:77,690:58,390:28,380:27,670:56,900:63,2400:81,3900:87,600:49,580:47,350:24,170:6,5400:91,440:33,1600:73,250:14,3300:85,540:43,360:25,260:15,570:46,560:45,610:50,3000:84,3600:86,1000:65,190:8,520:41,80:1,270:16,800:61,500:39,620:51,1800:75,490:38,400:29,480:37,1400:71,4500:89,330:22,2100:78
