5
0.8641409542282411,0.06250770856659663,0.014879734799799623,0.008383263677796089,0.050088338727566566
0.13469840593882468,0.03506911629365392,0.030725534800780458,0.11549045069151756,0.6840164922752233
0.05880397310915965,0.1618949469662402,0.013531240491400844,0.7202176748000128,0.04555216463318673
0.01200729528474735,0.03804461988760859,0.23634710610571136,0.6564117604027474,0.057189218319185296
0.022659605208152116,0.8074976265681274,0.09112179284615751,0.00959847129818428,0.06912250407937849
5,31
2.0888436519412348e-35,0.0023930034203539243,0.05944951221287062,0.4278357341673795,0.2074144347222388,0.09359486064813333,0.04372282676911179,0.028827088719994585,0.019424016997252037,0.013034798427212365,0.01217312708325958,0.009977979072333158,0.007325201558302491,0.008447020314199903,0.009159468040852995,0.008955924306611764,0.0070222588313206295,0.006615171362838271,0.004885049605638977,0.005393908957391209,0.005495680824511797,0.003790697624345101,0.004070874684823553,0.0029513841464970767,0.00437619028618532,0.002544296678014721,0.000610631202723533,0.00030531560136176655,0.00020354373424117766,0.0,0.0
0.09971023949502562,0.028634248199911953,0.7979412076445292,0.06487238002931446,0.006130052938473412,0.000960415444492276,0.0007146119582395906,6.509323579190292e-5,0.00027545799618432384,0.00041290540079703334,0.00020199352072268646,2.864042011551454e-16,3.4897164243787102e-6,2.84973500459106e-10,5.704609774906256e-23,3.258995739355518e-17,1.15720131112995e-21,2.2137088659231304e-18,1.248695615629105e-11,9.60527499534489e-20,7.219521439593009e-23,7.790412263223167e-5,1.1117470325659208e-34,4.67864910693902e-41,1.781358219703385e-30,5.140531977725976e-37,2.0669323319336748e-57,7.736474687957171e-58,8.626744977737991e-58,0.0,0.0
0.014770328291922818,0.8972662980549266,0.08633548037577224,0.0005175281754547408,0.0004149382384767215,0.00013498464340294856,0.00010275968450875557,7.495895968849637e-5,0.00030852092669040167,5.548376668834993e-19,2.966105537368891e-8,4.052380996200624e-9,2.5204927553344953e-23,1.3156945941751024e-7,1.6338391204491624e-32,7.528363968634811e-31,2.1664623442119986e-23,1.7766639508095718e-29,2.3982067605006684e-11,3.522687856730749e-32,7.775756219857951e-43,7.403734227846465e-5,1.0151406754514354e-63,7.50421618568322e-72,6.805990941661211e-58,2.627864333925302e-71,9.627075263807893e-90,3.131711591464742e-95,2.0636072787321124e-95,0.0,0.0
0.021067450403719757,0.9596708773672123,0.015422653219859974,0.0013700230479381443,0.0012728126545024398,0.0006247160125998787,0.00015820687800054438,3.784022604783703e-5,0.0001634649111482111,1.31740766706722e-27,3.3170295287369554e-12,0.00021195268208626896,1.059089824486348e-33,2.593525540493863e-9,1.960674459090919e-37,7.333311763145368e-45,5.3559683627767684e-34,1.604363515999269e-35,1.2222804894123578e-16,1.1779860175809584e-42,1.631138995999789e-61,4.1886048161462646e-14,6.142436611847514e-93,1.0178287187852533e-100,2.23809371766503e-80,5.520374527532933e-96,1.2274834335778372e-124,7.897526896177894e-127,8.84651130350748e-129,0.0,0.0
0.109255336738595,0.02583961328988799,0.8134853210835632,0.04715442426230635,0.0029150876882187452,0.00011963927787057256,0.00013410922579681095,0.0006053537292855229,0.00029606935462862246,0.00018877619355626844,6.240189865075126e-6,5.129990422064213e-20,1.653631675501137e-15,1.537284594028542e-11,5.317131037808433e-25,5.062426338676173e-17,1.4086208430912367e-23,4.936867864107727e-20,1.0077328079421128e-18,7.871476257561267e-31,5.238765487392177e-35,2.895105105862088e-8,2.2398776084231412e-42,4.80117741638786e-64,5.643191123174314e-44,1.165687452349827e-53,1.7820768428031305e-86,2.00407643872456e-90,2.0388472567697195e-91,0.0,0.0
1.0,0.0,0.0,0.0,0.0
3000,700,2300,2000,2500,2100,200,800,1100,600,4000,1800,1700,1300,1500,5000,4500,1000,400,1400,1600,300,100,900,3500,5500,500,2400,1900,2200,1200
200:2,3000:26,1900:19,1100:11,1000:10,700:7,2200:22,5000:30,300:3,1200:12,2000:20,2500:25,3500:27,800:8,500:5,1800:18,900:9,2300:23,1300:13,2400:24,5500:31,600:6,400:4,1400:14,1700:17,4000:28,2100:21,4500:29,1600:16,100:1,1500:15
