10
0.7495781611155343,0.009954035029447524,0.14049739908087489,0.0050788240280378654,0.0002712020423668538,3.793928232573523e-18,0.0024785474545241113,0.005067769664934393,0.07061913888536545,0.01645492269891464
0.04394349397925781,0.5928728815553405,0.00021789777891489037,0.09892604494471892,0.10336963705962791,0.021212664957802017,0.005342019875582616,0.0003401785282658715,0.1311873655068574,0.0025878158136320066
0.07732341683201048,0.008018510905829264,0.759473233113986,0.0008934812597642302,1.5003765727311197e-5,4.328988992731784e-5,0.0015962551713265272,0.024638737639870182,0.017659641446263898,0.11033842997529472
0.038466691117594654,0.04573933778722734,0.10747548736002673,0.45110754674554804,0.018392845692208233,0.00035169956611166907,0.33424920206964887,4.0795032636398807e-7,0.00023165923033452728,0.003985122480973537
0.012869158447073693,0.25794745346355125,0.005388668454186994,0.14143754217037177,0.17830290399261658,3.7886515037271475e-6,0.060703290928068386,0.19481078506997493,1.2176284820727294e-9,0.14853640760502426
2.1246612900972754e-5,0.04619157936195776,2.9886070936024977e-23,4.693339821746082e-11,0.001547481867979519,0.8733383818265148,4.081926124393299e-11,0.07637158951296873,0.0025297207291415363,7.840628320235343e-13
0.09375993344590845,0.0032551874599308786,0.5077290224622506,0.06753324241769848,0.00010538493171201104,3.927280755350714e-15,0.264125102322831,3.002822114223634e-7,0.06345932254820714,3.250412924608988e-5
0.0029668664863237884,0.0004202216079923027,0.040437820273749765,0.037130424849955226,0.024602533861606702,0.01726170103377117,0.0023524793651089394,0.8555770145806726,3.9907036061016335e-8,0.019250898033783412
0.17737336102719609,0.03543205309029384,0.031891431803959085,0.00013184409887591244,1.4800408690171744e-5,0.0002934792961231969,0.008465192996335023,0.00014972182414983473,0.7378884649308988,0.008359650523478155
0.012921719615856397,0.0010148555561447987,0.1260043302885388,0.024700385738321375,0.2919378632642887,0.008979221465876422,0.07401712899373493,0.31934290793410747,0.0006627222258045019,0.1404188649173265
10,31
1.0480275624781356e-59,6.684575365696193e-12,0.07963520853234156,0.6675894400277816,0.21419967877709178,0.02703027337684506,0.005598637228346766,0.004355919486791823,0.0014511711473191053,1.2995511268543337e-6,3.415715191830125e-22,3.294378548020523e-13,3.1590418695373215e-24,5.5599651513507155e-62,2.5737910762460995e-17,4.363036312673577e-30,4.771262629765616e-38,1.8328524631308753e-29,5.7331610676301515e-36,1.503817873334343e-31,2.3900846126463164e-35,9.029032765301172e-27,0.0001383718653413729,5.028924340610091e-81,4.270500345744724e-79,4.987015866103253e-41,1.7199350338149318e-179,3.906020870039898e-186,2.724944644318811e-175,0.0,0.0
0.009234831989584413,0.573033505869203,0.2956176560953002,0.09558380793526075,0.008951613760907145,0.007427571539781492,0.003917219136126831,9.376692710229883e-15,0.005799834387427322,2.015218396448017e-34,1.094408453306553e-20,0.0004339592640015576,2.239782138475073e-11,6.451604450722165e-21,5.48510869257935e-55,8.328032760461005e-57,5.854523988113426e-41,5.9773369896672734e-46,6.951028915865565e-35,4.491907486745748e-60,7.185592352308821e-72,9.251471567840744e-28,2.705754200792047e-102,3.7079324916143236e-133,9.334175991391296e-110,1.319186493513094e-122,6.229437907867583e-196,9.578811256317207e-217,4.007677120994436e-211,0.0,0.0
1.0043389694363146e-61,0.00019617013253511972,0.9464544200249438,0.04720293704005312,0.0018456742583061222,0.0009800794738275733,0.0014226123735178561,0.0007293427240723268,0.00025741471490180927,0.0007424894639860083,0.0001688597879211055,1.3608263423145709e-39,1.0988173953477636e-26,4.164918315794821e-75,2.391683115647581e-23,5.671027184789752e-38,1.4624012146195336e-57,1.2964912173521423e-49,3.083119534186297e-74,9.451953721588272e-54,3.239203199851753e-78,5.93516366108855e-12,5.454299378097908e-58,3.921858732798289e-136,4.776249793547476e-121,3.712563645469866e-87,4.1942267255655e-311,0.0,0.0,0.0,0.0
5.8096252304338e-10,0.7273653122383703,0.26038625606472193,2.394837042889716e-5,0.009853339426316717,2.3268945893662185e-5,0.0004532759585033192,0.001291631022732848,1.1562466503301429e-9,4.86764944839256e-33,2.0552918014668e-9,7.579337090170312e-21,2.262360635317927e-12,0.0005996495949190314,5.863313752674318e-93,8.342172257090094e-33,5.32114207397651e-22,2.0688026218795054e-38,3.314583349796114e-6,2.6525641858212203e-88,8.58731440819109e-84,5.297644835511848e-47,6.660291338967729e-125,3.386944222809361e-225,5.900724588640521e-140,2.049031959430877e-162,5.61687803e-316,0.0,0.0,0.0,0.0
0.06308671804519617,0.9272307528689713,0.0022557401197224845,3.1634298047159714e-12,0.006062650500453098,1.2260486821173662e-12,2.790758452184426e-19,1.7872773521100593e-26,5.9694609602798e-8,5.0919759178038646e-70,1.5009752225169706e-48,0.0013640787666580863,9.85830223092652e-25,3.8496792584547197e-44,6.173644318701934e-116,1.5338833633192538e-112,8.027917678928524e-85,2.8516640964157156e-58,6.504395431227186e-52,6.769074040753032e-128,2.1636201623682466e-179,2.3409551975077967e-64,2.9709126541338963e-220,1.0492327322246383e-285,9.180671205355375e-215,1.299216817565155e-270,0.0,0.0,0.0,0.0,0.0
0.9593216759387274,0.03872044784215824,1.6195882506448335e-18,2.932201326785428e-36,2.7535188762648646e-108,9.391956197210235e-6,1.9785052934506294e-177,0.0007074353056755562,0.0005213672124794329,0.0007196817447622433,2.6324068600404557e-214,8.96386791388587e-158,3.7876017831700884e-177,2.059821052476333e-216,5.742579376533694e-139,3.1058254337192416e-291,1.567584374465119e-103,3.2082621770325937e-249,8.800737116447172e-219,7.73967817955771e-299,3.562075025766505e-133,1.900385947848581e-242,0.0,0.0,0.0,0.0,0.0,0.0,0.0,0.0,0.0
2.2188188295169258e-24,0.0817557298344829,0.8279739768592096,0.05488325092171671,0.01026412212611687,0.014024137199874291,4.055837207281307e-7,0.0009128846494972001,0.005152014048512634,9.591309426077178e-12,0.0031462182870678657,1.5339581963690425e-41,0.0013238787529021687,9.759223763510861e-5,3.05774128990706e-68,3.5649725848085046e-9,8.469184167283713e-15,1.038453224772843e-11,0.00046578591430711865,2.7308372973307416e-66,4.25384187846368e-48,5.150533340571319e-17,6.683939521529004e-112,4.010755578014787e-148,2.3740559126701395e-96,4.259722626162522e-135,2.107605084742027e-200,6.297725217986937e-210,7.338414759944151e-216,0.0,0.0
0.01025269204653447,0.9885842245359114,0.0011081906058663569,1.3708930364064695e-19,1.7790585372376192e-16,6.594359866830653e-10,1.0046617377115167e-41,2.30520356157425e-45,1.1427350577723292e-36,5.2918593793409215e-160,2.020341853613585e-119,5.489215225151343e-5,3.5030322640447204e-147,1.984564037459678e-96,2.6056235283087393e-223,1.1151664216838966e-228,2.8559489174982543e-139,2.6507109450276254e-183,1.455578236025128e-96,2.7905569367338194e-278,0.0,2.2104515390176132e-91,4.5487167e-314,0.0,0.0,0.0,0.0,0.0,0.0,0.0,0.0
5.806652012058435e-50,2.0847944950350878e-17,0.00847153434958354,0.013591873530812676,0.19947226214448086,0.21171622645243116,0.11125130585971887,0.07291697444859893,0.04955684475185921,0.036228970524859655,0.033938153056530196,0.028416549521898208,0.020623506380294542,0.02395183456611253,0.02626500004204841,0.02568133232830234,0.02013650003223466,0.018969166693987644,0.013869978676253092,0.015467166691428535,0.01575900002522907,0.010781548636932375,0.011416271235945425,0.008463166680215612,0.01254883335342315,0.0072958333450134595,0.00175100000280323,0.0008755000014016151,0.0005836666676010768,0.0,0.0
3.1391032029511013e-15,0.7302456303451735,0.2687315733897419,9.042887014222326e-6,0.0003933034765434634,1.8068181927509405e-9,1.22615470055408e-27,6.521788350152809e-19,2.8232615602152535e-15,1.5453826098147584e-43,8.683169895478622e-39,3.8010052878652113e-34,5.157566916019946e-69,1.4556917239513112e-78,4.165082453486823e-78,1.7165717973060343e-100,1.0875283561296365e-75,6.10375280166131e-96,5.285137050926905e-86,7.726996857792552e-100,1.7759395291032432e-128,0.000620448094702722,1.5970787788930032e-127,1.4618423977077267e-242,2.2438094207781317e-172,1.2619621703910892e-170,0.0,0.0,0.0,0.0,0.0
1.0,0.0,0.0,0.0,0.0,0.0,0.0,0.0,0.0,0.0
3000,700,2300,2000,2500,2100,200,800,1100,600,4000,1800,1700,1300,1500,5000,4500,1000,400,1400,1600,300,100,900,3500,5500,500,2400,1900,2200,1200
200:2,3000:26,1900:19,1100:11,1000:10,700:7,2200:22,5000:30,300:3,1200:12,2000:20,2500:25,3500:27,800:8,500:5,1800:18,900:9,2300:23,1300:13,2400:24,5500:31,600:6,400:4,1400:14,1700:17,4000:28,2100:21,4500:29,1600:16,100:1,1500:15
