10
0.8751853958613929,0.0,0.12481460412260686,0.0,0.0,1.6000374767583745e-11,0.0,0.0,0.0,0.0
0.0,0.9166476524170143,2.3666296007809455e-99,0.0,0.0,0.08335234758298561,0.0,0.0,0.0,0.0
0.0,0.12507044590288638,0.8749295540971135,4.1440304833262386e-282,0.0,0.0,0.0,0.0,0.0,0.0
0.0,0.0,0.12485942117842731,0.8751405788215727,0.0,0.0,0.0,0.0,0.0,0.0
0.0,0.0,0.0,0.0,0.7183246716119379,0.0,9.712320712517006e-7,0.2816743457378491,0.0,1.14181417511128e-8
0.06270201064131173,0.0,0.0,0.0,5.850723419390628e-50,0.8744237204544659,0.035901925879785274,0.0,0.0,0.026972343024436872
0.0,0.0,0.0,0.0,0.039275278909569174,0.0,0.7821885448802482,0.1299457990898419,0.0,0.04859037712034078
0.0,0.0,0.0,0.0,5.494037229826375e-155,0.0,0.0,0.8748509822665396,0.12514901773346027,0.0
0.0,0.0,0.0,0.12499999624019344,0.0,0.0,0.0,0.0,0.8750000037598066,0.0
0.0,0.0,0.0,0.0,0.09365117095016368,4.405305615578888e-287,0.2484440113509593,1.0380656837465587e-6,0.0,0.6579037796331932
10,326
0.0,0.0,0.0,0.0,0.0,0.0,0.0,1.1273320397964214e-58,0.016072017517157595,2.2443392419614805e-40,0.0,0.0,0.0,0.0,0.0,0.0,0.0,0.0,0.0,0.0014748192991559284,0.6685275371498531,8.008004631161834e-45,0.0,0.0,0.0,0.0,0.0,0.0,0.0,0.0,0.0,4.7883792717416424e-52,0.31289140485530215,1.3848687223770166e-43,0.0,0.0,0.0,0.0,0.0,0.0,0.0,0.0,0.0,2.4182556410617947e-93,0.0003419578195139914,0.0,0.0,0.0,0.0,0.0,0.0,0.0,0.0,0.0,0.0,2.6299172427555367e-60,0.0003419578195139914,0.0,0.0,0.0,0.0,0.0,0.0,0.0,0.0,0.0,0.0,0.0,0.0,0.0,0.0,0.0,0.0,0.0,0.0,0.0,0.0,0.0,0.0,0.0,0.0,0.0,0.0,0.0,0.0,0.0,0.0,0.0,0.0,0.0,0.0,0.0,0.0,0.0,0.0,0.0,0.0,0.0,0.0,0.0,0.0,0.0,0.0,0.0,0.0,0.0,0.0,0.0,0.0,0.0,0.0,0.0,0.0,0.0,0.0,0.0,0.0,0.0,0.0,0.0,0.0,0.0,0.0,0.0,0.0,0.0,0.0,0.0,0.0,0.0,0.0,0.0,0.0,0.0,0.0,0.0,0.0003419578195139914,0.0,0.0,0.0,0.0,0.0,0.0,0.0,0.0,0.0,0.0,0.0,0.0,0.0,0.0,0.0,0.0,0.0,0.0,0.0,8.347719989242722e-6,0.0,0.0,0.0,0.0,0.0,0.0,0.0,0.0,0.0,0.0,0.0,0.0,0.0,0.0,0.0,0.0,0.0,0.0,0.0,0.0,0.0,0.0,0.0,0.0,0.0,0.0,0.0,0.0,0.0,0.0,0.0,0.0,0.0,0.0,0.0,0.0,0.0,0.0,0.0,0.0,0.0,0.0,0.0,0.0,0.0,0.0,0.0,0.0,0.0,0.0,0.0,0.0,0.0,0.0,0.0,0.0,0.0,0.0,0.0,0.0,0.0,0.0,0.0,0.0,0.0,0.0,0.0,0.0,0.0,0.0,0.0,0.0,0.0,0.0,0.0,0.0,0.0,0.0,0.0,0.0,0.0,0.0,0.0,0.0,0.0,0.0,0.0,0.0,0.0,0.0,0.0,0.0,0.0,0.0,0.0,0.0,0.0,0.0,0.0,0.0,0.0,0.0,0.0,0.0,0.0,0.0,0.0,0.0,0.0,0.0,0.0,0.0,0.0,0.0,0.0,0.0,0.0,0.0,0.0,0.0,0.0,0.0,0.0,0.0,0.0,0.0,0.0,0.0,0.0,0.0,0.0,0.0,0.0,0.0,0.0,0.0,0.0,0.0,0.0,0.0,0.0,0.0,0.0,0.0,0.0,0.0,0.0,0.0,0.0,0.0,0.0,0.0,0.0,0.0,0.0,0.0,0.0,0.0,0.0,0.0,0.0,0.0,0.0,0.0,0.0,0.0,0.0,0.0,0.0
0.0,0.0,0.0,0.0,0.0,0.0031970763456487627,0.003767982835943185,2.9985941636170272e-90,0.0,1.4477094806526444e-81,0.00570906490294422,8.957755038516815e-67,0.0,0.0,0.0,0.0,3.848756001217065e-164,0.05046813369161825,0.06599679027803518,1.7078723583831408e-89,0.0,1.3931137072863409e-78,0.19262384982533798,5.88359469919149e-72,0.0,0.0,0.0,0.0,9.681793009341561e-113,0.12525688397059612,0.1514044012260807,7.889817078612646e-75,0.0,1.4962068182316846e-66,0.11589401752976766,7.150506340473314e-83,0.0,0.0,0.0,0.0,9.411875179344464e-89,0.07878509566063023,0.079013458256748,9.396863403895422e-52,0.0,1.6220074012463496e-7,0.010276316825299595,1.4746555745511267e-105,0.0,0.0,0.0,0.0,1.7493916621916787e-78,0.018611551583598156,0.010504679421417364,8.960387444121321e-24,0.0,6.339648036722253e-9,0.002283625961177688,1.9944358667339558e-88,0.0,0.0,0.0,0.0,5.066430021725867e-108,0.008677778652475213,0.0051381584126497975,2.3445576751697158e-27,0.0,2.2478361751287596e-8,0.001141812980588844,1.378156306549945e-87,0.0,0.0,0.0,0.0,2.1618426907183914e-56,0.00468143322041426,0.004338889326237607,5.491738620073965e-42,0.0,2.8554503718826166e-20,0.0006850877883533064,6.285001438779437e-134,0.0,0.0,0.0,0.0,2.1703086293595903e-82,0.0035396202398254163,0.0021694446631188033,2.062417990245341e-25,0.0,0.001141812980588844,1.1164391509716042e-75,0.0,0.0,0.0,0.0,5.277848482618067e-91,0.0035396202398254163,0.0010276316825299596,0.0,0.0,0.0,0.001141812980588844,8.711131836564457e-119,0.0,0.0,0.0,0.0,7.620142939101714e-78,0.002968713749530994,0.0006850877883533064,3.397224731855889e-63,0.0,0.00045672519223553614,1.5068311918966457e-120,0.0,0.0,0.0,0.0,3.573464850697457e-105,0.0041105267301198385,0.001141812980588844,0.0,0.000570906490294422,3.6333900741626976e-119,0.0,0.0,0.0,0.0,2.1269487645405707e-84,0.0027403511534132255,0.0010276316825299596,0.0,0.0,0.000685087788353306,8.55837697290458e-91,0.0,0.0,0.0,0.0,9.294590474635454e-87,0.002511988557295451,0.0006850877883533064,0.0,0.0,0.0,0.0,0.0,0.0,0.0,2.6885748259263446e-100,0.002283625961177688,0.000570906490294422,0.0,0.0,0.0,2.447534354569668e-83,0.0,0.0,0.0,0.0,3.725549981233653e-81,0.002511988557295457,0.0007992690864121908,6.500042116643893e-10,0.0001141812980588844,0.0,0.0,0.0,0.0,0.0,6.118047784953373e-70,0.0033112576437076473,0.0012559942786477284,0.0,0.0,6.447792701624887e-74,0.0,0.0,0.0,0.0,2.6084379618709397e-114,0.0020552633650599192,0.0004567251922355376,0.0,0.0,0.0001141812980588844,0.0,0.0,0.0,0.0,0.0,4.5778020313848596e-76,0.0030828950475898786,0.0004567251922355376,0.0,2.788490014831696e-13,0.0,0.0,0.0,0.0,0.0,9.360309773141077e-90,0.0018269007689421504,0.0003425438941766532,0.0,0.0001141812980588844,0.0,0.0,0.0,0.0,0.0,3.0045202421976497e-75,0.001484356874765497,0.0003425438941766532,1.9500838598808196e-49,0.0,0.0,0.0,0.0,0.0,0.0,0.0,0.0009134503844710752,0.0004567251922355376,0.0,0.0,0.0,0.0,0.0,0.0,0.0,7.128446365932193e-83,0.0015985381728243816,0.000570906490294422,0.0,0.0,0.0001141812980588844,0.0,0.0,0.0,0.0,0.0,4.9769134977353357e-82,0.0015985381728243816,8.086135975659832e-15,2.3393875849111206e-16,0.0,0.0,0.0,0.0,0.0,1.0031586049595e-72,0.0010276316825299596,0.0004567251922355376,1.2139681302048918e-13,0.0,0.0,0.0,0.0,0.0,0.0,0.0,0.000342543894176653,0.0,0.0001141812980588844,0.0,0.0,0.0,0.0,0.0,4.5163353563423277e-95,0.0006850877698961857,0.0003425438941766532,4.226102949021707e-90,0.0,0.0,0.0,0.0,2.3871480466179444e-93,0.0011418129805823483,0.0002283625961177688,0.0,0.0,0.0,0.0,0.0,0.0,5.651972252284203e-101,0.0002283625961177688,0.0002283625961177688,0.0,0.0,0.0,0.0,0.0,0.0,0.0002283625961177688,0.0,0.0,0.0,0.0,0.0,0.0,0.0,0.0,0.0,0.0,0.0,0.0,0.0,0.0,0.0,0.0,1.2362914875009003e-52,0.0,0.0,0.0,0.0,0.0,0.0,0.0,0.0
0.0,0.0,0.0,4.522499503884953e-89,0.006853175117966377,7.901360413720126e-19,0.0,0.0,6.402381309228588e-84,0.008052480763610492,2.07976658687888e-104,0.0,0.0,0.0,0.0,1.303289317452248e-99,0.11324871882439437,7.563833528823354e-11,0.0,0.0,3.307181658995034e-98,0.3431727440321663,6.712543516406315e-69,0.0,0.0,0.0,0.0,2.2020799881935387e-102,0.1511125113511586,5.638144177511596e-17,0.0,0.0,1.489464315864703e-97,0.1473432650362771,2.9776761382550215e-66,0.0,0.0,0.0,0.0,2.0515862442467604e-93,0.07521359691968098,1.3849692134174276e-24,0.0,0.0,0.0,0.0005137447511536319,2.859626498487657e-41,0.0,0.0,0.0,0.0,5.986209200716025e-92,0.02963998238520458,2.309080923292305e-22,0.0,0.0,0.0,0.00017131986528839082,6.134711876214766e-75,0.0,0.0,0.0,0.0,1.6192665920043763e-96,0.01456299712567855,1.2652268013733118e-23,0.0,0.0,0.0,0.00017129564910037563,1.5279171054900973e-53,0.0,0.0,0.0,0.0,5.732754050840689e-89,0.00839513951950881,1.6773117925962502e-24,0.0,0.0,0.0,0.0005139881338474782,0.0,0.0,0.0,0.0,0.0,5.3840333847284505e-87,0.00839513951950881,3.6941180889162203e-20,0.0,0.0,0.0003426587558983188,1.0772841449064155e-84,0.0,0.0,0.0,0.0,2.4247262076616803e-78,0.007881151385661332,5.325211787073346e-44,0.0,0.0,0.0,0.0,9.133735831596521e-101,0.0,0.0,0.0,0.0,3.9118247209423115e-107,0.0071958338738646955,7.252959337133413e-36,0.0,0.0,0.0,0.0,0.0,0.0,0.0,0.0,9.491814665268644e-95,0.00856646889745797,1.8565452553579245e-20,0.0,0.0,0.0,0.0,0.0,0.0,0.0,5.282205970649159e-96,0.007538492629763014,2.348249165350824e-20,0.0,0.0,0.0,0.0,0.0,0.0,0.0,0.0,1.007026394391455e-97,0.004797222582576463,8.413311550015881e-18,0.0,0.0,0.0,0.0,0.0,0.0,0.0,7.76726640538864e-72,0.003940575692830666,7.420075514679897e-40,0.0,0.0,0.0,0.0,0.0,0.0,0.0,0.0,8.793138486491654e-125,0.00565386947232226,8.332532999792465e-22,0.0,0.0,0.0,0.0,0.0,0.0,0.0,2.9887496814826864e-136,0.003769246314881507,3.3978650426782894e-25,0.0,0.0,0.0,0.0,0.0,0.0,0.0,2.24471621369971e-118,0.0041119050707798255,2.4231932385033476e-29,0.0,0.0,0.0,0.0,0.0,0.0,0.0,0.0,0.0,0.005482540094373101,1.4324614196246466e-22,0.0,0.0,0.0,0.0,0.0,0.0,0.0,0.0,0.0041119050707798255,4.3186289583856836e-42,0.0,0.0,0.0,0.0,0.0,0.0,0.0,4.335683674031184e-109,0.003083928803084869,6.697691276502068e-29,0.0,0.0,0.0,0.0,0.0,0.0,0.0,5.244783229810986e-72,0.0023986112912882315,5.5949169509381705e-27,0.0,0.0,0.0,0.0,0.0,0.0,0.0,2.0440192608645503e-105,0.003940575692830666,1.9289041142407413e-31,0.0,0.0,0.0,0.0,0.0,0.0,0.0,0.0,3.57119832126811e-76,0.002569940669237391,2.71392417537052e-35,0.0,0.0,0.0,0.0,0.0,0.0,1.7586779240380487e-71,0.002569940669237391,5.893212230037229e-41,0.0,0.0,0.0,0.0,0.0,0.0,0.0,1.9328101810799552e-116,0.0011993056456441158,2.3431978567406903e-19,0.0,0.0,0.0,0.0,0.0,0.0,1.7391750472967836e-84,0.003769246314881507,2.7694964584941077e-11,0.0,0.0,0.0,0.0,0.0,1.5960995741144611e-88,0.004625893204627304,9.746977663009188e-15,0.0,0.0,0.0,0.0,0.0,0.0,2.4130389640539487e-103,0.0027412700471865503,0.0,0.0,0.0,0.0,0.0,0.0,0.0,0.0010279762676949564,2.1616808428632558e-22,0.0,0.0,0.0,0.0,0.0,0.00029336618751499435,0.0,0.0,0.0,0.0,0.0,0.0005139881338474782,0.0,0.0,0.0,5.225931914971094e-97,0.0005139881338474782,0.0,0.0,0.0,0.0,0.0,0.0,0.0,0.0
0.0,0.0,2.2342230134286113e-101,0.011288659996953703,1.03581851076528e-38,0.0,0.0,0.0,0.0,0.0,0.0,0.0,0.0,0.0,8.560153475261556e-78,0.3191612053684183,4.830788900211044e-37,0.0,0.0,0.0,0.0,0.0,0.0,0.0,0.0,0.0,8.409053991231154e-60,0.34071228354442085,8.746860871611894e-40,0.0,0.0,0.0,0.0,0.0,0.0,0.0,0.0,0.0,4.593916999749824e-58,0.10467666542629797,5.065272270753613e-43,0.0,0.0,0.0,0.0,0.0,0.0,0.0,0.0,0.0,5.966788379381892e-74,0.03591846362667087,4.242439130395542e-59,0.0,0.0,0.0,0.0,0.0,0.0,0.0,0.0,0.0,4.5775629416748796e-67,0.017788191510351287,6.67580347958646e-62,0.0,0.0,0.0,0.0,0.0,0.0,0.0,0.0,0.0,5.5615853214871575e-56,0.011630740602921996,4.8300816535374023e-79,0.0,0.0,0.0,0.0,0.0,0.0,0.0,0.0,0.0,1.608125334630729e-60,0.01197282120889029,1.934291936159481e-44,0.0,0.0,0.0,0.0,0.0,0.0,0.0,0.0,5.110583606017237e-80,0.008894095755175644,2.3059721228789586e-97,0.0,0.0,0.0,0.0,0.0,0.0,0.0,0.0,0.0,1.9725675168713456e-87,0.010604498785017114,6.489787041537833e-51,0.0,0.0,0.0,0.0,0.0,0.0,0.0,0.0,1.175237331953896e-52,0.01368322423873176,1.2403159023583505e-34,0.0,0.0,0.0,0.0,0.0,0.0,0.0,2.165136673754763e-58,0.009578256967112233,2.772790538742495e-52,0.0,0.0,0.0,0.0,0.0,0.0,0.0,0.0,6.5396080210472565e-93,0.005473289695492704,5.364992104077708e-33,0.0,0.0,0.0,0.0,0.0,0.0,0.0,3.3907529962762963e-60,0.008552015149207351,1.785698516938475e-57,0.0,0.0,0.0,0.0,0.0,0.0,0.0,0.0,6.2179434280524235e-62,0.006157450907429292,5.181074842598098e-54,0.0,0.0,0.0,0.0,0.0,0.0,0.0,9.841948530884117e-97,0.00684161211936588,1.0840703567020497e-53,0.0,0.0,0.0,0.0,0.0,0.0,0.0,2.2071491992947678e-49,0.004789128483556116,5.9470142205666634e-77,0.0,0.0,0.0,0.0,0.0,0.0,0.0,0.0,2.0918673266081178e-61,0.006157450907429292,2.6015345887471103e-36,0.0,0.0,0.0,0.0,0.0,0.0,0.0,1.7068179680368087e-96,0.002736644847746352,1.979283743762582e-34,0.0,0.0,0.0,0.0,0.0,0.0,0.0,0.0,0.0075257733313024685,2.6911107059232905e-47,0.0,0.0,0.0,0.0,0.0,0.0,0.0,1.2039761803006941e-46,0.004789128483556116,2.0503512932569663e-26,0.0,0.0,0.0,0.0,0.0,0.0,0.0,1.9639783521158797e-67,0.006499531513397586,1.2995114102387983e-41,0.0,0.0,0.0,0.0,0.0,0.0,0.0,0.0,2.3592008591430648e-91,0.004104967271619528,5.721302687175672e-28,0.0,0.0,0.0,0.0,0.0,0.0,0.0,0.00342080605968294,1.6169532757874458e-28,0.0,0.0,0.0,0.0,0.0,0.0,0.0,6.97582996521549e-91,0.004447047877587822,7.783561430227975e-40,0.0,0.0,0.0,0.0,0.0,0.0,0.0,0.008552015149207351,2.4648987808308755e-76,0.0,0.0,0.0,0.0,0.0,1.733761474418043e-114,0.009920337573080527,2.852637197025651e-48,0.0,0.0,0.0,0.0,0.0,0.0,1.6230505557700297e-69,0.006157450907429292,1.3017196693724922e-64,0.0,0.0,0.0,0.0,0.0,1.817813939971918e-76,0.003078725453714646,1.2940176781936055e-34,0.0,0.0,0.0,0.0,1.3656400510224813e-78,0.0010262117732831274,0.0011246606172033006,0.0,0.0,0.0,0.0,0.002052483635809764,0.0,0.0,0.0,4.667868079784345e-37,0.000342080605968294,0.0,0.0,0.0,0.0,0.0,0.0,0.0,0.000342080605968294,0.0
7.175938980409851e-29,8.080617907284632e-43,0.0,0.0,0.0,0.0,0.0,0.0,0.0,0.0,0.0,0.0,0.014704969067464999,7.223569315315359e-35,0.0,0.0,0.0,0.0,0.0,0.0,0.0,0.0,0.0,0.0,0.15277450112965557,2.9930036742016904e-28,0.0,0.0,0.0,0.0,0.0,0.0,0.0,0.0,0.0,0.0,0.15030856927727038,3.270122238499024e-17,0.0,0.0,0.0,0.0,0.0,0.0,0.0,0.0,0.0,3.027905418510812e-265,0.07143762886611697,6.044186179400863e-15,0.0,0.0,0.0,0.0,0.0,0.0,0.0,0.0,0.0,0.0,0.01383086308103266,0.00013432827709155366,0.0,0.0,0.0,0.0,0.0,0.0,0.0,0.0,0.0,0.0,0.03682792654233235,8.05931973743283e-17,0.0,0.0,0.0,0.0,0.0,0.0,0.0,0.0,0.0,0.0,0.00017439943936547566,1.0436091042783589e-18,0.0,0.0,0.0,0.0,0.0,0.0,0.0,0.0,0.0,0.02370258730101297,8.192764774089414e-42,0.0,0.0,0.0,0.0,0.0,0.0,0.0,0.0,0.0,0.0,0.034270930434525344,3.596850222758479e-44,0.0,0.0,0.0,0.0,0.0,0.0,0.0,0.0,7.050323680567668e-234,0.03347564949414633,2.5706401686601465e-39,0.0,0.0,0.0,0.0,0.0,0.0,0.0,1.0855811826841102e-157,0.03028607562386843,2.23596481738327e-41,0.0,0.0,0.0,0.0,0.0,0.0,0.0,0.0,1.0233178315244356e-235,0.03883476142405819,3.6094488013363433e-16,0.0,0.0,0.0,0.0,0.0,0.0,0.0,0.0,0.04524822943267371,3.458392754224934e-24,0.0,0.0,0.0,0.0,0.0,0.0,0.0,0.0,0.0,0.02562094170219406,2.2985172140858177e-10,0.0,0.0,0.0,0.0,0.0,0.0,0.0,0.0,0.022553745452515248,4.1275888583623415e-16,0.0,0.0,0.0,0.0,0.0,0.0,0.0,0.0,0.028270257566402505,7.864760968277686e-10,0.0,0.0,0.0,0.0,0.0,0.0,0.0,0.0,0.0,0.02283990610539979,8.451406725315548e-7,0.0,0.0,0.0,0.0,0.0,0.0,0.0,4.2901932453285675e-109,0.01980595465721683,4.581659796957811e-12,0.0,0.0,0.0,0.0,0.0,0.0,0.0,0.0,0.011089196621326193,3.248724490401595e-205,0.0,0.0,0.0,0.0,0.0,0.0,0.0,0.0,0.005540378247071584,4.806689619405947e-17,0.0,0.0,0.0,0.0,0.0,0.0,0.0,0.0,0.023751979994551004,1.3245927972069443e-6,0.0,0.0,0.0,0.0,0.0,0.0,0.0,0.0,0.0,0.01945325116512614,2.9908929409356567e-60,0.0,0.0,0.0,0.0,0.0,0.0,0.0,0.015811648204161408,4.8532028311938033e-26,0.0,0.0,0.0,0.0,0.0,0.0,0.0,0.0,0.009091296305039132,0.00519485661425518,0.0,0.0,0.0,0.0,0.0,0.0,0.0,0.051973523078613776,2.284337239329005e-6,0.0,0.0,0.0,0.0,0.0,0.0,0.0349727107666557,2.7375537854366505e-15,0.0,0.0,0.0,0.0,0.0,0.0,0.0,0.031202313345622255,1.0006879519509815e-38,0.0,0.0,0.0,0.0,0.0,0.0,0.0041632570223682705,0.0010913451361601288,0.0,0.0,0.0,0.0,0.0,0.010381775502454447,0.00079431320766177,0.0,0.0,0.0,2.5060011967814058e-136,0.00207605442099803,0.0,0.0,0.0,0.0,0.004152710200981779,0.0,0.0,0.0,0.0,0.0041527102009817785,0.0,0.0,0.0,0.0,0.0,0.0,0.0
3.9618768034217733e-116,0.0,0.0,0.0,0.0,0.0,2.1082876207499032e-64,0.007579363922700752,3.870927027426562e-94,0.0,4.5033143359414833e-63,0.007923880464641696,2.7953272701391957e-90,0.0,0.0,0.0,0.0,0.0,5.262868796404242e-49,0.26246771067591035,9.361514022952937e-94,0.0,5.13343040004955e-60,0.24253964552642407,3.921781165577757e-90,0.0,0.0,0.0,0.0,0.0,4.333075421669658e-61,0.1970634619902196,8.147949350155212e-94,0.0,1.3184303308593585e-64,0.14779759649266466,2.5306047932776107e-95,0.0,0.0,0.0,0.0,0.0,3.1191732124329925e-71,0.02601099891654122,1.715666822515484e-31,0.0,8.439828993448695e-89,0.027733581626245937,4.925325986818704e-107,0.0,0.0,0.0,0.0,0.0,9.004921305500766e-62,0.00206709925164566,5.3146511495587585e-28,0.0,7.728046511832307e-29,0.01653679401316528,9.306566160958084e-77,0.0,0.0,0.0,0.0,0.0,4.0135175848389816e-84,0.0013780661677637732,0.0,0.0,4.402987131805996e-48,0.006718072567848394,1.021169085038521e-112,0.0,0.0,0.0,0.0,0.0,5.852815334686476e-114,0.0008612913548523582,0.0,0.0,2.122667571220732e-52,0.007579363922700752,1.9611441876253557e-89,0.0,0.0,0.0,0.0,0.0,0.0,0.00103354962582283,0.0,7.407841199148386e-34,0.004823231587173206,8.738672541269376e-102,0.0,0.0,0.0,0.0,0.0,0.0,0.00017225827097047165,0.0,0.0,5.211505377417919e-25,0.004650973316202734,1.0089714829076403e-109,0.0,0.0,0.0,0.0,0.0,0.0,0.0008612913548523582,0.0,2.1906635268072195e-18,0.003934868053813306,5.4445803667928886e-101,0.0,0.0,0.0,0.0,0.0,0.0,0.00017225827097047165,1.941369075682372e-24,0.004147028062571852,6.217714000122732e-92,0.0,0.0,0.0,0.0,0.0,2.0509454542370025e-67,0.00017225827097047165,7.079989264562427e-27,5.188017172543612e-19,0.003789681961350376,0.0,0.0,0.0,0.0,0.0,0.0,1.2368579890931041e-53,0.00017225827097047165,0.0,0.0017225827097047165,4.152434719953787e-106,0.0,0.0,0.0,0.0,0.0,0.0,0.0003403114507576614,0.0,0.0,0.001301083038100295,4.404868848640337e-87,0.0,0.0,0.0,0.0,0.0,0.0,0.00017225729034927074,0.0,0.0012055069775471288,1.0144811933569347e-97,0.0,0.0,0.0,0.0,0.0,1.4742960858422851e-72,0.00017225827097047165,0.0,0.0006264429544961059,0.0,0.0,0.0,0.0,0.0,0.0,0.0,0.0,0.0,0.0,0.0012047155536075674,1.5916281172698038e-170,0.0,0.0,0.0,0.0,0.0,0.0,0.0003445165419409433,0.00017225827054978936,0.0007755160876377917,4.687498702327125e-96,0.0,0.0,0.0,0.0,0.0,0.0,0.00017225827097047165,0.0,0.0017225826772960307,1.0984740334991085e-123,0.0,0.0,0.0,0.0,0.0,0.0,0.000516774812911415,0.0,0.0012058078967933014,2.092608653016112e-103,0.0,0.0,0.0,0.0,0.0,8.534424787728552e-94,0.0,0.0,0.0015503244387342447,2.3532778749914373e-92,0.0,0.0,0.0,0.0,0.0,0.0,0.0,0.0,0.0,0.0004206420801026193,0.0,0.0,0.0,0.0,0.0,0.0,0.0001722582709582726,0.00017225827097011871,0.0005572721930517861,1.0778676623873942e-128,0.0,0.0,0.0,0.0,0.0,0.0,0.00017225827078732776,0.0,0.000516774812911415,0.0,0.0,0.0,0.0,0.0,0.0,0.0,0.0,0.0008612913548522754,3.45008953100964e-99,0.0,0.0,0.0,0.0,0.0,0.0,0.001894840980675188,1.015117576368533e-82,0.0,0.0,0.0,0.0,0.0,0.0,0.0,0.002928390575943792,3.651926762295329e-117,0.0,0.0,0.0,0.0,0.0,0.0,0.0003932229484277711,1.3535697280115678e-51,0.0,0.0,0.0,0.0,0.0,0.0003445165419409433,0.0,0.0,0.0,0.0,0.0,0.00017449251801830544,0.0,0.0,0.0,0.0,0.0,0.0,0.0,0.0,0.0,0.0,0.0,0.0,0.0,0.0,0.0,0.0,0.0,0.0
0.02209758428723569,1.3302220116220128e-70,0.0,0.0,0.0,0.0,0.0,0.0,0.0,0.0,0.0,6.9880675931021925e-50,0.6118786815480902,1.1426200536515245e-75,0.0,0.0,0.0,0.0,0.0,0.0,0.0,0.0,0.0,3.255864087114272e-48,0.32323670186367415,3.5085092227227627e-81,0.0,0.0,0.0,0.0,0.0,0.0,0.0,0.0,0.0,2.7377299590470446e-43,0.013864922282234234,2.7890090101483577e-88,0.0,0.0,0.0,0.0,0.0,0.0,0.0,0.0,0.0,2.9994556317134245e-37,0.004146248198914752,1.4078163235762518e-88,0.0,0.0,0.0,0.0,0.0,0.0,0.0,0.0,0.0,2.208424164611719e-52,0.0016776629109777688,1.5253085326975867e-75,0.0,0.0,0.0,0.0,0.0,0.0,0.0,0.0,0.0,9.167255856064739e-74,0.004906710219806671,1.11035175079879e-89,0.0,0.0,0.0,0.0,0.0,0.0,0.0,0.0,0.0,6.0112454809796854e-49,0.006199523262850195,2.2517485042463362e-94,0.0,0.0,0.0,0.0,0.0,0.0,0.0,0.0,1.6691849467008555e-42,0.006261979419670972,2.7431468522769237e-100,0.0,0.0,0.0,0.0,0.0,0.0,0.0,0.0,0.0,5.146827662150098e-72,0.0029864430725569636,6.005564066192462e-158,0.0,0.0,0.0,0.0,0.0,0.0,0.0,0.0,5.858002430972613e-26,0.001442216728400937,1.4562548732360215e-119,0.0,0.0,0.0,0.0,0.0,0.0,0.0,1.5358822287970622e-30,0.0009790091148798481,1.8854118091811477e-103,0.0,0.0,0.0,0.0,0.0,0.0,0.0,0.0,1.4531714905383074e-41,1.6551597106269085e-25,4.521145082495485e-90,0.0,0.0,0.0,0.0,0.0,0.0,0.0,1.708715637398259e-70,2.2288703377029704e-37,6.412909136607795e-161,0.0,0.0,0.0,0.0,0.0,0.0,0.0,0.0,1.7709041212916087e-33,9.23367169389274e-17,2.079569446146755e-71,0.0,0.0,0.0,0.0,0.0,0.0,0.0,2.497161348974047e-38,2.4963534153549573e-19,4.1396056765250125e-84,0.0,0.0,0.0,0.0,0.0,0.0,0.0,5.159556481471553e-28,0.00016333957033471414,9.551920404302941e-88,0.0,0.0,0.0,0.0,0.0,0.0,0.0,0.0,1.8037356120941e-49,3.0499748934472134e-63,3.0792224903221713e-91,0.0,0.0,0.0,0.0,0.0,0.0,0.0,9.503496142366923e-24,0.0001345137586415343,5.647402780609168e-82,0.0,0.0,0.0,0.0,0.0,0.0,0.0,1.2106235563377136e-39,5.963774939592245e-20,0.0,0.0,0.0,0.0,0.0,0.0,0.0,0.0,0.0,9.129666152790341e-64,2.2388197788116273e-127,0.0,0.0,0.0,0.0,0.0,0.0,0.0,1.734182354983205e-73,3.56196794390845e-20,1.0962650658182568e-135,0.0,0.0,0.0,0.0,0.0,0.0,0.0,0.0,5.968960338971383e-43,1.1243020676309766e-55,4.4717375296451295e-172,0.0,0.0,0.0,0.0,0.0,0.0,1.6952062431887385e-54,7.5689246518822515e-56,3.827763497698431e-165,0.0,0.0,0.0,0.0,0.0,0.0,0.0,0.0,2.346406553928904e-41,2.2783799033442617e-92,0.0,0.0,0.0,0.0,0.0,0.0,5.173605326870534e-62,2.4059390541792977e-47,7.773973444352718e-95,0.0,0.0,0.0,0.0,0.0,3.3259595231949e-37,1.6914024601717557e-41,5.6664014208645156e-129,0.0,0.0,0.0,0.0,0.0,0.0,6.689994342939795e-36,4.940134052968573e-36,1.608502788684975e-207,0.0,0.0,0.0,0.0,0.0,1.2021807451043032e-55,2.4463761731357924e-5,3.196311314442837e-123,0.0,0.0,0.0,0.0,0.0,1.1021935845395217e-76,7.763731454111608e-92,0.0,0.0,0.0,1.2262187502644369e-39,1.6340154560308056e-83,0.0,0.0,0.0,0.0,1.8493217722830873e-101,0.0,0.0,0.0,0.0,4.121445949465546e-145,0.0,0.0,0.0,0.0,0.0,0.0,0.0
1.3223512773584448e-85,0.01611507899581543,8.349999295583927e-96,0.0,0.0,0.0,0.0,0.0,0.0,0.0,0.0,0.0,2.5128395019129125e-67,0.3610463443105032,1.2290884283777363e-67,0.0,0.0,0.0,0.0,0.0,0.0,0.0,0.0,0.0,7.646248752945188e-72,0.2701847286957991,1.9297366166483404e-71,0.0,0.0,0.0,0.0,0.0,0.0,0.0,0.0,0.0,3.085769089799742e-71,0.06480319000444928,1.2174356468485624e-85,0.0,0.0,0.0,0.0,0.0,0.0,0.0,0.0,0.0,2.0780005010220228e-76,0.024001181483128367,2.8574499497191486e-59,0.0,0.0,0.0,0.0,0.0,0.0,0.0,0.0,0.0,3.8660718133974334e-66,0.015407148969002919,5.739016492557206e-63,0.0,0.0,0.0,0.0,0.0,0.0,0.0,0.0,0.0,1.6233779236300152e-96,0.017486575080565666,2.533701001657869e-62,0.0,0.0,0.0,0.0,0.0,0.0,0.0,0.0,0.0,1.3578946759536216e-80,0.01611507899581543,3.0341032629254534e-65,0.0,0.0,0.0,0.0,0.0,0.0,0.0,0.0,1.2439258262489519e-79,0.013372086826314931,3.006581437296836e-48,0.0,0.0,0.0,0.0,0.0,0.0,0.0,0.0,0.0,1.9098616724633933e-73,0.01577220497462787,8.870723980413774e-54,0.0,0.0,0.0,0.0,0.0,0.0,0.0,0.0,1.8240729213126995e-86,0.01440070888987762,1.1895895808438423e-74,0.0,0.0,0.0,0.0,0.0,0.0,0.0,1.86253243817908e-77,0.01440070888987762,1.0936491833694087e-69,0.0,0.0,0.0,0.0,0.0,0.0,0.0,0.0,4.948995823236951e-79,0.009943346614439248,1.8141858242302006e-69,0.0,0.0,0.0,0.0,0.0,0.0,0.0,2.668110900757136e-95,0.00720035444493881,6.929207925128598e-44,0.0,0.0,0.0,0.0,0.0,0.0,0.0,0.0,1.7037742939359666e-65,0.006171732343420097,4.014709471091389e-62,0.0,0.0,0.0,0.0,0.0,0.0,0.0,1.4397350019562295e-104,0.007543228466126304,1.1764193812519814e-63,0.0,0.0,0.0,0.0,0.0,0.0,0.0,5.384554975945375e-74,0.008228976378628614,3.1824593819672796e-93,0.0,0.0,0.0,0.0,0.0,0.0,0.0,0.0,1.0235716761395699e-85,0.010628955096495106,6.292832696100658e-46,0.0,0.0,0.0,0.0,0.0,0.0,0.0,2.7508824508052025e-104,0.008228976507744915,2.3799817748422436e-62,0.0,0.0,0.0,0.0,0.0,0.0,0.0,2.3873372508320872e-61,0.008228976508501497,1.5195437448630232e-68,0.0,0.0,0.0,0.0,0.0,0.0,0.0,0.0,0.006171732381376116,6.8670667720162506e-105,0.0,0.0,0.0,0.0,0.0,0.0,0.0,2.2170949806721127e-85,0.009943127880919831,1.1485237070643342e-80,0.0,0.0,0.0,0.0,0.0,0.0,0.0,0.0,1.2658214442256094e-76,0.009600472593251747,2.3015948210795334e-93,0.0,0.0,0.0,0.0,0.0,0.0,2.0340369278328405e-72,0.008914724550876621,9.757688792085579e-87,0.0,0.0,0.0,0.0,0.0,0.0,0.0,2.5473131452528e-77,0.003599521833598004,1.7286640262208378e-56,0.0,0.0,0.0,0.0,0.0,0.0,9.46425384455257e-83,0.01680044981952752,4.288022363431421e-74,0.0,0.0,0.0,0.0,0.0,3.230994377781133e-64,0.01577220497462742,8.709894466859774e-58,0.0,0.0,0.0,0.0,0.0,0.0,2.211188112746647e-74,0.012000590741564683,1.651538719019946e-47,0.0,0.0,0.0,0.0,0.0,8.251921986160094e-64,0.005991515666397916,5.298731396346323e-42,0.0,0.0,0.0,0.0,1.645985938350794e-75,0.0012403290394173033,1.2954714796983266e-44,0.0,0.0,0.0,0.0,0.00034287402118756235,2.3779139383805837e-25,0.0,0.0,5.491421591223719e-77,0.00034287402118314715,0.0,0.0,0.0,0.0,0.0,0.0,0.0,0.0,0.0,0.0,0.0
0.0,1.2050068705800039e-61,0.012328766752457435,2.716329318845635e-74,0.0,0.0,0.0,0.0,0.0,0.0,0.0,0.0,0.0,5.210117502602581e-69,0.3667808108856087,2.14162244649576e-65,0.0,0.0,0.0,0.0,0.0,0.0,0.0,0.0,0.0,7.578281732967668e-66,0.3047945113801977,1.2854970876687772e-64,0.0,0.0,0.0,0.0,0.0,0.0,0.0,0.0,0.0,1.6117709686423194e-73,0.07842465517535424,3.939142502990556e-65,0.0,0.0,0.0,0.0,0.0,0.0,0.0,0.0,0.0,2.846901725996989e-70,0.02054794458742906,4.10915940512893e-67,0.0,0.0,0.0,0.0,0.0,0.0,0.0,0.0,0.0,6.797533367931271e-81,0.01643835566994325,1.0226837851051665e-60,0.0,0.0,0.0,0.0,0.0,0.0,0.0,0.0,0.0,3.52660955505296e-67,0.013356163981828888,6.610722991389724e-61,0.0,0.0,0.0,0.0,0.0,0.0,0.0,0.0,0.0,6.414671720898626e-69,0.0174657528993147,7.473073840034437e-60,0.0,0.0,0.0,0.0,0.0,0.0,0.0,0.0,4.0496440039656286e-70,0.012328766752457435,1.9241814168272483e-71,0.0,0.0,0.0,0.0,0.0,0.0,0.0,0.0,0.0,2.3892867270844915e-75,0.01027397229371453,4.765985061753184e-56,0.0,0.0,0.0,0.0,0.0,0.0,0.0,0.0,1.2335397970877708e-60,0.006849314862476353,1.5129492406892566e-100,0.0,0.0,0.0,0.0,0.0,0.0,0.0,3.312215960902983e-79,0.006164383376228717,1.773979175970257e-77,0.0,0.0,0.0,0.0,0.0,0.0,0.0,0.0,9.026208399372765e-68,0.006164383376228717,4.017752207396343e-59,0.0,0.0,0.0,0.0,0.0,0.0,0.0,1.6519646332895613e-67,0.00856164357809544,1.273979152896365e-106,0.0,0.0,0.0,0.0,0.0,0.0,0.0,0.0,2.229315194625577e-73,0.006849314862476353,7.8062316107774e-74,0.0,0.0,0.0,0.0,0.0,0.0,0.0,1.6700349659629227e-103,0.007191780605600171,3.830087721656626e-39,0.0,0.0,0.0,0.0,0.0,0.0,0.0,2.4812924219754344e-83,0.006164383376228717,3.365837238468607e-88,0.0,0.0,0.0,0.0,0.0,0.0,0.0,0.0,1.438788574385576e-112,0.006849314862476353,5.188502068809416e-75,0.0,0.0,0.0,0.0,0.0,0.0,0.0,1.279315403063028e-54,0.007191780605600171,0.0,0.0,0.0,0.0,0.0,0.0,0.0,0.0,8.154487084118148e-106,0.008219177834971624,1.0365970616465755e-80,0.0,0.0,0.0,0.0,0.0,0.0,0.0,0.0,0.009931506550590712,0.0,0.0,0.0,0.0,0.0,0.0,0.0,0.0,1.029067429419981e-89,0.008219177834971624,0.0,0.0,0.0,0.0,0.0,0.0,0.0,0.0,0.0,2.2618092678865734e-111,0.006164383376228717,7.205613505220528e-86,0.0,0.0,0.0,0.0,0.0,0.0,6.87985814866798e-58,0.005136986146857265,0.0,0.0,0.0,0.0,0.0,0.0,0.0,0.0,0.0,0.0058219176331049,6.463391981069608e-66,0.0,0.0,0.0,0.0,0.0,0.0,1.9824375073905143e-61,0.01027397229371453,0.0,0.0,0.0,0.0,0.0,0.0,8.10207246557599e-65,0.012328766752457435,1.4078544339545045e-114,0.0,0.0,0.0,0.0,0.0,0.0,5.872455437449877e-57,0.008904109321219258,1.63154568782856e-98,0.0,0.0,0.0,0.0,0.0,0.0,0.003767123174361994,0.0,0.0,0.0,0.0,0.0,3.3449810949969346e-48,0.004109588917485812,3.0078447993046366e-8,0.0,0.0,0.0,0.0,0.0006849314862476353,0.0,0.0,0.0,4.409992064228118e-15,0.001027397229371453,0.0,0.0,0.0,0.0,0.0006849314862476353,0.0,0.0,0.0,0.0,0.0
5.6565729173644486e-42,3.5193374746207544e-200,0.0,0.0,0.0,0.0,0.0,0.0,0.0,0.0,0.0,9.452535011400303e-84,0.0056662790575594865,1.8372581677162998e-184,0.0,0.0,0.0,0.0,0.0,0.0,0.0,0.0,0.0,4.763223322403354e-59,0.31048061401611804,1.593707227352981e-176,0.0,0.0,0.0,0.0,0.0,0.0,0.0,0.0,0.0,4.081453190524068e-40,0.19782746686552788,1.047806956083097e-167,0.0,0.0,0.0,0.0,0.0,0.0,0.0,0.0,0.0,2.3249318472931167e-27,0.10485307123769817,2.2658875531229715e-172,0.0,0.0,0.0,0.0,0.0,0.0,0.0,0.0,0.0,7.930677907885702e-23,0.04147139448311047,8.543420853642388e-150,0.0,0.0,0.0,0.0,0.0,0.0,0.0,0.0,0.0,7.420000117522495e-64,0.024849742957809118,9.9198988373256e-165,0.0,0.0,0.0,0.0,0.0,0.0,0.0,0.0,0.0,7.892560880307809e-23,0.03949015442598979,1.8626145330606998e-169,0.0,0.0,0.0,0.0,0.0,0.0,0.0,0.0,4.19854056576448e-25,0.02757341264890544,4.414903284569389e-204,0.0,0.0,0.0,0.0,0.0,0.0,0.0,0.0,0.0,5.140057621043989e-36,0.027137405982805875,1.519794448995795e-215,0.0,0.0,0.0,0.0,0.0,0.0,0.0,0.0,0.010103401822736518,0.0272904584485114,1.1801446343686414e-204,0.0,0.0,0.0,0.0,0.0,0.0,0.0,0.006953109733573146,0.016496500000866176,2.1556489466591908e-209,0.0,0.0,0.0,0.0,0.0,0.0,0.0,0.0,9.767188515824693e-21,0.015946933827331228,2.0087071625054664e-172,0.0,0.0,0.0,0.0,0.0,0.0,0.0,2.325305558004186e-35,0.008763316693661016,5.699661041183869e-172,0.0,0.0,0.0,0.0,0.0,0.0,0.0,0.0,0.002042523090375979,0.010814105483566634,2.247162263072704e-167,0.0,0.0,0.0,0.0,0.0,0.0,0.0,2.466020922219275e-6,0.027015892060545776,7.376702598298547e-168,0.0,0.0,0.0,0.0,0.0,0.0,0.0,0.007571170999390505,0.010017619989791074,3.8961365922823587e-190,0.0,0.0,0.0,0.0,0.0,0.0,0.0,0.0,8.951707757224404e-6,1.0252260950796925e-19,2.6192127006838377e-133,0.0,0.0,0.0,0.0,0.0,0.0,0.0,0.0021145742982258096,0.007374157464177673,5.74696036542605e-176,0.0,0.0,0.0,0.0,0.0,0.0,0.0,2.6558785386576066e-10,0.006577293750731739,0.0,0.0,0.0,0.0,0.0,0.0,0.0,0.0,0.0,0.011761412902785776,1.587788940259544e-176,0.0,0.0,0.0,0.0,0.0,0.0,0.0,5.434063920166554e-27,0.0064381566741208845,7.3458406478557725e-186,0.0,0.0,0.0,0.0,0.0,0.0,0.0,0.0,0.007846051263377837,0.0037141312357009872,2.8204991782866228e-230,0.0,0.0,0.0,0.0,0.0,0.0,0.002491424604078542,0.0019549957722165444,1.076794350820962e-226,0.0,0.0,0.0,0.0,0.0,0.0,0.0,0.0,0.00228900630567628,2.4405124142948634e-186,0.0,0.0,0.0,0.0,0.0,0.0,6.790424850606224e-16,0.007014296930184676,4.0187887008328235e-173,0.0,0.0,0.0,0.0,0.0,2.7998494333363537e-29,0.005867776984332164,7.513442980526369e-165,0.0,0.0,0.0,0.0,0.0,0.0,2.503906349230033e-10,0.004196204883088854,3.9234581872953984e-259,0.0,0.0,0.0,0.0,0.0,0.0038358014582087984,0.0027551790536299906,5.501365719378493e-110,0.0,0.0,0.0,0.0,0.0,6.506781706728754e-20,1.2136836635542613e-145,0.0,0.0,0.0,0.001393339926261521,2.0442266955934842e-7,0.0,0.0,0.0,0.0,6.742521220847203e-48,0.0,0.0,0.0,0.0,1.3739049637787255e-69,0.0,0.0,0.0,0.0,0.0,0.0,0.0
1.0,0.0,0.0,0.0,0.0,0.0,0.0,0.0,0.0,0.0
1703,6001,4003,207,1407,107,2210,805,2504,1305,210,1610,1204,103,608,1701,1011,4,2310,4501,2202,1304,10,308,3011,2403,307,2305,2005,3005,211,1001,1607,1310,1406,605,1111,3000,2111,301,101,8,206,509,1207,904,5503,1605,1608,6005,906,7,1602,3503,401,110,2405,2011,1502,511,700,1103,1911,1801,2300,4503,1210,6000,1005,405,602,2000,202,2002,1,1710,1904,1711,1308,1201,6501,1110,4001,1611,4011,507,2500,4004,204,3502,701,7501,707,2406,606,3001,609,1702,809,1603,802,5001,702,2302,2100,1804,811,1104,603,907,502,406,1506,505,111,200,1901,409,1503,800,3004,2203,711,2001,1303,1401,411,2410,1202,807,2201,404,501,1501,1403,1907,504,2306,1100,1106,1903,4504,5502,2010,2102,2106,600,1810,810,4000,205,1805,1800,105,2501,2008,1507,1700,1301,1211,1411,6503,3511,2204,1505,2,1311,909,804,610,709,1300,1105,2108,304,1705,1101,5,5003,1606,1500,2211,801,309,703,704,1108,1704,1906,408,710,6002,1405,3007,2006,1807,2411,5000,310,2402,1902,1402,2103,2207,3501,1006,108,4500,1307,6004,3504,203,1000,2303,1404,1010,6,607,102,306,303,3506,604,2511,510,1004,902,1206,1905,1504,400,1203,1604,1205,9,4502,4002,109,1400,2109,201,1410,3006,1600,300,100,1510,900,106,3500,2301,601,905,5500,1102,305,4005,1003,402,1706,5004,2105,803,208,1601,500,1811,808,3505,911,2404,407,2505,2104,209,2205,503,1306,1511,4511,1910,910,1707,302,2110,1002,3002,2400,706,806,705,3003,2311,1806,2101,2502,1803,104,1900,5501,2307,2200,403,2304,311,506,1200,508,2004,2506,11,3,2503,1302,903,2401,410,0,1007,1802,5002,2003,901,5504,1107,611
402:51,2102:234,1107:136,2108:239,110:23,2004:226,711:95,7501:326,308:45,1703:195,1010:127,1900:212,1302:152,501:62,4511:308,1910:220,1100:129,6:7,1106:135,808:104,1307:157,3505:293,2207:249,1503:174,4001:297,2104:236,1411:170,2302:254,2406:268,404:53,905:113,2300:252,3006:285,1406:167,1811:211,3501:289,4504:307,1407:168,1710:200,1704:196,2211:251,4:5,1901:213,405:54,207:32,506:67,1700:192,603:76,2401:263,104:17,1401:162,1500:171,4005:301,1501:172,410:59,4011:302,2101:233,5000:309,111:24,5504:318,2501:272,300:37,607:80,302:39,11:12,2011:231,802:98,2307:259,1702:194,5003:312,2500:271,801:97,406:55,1602:183,810:106,1002:121,108:21,4004:300,4502:305,103:16,2503:274,702:87,208:33,2506:277,2:3,10:11,307:44,211:36,2411:270,3003:282,2301:253,1105:134,100:13,1102:131,200:25,1506:177,1905:217,1202:142,1510:179,6501:324,1311:160,1301:151,0:1,2306:258,1101:130,2003:225,5002:311,1110:138,904:112,5001:310,9:10,1003:122,1611:191,109:22,502:63,1904:216,409:58,1103:132,1907:219,1911:221,107:20,2400:262,1404:165,1502:173,2305:257,1511:180,3503:291,511:72,1803:205,401:50,209:34,805:101,3002:281,806:102,610:83,1802:204,4003:299,5503:317,1806:208,809:105,8:9,1000:119,1:2,609:82,1305:155,509:70,201:26,707:92,1006:125,206:31,604:77,1504:175,1807:209,507:68,601:74,1207:147,311:48,500:61,1800:202,909:116,2403:265,1005:124,602:75,911:118,1308:158,4002:298,4503:306,400:49,1400:161,403:52,4500:303,709:93,3005:284,2100:232,1604:185,309:46,1111:139,1210:148,1706:198,608:81,5:6,1906:218,2204:247,1104:133,305:42,703:88,1603:184,2002:224,700:85,1801:203,910:117,3506:294,510:71,2001:223,5501:315,408:57,4501:304,1804:206,2310:260,2202:245,804:100,210:35,705:90,1300:150,505:66,704:89,4000:296,606:79,1306:156,205:30,2008:229,1310:159,706:91,6002:321,6004:322,1410:169,1203:143,1610:190,3504:292,1405:166,2106:238,2311:261,2205:248,1810:210,2103:235,2105:237,1701:193,2304:256,2505:276,1705:197,2303:255,710:94,901:109,1903:215,204:29,1004:123,1200:140,2402:264,907:115,5502:316,7:8,203:28,3511:295,411:60,1001:120,2005:227,5500:314,310:47,903:111,1505:176,2201:244,1007:126,304:41,301:38,906:114,202:27,605:78,1206:146,5004:313,3001:280,2110:241,2200:243,807:103,803:99,1601:182,1805:207,2006:228,6000:319,1902:214,1303:153,1507:178,1304:154,1205:145,811:107,2000:222,3500:288,503:64,106:19,2511:278,2405:267,6503:325,900:108,902:110,6001:320,303:40,2502:273,600:73,102:15,6005:323,1707:199,1600:181,3004:283,3502:290,101:14,1607:188,1108:137,105:18,3000:279,3007:286,2010:230,1605:186,1211:149,2410:269,2404:266,407:56,1011:128,1201:141,1606:187,800:96,3011:287,611:84,3:4,2203:246,306:43,1608:189,2109:240,2111:242,2504:275,701:86,508:69,1204:144,1711:201,2210:250,504:65,1403:164,1402:163
