10
0.7123110742983154,0.005770461152658533,0.060807325510897375,0.04125643777524233,0.027186085309584565,0.01466390317203698,0.03409732332727387,0.02688694721607129,0.04156501667948778,0.035455425558431786
0.02879917825897547,0.6791485576250349,0.04746104766726192,0.16599877513015007,7.531475306317657e-5,1.1366676940732712e-9,0.05334407340178743,0.009864253756045032,0.002314476740010148,0.012994321531004238
0.22596714431022852,0.10243659618626819,0.6218347278886927,0.04086003029904372,1.3527679908883373e-7,7.882145698818213e-14,0.0073087773655272125,0.0006976001986548285,0.00019226462782373773,0.0007027238468832461
0.025518147719527994,0.06713152009543336,0.03761564151654665,0.5202092336087323,0.0007753659449550684,0.00094231491463103,0.24006837584145546,0.03634323794779354,0.005879686277185044,0.06551647613373959
0.04044501216661292,0.005931352884860561,0.039570338801730116,0.015685676684265286,0.03642445583014799,3.223614499847586e-9,0.10551617535217905,0.36359483581881946,0.000202350933510315,0.39262979830425987
0.012055446229015733,3.1600883129696956e-9,0.025000728112797604,1.028306198723927e-5,0.08408778698760337,0.5528472225912691,0.007333867622435987,1.2004960899559786e-6,0.31303830780636294,0.005625153932349668
0.011242617485498768,0.010636296126975179,0.03514524401405764,0.19448931529985025,0.0009274486543627129,0.007497523116319876,0.3366486526113331,0.1479084889213356,0.023623127169129562,0.2318812866011373
0.008135684390258628,0.0001208337747780057,0.04742644773305328,0.0028453158864453617,0.25604734641849186,0.08829829070967128,0.0005872103804488852,0.10283439089236925,0.48451917085016594,0.009185308964317492
0.012473685183711567,0.0012129077119661506,0.03199874302702823,0.002763354987177249,0.18891589970928077,0.17736178113625556,0.018395390485677444,0.06529862797741448,0.44662563402910205,0.05495397575238653
0.012050329859205917,0.00558503556861265,0.0403529329466378,0.027911533054525036,0.015673637657564795,6.892808803550293e-6,0.19265550940098286,0.356349019808826,0.04829051644447172,0.3011245924503696
10,100
8.515597894228534e-10,0.00022218008529487798,9.654445202536257e-63,1.5759459503538935e-8,0.0022738655415428417,1.0872663370658959e-44,0.00225071022139656,0.00031290507073604667,6.134923366336933e-9,0.00014519030270443247,0.0004903837683378407,0.00100260577770409,0.0022395636158106125,0.00203046505209585,0.0005015630951633759,0.002218931102574384,0.002446793519053538,0.0019928722514952215,0.0038063214225004583,0.0037865165607493504,0.0018969160190687158,0.002804365111992962,0.0017694232902427643,0.002252180030326816,0.003373470085221199,0.002106917318714278,0.003802130691202832,0.00043978811935165593,0.003759864939265352,0.0022924970370760294,0.003242484620543928,0.003249952007320233,0.004316663317179889,0.006156656401347925,0.010475257928960218,0.0060769449572378315,0.006639682157450864,0.006023030397238182,0.0037111855583884363,0.006586983058186314,0.005891684058713669,0.008205610314019146,0.00743111777931778,0.007027542898428269,0.007964312248918673,0.008327777436395446,0.008796474923930995,0.008141666580459974,0.006582983825639086,0.010323508585257114,0.010394668997863,0.00901197914065066,0.007753155857345976,0.008975238566190515,0.009706246020665357,0.007532087295776729,0.009873912001429104,0.016654009766837702,0.013247547358624599,0.010027170202517506,0.006921069936022861,0.013050897736458941,0.009616529774332475,0.012675085054258276,0.007998429023291021,0.01308231934150241,0.007735873176846626,0.01227665974259802,0.009312148495271958,0.01071831780868407,0.01084302631543124,0.012641002292745807,0.013415533164800446,0.008273454809129704,0.009562849541233192,0.011426619125706578,0.013620371536328653,0.006257987684096773,0.013453725879629518,0.010518052542140917,0.014826857044271016,0.017878705480074895,0.02073969698774049,0.03080505457372405,0.03694574936511455,0.04380258205236772,0.050038127004850906,0.04329017812239453,0.04436684086882348,0.036701472394026324,0.039136702661407806,0.03689350766364592,0.030146508494002192,0.032273166404619726,0.02004694095441346,4.055591393248081e-5,0.00010142399531864592,3.624079280861432e-13,6.138728273883135e-31,1.1015453774943231e-38
7.834658514055444e-52,5.676329369347724e-45,2.9076130915852217e-162,0.0009255579281965388,2.337982579833956e-12,4.6034402630832226e-111,9.275892762821577e-65,8.483924652856958e-23,4.4415330186789176e-119,3.48857420852007e-27,1.5586888123240698e-37,3.844121233238773e-42,2.248057793575012e-27,1.8417916189651118e-35,3.71996315075844e-68,6.444776430377379e-10,8.549333535848342e-7,1.0797764342805268e-35,2.480387095645962e-21,2.7310695039892906e-10,0.0008450880289484802,8.793131005387985e-21,3.843858593627261e-27,6.256254771924298e-22,1.087223414452626e-45,2.0133214093359596e-12,5.2803242334313743e-20,8.251972134906584e-65,2.4605210384070968e-43,3.271531553013599e-60,4.140646713379438e-18,8.963989137726803e-15,3.2347784659954873e-24,1.1370827044076916e-18,1.498919471608234e-11,1.7892122736753574e-38,1.8584534281465302e-21,2.2339583333500142e-11,1.4633109316342818e-16,4.1521321262282066e-13,1.0519728627361933e-9,0.0005626939999677569,0.00010040667448129924,2.9289067375566995e-12,3.901672709954628e-5,5.216324354873334e-12,3.199972375969338e-17,1.935961186260725e-15,1.19162444773644e-7,1.2067407005207077e-12,0.00041659496959797933,2.7779759959381423e-7,2.366154723437938e-5,0.002141799731748565,0.00016348017839168922,0.0010883731725784703,0.0020672047846307124,0.002030529812172053,0.0002122926749308738,0.002232999145508306,0.0024538649446011846,2.529716707235922e-8,0.0007861788278426841,8.160695731175647e-5,2.6549482752112336e-5,1.8382459160483782e-7,4.097596836855297e-5,7.162957962886945e-13,0.0038800914729085834,0.0017331843539537862,0.0007452268014939787,0.0010224242534164858,0.011548257521226332,0.02147729437133304,0.03851592971779165,0.04545399113990148,0.06689929065154862,0.07645071924268132,0.08413235388961654,0.09563699465850958,0.07245827933761796,0.10001583266432047,0.0901165351454167,0.06879913643191432,0.036433230527838534,0.032270025023924856,0.018503615600300387,0.014607398140138225,0.01647963148770732,0.005059840447113845,0.010542641811668401,0.01588799456131786,0.010525736276989281,0.009563503099273687,0.021362444503672685,0.0058059343567415335,0.0038508373023300835,0.003981286614080878,2.1342376464718406e-18,1.6730676515760194e-47
3.2002454325539106e-16,1.0160862276539999e-52,1.1263286026331128e-79,1.5770745917550932e-15,8.351428058851673e-11,4.93752595258119e-94,1.9691232768283845e-10,3.3559156226653707e-31,3.717946938493422e-66,6.740965846456013e-42,1.674041599077608e-18,4.496304343403207e-23,2.3886259449608304e-26,1.5595026786313303e-23,9.805235298648154e-40,7.665348085137153e-13,0.0001555801586691391,0.0013912690606434869,3.7429524235706566e-16,2.6273806259144687e-9,4.07974081145548e-8,5.54025739277415e-5,1.9112557647516987e-15,3.835486984842185e-46,1.203717680675387e-25,0.0002272375773991134,5.141466485318767e-22,1.4889420062993393e-27,2.1788824776458905e-22,1.0730751715602886e-49,1.8646456115734506e-21,2.2709966502329984e-5,3.722287093574645e-12,1.3574142094600993e-29,6.273579072659444e-15,7.4055596890099e-27,6.851170166438209e-18,1.042493699655125e-5,7.17358261421535e-26,1.0268630639367088e-5,0.0002847560139862807,5.728297858284603e-14,1.0399468770820978e-23,5.1380807558027856e-11,2.037161592931952e-9,1.4743277232839788e-9,1.5323989613193836e-6,1.4570169551428344e-10,9.106934772614686e-6,5.688260971401377e-19,0.0003335823388327181,0.00028456520445104916,1.3600459678091455e-6,1.3901540765290665e-10,2.910996210937225e-7,0.0005757271561767208,3.830421365652995e-6,1.3101298628095583e-5,0.0014292327778132803,0.0009933135366941943,1.7520119085530135e-7,2.1087046160939654e-5,0.0013130645356761166,3.547587209757914e-8,0.0037605247923757066,4.914893109785525e-7,0.003910443793966045,0.001264921453990754,0.004369414816936314,0.002726814304230581,0.0038007863868251275,0.002509164241252661,0.0011773620446601657,0.00776874977099586,0.003009130699194947,0.0010064881616023479,1.3271643479378975e-5,0.003536587089775117,0.0015639886852621722,0.002065283335025387,0.006823468028042427,0.005618400577417464,0.008625583562032442,0.010814756533791796,0.02228227849419906,0.025641637455517632,0.020084959562433377,0.03626172207590715,0.03023223781715298,0.03664743411141989,0.04053451293544536,0.04052548470587794,0.05108973694418821,0.04297341784679353,0.059417099242436155,0.10700442500135114,0.09746622699986461,0.09301032506822023,0.10884568951113188,0.1064794788695855
1.0852559364359411e-69,2.923031261797536e-123,7.367890508259796e-161,2.7621159652667747e-97,7.785126901353646e-61,4.572329269478632e-124,5.003586891901869e-35,1.771076974189536e-85,8.75299109323246e-111,1.086925909868691e-5,1.694676700353573e-40,5.091756009006835e-77,1.6153317163167655e-58,8.885132973567798e-61,1.5079820975116398e-78,3.501955726920056e-21,8.827587168970681e-23,6.749117498686833e-47,8.873780430930139e-48,0.00019373473476809423,7.17403872715594e-19,0.000658188538759666,4.116021530198113e-46,0.0004170441037082973,1.2113134562507008e-44,0.0006305558279112741,3.297651372720559e-34,2.7029782338090897e-69,3.554618639871172e-48,7.92898918079591e-14,3.213241144026168e-5,1.2126150816828295e-16,1.3865030601220393e-7,0.00030369761732728344,1.1056888291972934e-16,3.026242731112874e-29,4.275838029192004e-13,0.0008675664598690268,0.00011228126501516001,0.00041028073828221684,9.602913114462776e-12,8.818957917520992e-9,5.178298669099375e-5,2.2441243982880927e-13,1.2477777308834525e-9,8.004139382480933e-9,9.011041272354448e-11,0.00046576761358219716,0.0025912130193101388,6.0417815381421596e-5,0.0010229950549145315,1.4241526776930663e-6,4.573996047824744e-7,0.0004951974754255175,0.0006997541506869945,2.4703500170718756e-8,0.0017122552396692887,0.0006828940870672923,0.0035730793370417624,0.007032430816195346,0.010406352407729198,0.012129515877275593,0.01957172640499245,0.021156734456583563,0.035758429117714124,0.048005613713977116,0.07484115181959035,0.06319782963793444,0.07138157212477815,0.0824635302839465,0.09130675519165299,0.08157971306050202,0.07094284472543592,0.058567641479586756,0.05165610571688514,0.04954866329493247,0.03562468867983652,0.027907502263454127,0.025412774706131732,0.01809491809563801,0.011651260694487383,0.002344184058480456,4.594305874573247e-8,0.0005997702192506535,2.5011838676295295e-18,1.1099524424941981e-9,7.959288441521974e-25,7.03556657901986e-7,1.1752071800063921e-6,0.00294120491686589,0.0001712447849645708,5.330050789763602e-21,0.0027543099801801973,0.0005827950253887984,0.00686611394139582,1.0260419051525146e-5,8.062648340266783e-16,0.0004966654549536913,4.0409646020213855e-25,3.408260428795092e-78
8.275352699288234e-86,1.8249190894190444e-43,2.254153721506882e-58,1.0830734454644374e-35,5.583234684006938e-30,5.517775181325263e-30,5.635242607205712e-12,2.4816658223893715e-16,4.269233683027588e-22,1.3112414535433278e-15,1.8554039874502643e-19,1.2561226028406602e-23,1.3840196924794001e-19,3.034910255574501e-14,6.785218257496817e-11,4.143407935850059e-8,2.0836767906052503e-7,3.425777883751553e-5,2.201020428015171e-8,1.0960812110269243e-6,0.012023624989429578,2.286916835353938e-6,0.0007889060157758276,0.0006819004138680942,0.04153149267859643,0.04236529682625646,0.04517265417236451,0.03881245545240217,0.03593631634799571,0.042994867623497454,0.04315824911669158,0.055233265799348646,0.05557472771647671,0.048746769966988825,0.05760526861077257,0.04807060063246102,0.050022137969499184,0.05034611207521514,0.03815109468595098,0.03906055468063646,0.03023039261058524,0.026990778291914097,0.025898855787910714,0.02317869318574132,0.0323267616802749,0.020041301521068373,0.014761751545663945,0.023753605518749048,0.012956809835213702,0.0037627200556046548,0.010436191355054627,0.0016064554201797238,0.004955061604420473,0.003927497898185698,0.005718802186224309,0.0005096232529594627,0.000451187397685524,1.0201259131041794e-5,0.0001811449813343429,6.464939371361014e-6,2.5988967025665726e-6,3.51914546766309e-10,2.7442563378388396e-6,1.3558790011960898e-7,1.2828930663209885e-5,2.3454739348549598e-7,7.488725354995361e-9,0.0031159182494852116,1.6575599769976532e-18,0.0003837025391201947,7.985066853067955e-23,0.0015053693953532182,2.0962105008821286e-30,0.0005850235079276303,0.0005568379057609644,1.9863369071663675e-8,1.6978987721997548e-7,2.8537409144823956e-23,2.984932419524121e-29,0.0009637076209748076,4.7423709010717165e-6,0.00038077333810951526,0.0015330479755233304,1.2907873955185682e-11,1.128942543345575e-16,1.532506160456557e-14,2.084579055484283e-36,1.5585148288217496e-27,2.6807178470900885e-30,2.6362790999990444e-25,1.2588507687782756e-32,0.00045355366749213723,4.577069951236089e-6,0.001838174942444537,0.0006373218948793095,2.393346379215114e-27,1.0324043645795114e-9,2.065344822067447e-31,4.44788634495977e-65,2.952200156896456e-122
0.14003215555006573,0.11058325544854294,0.1023662403310433,0.14796877242025072,0.12553986568879183,0.11753996936066824,0.07015154389867065,0.0518063822856308,0.05493788729160179,0.03706584327275072,0.022487381093947056,0.006210786832591737,0.0002491179422267145,2.7388406973632084e-5,0.0003069685732665951,4.098825086863111e-5,0.00036235594519289853,0.004118234800714384,0.0005085456604685498,0.0033617403950302895,0.004051970241899189,4.1911731772767277e-10,4.8380956968832987e-11,1.259714736706442e-16,1.6194106014898503e-14,3.1078713966525626e-12,2.1245428744988456e-24,8.479270240452212e-22,8.871249595590759e-13,7.57966608328923e-22,1.1110772894079141e-11,1.6722932939818591e-21,2.978863599244198e-17,2.676661898236785e-22,1.1629010153472772e-24,1.0325356674605793e-10,3.389718891982536e-37,7.815704291032027e-21,9.03093489750849e-24,2.3950714983447404e-30,1.2253522912550418e-8,1.2641476696195695e-26,2.8062660019631605e-23,4.8203160098764785e-17,2.254490983452054e-6,3.383698064588528e-23,1.87449773337355e-36,6.034289522636373e-50,6.789777290418875e-47,1.057476463054379e-45,1.0875056979089467e-56,2.2046422827119416e-37,2.5108195095037936e-48,4.7698914881483256e-64,1.691742031792825e-57,3.2553293022333583e-79,0.00028020849813292564,4.2549069517616075e-38,5.426076731425907e-66,2.9883448886497395e-57,3.999155861348888e-71,5.615786819094184e-89,4.181924845512098e-19,1.5193627508193825e-76,9.509216809323792e-69,2.882398270178561e-57,5.910884258093112e-20,6.506347459658737e-63,1.9460042150488574e-60,2.421007547793654e-66,2.3019428232908297e-36,6.143550226003938e-55,5.4325807335846635e-101,8.958858033672626e-68,3.296677932482041e-66,7.253102468569332e-22,2.017281208937914e-15,1.4288820719693616e-34,5.8867751548701345e-65,1.0948499282551496e-64,4.361500954001217e-19,8.857935786065066e-27,3.970209810339132e-39,4.591662723738133e-44,1.795179083013308e-10,1.3398726106791319e-43,5.611163031662768e-13,4.4891461091554725e-96,1.9260871378697812e-29,3.727715416609268e-119,1.3391471238862824e-94,1.1633339032429513e-31,1.3030020900858909e-7,1.1656689993989305e-45,5.1588292569721664e-54,4.572504738842375e-38,1.6497955997456477e-82,2.25014213030564e-118,5.648719480947295e-164,6.685911173770452e-195
3.10969468163566e-103,8.258930984634898e-108,4.240149069991067e-109,7.65671964247746e-104,1.2203071271996866e-58,3.0501482888211023e-55,6.037120912228168e-19,8.59869650497408e-50,2.5950929287986172e-58,4.010413245969815e-5,3.6569030886660067e-32,8.886821491398389e-72,5.383618442467204e-48,7.956701102330983e-44,1.0450945037738149e-38,2.764247025688437e-16,9.434404297264181e-10,2.3075811625829865e-20,3.0773732233694725e-28,2.34679256974955e-11,3.420605546783333e-12,2.133631214749642e-6,6.55263007212266e-21,2.0350749920522137e-11,1.551964676509623e-25,2.808450048469928e-17,9.164435106117481e-16,6.109712218356567e-32,2.7173894932899206e-23,0.0011431552983553828,8.837200683671554e-7,2.479185919692156e-9,0.0022210736217513614,2.9957069731431956e-8,7.56797634920148e-8,1.997802853691478e-8,0.0004722279821314744,5.8894033870513145e-6,3.059619593437549e-5,0.0003179166671123015,0.006055205861638214,1.1595732912716836e-5,0.0013237328995567947,0.013214538217493207,0.004860364403210024,0.00836755633601199,0.00395959826360597,0.006975428078972605,0.009777922818703145,0.013652597032866714,0.0181242117964732,0.018376724764325076,0.02443193774570055,0.032654357427979376,0.0246202492715137,0.05343754005019586,0.05465597316504756,0.07135275341722634,0.06969449995499104,0.08052623133653006,0.08422836577021453,0.07461385038795523,0.07315479493484509,0.06820142196760495,0.055679700982227166,0.04549192753287533,0.019384844726536673,0.0272992499285047,0.01477269204640629,0.005549436944362702,0.0009480352076800364,0.0002687769905726809,1.9839118181203393e-6,4.5838538859612636e-5,2.1698739329707105e-11,7.545171718808118e-9,1.1276956075478524e-7,2.0184886097618446e-12,1.3598778411268158e-5,3.4417934906732943e-6,3.609966326397069e-5,0.0024986893937449933,2.784907331100474e-14,0.0002944835382374468,1.4028612613312002e-13,3.198939038597314e-11,4.017576626003722e-36,9.928926179214834e-25,1.417826256389653e-19,0.00010617706921392333,8.2462464647696e-22,5.340256535664312e-11,1.2574963221975232e-6,0.007073540266546169,2.4543394198923976e-5,1.3748213093862897e-23,2.428650490826452e-21,3.984119454925164e-20,4.349557687113665e-22,1.383331057832683e-100
4.2497516576109304e-80,4.874740046959402e-40,2.9439005922683854e-50,4.409150552845262e-44,6.61020135633379e-28,5.610086651726445e-18,3.2015883190464873e-13,2.9557272592288444e-12,2.3180572742699437e-16,9.539682398463596e-13,9.47837088953302e-15,2.053192041111042e-18,2.4674721582781575e-8,0.0006339591371774863,0.00041950968692518035,0.004952301923045033,0.00720142101858284,0.0067059900576974234,0.008979562459940152,0.01784785710808974,0.008661797614349731,0.011507452751514423,0.01780951064750143,0.01855361766105348,0.035460976997910836,0.03130942356938315,0.04014005071518128,0.055913846058902865,0.04936787079379784,0.04757687524448889,0.039493765899282864,0.04915486922097394,0.04766333530673661,0.048537709621068084,0.04264398852210885,0.051040298548236086,0.038853174514186635,0.03810612638974602,0.031862972830593944,0.0296972309620022,0.033550517210509306,0.030806399962134138,0.026120500709678612,0.025060989566249043,0.023727061999252175,0.016044265419136595,0.015332661695762384,0.011165141911574576,0.013938708043281572,0.005871864830451423,0.008979264243369109,0.004936533233991499,0.0010279036885970367,8.47730799652663e-7,0.00013704958174875275,7.003120115460174e-8,7.944239231032911e-10,3.6790861280809204e-16,3.23136912425477e-11,1.668534978371515e-11,3.6186529574771594e-21,2.322008120454624e-22,2.2780308774868207e-8,3.20966658256227e-21,1.6478584088762357e-15,1.3494993077952085e-10,8.427241817465836e-7,1.3408531820789931e-17,1.306246469538439e-5,1.3940931954590847e-16,2.0503475466110783e-21,5.743173976371484e-9,3.9715855192749906e-33,2.9368343799231836e-21,1.6676430642522452e-8,0.0002980015875696121,0.0004697322279680247,0.0011179385720985165,1.7846736996526685e-8,0.0002612431503769834,3.594879945489659e-26,9.408889801063735e-5,1.6586051558830242e-8,1.7290480489260296e-26,2.2863540607024652e-17,2.9872816271416314e-41,5.607931711917861e-28,1.749807900532224e-30,4.53602001122228e-22,3.0542886927606203e-56,2.411247529246931e-49,3.678863530020761e-11,2.0917714754162574e-6,9.000139873264977e-14,2.5782576803103944e-7,0.0006114513692180349,0.0003359089635067274,7.662887600227499e-70,2.584333412192398e-88,3.705786189563584e-137
3.012294495175991e-41,2.4952977260686803e-19,3.647573326381058e-22,9.678587974482374e-16,3.244728116010654e-8,7.836442696727017e-6,0.01674004839501973,0.03722157066901687,0.03049257762602742,0.04464253846178274,0.05553056741983632,0.06788606081748455,0.06390389682543215,0.061085799372031555,0.06182781382207235,0.05638073072356396,0.05453822636632981,0.05288106585328285,0.04824446857361863,0.04353847132073,0.04544521002024747,0.05183974022872994,0.052348204923859866,0.05389639715386603,0.020917400631407,0.020924190915913913,0.009160121357264649,0.0031435218289147153,0.009335928347354312,0.00517286944638872,0.014537840897133588,0.005121825301999482,0.005368284599637626,0.0018917506836999825,0.00034577247314502007,0.0022865975929321843,5.9035106286456375e-9,1.4189389748767952e-7,8.901448511149953e-8,4.311683879726752e-9,0.0001226771058089591,6.430492984300478e-12,6.281362849434284e-8,3.001597788152787e-7,0.00032838607079222355,2.2133253170659367e-6,3.015963031200057e-11,5.499950403772824e-18,9.601006881623944e-17,3.278673057177893e-17,1.1221236683668056e-19,3.0943533893893742e-18,7.566289509517713e-15,2.866413117630078e-25,2.958327428558545e-16,5.249649607555763e-31,4.4901763704098005e-8,2.11032843421705e-17,3.8682937486762605e-23,3.4102798608513426e-28,4.9740640030397234e-33,8.490993292050795e-48,0.0008407961117654073,1.7375277524861771e-40,2.520918021652376e-36,5.231850306922412e-15,6.36501126208396e-5,1.4006482845619835e-23,2.146490143115238e-29,7.100020343548593e-36,1.0210314883301198e-35,2.9635788338976464e-8,7.866627037505733e-66,4.447040814888252e-28,5.750767663544152e-20,0.00023701666120425175,1.7420166945606894e-5,3.6888786111791238e-22,2.4593491537012555e-36,5.879854008210618e-30,0.00018104739389827672,1.3538562566408999e-7,2.433879172898214e-9,4.840280612566751e-43,3.6781712628111787e-5,1.0866769180523953e-28,1.6602172645085673e-16,3.1166373149164058e-49,9.535655862773912e-22,1.8262641034011594e-79,3.202420133796858e-67,3.050423979274496e-15,0.0015118333013520386,4.812241751320213e-23,8.317116555709417e-12,2.1768708568553747e-28,5.572159016315442e-28,3.9964554972741566e-71,4.7937198932758836e-122,5.162458286824973e-171
4.593650225457325e-121,4.537733204333819e-75,9.638015005479514e-91,1.976851780753305e-62,6.453400724297643e-49,7.3963120963539086e-37,7.829913554891922e-19,1.3359288316731437e-30,5.526896104984926e-39,4.715633866417651e-16,1.1638060636613665e-30,3.046166228236095e-47,5.197236181626615e-37,3.127776942460619e-29,3.266125114873521e-26,5.909220459209492e-16,1.412467296027969e-7,7.657050123405918e-15,2.5808379411058698e-14,9.386339822798848e-13,1.5006816609720946e-7,7.102029436160823e-13,1.5442335396459709e-12,1.9573185286063547e-12,1.4883589743874739e-9,2.9845309343658214e-10,6.434056696241482e-8,2.012723457424023e-12,1.0506215731244624e-9,0.0004154028510007812,0.007215431426347604,6.248386519829134e-5,0.001079751717003386,0.006513387714832343,0.006333254989450676,0.006887356286099901,0.012425434017851723,0.020296412258497175,0.023179957856516886,0.028323122116710193,0.028923563683887592,0.029365559137892686,0.045781859809601644,0.03925586308371579,0.039093479230083626,0.05246365429811985,0.06174921000847458,0.05143006605846642,0.05735698245509504,0.06444055222882043,0.051845792568907936,0.055846320353832565,0.06162096355349009,0.05371405662471,0.058575087719030354,0.04148556790853076,0.03655272631275073,0.021113565387000925,0.009367528253230522,0.013762839219380145,0.0027755051001233564,0.002242768868093424,4.255410890720889e-5,0.0010896847835743348,8.187450363347608e-5,1.4959180199590906e-5,0.002692761394324849,0.0009114030627151976,2.8738943510099276e-9,0.0002845724309949498,1.4047560968658499e-8,0.002062939989707383,2.2197955722255257e-14,0.000266593761064713,8.185391853388809e-12,9.35614010210968e-6,2.52886737249944e-9,1.2999999325660601e-11,1.569373493300767e-15,2.044731773792946e-6,3.305577908094443e-11,2.5881930558847984e-5,6.269045373712386e-9,0.0008384129639770185,1.3726269767245089e-13,6.946001891886214e-18,6.974437775844725e-28,2.1682338040645654e-29,4.123960053913311e-27,5.620901031716667e-16,1.821007353177196e-31,3.3309362021571225e-5,8.498618574305349e-10,0.00014764767819757508,1.1189177306188211e-7,3.661543263041553e-28,1.1189249171191346e-16,1.6350061074250921e-40,4.5778211787466195e-38,4.0155264828345325e-119
1.0,0.0,0.0,0.0,0.0,0.0,0.0,0.0,0.0,0.0
0.027963568,0.055101316,0.06799218,0.091655165,0.03278225,0.03580878,0.04067825,0.038787074,0.047941044,0.052065022,0.13454346,0.19893365,0.029786665,0.02344096,0.034041677,0.04649451,0.04520289,0.049519505,0.012860956,0.025108531,0.025701689,0.18157618,0.05991597,0.02069096,0.02935127,0.027437033,0.16426894,0.06280073,0.0661096,0.051195767,0.034476165,0.041205194,0.054029852,0.056222577,0.043419074,0.024544563,0.033236243,0.28853035,0.035341814,0.04459548,0.08635825,0.0644088,0.5952513,0.015389966,0.06138056,0.10999949,0.02156514,0.04177827,0.04870286,0.036768768,0.026285322,0.21875955,0.081805184,0.34445003,0.022297341,0.09937427,0.042896826,0.03926097,0.040193558,0.26231351,0.018339166,0.03363707,0.028423889,0.01909101,0.026893333,0.053004365,0.04582067,0.07814904,0.028899077,0.03104708,0.037279516,0.04399715,0.023923205,0.05863593,0.016943924,0.031480405,0.44625902,0.03779708,0.03489079,0.04232849,0.03191472,0.075023584,0.12177555,0.31769067,0.07243306,0.05742496,0.038291484,0.03235955,0.05036324,0.03973364,0.14900629,0.38147742,0.047216084,0.022876155,0.019842234,0.07007677,0.24077947,0.030210366,0.03062659,0.036293115
0.02156514:8,0.06138056:72,0.018339166:4,0.03191472:28,0.042896826:51,0.06799218:76,0.03489079:35,0.08635825:82,0.038787074:43,0.091655165:83,0.26231351:94,0.21875955:92,0.03104708:26,0.03062659:25,0.033236243:31,0.31769067:96,0.056222577:68,0.022297341:9,0.04232849:50,0.053004365:65,0.051195767:63,0.04459548:54,0.06280073:73,0.04399715:53,0.03278225:30,0.16426894:89,0.04067825:47,0.0644088:74,0.12177555:86,0.04582067:56,0.01909101:5,0.036293115:38,0.075023584:79,0.09937427:84,0.016943924:3,0.024544563:13,0.049519505:61,0.028423889:20,0.034041677:33,0.02344096:11,0.023923205:12,0.081805184:81,0.041205194:48,0.0661096:75,0.03580878:37,0.05036324:62,0.03973364:45,0.055101316:67,0.04177827:49,0.025108531:14,0.052065022:64,0.34445003:97,0.022876155:10,0.04649451:57,0.047216084:58,0.02935127:22,0.28853035:95,0.027963568:19,0.10999949:85,0.03235955:29,0.07814904:80,0.03779708:41,0.047941044:59,0.05742496:69,0.026285322:16,0.030210366:24,0.025701689:15,0.5952513:100,0.03363707:32,0.05863593:70,0.07007677:77,0.037279516:40,0.04520289:55,0.028899077:21,0.054029852:66,0.015389966:2,0.02069096:7,0.031480405:27,0.03926097:44,0.019842234:6,0.036768768:39,0.040193558:46,0.04870286:60,0.18157618:90,0.035341814:36,0.012860956:1,0.07243306:78,0.026893333:17,0.13454346:87,0.05991597:71,0.038291484:42,0.14900629:88,0.44625902:99,0.034476165:34,0.027437033:18,0.043419074:52,0.19893365:91,0.029786665:23,0.38147742:98,0.24077947:93
