30
0.043298988434070027,0.004243994652796561,0.0020115932996488495,0.012971185285031828,0.06513073392346111,0.024512833716971917,0.0003656426197467084,0.010870093737351177,0.056119452710509186,4.1124460879953614e-5,0.01744347296528556,0.0015643077262878044,0.008937630175213238,0.08322141807281913,0.016725806038665685,6.848756303638355e-7,0.003934650101644116,0.03395290049864739,0.046547604175341324,0.021078194559960205,0.004530767463899158,0.028083499999803127,0.4625061920465234,0.0007398842265573266,0.00021976425929715732,0.021101809037408003,0.0015125134196825915,0.013169291007658167,0.006693753091825111,0.00847021341738396
1.0232857609843603e-6,0.10556700448072538,0.008583493721912664,0.0004851864875728857,0.0005585502743301686,1.0495452093290988e-6,0.1132736232061248,4.733780480566914e-8,6.452885568734048e-7,0.0018844220739966113,2.7803429024286866e-6,0.05170885543114915,6.396046471246873e-7,6.470455112904108e-7,2.8451186476293373e-7,0.018221801335900803,1.0368278603613903e-5,6.213494431511744e-6,0.0009746686204268431,7.138446534819046e-7,0.00768555085962651,1.0821060423978538e-6,9.483290537633839e-7,0.003782120608999303,0.006398818705639611,3.1914203388965665e-7,1.9596140280823155e-7,0.6808221718317562,3.692049267690396e-6,2.308219409230742e-5
5.496689184464402e-5,0.0025660986256318226,0.7608985748131126,0.033186806824951565,0.07249047696706015,5.737435588754412e-5,0.015193017231518335,0.00017914448488289518,0.0004138016251393435,0.021699422556936996,2.44631633616912e-5,0.005560931602726202,5.763538174723019e-5,0.0032363662019382093,9.266730163416579e-5,0.03922968469705316,0.00016920870268744375,0.0007341803724811881,0.0018816662824603324,8.137574672971471e-5,0.0016409032961670928,3.945611036887004e-6,2.5356624108467058e-5,0.008449849428425735,0.01960445707468589,0.00774319931083719,5.66340040257857e-5,0.004281329960220544,0.00014009496892150106,0.0002463658917858439
0.00015151941590746217,0.0002313879813776058,0.0026752619311399936,0.0015661005495274552,0.13447975063221926,0.017488284974848726,0.0017058206630091621,0.10609220553669539,0.00020622143274561522,0.007099142495985092,0.002000961630020788,4.40995995235378e-5,0.338846462440687,0.00016872270137284246,0.026832521287314712,2.94653277858318e-5,0.035522411621332774,0.062478709450303,0.0965976415589589,0.03375075592657028,0.04321910080080772,0.0474957191404941,0.00015012021426667827,0.000518053849805506,4.587938901282132e-6,0.000620793507847747,0.0006964834112858765,0.011195129561731163,0.013107438115849216,0.015025126301685282
5.499777858194944e-5,5.510240034336902e-6,0.03425016290023117,5.6921627005157016e-5,0.10043708983569419,6.000933922965263e-7,7.265083011908732e-5,1.1597719860137309e-5,6.906257402382509e-6,0.4504867030539709,2.9999204186126755e-6,0.0013825112043706477,1.071976665956279e-6,4.0193175423883095e-7,7.727794160879156e-7,0.006243798917081275,7.842750546559308e-7,8.370370279072789e-7,1.0121816796524158e-7,5.8683832827930095e-8,4.688217987605179e-7,7.706045939148615e-8,7.914425299496683e-8,0.00013107234134962671,0.4067286091804822,1.6086667692925448e-6,3.041313911025052e-7,2.452313932082117e-5,1.004628449650712e-7,9.667877124922984e-5
0.04636456613940503,6.25432911427875e-6,0.10714702512469625,0.0006267309680219352,0.0004517362843874084,0.027922128818399287,2.829741752451664e-6,0.09682639408830261,0.04160070728093146,8.596964095075859e-10,0.0006742444549598562,0.00020039846526993682,0.5413148415340266,0.00045086117260785893,0.051321452604511666,0.0001896252971581298,0.001543185860013072,0.00282507003932719,0.0001279364355517248,0.011618044522062295,0.0006305597381628083,0.018225689085661034,0.0006846788287243495,3.3869841201944226e-5,2.006350124126637e-5,3.063796172706373e-5,0.0008294512997124567,1.443695799998827e-5,0.0376643110008026,0.010652267764570978
0.0016280262749688297,0.09249344899256765,0.0009686188013785765,8.198477674521613e-5,0.014498169215883518,0.005532127677900636,0.09396757604413106,0.0033956443354006324,0.0015381594626832388,0.0837324059567601,0.0008723113999156306,0.07080282156023017,0.0074642569421814855,0.000655961638339175,0.0008371642074121758,0.0028897153304410757,0.0013454842980197054,0.00021573518024925386,0.0046180955405055405,3.524114626878004e-5,0.0032053206018110092,0.0026013224681031644,1.3524458769335177e-5,0.04146656781507312,0.015202846834597558,3.660624561026891e-5,0.0001217133363148046,0.548476462752086,0.0004653920747861167,0.0008372946308663624
0.003158849192865949,3.8860659456151555e-5,0.016090569037904966,0.0006633623063612349,0.000408065254382857,0.06559090921200683,1.5910102361399415e-5,0.015296291925631129,0.0003417040722131137,3.4977331243856445e-9,0.02132479875556099,8.397814499052851e-5,0.7003725976341549,0.00012917788434973237,0.018850439855868605,0.00031751097621629445,0.004503437936450746,0.005948396003103366,0.0003642554443494435,0.009374461962700307,0.000380897755070313,0.013523544434010317,0.009876348925031284,2.6142454210121035e-6,1.752274028500251e-6,1.0372044500915677e-5,0.00012845554013935902,3.6586016425805384e-6,0.006981053492424402,0.10621772282906967
0.028495817096189775,0.0001543860268361263,0.00027844778111766314,0.0029001640206729453,0.010762030946586254,0.004763814458470091,0.0006526032101017021,0.009627671497176114,0.18525634786520565,1.4023074354529562e-6,0.009555462071371356,0.0012263288814477894,0.03552608587830281,0.4123052142019107,0.04543706503856525,7.755753187144813e-7,0.023139077767114758,0.008925215256492713,0.0025955655122015062,0.006012955575393211,0.003651231007187073,0.004554243785048841,0.13771810239260057,6.806330814738183e-5,0.0008006882759998227,0.022191338041433965,0.011153365415284652,0.0004628688119845362,0.028133356979129418,0.0036503110152731138
6.754028846487736e-6,0.0005199485232457835,0.00298968330214635,2.7568555120754193e-14,8.465631081680835e-7,0.01473280772296931,0.000364473723322084,3.316374429548748e-8,0.0013019898304308388,0.5013211364682393,0.016958708125900664,0.0003118062591932977,0.0001244806505515483,1.3623625168664981e-5,0.0006524999823625827,0.0025099756477795754,1.0462220272408595e-8,5.972375483433898e-6,4.2818572454800746e-14,7.773690610695842e-5,8.880303223368591e-19,1.3602680358099856e-5,1.1977982903459348e-5,0.0010007432473600642,0.45429216704040193,0.0002066168396330234,0.0017130037447233605,0.0008662788321345382,3.1130753106899095e-6,9.196284862635405e-9
0.02044624155060951,8.074691522166637e-5,0.028431694999944006,0.011478677852672006,0.004599081307596522,0.06248234759857721,0.00022019827090252842,0.10497880581967073,0.05385078731227733,2.1458483736753517e-7,0.02766503126294608,0.0016939203861293037,0.1478851665613332,0.11844789278500499,0.043601499887224976,1.211289874248905e-6,0.0832679878527211,0.024161447040541885,0.003935366940210243,0.0452545877695063,0.0032162905278812813,0.003700442658156931,0.10067492136258602,0.00044941126450439195,0.001802274785894065,0.006127135520222904,0.016310258577265466,0.0009464370362817978,0.05589254568256709,0.02839737459683891
0.00019149727531939123,0.009521032482468782,0.022209614229168003,0.0013895932870267305,0.03849725018421985,3.484131612020773e-5,0.001500536303058595,3.1307678405688664e-5,0.002442599965567607,0.00497172436206802,0.00044562796939110085,0.39343047390942576,1.0495809995378405e-5,0.0010634550293584255,1.7344789703036398e-5,0.00024393122583796966,0.0010141394288301186,0.0005682313671245378,0.004291246788237942,0.0001610950441386066,0.0006993525699466627,1.2531498691189312e-5,0.0003458685778365034,0.45464004020824417,4.482788999001315e-6,0.02327022973828849,0.00014041513256513282,0.03845564179599675,0.0003131325441908838,8.226669977565948e-5
0.009067916389540843,2.9388553508143366e-6,0.000712308974332141,0.0025071482899064897,0.0014181779193654794,0.013846754166559108,3.678405847489785e-5,0.009307745027497129,0.09323826367258073,2.7896558016103468e-6,0.0021932562446704564,0.00022348173564102426,0.4195194045760488,0.008128522178827738,0.06905241870442029,7.756601413315232e-7,0.007013120038947452,0.05087331754254369,0.00029923706936970594,0.04446858864360905,0.0014121889365165197,0.005021054439506961,0.20146385934514244,2.3889084459398833e-5,6.422837135608115e-5,0.00041417485686982505,0.015087821744280036,4.002728748804815e-6,0.0394093645304353,0.00518646655905607
0.04822401859002702,6.982286522035478e-5,9.893885649996386e-5,0.07112102142415958,0.0015745770765983737,0.00573543901026322,0.0007366065185655286,0.007159545312462518,0.04328107083348906,3.501266988385171e-6,0.005214589249010756,0.0017595067871385211,0.005041893566860526,0.08306992298289748,0.0053058213356513015,3.397227176049757e-8,0.0342362906954956,0.004835552589063142,0.07045081369505861,0.009928626268744958,0.0010390339990065344,0.0028412878719974582,0.01899483748559119,0.00048538095736312345,4.4945688736426165e-5,0.4983343750034914,0.0109381611094668,0.000318175242599548,0.0675386528159579,0.0016175569293230294
0.06779261407391071,0.00013660530632828697,0.0007315426990432487,0.006436403463037353,0.008974275997571498,0.02557988001439905,0.0005324688986025749,0.012509935617839151,0.04459359320626597,0.00014325935930978065,0.016527902920433102,0.0004287299898678752,0.1380864257930874,0.1255830821161466,0.0024886207123500123,2.584350637296876e-7,0.0074615722733054925,0.028103412232223835,0.0027036762536987694,0.0291524177628351,0.0015021549461131257,0.010969589079439176,0.3414334640510986,0.00016383368191212342,0.0018534858801212706,0.0015893860824987968,0.009984247959117018,0.0012232302552130053,0.107038940931334,0.0062749900078334035
4.4998321030387486e-5,0.010858801087244047,0.150922270249299,0.0004709157869210952,0.12033393502959619,0.0049408649890324745,0.0586669445475178,0.0011720152674694112,1.4925259571010574e-5,0.00856581087248542,0.001986670003368371,0.0008513457031999634,5.93199844401258e-5,6.941021569050999e-6,4.74937481381209e-5,0.5913227083806731,6.229616264295234e-5,0.0007779959538551823,0.00033250191319936955,0.00015023320477131744,0.0015643291786569646,0.0001245456957785301,0.00011157521201611624,0.00022142112469203764,0.028101208991241137,7.496167434858907e-8,1.1909304460040642e-5,0.014701783581931634,1.9461200095182507e-6,0.003572218343515389
0.0005903495248093458,0.0003869631570402787,0.00035936496223983467,0.025473302689865477,0.003921597991301749,0.029452576757224715,0.0009638536113730808,0.03451024172885864,0.003513624038216378,4.284829817031872e-6,0.003774029818540112,6.846272646324623e-5,0.5671867713413484,0.0025836609253033914,0.01518290948696138,6.020536023455902e-7,0.10055155381433434,0.005139603824868615,0.07565799898500539,0.02678265409211853,0.020268610246542335,0.01621356955228423,0.02144757256196786,0.00014058227608525613,1.3827652820769896e-5,0.025331149451683615,0.008155791889418436,0.0007173931850316692,0.004843457729067012,0.006763639095806403
0.004571627822505854,0.00014554386597404859,0.0003626592506288633,0.002213468701033303,0.0019169210817279192,0.007692484623009633,0.00010806412338178171,0.09445681804590234,0.01836409587289881,3.694726673440292e-7,0.009418428265832002,4.567173747771016e-5,0.38984437527195787,0.008442956645758134,0.0008565741332265631,4.648736635617034e-8,0.0066390427640010225,0.08792710963353476,0.04428755304409417,0.06718593470847474,0.019288753252741896,0.009672186437425236,0.14002225854429795,0.00027284557817512466,0.0005479466688606588,0.009774438903317069,0.028843890834334286,0.00014963979382707297,0.04410181582547845,0.0028464786100888574
0.00017147062000480648,0.008259433450045052,7.88903196612845e-5,0.01016009927775753,0.005272419911360455,0.0036470832621898646,0.0006974444126193723,0.02580219344813934,0.0003435903543437323,0.008737951494662093,6.884103539930287e-5,6.832153910700523e-6,0.010883799479063224,0.0005779801244075529,3.0573234777430285e-5,3.308627775133789e-6,0.039387627068985055,0.03266063025999624,0.043689813413827445,0.008084394202710878,0.7812428724402115,0.004886418131791194,0.008858208886037423,0.0013690078630694865,5.937317440275736e-5,0.0017246452717509888,0.002236942314217533,0.0002815635252992932,0.00016981724867412982,0.0006067749929092661
0.0014281927165403431,9.020264199852279e-5,3.61004842986977e-5,0.03485613179207401,0.0013555400943958504,0.0020446999218764594,0.0009545875223750606,0.07664050476386129,0.02023348071564951,1.226870646552446e-7,0.007716881193945671,1.9726534101648634e-5,0.25909266220242055,0.014626995813411073,0.03675886142557453,4.273093064047082e-9,0.06029969308885752,0.09990431055365631,0.04112984409080625,0.015843687550190146,0.013866475727892087,0.019867537000571082,0.2128588619335559,0.0003360624014459246,3.1779368744895814e-7,0.05649247248074302,0.010351031136448318,0.0005939409537131663,0.012192757401694026,0.000408313104057989
0.0004821173378912344,0.03928687442710944,0.0031080822283786804,0.0028241045855745364,0.010985746294125453,0.12490350629114785,0.00029581926829396073,0.30992405402100415,9.659869927380595e-5,0.0011382929566607347,0.0015600222171783856,1.5001894281519716e-5,0.13078802617707241,9.126100461148334e-6,0.0003572426951916909,0.014419755415552854,0.00711523901441854,0.010692345781880778,0.002908652400355212,0.0006846253344251668,0.268425234827646,0.0073952234007651696,0.0002135263867445216,0.0003227649718245445,0.008209997551644829,3.3217331502731297e-6,5.8485875187855896e-5,0.007020379213497668,0.0037115400710016466,0.043044292828259945
0.0646024427540814,7.496322630941646e-5,0.00034619529929010793,0.002983484614729648,0.0014944740645316567,0.044094959489239444,0.00024248405677161319,0.04623370333622251,0.006077046883307264,1.2585900759348668e-5,0.006641930922064302,0.00033229871997982453,0.45588148886933527,0.004474512019087263,0.03358387842550992,3.283139430296718e-6,0.005150353822541849,0.12870637788523762,0.0051239687491918115,0.06495025412005653,0.0026102877224633584,0.00445701758766993,0.06548492979627313,0.00018062809464178102,0.00044475290176677,0.0001340764974713498,0.0320434576991282,0.0002525389861913256,0.022305584578669862,0.0010760398380472022
0.0010843911197831251,2.202833972335684e-5,0.00014421358629094567,0.0013724194285422682,0.00022914854296213728,0.0011651680198795967,4.647134942024225e-5,0.01166410333437407,0.005428305524342097,3.263300074133086e-8,0.004893710578000006,3.061403144427072e-6,0.01899527844907358,0.029687196462467858,0.005905490655415289,4.1402090127613254e-10,0.05390281855977004,0.10664928596516071,0.003530290514245852,0.11089704541439237,0.03291073755254892,0.00595594109586328,0.4497390708979329,3.665153978570557e-5,6.663186866078095e-5,0.13007867644922222,0.023455570208309916,0.00011255671193445559,0.0020118339394661596,1.1869442266125831e-5
0.0011681524267802181,0.1336278092333154,0.0016804099839540635,0.003889866742963276,0.011773503225883379,5.754839773929029e-5,0.021760831894310842,0.00012963538865025045,0.00995645469383277,0.025806696599740626,0.0010958185905321377,0.06250227575243957,0.0009980294465256035,0.14431859924349622,0.0010783225188093248,0.004002396495955911,0.0009317706884637731,0.0005704066553945742,0.14670189351703217,0.0006874398042142525,0.02369553971742412,0.00011523658197238424,0.0012222270648912623,0.025167104339299865,0.0006706657137626118,0.0074663445584911056,0.00010706960313661303,0.3687885749253835,1.4500733122802442e-5,1.4875462482212778e-5
0.0006696034661879145,0.4609926821762998,0.08956660847086895,2.3037174039902125e-9,0.054651236160654225,0.00045380575743656675,0.01280647512803319,5.861669449320344e-6,0.009665862049137778,9.874142107086507e-5,0.008384863601117848,0.05560989046991119,0.0011831979941891219,0.0009641550384685795,0.0005597067499640586,0.16889593753580243,3.677277545717556e-7,4.052822287979324e-5,2.8434828700310754e-6,0.00025031186059684305,3.912225075593786e-9,3.0099508879635995e-5,8.05072546706633e-5,0.020363806256025754,0.08397017781799786,1.0990046651474987e-7,1.1395219216973389e-5,0.030653009872934765,7.028303736787337e-5,1.7925933804314613e-5
0.001638584554074229,6.028536898268878e-5,1.4869495233470299e-5,0.035157683649406725,0.0044426488699357185,0.011794684911968738,6.405446978928867e-5,0.005525966985126313,0.00031697670681753854,1.4311366850146297e-6,0.004040779101685548,4.403722955321092e-5,0.007332124296979261,0.00014057144525931722,0.00040004690477695793,4.1908899753325475e-9,0.015690624847338838,0.002245149953085362,0.624681292461049,0.017029497605809418,0.19122117224801868,0.0005878895736505171,0.010238104245117294,0.0005370028633822345,9.509964963256471e-5,0.05116313182991747,0.005062571928840419,0.0003412486626194527,0.009396344333572258,0.0007361204808023792
0.0035212783567560454,0.000637221356586941,0.0003246527653598451,0.009185250570203371,0.0011021562320419392,0.014853980728463709,3.2883894658467457e-6,0.08392895099746095,0.004859549310132057,3.249141022016724e-6,0.0025234444781698845,0.00013361930916608672,0.44882846661784587,0.0054310628182772545,0.004992437488364272,2.8557308687614585e-7,0.06008181424415393,0.038039659254536874,0.09956875119666704,0.07953280482178056,0.00795048426270399,0.05637310174204739,0.002379411875654272,0.0007331994432864746,0.0016980255459648115,0.011669973337491356,0.005401944776032392,0.0008134423203322882,0.038882927389730114,0.01654556565721564
1.6583077537256614e-5,0.101020874901873,9.391691907346157e-5,0.0025195476993848413,0.03439144678908913,5.514252802355417e-5,0.07265824992822602,0.0006823035575154963,0.0010814167212758912,0.001700049339064655,2.6861194004543112e-5,0.18451286079279072,0.0001574892032436615,0.0003012286190154657,0.0002413561373057279,0.0013909276537430607,0.0009732331474564723,9.954932310411947e-6,0.035156514350917246,2.97601288977604e-5,0.005450292176509475,0.00032118056898697474,0.0003485704442152035,0.0898554675704704,0.0032904166325045292,1.8540755016705804e-5,9.26694069947213e-6,0.46317822322940044,0.0002324456531090379,0.000275878408339142
0.0019461327445469182,5.470033283978809e-5,0.00030762973919273926,0.006784224901133637,0.03188565316074607,0.008415015448532348,0.0006599182292894169,0.004810369405844284,0.016277457577589294,2.5487028053701044e-6,0.03133774855519257,7.372741248579855e-5,0.426649921906342,0.05228436402992619,0.05351079518709086,2.3165065112061497e-7,0.04137051421380377,0.011041328159826827,0.0056497570873096535,0.040433473491379525,0.002831283445124585,0.01085918861196346,0.044410056351394445,1.6621260984043342e-5,0.00026602735279564687,0.10492716689981481,0.008060922358550372,0.0004428767857349805,0.08915783499297729,0.005532510004132195
0.0024869060323923463,1.0708567239264198e-5,0.12579561393350683,0.0006484249798252898,0.1308635028065492,0.00589569514241384,1.9873410918317327e-6,0.0008983086178684211,0.004790237679966523,3.823812554334305e-6,0.005570192677237224,0.0005635554517877759,0.6147915407744335,0.0006601719509996201,0.017870270201171233,0.004903785209351649,0.0006238561056835154,0.002661669711622716,3.5545099759266954e-5,0.003302248586816605,8.25696593159948e-5,0.03191735065766406,0.01707603387071748,3.961363068206256e-5,3.357269247394572e-5,8.423679145896487e-6,0.001206703806578954,4.4709576041872136e-5,0.024133372432760244,0.0030796053123484553
30,25
0.8518768661508118,0.14791121221190057,1.525900957080638e-11,1.517566651096812e-8,0.00021190644636078515,1.574833066885352e-15,4.5877224473499715e-74,3.770817727445814e-89,1.3101784760802387e-61,1.541631308189191e-78,2.5732238987293505e-74,1.1563387359099997e-70,1.9695357550534244e-98,1.8760244544219347e-41,2.873211764560682e-207,8.61101663388e-312,0.0,0.0,8.593128804243562e-308,0.0,0.0,0.0,0.0,0.0,0.0
1.4904115874955344e-5,0.9997301817144031,0.00019449658318650316,6.657895496813183e-6,4.979286124214975e-5,2.7272847574450383e-9,1.4943842731399925e-9,1.512219529543477e-29,1.63529979361237e-17,3.609871679542613e-29,1.3534668195285521e-37,3.962608127454078e-6,5.70697816652057e-25,2.1004846059462426e-20,2.122324429179704e-91,7.466160030389968e-141,3.837467011809783e-233,2.3437127885116494e-226,4.9576593737158864e-235,1.1989952787944168e-176,0.0,0.0,0.0,0.0,0.0
0.7972393434237012,0.11044579072114265,0.04004979328255982,0.0300548615327713,0.016936024211204572,0.004786145826998438,1.374248881997261e-26,3.3764922415862145e-22,2.136272673997418e-42,3.658639520515345e-11,3.801760960180995e-27,2.3290240598358073e-22,9.869141244887923e-34,0.00048804096503580053,1.121473071580986e-108,8.903012551546414e-131,2.129346752686279e-134,2.3134954802291646e-165,9.717781746192133e-159,5.215578629781296e-217,4.34675225e-316,0.0,2.20514240307359e-309,2.0603692462723808e-287,0.0
0.09056929786670262,0.9092099371349995,0.00021427485814137266,5.000542826091043e-6,1.469626426085348e-6,1.9970594170363135e-8,6.80664595281027e-35,1.7879479827236175e-63,1.9686056505001596e-30,1.0322813156912744e-59,7.075288557613157e-49,2.5296116891344403e-26,3.7226945593505813e-53,3.1023939879360883e-13,1.836452357334768e-132,3.8069157696323246e-202,3.6307143189383614e-266,4.2652001428660675e-257,1.5304559712039944e-287,0.0,0.0,0.0,0.0,0.0,0.0
0.048126895594995014,0.17355613933559355,0.15434773464077098,0.12995572797654995,0.20390990831386238,0.09152246052130662,0.08793376184453923,0.048432511241614795,0.0012743024575327519,0.019729872270164216,0.001325845480549642,0.02609116341137604,0.01379367690841198,2.7329997819183383e-12,9.413708523485458e-20,6.140867079446002e-34,9.491934204709986e-78,1.2879653011016183e-49,4.257787563432353e-105,3.12737006623357e-146,3.303986684746059e-280,1.9450437525933908e-268,3.1056425006039463e-186,1.2476197788658203e-152,2.731093155414363e-280
0.9716581048800785,0.024583632361743747,5.514767812129226e-7,0.00010716748912256867,0.0035675636342053806,8.298015805288081e-5,2.6143862305834434e-31,9.922583791736565e-101,1.572809934728004e-14,2.7045209083196073e-56,1.308436453405463e-119,1.230639428313065e-66,8.69789514386167e-105,8.057189446895025e-64,3.679412153875224e-271,2.5904e-320,0.0,0.0,0.0,3.713818184017e-311,0.0,0.0,0.0,0.0,0.0
0.0011611568236590225,0.9003643315662879,0.0309542170515372,0.0490036963815306,0.018514314691474826,2.2834852821870194e-6,2.1884185981289196e-13,3.062420254806846e-27,6.867155806669348e-23,5.99801556349518e-29,1.9349902695732097e-22,9.284684960602636e-15,4.200387786342187e-20,5.5815349899087076e-21,5.653726495438967e-64,7.31603935044771e-105,1.4241865366492354e-194,2.5677213214141245e-156,1.6547906761824364e-212,1.8012254116740038e-195,7.057191371584832e-275,1.457311274587919e-279,7.381233024352766e-275,6.142630707274979e-276,2.563856197168144e-279
0.7702655562512704,0.2288240572831091,0.0008624393431311485,3.838258369089282e-5,9.09352640083948e-6,4.710123965489295e-7,4.295917582750591e-23,4.6490520404203104e-126,1.3262637674265033e-15,9.814248405131568e-71,1.969233247706634e-140,3.006356240170029e-60,3.3537448789647054e-124,1.4038889734499167e-72,6.758863927293666e-272,0.0,0.0,0.0,0.0,0.0,0.0,0.0,0.0,0.0,0.0
0.9995740221018731,0.0004224478008694727,4.761078474250064e-15,3.0042058699532274e-9,3.5270930466888403e-6,2.653894297619259e-20,2.732360435188076e-99,2.5826928733157556e-106,6.573148478914965e-89,6.404244881502078e-90,3.085770298856323e-106,6.336492201643967e-97,6.035427974298184e-141,7.140596481442494e-49,3.0179915375266335e-279,0.0,0.0,0.0,0.0,0.0,0.0,0.0,0.0,0.0,0.0
1.3536251735462378e-13,0.0011859790372395441,0.014917354779795623,2.724359763382485e-9,0.007594523003813305,0.0395195924847285,0.04423730486714722,0.11753771462877302,0.18882034331362757,0.13780750364563038,0.12552753509866876,0.08664789534134917,0.09376083001044593,0.04893803771966743,0.021194553558113522,0.019947815113518605,0.016207599779733867,0.011220646001354216,0.011220646001354214,0.004986953778379651,0.0012467384445949128,0.0012467384445949128,0.0024934768891898256,0.0024934768891898256,0.0012467384445949128
0.9986843566157629,0.0007825660156775698,1.9452464333681876e-11,0.0001540136898994857,0.00037906153322180903,2.125985900003964e-9,4.849864266116556e-49,1.3772467665784967e-75,2.2285397574179592e-46,9.186479073552976e-50,4.4040958568137553e-85,1.0404589286069978e-64,2.565776812692027e-78,5.4677346759297994e-55,9.671148077363806e-221,5.8868839341914775e-264,1.030115347764133e-293,4.219549301951751e-272,1.318957661473178e-245,3.199854517669952e-245,5.750484e-318,0.0,0.0,0.0,0.0
0.8909972955367238,0.09391247081593701,0.007837908913403248,0.007249775709062098,2.9089140740366255e-7,2.160693059484197e-6,8.362668628861966e-25,9.74404070730035e-8,9.309866994004346e-34,8.761166005885429e-23,2.2160904896900329e-26,1.5833524294211694e-19,1.120614016473972e-45,4.4149352449000453e-38,1.2943516646943736e-112,2.18861384533566e-148,4.544838773457607e-255,2.2112411710630874e-257,7.02866786996694e-196,2.6189725988506807e-234,0.0,0.0,0.0,0.0,0.0
0.9927904436106898,0.007209554890225962,5.4303480109768106e-14,2.2908414911467574e-11,1.4761216736897825e-9,2.0372123066142376e-16,7.251428000666936e-69,3.1851442740506753e-128,2.3360058977539456e-61,3.373669147700527e-80,6.467403421152689e-152,5.297975753689486e-104,6.449028078286886e-175,7.968456847720335e-59,0.0,0.0,0.0,0.0,0.0,0.0,0.0,0.0,0.0,0.0,0.0
0.9979929537152132,0.0015979026987914336,3.5844333654889855e-12,0.00040914144297943435,2.1393596397768217e-9,7.179496714647129e-14,8.78700990005322e-73,3.595007197493471e-94,4.595437762709842e-59,2.4620883296766176e-100,6.237023403280424e-64,2.1726951526031164e-56,8.861334904800344e-131,2.062653535619421e-36,1.1529431659814774e-293,0.0,0.0,0.0,0.0,0.0,0.0,0.0,0.0,0.0,0.0
0.9972686307145205,0.0027310529983056923,4.829889340182201e-14,2.4593585920076325e-10,3.1604118972023374e-7,1.570600615622446e-17,4.0447208738596776e-89,1.1611601828675509e-110,2.4330921244272647e-80,4.0726084943167485e-84,4.15629560819953e-99,5.497234613707264e-95,8.51635711584703e-148,6.083652374576997e-53,1.6471517162728128e-272,0.0,0.0,0.0,0.0,0.0,0.0,0.0,0.0,0.0,0.0
0.0047657321104011005,0.49484361115038317,0.36736548724132684,0.062494947949408,0.06302840985778464,7.966750922411046e-7,0.00019568161172832778,8.603846930429523e-20,1.137882526456489e-15,4.856218123036482e-9,4.415930727944726e-12,0.006925323964504436,0.00038000457873629037,1.4495096123607675e-35,4.869418732736354e-42,1.2886801185149914e-49,8.942041319702162e-86,6.148579020194026e-129,9.445435600850784e-92,2.946094390901344e-131,1.2722289327556283e-296,0.0,0.0,7.37104787355307e-307,0.0
0.5957522689201205,0.4042465279382416,1.7858470319046535e-8,1.1762471098926585e-6,9.035955071530484e-9,1.0275587954589041e-13,8.048773779292271e-54,3.9992614235437883e-106,4.889644771379185e-47,7.324500332177045e-86,4.526398640391233e-80,1.4683765932396887e-56,7.59393019824282e-124,6.321332790991912e-45,1.0189695815997563e-263,0.0,0.0,0.0,0.0,0.0,0.0,0.0,0.0,0.0,0.0
0.8458468700301903,0.1541531094112141,4.242444245429986e-10,1.856438627111787e-8,1.569964762226722e-9,3.906613173513134e-18,9.781640431104983e-69,5.678904744013701e-120,1.406043900262329e-57,7.571881594828736e-99,1.4306189923746212e-90,2.1960520398059062e-76,3.564231210163719e-135,8.696761489373477e-51,2.207931928189e-311,0.0,0.0,0.0,0.0,0.0,0.0,0.0,0.0,0.0,0.0
0.006675322787280592,0.9820812460231904,1.957393752747714e-12,0.0029370689574827642,0.005269939709932707,3.847923273338436e-7,0.0018102661108244749,8.405624987632527e-68,0.0012257716169794984,2.503287312589566e-86,4.804144557720563e-38,2.489968477256076e-14,4.8520472193660544e-48,2.793895194012142e-26,3.656049396342844e-172,2.7155161272069834e-233,0.0,0.0,0.0,0.0,0.0,0.0,0.0,0.0,0.0
0.9471156177851885,0.05288437038111891,8.363050371249372e-13,1.11907356353605e-8,6.421206568422105e-10,3.754868540224048e-19,3.8112603107149815e-79,1.2041434995032743e-123,5.525311315123522e-63,4.682078326937371e-106,1.3625415059671977e-86,6.411932267820352e-80,9.181065374791472e-158,1.2205328490199779e-56,0.0,0.0,0.0,0.0,0.0,0.0,0.0,0.0,0.0,0.0,0.0
0.01099855741448013,0.9740969541280482,8.403474521504316e-8,0.00829255330682045,0.0010283595856973912,0.004254795658022421,0.0013213398828454748,7.068692379726046e-72,7.355989340628858e-6,3.919337300683641e-42,9.056719924002144e-86,2.993264249968145e-26,2.033207664808834e-44,6.150745410278162e-28,1.2338625675903947e-178,1.6514624338536986e-232,0.0,0.0,0.0,0.0,0.0,0.0,0.0,0.0,0.0
0.9175616506112422,0.08243688065244631,1.4170124525598837e-9,9.083229620298117e-7,5.589924373015823e-7,3.899639649104325e-12,1.0245329552009505e-53,5.962600198354545e-116,1.896517212945663e-47,2.881618491986729e-76,8.906847641365141e-112,5.107565392965393e-68,1.5541504038573184e-135,8.153977829537326e-55,1.8103754597525788e-280,0.0,0.0,0.0,0.0,0.0,0.0,0.0,0.0,0.0,0.0
0.9939944077552479,0.006005586264024461,2.644042350888178e-16,5.918860697550572e-9,6.186664539429343e-11,1.6731073231838117e-24,2.2445683149249203e-93,5.032758014729829e-131,7.08210808328649e-74,4.70287122043576e-112,4.0327796177352546e-115,6.553984606808655e-101,1.712140096110248e-189,1.0140416956332086e-65,0.0,0.0,0.0,0.0,0.0,0.0,0.0,0.0,0.0,0.0,0.0
0.29395475174299646,0.676564297149193,0.02813221976533708,4.966262408887928e-5,2.047740810787015e-5,3.6009317608142445e-13,3.3310653187941473e-22,7.166733322311399e-20,3.2296414364767183e-28,7.554766650647706e-33,2.4474958399688077e-21,0.0012785913099167758,3.934768979784402e-33,5.93510874489182e-28,2.924716275849469e-104,3.0537057441260794e-157,3.2178377725850095e-243,1.0458849767828186e-239,1.0410825689061969e-228,1.8001676391698926e-206,0.0,0.0,0.0,0.0,0.0
0.01940763751017819,0.313365932623777,0.14417516173235298,0.17852956798396563,0.1338803160733274,0.09843810183954452,0.07027142565309497,0.03580429660385652,5.358229638493548e-13,0.0002920122182103718,0.000637423836639426,0.005198123924404057,1.1300411105925206e-13,1.8180978944355942e-29,8.56164468411957e-45,8.417323739309626e-64,2.2106748338253626e-89,5.127934087798886e-88,8.810125192297211e-75,5.74141849875611e-35,7.602478361173244e-184,1.0155755383206144e-230,7.21337118201919e-228,1.1477269366442874e-229,1.7591189470721914e-233
0.8479303094718336,0.14668501287682403,0.0001306646207444168,0.0030972824814553494,3.2118208127944187e-5,0.002124612341014511,2.84512218988446e-45,3.7621471240501128e-84,3.232527682757801e-29,4.3439083443453847e-125,1.6227104539962536e-29,8.315191790882576e-27,3.2782595511981097e-115,9.100170089223634e-44,3.53191600157154e-256,8.172473010077784e-305,0.0,0.0,0.0,0.0,0.0,0.0,0.0,0.0,0.0
0.9451689897542586,0.05483096104664372,4.764188620670249e-10,4.674676717484593e-8,1.9759114880379957e-9,3.1277765663380287e-16,1.3503382683061002e-79,2.186894163697138e-116,1.2860456805327146e-63,5.3259279824194887e-107,2.07136179118633e-68,4.075389543052352e-70,2.525017473890564e-150,2.1615312484354146e-47,4.4e-323,0.0,0.0,0.0,0.0,3.12881909938e-312,0.0,0.0,0.0,0.0,0.0
1.7886076855557682e-5,0.9987122919674511,0.00010635991321039258,0.0005293005918019451,0.0006341595629532693,1.864440461849407e-9,2.3287024026866418e-11,1.8968305081394735e-28,1.1586361595878269e-22,7.147770465511112e-40,1.3397757085443475e-53,2.9321038131712233e-28,1.9975346873355786e-28,3.56617400376402e-18,2.3096846410196257e-109,1.5068721382683223e-128,4.754253274680573e-289,4.26806809444098e-271,6.342224757390541e-239,2.048762136592631e-231,0.0,0.0,0.0,0.0,0.0
0.995427176093703,0.004572814393934017,1.9368578912827865e-13,7.904579725915432e-9,1.6075895360077698e-9,2.3841099071582983e-17,1.0307501288196882e-79,4.256441123255621e-105,1.0858685634905166e-68,1.240451600062537e-89,7.843524996222834e-106,8.875411509473566e-90,4.190542816735381e-129,5.137814676879154e-44,5.151534052494728e-238,0.0,0.0,0.0,0.0,0.0,0.0,0.0,0.0,0.0,0.0
0.8188262582189229,0.14011118823434202,2.968858201191666e-6,2.4247656409162597e-5,0.022907965746796644,0.018127371285327928,5.168660656852021e-26,4.5548920698136333e-67,3.4507943766339967e-18,1.1598663920274915e-48,7.479879791525456e-93,7.269334180309533e-50,5.457951149875676e-68,6.665454149239065e-42,3.4897745704855306e-120,1.5595216811995415e-213,2.9283656914589953e-275,6.505856761544147e-267,2.915234830786889e-272,0.0,0.0,0.0,0.0,0.0,0.0
1.0,0.0,0.0,0.0,0.0,0.0,0.0,0.0,0.0,0.0,0.0,0.0,0.0,0.0,0.0,0.0,0.0,0.0,0.0,0.0,0.0,0.0,0.0,0.0,0.0,0.0,0.0,0.0,0.0,0.0
0.74169993,0.3395915,0.61654913,0.77271014,0.85707337,0.70288384,0.026610171,0.81373733,0.37885207,0.53848696,0.9045524,0.46043175,0.13897325,0.05045267,0.49668923,0.21785924,0.17991656,0.9475873,0.5773911,0.41997328,0.30088273,0.25889775,0.9855375,0.09733521,0.65613794
0.5773911:15,0.37885207:10,0.46043175:12,0.61654913:16,0.09733521:3,0.70288384:18,0.41997328:11,0.30088273:8,0.74169993:19,0.9045524:23,0.77271014:20,0.9475873:24,0.3395915:9,0.49668923:13,0.21785924:6,0.65613794:17,0.9855375:25,0.05045267:2,0.026610171:1,0.85707337:22,0.25889775:7,0.53848696:14,0.13897325:4,0.17991656:5,0.81373733:21
