40
0.2504363300737119,0.0016500282035513236,3.906307885365609e-8,6.772484422952011e-10,2.193601345851257e-14,0.0028506085654937366,0.001457171376006502,0.000443125507550057,9.811009951097063e-9,1.8689577114120451e-6,1.3449002339875246e-5,1.7862471771112833e-6,9.047322210691129e-5,0.15743244923890953,0.00025360617904537333,6.273593539953319e-16,9.930839265820426e-5,0.0005162195438748493,0.0023832927590727525,5.520274410223417e-9,0.0009187940150087195,9.827659617515884e-7,9.56151748243948e-8,6.538917290903728e-18,1.1957464887619975e-26,8.183263309721162e-6,1.1878274212976788e-12,1.7601746994884796e-6,4.1778858629865435e-5,0.002345598075913937,0.0024172741591110187,0.03203930122093934,0.000266977374676722,0.027069098822639658,1.072926485121817e-5,7.880479365097191e-25,0.5170990159808442,1.2258251428114125e-13,0.00013769376215290764,1.294430393253824e-5
2.4821533498482243e-8,0.3925325746024057,0.029322283901383923,1.2156621716501217e-6,0.0011699895552336156,0.000641977364564024,7.242943640327258e-5,0.060650143752946285,0.00011007387450666732,7.932962609580672e-6,0.003169227485495687,0.0997103472568362,0.0012582224183305753,1.9745543425449898e-6,0.00010437824762307662,0.010683034258256414,0.006716929403033801,0.19892323405747098,0.08148847525753371,1.0320295794989517e-11,9.269953136377775e-5,0.008069407752347817,0.0674138201779843,0.00037770729367120375,4.7986412992294634e-8,7.206275134689692e-5,3.4228692770446347e-13,0.0034198818913570126,0.002857126880406061,0.010961733014205376,1.6480538534620335e-8,3.439857016130534e-5,9.251604102294026e-12,0.00027601628251731035,0.000926679728016596,0.0048966058818089775,8.017495729114403e-6,0.00048017071332580433,0.009197526851665788,0.004351611824545757
2.747273479099603e-10,0.00012078310119713475,0.011011205156243235,0.00313728296522444,0.0030894924468715746,0.0017630583491998998,0.0002669648450587077,0.010810513358702235,0.45008110416735586,0.009506928068871358,0.00016133140374883562,0.0003962956089690352,0.003905884531415857,9.673986099043091e-5,0.01762347252715213,0.02465494461028691,0.0029061884332862785,0.00839544674975435,4.063053666183e-5,7.070563347196905e-6,0.0030387129737223144,0.039681893890873426,0.00114451090969253,6.431277868596182e-6,0.004117793405924975,0.04858685208253883,1.945959546238789e-6,0.08361360636285896,0.08079503988037963,0.028077536516461676,0.0003103392669362535,0.00425144862786557,3.684081817899373e-8,0.004024721295603964,8.680876992048914e-7,0.0031340621900813573,6.156376284775823e-9,0.1491829171256288,0.0009429333183897207,0.0011130062716688813
1.903056965227764e-5,4.6626525616038524e-5,0.00018405896406096384,0.09790161916330058,2.9147670988646753e-5,8.200926391074294e-6,2.7641213031040434e-6,8.80547068854347e-6,0.00012610711096786972,0.14120715424641228,0.0019904669554940573,1.1417636612113328e-6,9.629006523875178e-5,0.00045718661017833754,0.1310542494791101,8.99078238895251e-7,1.7277352053928677e-5,1.4060907256510108e-5,3.1523671034472545e-5,0.06910442432571783,2.067124938636396e-5,0.0003149428164942801,0.00016708681030782588,0.19908296712432422,4.05168099523258e-9,0.01064212175018196,0.16198833593938122,0.0003216160118521483,0.0010876783674958206,0.0006050182629641919,0.04919818784039872,4.895900121112528e-5,0.04103031920407945,0.0018806261579493281,6.393724939261625e-8,4.6177332244659275e-6,1.7202242027554352e-7,0.09130023934566461,1.503176536245338e-6,3.8342198319523286e-6
1.0996203012248555e-16,0.103667935719044,0.0005263141788948735,1.7836294279353568e-5,0.18733665046442452,0.007498914985857084,0.0010725226460438755,0.003780692857060752,0.004209449178231775,0.005389399735847532,0.25867334699686456,0.13992435083041535,9.774011196574895e-7,0.05090722809827242,0.05634388300014593,0.0013960802279635517,0.0003157679015019256,0.00025736041291092706,0.0019764815768140175,0.0003474161272645929,0.010808132160017535,0.0013549372645051006,0.010436339763145168,0.0003865329488608723,2.7547917602762185e-5,4.5111422022473766e-5,5.012332271650328e-5,1.8154446301027008e-6,9.233039818907112e-5,0.00023373072233728292,0.06695196793735808,0.0007708398536135004,0.03852995323929267,0.04514803757173318,1.0949568368547794e-9,0.0013502531131323078,1.3147973373197967e-13,1.2901619191503349e-5,2.215910555705077e-10,0.0001568353520155516
1.758191958352766e-21,0.1563327755819981,0.0015989530356914801,0.0006077960180555032,4.1992490126913787e-5,0.04412959519666246,0.0001696119045318036,0.2194229378457149,0.10244983834798688,2.005232066561922e-6,0.00018807719275863762,0.11183724292744332,0.0003517165166117855,6.729486311393886e-6,3.0790876319983567e-6,1.1864993167232443e-8,8.198521687513337e-5,0.0019383394474849363,3.889261003781083e-5,0.004227832183654333,0.0004036660883220015,7.742742751395763e-7,0.0489397443183539,0.0003920248746027345,0.03649974762341546,0.0022118793304961334,0.015034976442475657,2.651479377013559e-5,0.002310791982513638,0.0004959680959621435,5.092723399328794e-5,0.0003486415650978433,0.006061628506671099,9.945117725219937e-7,0.00011080139790215225,0.23166414895636106,1.4009480149067274e-10,5.131023488827281e-8,0.004570905538134001,0.007446400828914339
1.76085967019009e-6,0.026689444776490864,0.00012707966225657263,2.0181575335638944e-6,6.338343473942562e-5,2.8342977761273947e-6,0.008481745363653075,1.501769523318369e-5,3.9035221500697615e-7,6.2728779503434706e-6,0.0004664030116692351,0.0005910797898139972,0.005851028534868995,0.0008574343397016981,0.0005762338297255627,0.012979253667013118,0.0032419872843849496,0.002481830779270398,0.002079817453519222,1.403610686723323e-10,0.0018629811284148023,0.0007740570989936377,0.00597514849954394,1.8153814953125832e-6,3.560521130039421e-5,0.0001349435842529199,9.023630846793472e-10,0.03060457988236157,0.044131156195395434,0.06708382189632862,2.152586972876343e-6,0.004987939885680561,1.7711566567933408e-9,0.0002818370547926171,0.023316703757484087,6.733035809647878e-8,0.13501781261718823,3.2112421597953414e-5,0.6190207616555791,0.002221484830893438
0.00010994980143453127,0.042759065134251234,0.008943706262617179,3.1251118377711836e-7,0.009926563665849267,0.0021664056311362363,0.0009353666646171057,0.1290737019248276,0.2346258364781478,5.342669204548179e-5,0.00024362882604772671,0.4076013040469016,0.00011885677082290831,0.002333366088848804,0.0003268658108545633,0.018171268441068682,0.1110630459474964,0.002402542926256953,0.0004982521942968849,3.929634510751172e-7,0.00022143961364344493,0.007694257312448557,0.003290814255690898,9.289442504603005e-6,8.659665560929517e-5,1.2282232939075237e-5,4.508613288670919e-9,9.666676134287033e-6,0.0001503932083757213,0.0006778866107593848,3.990303222616814e-5,0.0006395927540728653,2.291834356695939e-5,0.005604368488080493,9.435567263821981e-8,0.007475985114263094,1.8647400465544494e-5,5.716155000600872e-5,9.444713672208174e-6,0.0026253949490997264
0.0019501609522480238,5.923913820459435e-6,2.2144380511853888e-5,2.8444186725794347e-7,0.10830846091735194,0.00026573733473542476,6.494408944768959e-10,0.09831658333167635,0.17170260956097672,0.0022637031034688088,0.0006427897980668041,0.3012792627817468,6.60635748154953e-10,2.211159003267556e-7,0.0010876897924614042,0.003080189842453981,2.5486651829924004e-7,6.957179179337064e-10,3.7746317911569616e-8,3.765952421109368e-8,7.892003657431403e-6,0.052103659083835296,8.813849473873653e-5,0.0038376068621497083,0.014150438153086113,2.0129615523140794e-10,3.6804622744013893e-6,1.945258018204136e-13,1.5741104894935258e-9,1.1843620752521266e-9,1.2874169402390658e-5,9.699196739274232e-9,8.957954742547924e-8,5.366027507845615e-5,9.397097740722284e-18,0.21125485738026456,1.0377772616244558e-10,0.029339690744400803,1.6587642731926323e-15,0.0002213064831843203
0.0010243568082501237,8.634423702607284e-5,3.380917246978363e-5,8.618774148892621e-5,1.878373162656009e-6,9.466452142497611e-8,0.0001209345662191341,6.51414690279297e-8,7.888685367409998e-8,0.017111796579863805,0.005688816899077181,3.1240551988620686e-8,0.00013606559165855886,0.016567965775244997,0.7469228074732372,3.356935093040545e-11,1.0639528387719199e-6,8.065968014380007e-6,0.00023711049058419408,0.00065991392728623,0.017923159976132502,2.766848355294133e-7,0.0008533321296587032,0.0010148533554244655,7.947926282456394e-16,1.8038534533242652e-6,3.7274918975288696e-6,1.2473147631805931e-8,0.00016794538638449668,0.0006940419685477865,0.04660855249343076,0.0022177829985823147,0.0005662420886512195,0.141131873529068,3.772572686081235e-9,2.7359122051644792e-11,1.3361094083658922e-5,0.00011374514880578261,1.275499015145098e-6,6.225055611699961e-7
8.523592501810826e-5,0.232786329097249,2.577779641693624e-5,1.0195563585183569e-6,1.3324015704863872e-6,7.578798483752193e-6,0.001829549376139521,6.907737047205307e-7,0.00033031247497418355,0.0010781449542717834,0.012577546583822331,7.532089704128867e-6,2.948109910367991e-5,0.0353379457775324,0.033009672994707945,2.0500948045433728e-10,5.518236409475934e-6,5.757727981774299e-5,0.015124230853818203,4.654640705118257e-5,0.04996124884328443,1.759357839182677e-5,0.10766918664780704,4.6158082334711e-5,1.520016019678438e-13,2.7794247996731163e-7,8.457895688132033e-9,4.013820375576748e-9,5.323676810513875e-5,0.002504242920993563,0.011693847988694548,0.005554194820888659,5.234301347338536e-5,0.49008296167070337,8.05524612181856e-10,1.0945699000318786e-5,5.671802221850396e-7,6.574927286726437e-6,2.3203772339600574e-6,2.2635805440264215e-6
1.1526156304984927e-8,0.3059583334637391,0.007665763782616963,1.9166701078471576e-7,0.010132864050042103,0.0007776534434320273,0.00011347496893626269,0.39677386157378425,0.03586213177837337,0.0002099170106123189,0.0071688270390649405,0.15125756199786644,9.48313708369586e-5,0.001570300116197673,0.0014881441159846581,0.013116110664150964,0.021332294734645464,0.0011015201774794998,0.00010216459461125789,7.737774949271526e-8,0.0012068255936374922,0.011466272883928682,0.012712166167588837,0.00013572978013719677,0.0001263678707723631,6.39356482823683e-7,2.7266267898084355e-10,2.4531319230032913e-6,2.975268199421246e-5,0.0004348455774560569,3.572904562977656e-5,0.00014996452462300136,4.3032280858735864e-6,0.00020961663247786588,1.2068439901511635e-8,0.00770180127369128,1.1183988474775803e-8,3.597036885712422e-5,8.707048435135556e-9,0.011021494197284246
2.9943374743481124e-8,0.009856452926147003,0.0018103695308092774,0.001421823885430915,0.0002988282126836479,0.0002502595279795999,0.004364284015492653,7.158956389350828e-5,8.230905428845993e-6,0.00014073788039808995,0.0003622710283734653,0.0009948536294687492,0.08585915094496965,0.00012975170727390207,0.004043549933833914,0.00043896768323985094,0.023409244266402496,0.0015552927330524432,0.011035405557945351,2.6021052492083966e-7,0.005418250556247706,0.007434764599609171,0.002560227117274636,0.00042736441919251334,1.8801253853188482e-5,0.024541938334381928,3.8532554658151254e-7,0.4481555975272032,0.06571547061911044,0.09967629054443419,8.350859378597679e-6,0.003671337922708461,4.374029403428394e-8,0.00014278849563283165,0.007635343879147275,9.281094020192699e-7,0.0009281160245543463,0.006407927352325595,0.18103703662048415,0.00016768261249604512
0.0012283615660209392,0.001287200008220054,0.0024369146454944527,2.2484794652366785e-6,1.2900519564101044e-5,1.2181059151660208e-8,0.340070523973672,0.024810959059604638,1.0416536120179385e-8,3.3474895668719915e-5,0.0004001380134659936,0.031223719174773804,0.10461019582215277,0.004494719243946835,0.001502837665209308,0.002887683854294987,0.008601302647419354,0.00028324428352121886,0.010349734505400936,3.0234779184913134e-9,0.017195915182116297,0.0011947113646525146,0.033934170563939936,0.00017488534868100814,1.153516337014998e-6,1.6292586780082567e-6,2.0955320786104457e-10,0.0002937500661230512,0.02974042585181729,0.002500824413299274,8.167186052204326e-7,0.09611820952792226,5.189367154645518e-8,0.05651608460778,1.8683942361491914e-5,2.5512086328742122e-11,0.22221149845176646,4.584959744422432e-5,0.0013829417937221001,0.0044322136870485794
0.002423474911617274,0.007117261774387388,0.0003048832757168305,4.135692089390027e-5,4.394864020534501e-5,2.8177829508360843e-8,0.003130883815244609,5.022716478505581e-8,3.766821657193835e-9,0.0017160185178933596,0.004682901020162738,3.683234847478743e-5,0.002289942210447598,0.060583581833674696,0.2841626468407594,1.136481211632147e-6,0.0009067574585939667,0.0010932542253481625,0.013509769691111733,3.7345740109869884e-6,0.10509738486221967,9.833867081403648e-6,0.0021686907641560644,0.0038565097312190603,3.376245819359534e-10,3.4930960145161135e-6,2.2329453562637117e-7,0.00022316635746268148,0.01118810045214284,0.005761439613145829,0.002709566756471968,0.09555716425969044,0.000596003872573658,0.38901842515690693,3.101172752188434e-8,2.543004543923252e-10,0.0012010317098899912,0.000209842463041655,0.00033734003724346904,1.3285390981398901e-5
0.008190694588447353,3.0362616563484057e-6,4.744280451293252e-6,0.0001675213896523154,4.5141338373314665e-13,0.3123803929388976,2.7282286235310432e-8,2.612984330373971e-5,5.2638400307183106e-5,0.0006587768086644063,2.0531241803855595e-5,0.00375599531567311,3.8755657210950036e-7,4.3791776568819245e-6,5.697910663370372e-5,0.5372179868323428,5.7791628727610526e-8,1.7390837648701751e-6,3.1236779192504305e-5,0.004013024894247996,7.1792604626905105e-6,2.682664951092082e-10,6.995816642035217e-11,2.4613746001462374e-22,0.0411513652377364,0.0045659070633575225,0.004362248126899557,1.2195355146634333e-6,4.968138571361945e-7,6.885108834497197e-8,0.009796113321015215,6.204640870543878e-7,0.00011437075676253625,3.2437323160588433e-6,2.8886210999613582e-15,0.0734082007082808,1.654282151747406e-9,6.020041669032794e-21,6.111574443664198e-20,2.6845624778466008e-6
3.7023506563823376e-6,0.011636466007017007,0.287603286064648,4.399545721143792e-5,0.004753718997232838,3.7910831131582375e-5,0.0005999435872908538,0.2718623242063854,0.0023646440337800633,0.0018906346093722987,0.0008468069410044856,0.01142807627298965,0.00580834782678052,0.0012062734394687675,0.014249223824745532,3.5243665220374744e-5,0.25931897042947716,0.033817871063328196,0.013628872724176984,2.5982615292739902e-8,0.0013008114667373218,0.0016214903684845397,0.0016525249340563959,0.00016825946934608874,1.401921600785945e-8,0.00022145246895602602,4.73523452015015e-10,0.0020671042538800218,0.01186221382532197,0.01877907984322456,0.00017641487886054473,0.00012504086009201815,1.1674620661754234e-6,0.0077844546664136505,3.0281232452793786e-5,3.4520578937600816e-5,0.007893448689338214,0.009611211184389127,0.0006328657627765947,0.014901305247394015
5.487264845251791e-9,0.009862563595274463,0.6774170185422721,5.823142967717099e-6,0.002039747577310576,0.01895463624953483,0.00019407442081327043,0.0031980637774818486,0.0003482870394211368,1.1466623207622584e-6,0.0007520627476096415,0.005918556415113437,0.022750436968959505,4.0070748860207325e-5,0.0004975003126378516,0.010817450085050069,0.007277510146683306,0.011000986459060114,0.00511214006045165,2.998550305117274e-10,0.006180019991155808,0.0854562602738029,0.003222888693774153,0.000389868913356233,0.0029046271021881402,0.0071752835448266866,2.1457310952021411e-10,0.019154538997998183,0.0342267944687871,0.016371541173932774,6.759670696551191e-7,0.0007920065991524022,1.9214242688184217e-11,0.00013878363016571563,5.785626473953241e-5,0.04247151819854131,1.4727946604057697e-8,0.00481908249817566,7.974394442882667e-6,0.0004421835872145839
6.652021991179841e-7,0.04792613764947558,0.09363368203212483,6.110631278234494e-5,0.0030532977232288106,0.00042215483237168644,0.002638391408155554,0.0031994069797727023,0.00038240855917933715,0.00026053344550096367,0.0058361833180201085,0.14104607746733486,0.05144298811128455,0.0007228710784930223,0.0022973416969825785,0.08392503681585696,0.03105143350566848,0.06123663062202046,0.013999492047066747,7.958587657255475e-9,0.020913272691302102,0.07393035852465944,0.0007492272515782989,0.02464298538069859,0.0073855031337020415,0.005154072350658942,2.240243811184076e-9,0.13594554154035815,0.0776855318975176,0.03895176859763481,9.286174456184188e-6,0.01656569746620351,2.389278540352835e-9,0.017262732006888024,0.013652846080616472,0.005459482099197122,2.3635023289361318e-5,0.006490423970618927,0.008734816165557805,0.0033069682494339704
0.0032762659384992327,0.0008399597418411426,8.860795226106273e-7,8.151332774974716e-5,8.545663831191384e-6,1.909894459567923e-7,1.3757781892707776e-5,8.712701322519255e-8,4.721327308633147e-6,0.003910667410878425,0.00996390521406152,3.3280613819664726e-6,1.149387032099931e-5,0.00426659482228605,0.07822747047783825,5.583993989362998e-10,2.0380923782036246e-5,4.9334583634857905e-6,0.0005163385103398908,0.21586631926195435,0.000192482350117809,0.0047370269635426425,3.950405332778332e-5,0.02142095932981283,1.2113372742932424e-12,0.00016428924311982454,9.41176211105134e-6,3.9463164788109405e-5,5.3686249328449014e-5,5.521330621082683e-5,0.010481805270464769,4.125473942931546e-5,0.6440565821293025,0.0010084918604871104,3.910676180951724e-8,1.3962978473514227e-7,1.1835501814138628e-6,0.000647604020315174,3.941066747798957e-7,3.3108616316701906e-5
1.5604799883036064e-6,0.05359728310461669,3.0185175832085647e-5,0.0003922428400953414,0.001630979064811692,2.5383567254804385e-5,0.003068008943266684,0.000139532147198709,4.611664218170439e-6,0.005326270400608013,0.000615506387430986,0.0009695550052984215,0.0012987381754072142,0.028160548327730073,0.061082996144810754,0.0003839927098182554,0.009726805637682133,0.015307958469765641,0.03631997400684775,2.821385483197633e-6,0.010206235894068558,0.027716608781850255,0.001709915600913558,0.0052790387915391986,1.5919718467629735e-6,0.0003163846921366609,1.8099864106615025e-6,0.0002303659232316062,0.4575795749232286,0.013862668009137144,0.00023626138622790034,0.13206307468883693,5.342050175537924e-6,0.04908445188741627,0.0010810021904251066,1.923102590414984e-7,0.0012280175516250586,0.0007549328696884973,0.07159261320842171,0.008964963644396043
6.636231109006365e-21,0.04238625036438115,0.0004480483314232849,1.809467298723285e-5,0.14503819810512428,0.2761754452056862,5.197358320044857e-11,0.008327876475347544,0.024156103878497443,0.00024974800667058037,0.07024426219827781,0.022802559528678386,2.220347789991061e-5,4.3631484432537025e-7,0.000931911153853812,0.31329252457073514,0.00010164071666989175,0.0001736980509912122,0.00040827064355129935,1.0391651188546281e-10,0.0002171699482023826,0.08166659811370486,0.006500397205473333,4.361557667434581e-5,0.002432257046555508,0.00018940657697314738,0.0005621509281719056,3.287931919410301e-5,0.00033786152422222396,0.0005749190963738238,1.094529793033818e-9,1.4451134967844013e-7,6.086688492386995e-19,7.131795067945289e-6,1.4746884767772118e-7,0.0006390634551445824,3.2966333459145875e-15,6.743805797876842e-7,1.2520143579598687e-8,0.002018297587278481
3.865071064165712e-15,0.044672428650546256,2.9055775950440802e-5,9.968172020074656e-7,1.7620248406774914e-6,0.33373816122700406,1.5569426908124195e-8,1.2861440446763997e-9,4.772569256831744e-6,5.234610059085908e-9,1.1417518967759579e-5,5.031553528420467e-7,3.6609404120784404e-6,2.3974041725932144e-8,2.316661247876601e-9,0.15683867919696468,2.722864212438771e-8,0.0012525815164000996,4.307970205235446e-5,2.314372258281152e-10,7.692683984425317e-7,8.513740544020513e-6,0.46092824494949414,0.0002774330346750167,1.1841163056435328e-6,2.395171774834359e-6,1.1592058221434245e-6,7.84967527301707e-7,1.5245152690430293e-6,2.107000967236246e-6,2.376173396737372e-10,2.7967522918999817e-6,5.5314045427007e-9,1.557344622924036e-8,5.339206917076358e-7,0.0021701424171764543,2.7007326562896747e-15,7.120875621297978e-8,5.1076908093163e-6,3.576110833734632e-8
1.655452112947907e-5,1.2231685208142506e-6,5.233238739664647e-8,3.415612736080572e-6,0.00040166170818338665,9.553221817804692e-5,1.951514855149783e-8,2.9590172773345355e-6,2.1213700527513542e-5,0.09570177572629517,0.25565062942714406,8.534873378432835e-6,6.15319386051153e-8,0.0016822626050287599,0.10073242501834762,0.0035349375732910545,2.075174313167935e-6,1.7954225044145662e-7,1.702322638548427e-8,0.025713347118895506,0.00010727851828268481,0.01741111786089859,0.020196370335525512,0.05494861335006563,3.4080201505274197e-5,2.8056280957315193e-7,4.036385372369377e-5,1.7295522507538515e-11,5.8746941986677394e-8,5.248861673729565e-7,0.17195101324992298,5.87871020036294e-7,0.231561576496386,0.01959217570700575,6.086725337614619e-16,0.0003685788710988414,1.727634129737623e-12,0.000217577113004621,9.426026562690002e-16,9.249484189309198e-7
0.0025007092577270643,0.029290295104939326,1.4416942780010083e-8,4.668598816975428e-16,8.732217029640231e-11,1.7926429286210144e-6,5.3747760705178944e-11,0.0020066547574245455,0.02835365323858172,6.819562540250755e-13,0.00010382930899672144,0.06306861480222684,6.150491698552863e-11,7.610281674644253e-10,1.5591658074771618e-9,0.07269241418281552,7.83409035684544e-9,2.448743473698374e-6,4.74850826672524e-8,2.812305109926206e-7,4.2242987091402345e-9,0.005205374227992402,0.0019505580985513444,2.2578564860191905e-18,0.7531032933471603,1.980928476853332e-16,2.464040103975295e-16,1.1217462357411587e-14,2.373431974271475e-11,2.636738189454579e-10,4.435592780443525e-11,4.163005600850681e-10,1.2836341149103451e-15,5.101191944595576e-10,2.295848836292412e-15,0.04040297292210981,0.0012726860779588213,4.585162139069096e-23,1.5186027407153645e-12,4.434431301874335e-5
1.0017269263048474e-11,5.525326931980427e-8,0.0005563647357178981,0.04543260093018004,0.00035899104094348094,9.480597717446561e-5,2.208982557217502e-7,4.052704792190663e-5,0.004905696428981273,0.00014933333804946456,1.2388500455869986e-5,6.8515581640338034e-6,8.32431138021059e-5,2.7407608547256355e-6,0.0005582750127555136,2.0167567245076406e-5,3.7922389532084784e-5,1.729065933839467e-5,8.895744645742568e-6,0.17274395860230052,9.089780414501235e-5,0.006960489964187574,4.511526676644189e-6,0.0032594189961451868,4.732938400643293e-5,0.07484357652075098,0.08939799197647169,0.0006131027077102559,0.005766975491927219,0.0004332472168213182,0.00024297272531150976,2.3103819754274623e-6,0.00011458793853939337,9.39503908307286e-5,4.6527293767386937e-8,0.00016023068168861046,5.122101832945178e-10,0.5929338131301322,6.685879543932267e-7,3.5479656164647826e-6
1.747458169396753e-9,1.768149132832215e-5,5.9090240905499866e-6,0.0068449893241804335,4.540129342473263e-6,0.0027588448101989096,3.302528202313041e-8,1.9235972968331548e-8,3.382587638964374e-5,0.000497568276507675,4.171309413332775e-5,3.0891843528660273e-7,2.151246944296373e-5,4.88976395598649e-6,0.0007578462045536275,5.27950644063407e-10,1.5393024125671498e-6,7.086915052004267e-6,6.4415454832643226e-6,0.888424375147005,5.1033073075931046e-5,0.0009914836875417313,1.3773257586599073e-5,0.00048059941501401394,7.748218735365099e-10,0.001296063779481363,0.09423598545628938,9.884030869738865e-5,0.0003476719934569311,0.00016531402368670755,0.0008194580663515527,4.182428682965141e-7,0.0013288290185055718,7.657050754716739e-5,1.4934766712520443e-6,1.8580242149646036e-5,5.7252143842827294e-8,0.000643715969816423,5.36355192233353e-7,4.4826992625366633e-7
1.0699912867786843e-16,8.242087015487814e-6,0.008872841602662364,0.034079897277659976,1.1831833863454574e-5,0.00655708687309672,2.4915424686614315e-8,1.1052858406602735e-6,0.00623654906288238,5.3369830238178266e-5,4.4533102158110206e-7,5.644495069142615e-6,2.8091994415958187e-5,4.16151101675312e-8,4.911060999928693e-5,1.5378231706867652e-5,0.0003137925846518479,0.00046394404395397326,2.399006210418924e-6,0.00017245148638000206,0.0003245818555854949,0.005712309853585718,0.0003713049532069881,3.71575738170057e-5,7.40505123828519e-5,0.5900789016539859,0.14922091423089812,0.06413555232422045,0.0001556838885338588,0.00010186763533168274,9.556404913474975e-8,3.397815611970191e-7,4.387614512984753e-12,1.7635276649633078e-6,0.00010279716628773735,1.5323710616210402e-5,4.206040696189563e-9,0.13266800103892493,9.824951084168098e-6,0.00011727740063203399
1.3868799722603781e-6,2.3539867652813508e-5,0.0033927628288557706,0.004737579289418319,0.0005171299976996235,2.6508798679155253e-5,5.3876558636235256e-5,0.001975637072332963,2.272727347781144e-5,0.0014701416396051671,0.002349507849627662,0.0026495230355997827,0.014774915459210612,0.00012532449093776845,0.00035357103316871816,8.424597959662856e-7,0.0033485863799289396,0.002450380487849429,0.015687133667216552,3.5024290529551265e-5,0.01484460044336993,0.016180810593757824,0.0011396985347822302,0.0032655939423224083,8.81536174184807e-6,0.29054651733561454,6.7305417644884e-5,0.19864599107069278,0.2684057087541813,0.05779093338852046,0.0001830280713243184,0.00018484715215359235,7.101668952516249e-7,0.0047909810327706305,0.00038459747248841014,1.2183088365460365e-5,0.0007946575085366177,0.04996127691110227,0.03015334437277672,0.008642300020763355
1.6634331618570933e-7,0.0001702587295253633,0.0776678847042613,0.005189789442298023,0.0013179088377616045,0.0001479739103465424,0.0001586418841351007,0.00503762211856322,1.648684771347478e-5,0.0002433402753266467,0.0005592297260944745,0.028487929729678643,0.023025034245087082,0.00031493865614722874,0.003176159493172334,0.0003105915646722767,0.015987141747752995,0.05810589896584109,0.04322693379782884,2.6074690875656785e-6,0.017322705994944516,0.016940657019302228,0.011662558869579023,0.0005928465399152124,4.756507659989697e-6,0.03043634174474103,2.7030294952143054e-6,0.3608495773205834,0.2555337072221298,0.006002413013497551,2.5598147813711237e-5,0.0073278672597769275,6.687121048347612e-8,0.004295991859229076,0.008738208183622705,7.232843676743992e-7,0.0003286763909547168,0.0061338069174014095,0.004702939608541518,0.005951315726623789
0.26952258943730834,0.0053044744727973785,1.4896584845735557e-5,9.303017963101135e-6,3.334495391188094e-7,7.472027854914047e-9,0.03239597777686625,1.8529757940965416e-6,2.3965105385613062e-9,0.0165750329840812,0.013592029086579584,7.74288983985896e-7,0.00021601775549136192,0.08934050405253005,0.15880477671192597,2.2898314506105387e-11,7.031131438393712e-7,6.301881483154475e-6,0.0021357288473358637,1.0671282888334607e-5,0.021992038627832146,7.726905476071061e-8,0.0004499619958631842,0.0021923772320357484,3.049883730542203e-14,4.7368904523620396e-7,2.0254754439851632e-8,4.6850550919353695e-8,0.00027232308767367625,0.00014755790623652488,0.07472734994772252,0.0285090033641245,0.0019832375989623533,0.2815414399423653,2.1460079380438253e-7,2.587100072892784e-12,0.00015134545814649223,8.586564445191274e-5,5.305206639618271e-6,9.383710135213997e-6
8.896247712633384e-6,7.79361773635239e-5,0.00016817572767112223,1.84267538954942e-5,0.00015305159872354667,1.0296442663808477e-6,0.09245114894181188,3.2564880397281735e-6,2.9572436968189402e-8,0.000216324970832826,0.002148945533642059,0.0006398019204718311,0.1007688861893818,0.0014516518658459628,0.0020449426914921974,0.0019525220488021819,0.011502440977312189,0.0020507295946401776,0.0004308082768671579,3.194363600267172e-8,0.039796117673120704,0.00047452031945991824,0.01625059022821618,0.0007938169573868792,3.669839194358025e-6,3.061491014254238e-5,2.848269015781457e-9,0.02407607589264274,0.044993309198356035,0.1365915722795684,1.4347606224334788e-5,0.028209686725679133,4.54103114417981e-9,0.007613186443992338,0.004622026644573241,3.5391735990741494e-9,0.03500407735251551,0.00027894720873900073,0.4438338813172552,0.001324511309614108
0.8344416321185507,0.0011506652726012794,5.88926965531814e-11,2.403051319462577e-7,4.905629987765022e-9,5.750744723644107e-8,0.001967911118322762,5.300952500922674e-12,3.2543504485004112e-12,0.00063124060695774,0.00566488519097405,4.3391018401147114e-10,2.066502387008562e-5,0.004407477905570478,0.059622146554198334,2.5452364853140284e-12,3.6381082815627458e-9,6.182972815749913e-8,8.851255386548305e-6,0.0013714854055976863,0.0030734632457138675,2.5774646792859606e-8,1.9876163256112467e-5,9.014681370066171e-7,6.116286288835502e-15,9.356033829056602e-10,1.0287046543819775e-7,2.7990456605965696e-9,1.3591326774464064e-6,5.419974205863416e-5,0.011117173896503461,0.0014770565686699135,0.06104553139536336,0.013837217304693747,9.122432239106921e-10,8.694870687860313e-15,8.558455749154419e-5,4.263564162146674e-10,1.507893341917304e-7,2.2875746287391927e-8
8.084219366528664e-5,0.0006934391995968293,0.0002219919108312661,4.3171179299231565e-6,0.0016624433746378288,5.782448625440736e-6,0.2021986748584918,0.00017239392567464817,5.125429730221208e-8,0.0007061916333203291,0.0029805184356357225,0.0008548302504872634,0.08195334855055843,0.022062887829616195,0.04714136466871831,0.0016815600904149033,0.0014949718321460635,0.002225189545186415,0.002269858445196029,1.4273862205212416e-8,0.0047793231342482916,0.0004160780233657752,0.005525473003555732,0.0006707317856686147,2.4998547051844285e-8,1.20426855090998e-5,5.756764934218164e-11,0.0053006857261039975,0.07908668313165673,0.05254176405832415,4.4155337887057675e-5,0.24215688682748984,8.059565657958764e-8,0.13148499021667873,0.0006703157212561778,2.1993332393000253e-9,0.1072539253586956,6.778307854462398e-5,0.0008280875046347087,0.0007502947163841284
9.292723925315807e-18,2.2586081340025433e-8,0.05258558390026004,0.0002139819384326264,1.6477032373054122e-5,4.7226313879112234e-5,6.151824762935558e-10,0.0030837044360100432,0.001021857920557631,5.853272086320381e-7,4.3996357609177764e-7,0.0015296280239956734,5.2587885843632785e-5,1.0042517085860635e-8,3.687802202188533e-7,5.131256708626642e-6,0.0003921202645726138,0.00035431352637674675,2.7670592021999796e-6,3.315026679436881e-7,3.670406037340519e-5,0.009881398226893665,0.0028703977496077914,9.742134142955827e-5,0.0011791060395798464,0.05736220352620126,0.2878706398695442,0.5309730882078921,0.00033736800291344265,0.0006635266161398698,1.9812245858518577e-12,1.8833371473419767e-7,8.784411158322672e-20,2.4461925727125958e-8,0.012019257471858356,2.7936566748260393e-8,3.0304579505631666e-8,0.03580397424884395,0.001583348744403294,1.4156479885434245e-5
0.001186227158146831,0.0345220560461716,4.0147746632397354e-8,1.1142403158133086e-7,1.5578029295693265e-6,4.4807826077895365e-5,0.0007363532263729918,0.051500091385614274,0.27320056165337975,0.00010562363340533253,0.09005445034276957,0.19036115860113917,1.6014951559226846e-6,2.618303154192139e-5,0.000417275608994377,0.0007775755844925986,1.0796466058678488e-5,5.179693057472144e-5,2.7663807429941676e-5,0.0025323611196902637,1.237113371070333e-6,0.02034968224136203,0.005618541735477168,5.273315040329288e-7,0.054621415355620616,2.1266404693299473e-7,1.7221128936649985e-5,1.5234383940152122e-8,1.3287354414833685e-6,1.808646550101496e-7,0.006262702241230635,0.00014503626619006513,0.010821949568424387,0.00011824259247860572,4.5629686489702986e-14,0.24803493297165288,0.007463125067000744,1.4081403890359203e-6,6.577284511556176e-10,0.0009839467983369364
7.129264271607665e-8,4.6268052348373866e-6,0.00017214487273333503,5.361844727198834e-6,1.9042265317610632e-8,1.315665245947402e-7,3.961389476101499e-6,0.00011912189122217015,1.9845445131249516e-11,2.5007795632060803e-7,9.853957220952608e-7,1.399995898040246e-5,0.00018225282082578662,1.2264527701239296e-6,4.1314571169973675e-7,0.001092168014911031,0.00036105177481597254,0.002387552955417767,0.00039030795095978504,1.5517809093819215e-13,8.023426627173578e-5,0.0003826444488412422,0.008792624541896953,2.8007658504307663e-9,2.7592683513849e-13,0.0063244950526329564,9.149770813197163e-8,0.04829605938358064,0.0020125721879496374,0.0005172373511984431,4.269619965799306e-10,6.955073297030783e-5,6.461585051623872e-18,2.3219854652928512e-5,0.24114779171830303,3.151004191222523e-26,0.2749758884881001,3.0168967180651287e-7,0.41264097375615477,6.645291656265983e-7
4.531309271331482e-9,7.9131673327758e-10,0.00039255929313692126,0.007817023986429479,0.0006442082289244584,5.393491325304353e-8,6.745554756792577e-8,5.245373106097575e-5,0.010231380937756353,0.08010926701670353,0.003140189408958488,1.3915932107398298e-6,5.703599864800589e-7,9.889232585132456e-5,0.11180915080127539,0.006958149903940117,1.7948061384598089e-6,6.478044427589352e-9,6.346935919720508e-8,0.05648309822528225,7.232176105337526e-5,0.008281274801418968,0.0047859690158388556,0.35085681361862064,0.0004219022825103758,0.00021855794054186943,0.00247062018406914,9.176490819177915e-8,3.3206135006513314e-6,1.0484264062747964e-6,0.04046018867205784,7.097084913401721e-6,0.13671561265391696,0.0002158999989915693,6.179056920147684e-13,0.0020715276243181706,7.05086305107332e-12,0.1756761912473728,9.516528854241504e-12,1.235013230256411e-6
2.329948533708273e-14,6.561156513103207e-6,0.0013191472191068693,0.00015334245332200217,2.4982343922433877e-7,1.8325430331142715e-6,1.582318805034513e-8,4.121601844299866e-5,6.6846550261247144e-6,1.698747556566634e-5,5.213303458273377e-6,5.258570143754451e-5,0.0006497260436555417,3.445993201775317e-8,1.3058892786683196e-5,1.694218257373714e-11,1.613238944543786e-5,0.0002788834825955538,0.00013477509248232855,7.512305639226739e-8,0.0002849424849956611,0.0002605063797436855,0.002417070822194875,4.915731564996164e-6,6.580779949286186e-7,0.06099229347558182,0.0008672558082364727,0.6642507607558773,0.016300989234709875,0.003965790490053835,9.759721079995175e-11,8.499752680768365e-6,5.052501258891152e-19,2.0582566162704513e-6,0.2295429073775363,1.6636907274258687e-11,2.938882456423719e-5,0.0020447439501630085,0.016327595494591375,3.1012952081714486e-6
8.429246998987033e-5,0.10590209844850729,0.1405889907933336,0.0004649969826736507,0.009720733324352799,0.0018444752269463648,0.0011877091752434386,0.08824416480275564,0.059139412770508853,0.0009627019628859339,0.03960099229100135,0.23497654174824234,0.003889493740044744,0.0013165078238443785,0.0017083138302352277,0.00162280621960221,0.07546115167223821,0.03088298066423152,0.011031097152988225,2.3474786828470837e-6,0.008770669615392704,0.09079357658916401,0.017874009856980944,0.001358161298966606,2.5493737459339148e-5,0.0004210276228997333,1.2546520067665706e-7,0.00016534680103879104,0.003197049586128294,0.00703668116777911,3.519588921471617e-6,0.00418965450017811,3.7529623215748973e-6,0.005046561441655279,4.157494055743235e-5,0.025707140819342826,0.005809575671529554,0.009160747769413096,0.0009209111546942706,0.010842610832067775
40,49
0.9519035714307627,0.04517363924274104,0.0029227893264963376,2.820317582876315e-40,3.32417797760096e-40,2.23341814831016e-27,1.4029840839562e-21,3.7998931867105373e-125,1.9840172099746764e-99,5.089867676802498e-29,7.627467457927592e-36,1.8983337928235357e-116,8.126453391731644e-187,2.7780856629296747e-135,1.1713943752797907e-226,3.1239196778655972e-170,1.8127290386309478e-246,3.463315940649956e-212,5.623368760017234e-194,1.7294344431488468e-199,2.0432910794135193e-202,1.749247798763934e-215,5.443552273840862e-199,4.7750792213001494e-192,8.381729134506889e-194,1.0132948885454669e-207,0.0,1.1123420666130727e-57,0.0,0.0,0.0,0.0,0.0,0.0,0.0,0.0,0.0,0.0,0.0,0.0,0.0,0.0,0.0,0.0,0.0,0.0,0.0,0.0,0.0
6.591490906515814e-6,0.9262625525803612,0.029608285778319077,0.0007105196371705593,0.020565165276174947,0.011169286089873666,0.00030361589237320764,0.009453020680754208,0.0019209583716972842,3.621574705888265e-12,3.982943394100949e-9,2.7057858171461272e-12,6.21276879068654e-24,1.966611704176421e-17,2.755060674449036e-44,2.7541640661185008e-30,2.7073899840120383e-46,3.2523824708355996e-76,2.6392480885315444e-44,2.1309862965896444e-10,1.2910763862656248e-20,8.224188804793751e-39,4.278992357540242e-54,3.9827143022878494e-41,1.8784077887860406e-22,1.7218707203761188e-60,2.420523094667023e-114,5.042010383044296e-115,1.6827616837747973e-81,3.6275950111765844e-192,9.350130037410148e-137,1.2042509316509593e-182,1.3356741260027214e-136,3.4751458044492e-211,2.1224795054831835e-203,4.06989988991475e-159,1.6618435779020439e-183,5.943702087502416e-164,5.927957421951247e-298,0.0,0.0,0.0,0.0,0.0,1.343285832519121e-306,0.0,1.38270823972483e-310,0.0,0.0
8.818436798390768e-26,0.0008622906451808774,0.927966202417218,0.055073020785383175,2.1856029875906163e-9,0.004108435075166563,0.010568459947928115,0.0010565815402201377,1.15986850428188e-5,0.0003532272020659065,2.755074627493199e-10,9.940890360111122e-11,8.592529546723214e-25,9.122895456789157e-20,2.568868690748592e-22,4.855886794023742e-68,2.482539703256645e-62,5.208190196398208e-18,5.344415008271664e-75,6.157434887068778e-71,3.7137695266062124e-29,1.0305090156356185e-10,1.8103822423019555e-7,2.430363653890607e-43,4.995423138781206e-35,9.694193348837499e-98,5.659636018707844e-130,1.7542156337856338e-100,6.177835436028714e-86,2.995786048626982e-258,7.192705057066537e-155,1.6657772837390148e-216,2.95655296512927e-272,8.197791013461847e-276,2.5675678356809547e-279,1.9853856672808287e-235,9.41782098453519e-296,2.1425045024122064e-271,0.0,2.4017990556619924e-263,0.0,0.0,0.0,0.0,0.0,0.0,0.0,0.0,0.0
7.357526610403064e-15,0.7809042680584326,0.18864871950982512,3.745050254410976e-13,4.563936881756875e-43,0.030428374425891882,1.8627295592880674e-5,3.3818214876691956e-21,1.0706098637893738e-8,3.77695745943086e-12,6.464212630219389e-19,9.739877427436828e-19,3.1804877043291715e-34,3.398861351322412e-64,3.0327785179138456e-85,1.7887811913125306e-187,1.7098356335793881e-149,7.943263314155216e-146,1.6666578698391673e-181,1.89775275628336e-33,9.645055445083948e-84,7.719631655694635e-127,1.1090835524006017e-102,5.701041552904672e-84,2.454343294748441e-134,8.511043433386143e-151,3.4155603546114735e-292,4.964722331814053e-190,1.7831280985190211e-242,0.0,0.0,0.0,0.0,0.0,0.0,0.0,0.0,0.0,0.0,0.0,0.0,0.0,0.0,0.0,0.0,0.0,0.0,0.0,0.0
9.13274818099811e-25,0.0017595810389131458,0.9153773611913087,0.00011625691292375343,7.040143332637302e-9,0.07185877168103809,8.587393131018423e-5,0.00012163194311244865,1.1642859318992356e-7,1.5387675419381382e-9,0.009421007308719555,5.727340139402322e-20,3.671475053805779e-20,6.535997088849339e-6,1.023923678217797e-38,3.591215384991348e-80,2.8213490480020645e-8,1.0346374512449601e-75,4.823241555519072e-63,1.3347355569936602e-25,9.92244694819869e-44,1.2434033398245712e-46,1.319877670129928e-72,0.0012528201373918054,6.637198730674311e-9,4.279116587282524e-50,3.482394300158948e-90,1.0635181754649874e-120,5.159818938828099e-73,3.5187349319523945e-180,2.261433869140057e-109,4.700172874934686e-170,6.9229853117382325e-239,1.58336136661382e-200,4.161749565317426e-202,5.669050339335794e-156,0.0,2.9226115642366165e-261,0.0,0.0,0.0,0.0,0.0,0.0,0.0,0.0,0.0,0.0,0.0
1.3173584616142678e-23,0.02906641509317546,0.06984249424433017,0.0019026200020694855,0.09730132863755579,0.09740507039630182,0.13157041827143223,0.1215781150144311,0.07147627066209955,0.10774420754089405,0.08749039496323219,0.024516684771366357,0.046136812607384024,0.019612910580977746,0.03459937066395847,0.0008300749946556942,0.017633738626637557,3.980626066633869e-14,3.842932678925761e-15,0.013654467913870637,0.022095472059223294,3.277244837037644e-6,0.005538714252389169,1.0194780964742054e-9,1.1404396564671753e-6,1.0715053544825941e-42,2.1902910728873273e-57,8.509203862109402e-46,1.6882929011141129e-46,3.27648405510098e-81,2.6848381823417365e-90,1.3827915386274754e-66,1.7462238395223295e-81,5.5726069255315575e-108,1.9817093677734438e-77,8.375398935312046e-96,4.468489620871312e-79,1.0002787462099634e-133,4.81422893893834e-101,2.855129236265219e-52,5.12063566453554e-136,0.0,1.4321777813145802e-194,0.0,0.0,2.37e-322,0.0,0.0,0.0
0.0003866281677368595,0.9483008181901894,0.0392847972028921,0.007813891623853072,1.0422319177283245e-29,0.00419730765844794,1.5859328547046186e-5,1.9841653552997337e-57,3.1691271554456244e-46,6.978283335331961e-7,1.496350638839266e-32,2.4725339115611044e-55,1.3722394436205027e-99,2.996253278914134e-98,1.3556799316916638e-106,3.368120788513176e-131,6.204665417737207e-156,1.4400377381226402e-123,3.87961870462558e-140,1.6489186525388894e-103,1.6952585454320375e-104,7.207737991121669e-137,3.0860563164460784e-90,7.064236479039062e-125,3.156685317509495e-121,1.0678070858628924e-114,4.847038371917478e-276,1.607715141798309e-127,7.732685647631446e-183,0.0,0.0,0.0,0.0,0.0,0.0,0.0,0.0,0.0,0.0,0.0,0.0,0.0,0.0,0.0,0.0,0.0,0.0,0.0,0.0
2.3254635239713834e-49,0.0032801157684701518,0.985976504945945,1.7625027364047e-5,7.79872592930342e-9,0.006422714208849233,0.00017132606428979592,4.422856788653269e-5,0.0035325101309114115,3.106100520914079e-12,2.650454027799799e-16,1.6772759030821558e-9,8.288680775811556e-17,3.6836846855243136e-13,1.551258143154236e-35,1.3385588227223562e-74,1.6658120025393168e-41,3.223622040733626e-58,3.202743733312563e-95,5.477195246788915e-60,1.1569587786831795e-28,7.356700889450268e-54,9.295972960746887e-37,1.0176564242661535e-40,0.0005549658068071081,1.1105929867376457e-131,9.433020300929746e-134,1.090406600991139e-175,6.31903574185068e-119,1.6894744787428206e-216,8.321512544351603e-191,4.3594181865222095e-230,1.058230170238952e-264,1.0091972452689098e-281,3.03855093139777e-278,1.4814410866265482e-259,7.066049636216721e-287,7.048375960222756e-216,0.0,5.34525e-319,0.0,0.0,0.0,0.0,0.0,0.0,0.0,0.0,0.0
3.194907938760048e-81,8.11134828623187e-5,0.42063875960324715,0.5492172360950882,2.7619731714040053e-13,2.019126098079858e-6,0.01610796273245534,0.00022591958353489978,0.004931733145749125,1.7983487518926808e-9,1.4948605558288638e-12,0.003006177660759475,0.004879532992336887,6.871466477171353e-9,9.131263322377494e-48,5.2237459593733706e-48,5.567151625442845e-27,4.973146398310606e-44,9.504331763891288e-97,6.047615377500716e-48,4.5708876883934436e-58,5.841283525568443e-79,7.081436775136809e-41,2.691311637730876e-10,0.0009095366371513633,3.298199321413727e-96,9.773996117433009e-89,1.2997159366694818e-200,1.2049568644628945e-110,1.2025431794604763e-194,6.736506054170616e-154,4.417687877103265e-222,1.0213597856670539e-273,3.4273918382632506e-307,2.4536999048733375e-297,2.7780481248209394e-286,2.0610447093370664e-303,3.744392882498239e-210,0.0,8.93741654706772e-276,0.0,0.0,0.0,0.0,0.0,0.0,0.0,0.0,0.0
1.9680197281663862e-7,0.9680100853211533,0.03173659302888578,2.1310514130485352e-10,6.947586606957806e-60,1.3977055896176285e-11,0.00018099191903407928,4.719508732094008e-28,1.5460910447601085e-9,8.63299731383925e-24,7.213115578094955e-5,3.552651469568434e-18,4.281180524480097e-57,1.2719994615249737e-104,7.444855017077348e-129,3.670245529592957e-179,1.614743885172955e-106,2.387919797033652e-157,7.980858944392958e-168,2.4308697299921667e-33,2.248777290900471e-140,2.3731734436789073e-147,7.568350387636687e-140,8.906404989648857e-51,2.1231301919903162e-134,2.8185278467846863e-160,2.9045309434246367e-274,2.0970701812922525e-104,4.890957070909281e-223,0.0,0.0,0.0,0.0,0.0,0.0,0.0,0.0,0.0,0.0,0.0,0.0,0.0,0.0,0.0,0.0,0.0,0.0,0.0,0.0
3.533298092638467e-10,0.936374204550655,0.06276459725441483,1.5569791291827866e-7,3.828537586283648e-22,1.9424492081862794e-12,0.00010378760347286372,7.818181907922165e-16,6.598490497464234e-6,4.312417543738086e-6,0.0007463431855074688,2.3936080157103532e-27,3.42686256368931e-48,4.025755819864823e-37,1.1352575664675231e-63,3.237744574405905e-97,1.4711520576073177e-22,2.671401837024016e-87,2.0222348485714904e-79,4.4472217127408923e-10,8.868463088469719e-65,1.2206255941623254e-60,2.0906724797031001e-109,7.816455409114397e-29,6.014365475471955e-16,8.398752073659385e-69,2.956638188962527e-161,4.2890699877908296e-66,8.786529561003128e-121,6.039407862829556e-280,4.388866330673987e-175,4.6915687364339946e-260,2.3182723853569372e-170,3.370361653212624e-269,8.011129456956357e-274,2.659144541731216e-216,3.8717090884370175e-283,2.031466883596323e-239,0.0,0.0,0.0,0.0,0.0,0.0,0.0,0.0,0.0,0.0,0.0
2.733590281357469e-42,0.001229211918774946,0.9976377584219017,0.0004301879366442629,8.916359277975173e-7,0.00014552599214204872,7.146832876183266e-5,0.00045027649492813656,3.466921738635578e-5,3.231967553093584e-13,4.491608944708768e-11,1.5304646410436714e-11,9.504986714495184e-20,1.473350903349894e-13,2.5717694422187813e-49,3.64891870262222e-71,3.2524282573725e-9,1.998095069580602e-68,2.027378991486878e-92,1.2061110985627021e-41,5.298673710967128e-38,4.280086445025102e-62,6.199830012035027e-50,7.036687675909504e-35,6.740413575385629e-9,4.919310993695654e-98,3.640649636089299e-117,2.8532643727658956e-171,9.725942441240993e-115,2.127275272025696e-187,1.8135327948957547e-182,2.1840263087837323e-228,2.2103295391772487e-218,4.162353401956295e-272,3.4281746372292224e-260,1.7048844183491798e-246,1.2648109687565171e-292,6.302133116087535e-220,0.0,2.5956615561889684e-292,0.0,0.0,0.0,0.0,0.0,0.0,0.0,0.0,0.0
2.490076860419686e-6,0.9160806070350609,0.08310843832521604,4.245042399455104e-14,4.0694210235676246e-41,0.0001221794508509168,1.4504083435284903e-6,2.887795853855577e-38,2.4416515284745876e-26,0.0006848347036257788,7.336544010770264e-28,6.472378831500266e-37,9.317084872209664e-94,1.5338125683434466e-106,6.556755716342282e-94,1.056629754935223e-146,5.220987658719128e-150,3.7284801688108835e-119,1.5152217792388283e-135,3.442805658174048e-76,4.578650338832663e-80,4.862111512195948e-113,1.743065500205683e-101,5.1717716871994706e-104,3.0381942387700714e-135,2.005007295767972e-131,3.061132775174e-312,1.9426926697446514e-119,1.0023654870926064e-244,0.0,0.0,0.0,0.0,0.0,0.0,0.0,0.0,0.0,0.0,0.0,0.0,0.0,0.0,0.0,0.0,0.0,0.0,0.0,0.0
0.00014154028393797112,0.9848128020778835,0.006102334058018934,3.078859237377968e-24,1.019268018866251e-45,4.1524146893054453e-22,0.005183640576543344,1.9527311388172245e-40,2.7362352676599066e-38,4.80391918082407e-6,0.0037548790844353697,5.23382310840715e-57,6.776799374714728e-106,7.610616186027612e-89,9.436986889846668e-95,1.08068167226282e-163,4.882608716941697e-164,2.9508770738005526e-134,3.962465430939033e-186,6.781788302605291e-100,5.996807797655274e-76,6.763717372594407e-88,3.93916179998876e-86,2.2749386270264888e-93,2.1972075000696576e-160,1.2694337812502375e-127,7.444195913483e-311,1.3039883841384891e-43,1.1991570588709856e-227,0.0,5.801176735628756e-304,0.0,0.0,0.0,0.0,0.0,0.0,0.0,0.0,0.0,0.0,0.0,0.0,0.0,0.0,0.0,0.0,0.0,0.0
6.127005478792752e-8,0.9327551386175493,0.06724476312454843,3.56135364712114e-18,1.6524721213723782e-60,1.355024195238937e-16,2.7953920349583143e-10,6.47018376299367e-39,5.314163964506466e-19,2.306131721466704e-11,3.668524692420405e-8,2.012816870234923e-29,9.789897444663293e-74,1.6835046381429583e-115,1.0170871735828837e-136,1.222316661250274e-175,2.6958630311345892e-146,1.1967337157517951e-176,7.101168323135412e-199,7.07702760943519e-46,1.8289088154578385e-115,2.336141014917363e-133,8.116588099513012e-140,7.633671212597654e-82,2.32248115719828e-158,6.714517614744351e-166,0.0,6.3676022854979555e-143,3.61072197758875e-279,0.0,0.0,0.0,0.0,0.0,0.0,0.0,0.0,0.0,0.0,0.0,0.0,0.0,0.0,0.0,0.0,0.0,0.0,0.0,0.0
5.507981969337908e-53,6.355497327122056e-20,8.495329183040733e-9,1.135609480934074e-10,4.05105844790013e-10,0.009344787031469319,4.446763349750461e-12,0.00011920835381555982,0.007267871105654066,0.0001556829130942329,0.021277889651739938,0.023780802368519136,0.02167332672479949,0.03930595185296148,0.026762694878196304,0.10072194260749887,0.09411088893580365,0.09069409568446359,0.0725683868671349,0.05094079826052474,0.04924110793030746,0.06325950860307432,0.05014230787865367,0.041810069716365424,0.06098528955926608,0.03736951025969279,0.02305518180053143,0.020737016727829637,0.01166277646079507,0.009148643890997208,0.014254504563193979,0.006479320255997263,0.012958640511994525,0.003887592153598357,0.0064793202559972635,0.00518345620479781,0.0038875921535983576,0.007775184307196715,0.003887592153598359,7.211679958496746e-20,0.0012958640511994525,0.0,0.0012958640511994525,0.0,0.0012958640511994525,0.0012958640511994525,0.002591728102398905,0.0,0.0012958640511994525
1.0797125333738708e-29,0.5479554214985746,0.4420470085025632,1.0265295420880925e-8,2.5908663084691248e-12,0.00999633351169275,1.1286599645862105e-6,1.6074203283200006e-9,9.594957960084673e-8,4.3538858668796493e-13,4.901296250960624e-21,1.883225780500033e-12,1.1170669705375548e-31,1.9631141172180724e-22,2.4114861341681043e-39,4.491426073172897e-130,8.00107800272977e-111,1.1241236738853392e-90,9.182500920578735e-130,5.549417808874272e-63,1.3989401791135572e-33,2.437939922215118e-51,9.941623502164657e-40,9.266963099698873e-26,1.0606586142293715e-32,7.430280043738823e-156,3.917921264950434e-234,1.2662624033592072e-181,3.0973458754330213e-162,0.0,6.700283086603454e-211,0.0,0.0,0.0,0.0,0.0,0.0,0.0,0.0,0.0,0.0,0.0,0.0,0.0,0.0,0.0,0.0,0.0,0.0
4.870112309366161e-17,0.5843692622969667,0.3976747947702286,0.00020741465686987338,0.0003464855464563639,0.003877586454800148,3.983157791993573e-6,4.59606635903226e-5,0.002923393721298472,4.1747261507128904e-9,5.22838818803674e-13,8.530350690224468e-24,8.031973931142485e-30,2.1137454875116034e-18,4.732992209433007e-17,9.844883282995072e-58,6.908491080498839e-63,6.882615313182769e-38,5.816693749383308e-64,2.6216697822503527e-64,1.8241359547406127e-13,0.0056881429233586085,0.004862971632368862,8.385443752996215e-13,3.813362064892086e-39,2.3800984307996233e-78,6.377917202792863e-155,1.1018008643529642e-84,5.260938272418006e-101,4.04187648263906e-229,2.8261409509240023e-139,6.331243172774333e-151,5.2338091034938025e-204,1.3886023229079178e-274,2.922915247544645e-249,8.075027724130939e-200,1.2904111285074853e-243,2.0457236334991252e-224,0.0,2.2907684032406588e-269,0.0,0.0,0.0,0.0,0.0,0.0,0.0,0.0,0.0
9.043717314173267e-12,0.8973575131156706,0.10207675421297793,0.00016617617415115132,6.734572542580248e-13,6.022062579450752e-8,0.0003994906255562836,1.8575852207250317e-14,1.8995328953928303e-12,1.0162046659251433e-9,4.6063922607603535e-9,2.3278098050668146e-33,1.2131904053119395e-51,1.2237765830615469e-34,2.0809815974511975e-25,2.7942757791665665e-84,5.188308023374154e-102,1.1903038334590264e-67,2.0891286358042753e-69,2.98182331002402e-61,1.6785986380467026e-11,2.3141482047089397e-30,1.7823763693637032e-26,1.0028736954463424e-50,7.043242551428778e-55,2.2657154249960622e-88,2.4563534820442685e-204,6.870711113347907e-101,1.487816680550671e-123,9.820393805494438e-305,1.74629170322636e-241,1.1134246538952707e-235,6.93935921183817e-252,5.265371220739096e-296,4.916218505923611e-273,5.307725502578746e-224,2.4656753e-316,5.8176456199091276e-291,0.0,5.349067668e-315,0.0,0.0,0.0,0.0,0.0,0.0,0.0,0.0,0.0
1.7872719580136387e-5,0.986018010253962,0.013243735425960414,1.13390403235783e-25,1.7930008971902e-67,2.0923695547242477e-16,1.5973435308024066e-23,5.134468338637801e-60,1.8290473540881984e-29,0.0007203816004971076,6.396042774765186e-43,3.571114876124374e-60,6.397830736403952e-57,4.400843852903288e-120,2.8718344154074023e-152,6.778994061920794e-190,1.8061397222986493e-212,1.910368746533713e-182,6.128734938633448e-202,2.5095298476146925e-64,4.377252297719143e-160,6.863641329594448e-200,6.740573495982182e-177,6.768878348454099e-119,1.7024305649902486e-180,1.0904495584924373e-159,0.0,1.1708436480043215e-210,0.0,0.0,0.0,0.0,0.0,0.0,0.0,0.0,0.0,0.0,0.0,0.0,0.0,0.0,0.0,0.0,0.0,0.0,0.0,0.0,0.0
5.338077767847081e-6,0.9691818742868192,0.03039551576664053,1.2868666436079846e-19,1.1556899963670663e-40,1.1764595252087609e-9,7.367072295991055e-9,5.603338791018696e-44,2.200452395673422e-17,0.00041726332524016826,3.3862854818678226e-16,2.5451931599456573e-30,1.672327018464265e-89,9.83177108875926e-104,4.1069172330882125e-115,2.1223098274538492e-141,1.9441184603494127e-143,1.2872252216055023e-148,4.1647492279552475e-171,5.647006818044926e-76,2.7862350054117916e-95,2.6841401710385205e-128,3.859496639530676e-127,1.8141416195822478e-76,5.44681250095607e-136,7.333966089898464e-154,0.0,2.766249022956573e-106,1.883995585332641e-294,0.0,0.0,0.0,0.0,0.0,0.0,0.0,0.0,6.4e-323,0.0,0.0,0.0,0.0,0.0,0.0,0.0,0.0,0.0,0.0,0.0
1.1493917082525374e-34,0.0017594889265606412,0.07836059523128808,0.17285325419439523,0.12322511063125843,0.078473789515155,0.12289696376214246,0.15282883585660545,0.17693807754687374,0.025860089522820467,0.0667934896059139,1.8286402470185875e-7,8.589087092649502e-6,5.406528852441138e-9,8.8207838917067e-11,7.24078183418504e-39,6.402248564537716e-14,2.899164861928639e-25,1.6391435109727184e-40,9.281396301582845e-13,1.5710611533070538e-7,1.3723263554303021e-25,1.2163619886113838e-20,1.0896399577573062e-12,1.370652935489431e-6,1.008690490734854e-37,4.838181511737044e-41,5.382949977548841e-55,1.099469244707268e-33,3.3251689837486845e-77,2.6715800902593395e-80,1.209783800754134e-98,2.1471296772411845e-157,1.374391626215732e-114,1.0170576778410887e-104,3.484873241654172e-100,2.45770327e-316,1.2930969845801252e-171,5.651770602050397e-231,6.161741996246077e-284,0.0,0.0,0.0,0.0,1.2677048742078723e-226,1.5474663382539818e-267,5.62053287705016e-203,0.0,0.0
0.06177243705106718,0.14585514312484787,0.12692235601334165,0.0691898991740916,0.08425841112355822,0.06813490948612029,0.03356690836118243,0.01993396090187027,0.037820991216140264,0.10814695809371648,0.024378088497863264,0.05543103415184694,0.04717940823898307,0.024570976481687493,0.03783020593897267,0.01855629397025123,3.526696366082375e-15,2.3686923596013484e-26,1.91908706844508e-22,0.0227913819578864,3.0368683443215783e-15,1.4104601010409493e-17,1.310890635201055e-5,0.01345576947282392,0.0001917578259778001,1.1412308757592617e-11,7.386698795436194e-57,6.2334007728360325e-25,1.326231218793802e-43,5.580536546759751e-68,3.171756796408953e-78,1.749884395255866e-32,5.357186078513198e-52,1.6752060130995222e-117,1.881786287183024e-99,7.371866831931591e-51,1.6305088098689803e-36,4.002514530089039e-93,1.9421448934350202e-217,0.0,0.0,0.0,0.0,0.0,4.205263210613326e-221,3.488249309882392e-174,5.429782989525128e-290,0.0,0.0
9.228476152320496e-17,0.08943897806933365,0.891996377900973,0.012471019085574511,2.135061767762655e-68,1.210014023090538e-13,2.2596806570503276e-12,1.2722795818630771e-20,2.6703531882829544e-14,1.8295715403181692e-36,0.0019919306863646394,0.002380593230547882,0.0017211010247988661,1.0598442581371763e-72,2.971360404082789e-90,8.827656366487389e-155,1.244701815798412e-105,3.222609851577812e-105,3.63288055568875e-160,1.5755724992072618e-17,1.4851468079501093e-135,1.92866832787819e-116,3.221513903940784e-118,4.112437838238468e-49,1.1689478653178516e-89,6.845246641206153e-114,7.47085122124885e-171,1.1880936850365607e-115,5.901759580747639e-171,0.0,1.3536004001287455e-307,0.0,0.0,0.0,0.0,0.0,0.0,0.0,0.0,0.0,0.0,0.0,0.0,0.0,0.0,0.0,0.0,0.0,0.0
4.399516503307422e-51,4.556414719294534e-14,0.038010994891205296,0.28370196679070375,0.339093755541075,0.0643560346426969,0.046823805295757505,0.0322196481884705,0.05121621642877514,0.03098311534234322,0.011279659158124152,1.4342102821621376e-20,0.02339241994310104,0.010494552510567037,1.2435991074007241e-15,2.4692860421645277e-24,1.612508266829376e-18,0.002193889013701009,5.266902431218578e-14,0.013882235423322991,3.7763827051493646e-13,2.958590540341396e-15,0.009042917341778022,0.014279374256511447,0.0023572290592993295,0.01118445794159814,0.011284474563338807,1.2762116024563835e-73,8.25968285731774e-71,0.002036762770542629,2.2012589333108825e-41,3.400309430793238e-77,1.8841591345603817e-55,6.031262129197896e-95,9.724117766872492e-60,9.5464465940713e-112,5.155801191698183e-91,6.544064031780962e-103,1.465529999187235e-63,0.002166490896608015,9.864810407793176e-83,0.0,9.410544181210444e-133,0.0,8.48700894738639e-153,2.1808767283638085e-152,7.2611099115875845e-115,0.0,2.528824134211529e-157
2.9548563037660135e-14,0.5518335118893632,0.44748075960147005,4.212021285565686e-6,3.235958560316041e-36,1.292396679216877e-8,0.00044406872156066245,1.6999813715562164e-10,2.1444845814977568e-10,0.00023743445787747285,2.0735057008771016e-17,5.189032820345775e-43,6.537707987691971e-70,1.731091217901832e-69,8.307043331124788e-54,2.1981066578454943e-210,2.2717700275424875e-153,1.2403836143349274e-141,2.714631894216067e-209,1.965220035346033e-67,2.5549225012354226e-76,1.3748668725662797e-118,1.0687659175742626e-74,3.818738445120293e-102,2.6868766022887885e-173,3.267630653373894e-191,0.0,8.725562430724838e-185,0.0,0.0,0.0,0.0,0.0,0.0,0.0,0.0,0.0,0.0,0.0,0.0,0.0,0.0,0.0,0.0,0.0,0.0,0.0,0.0,0.0
0.0019241939740793927,0.996139104104163,0.0002729136370202559,1.0222153051725728e-30,3.3945970458330687e-56,4.331664159498596e-6,1.4337078487174764e-10,6.305004045963952e-62,0.0016594564772068978,9.716650188784471e-24,9.167308750672978e-38,2.5628718940044827e-47,1.2187586814377852e-79,1.4665162428591087e-131,4.690860060757512e-138,5.268055962803522e-187,1.633906508516446e-171,1.5665158879763753e-170,3.9761042356519196e-190,8.546686787927025e-67,1.7571707978441309e-158,3.8608074312967026e-154,4.90802699854566e-146,1.1101946797263237e-83,1.4208579011792058e-152,2.2145173898225315e-151,0.0,2.121497772693272e-170,1.5e-323,0.0,0.0,0.0,0.0,0.0,0.0,0.0,0.0,0.0,0.0,0.0,0.0,0.0,0.0,0.0,0.0,0.0,0.0,0.0,0.0
1.8334129064367947e-7,0.9437636227591703,0.054473355311255967,0.0014566098339061394,2.747122884399447e-47,0.00030622868232992896,7.204707448172555e-11,1.1637706481383365e-30,2.0133392753611371e-44,7.567355703939248e-17,9.909965590294425e-27,1.6763865720042809e-80,3.1969659865234065e-138,7.933538293428325e-128,9.755405671570392e-84,8.55252716582407e-210,2.3007036891165365e-174,2.1452683799924724e-174,8.798634619053906e-176,1.0082056205706556e-113,5.575439720692968e-80,1.2144942080798465e-93,2.6301093457690873e-99,1.8562799640761683e-132,7.484020166558754e-182,3.1264366690946305e-207,0.0,7.40266034768613e-103,0.0,0.0,0.0,0.0,0.0,0.0,0.0,0.0,0.0,0.0,0.0,0.0,0.0,0.0,0.0,0.0,0.0,0.0,0.0,0.0,0.0
6.71601235487939e-7,0.9866799371196534,0.012514800894380578,2.3117848032893266e-17,1.3724400114767672e-44,1.151378021839816e-6,2.9636299268857497e-11,6.088427148881857e-38,7.994632069923595e-26,0.0008034389770724757,1.685683531989062e-27,1.1386540067862954e-43,1.4410360706901385e-105,4.877037205276833e-125,9.541165782542006e-82,2.771728107320608e-172,8.206519035058064e-157,3.416893489236792e-164,6.768147050889286e-173,2.358968831306029e-58,1.3182454311033362e-66,1.3033503796303242e-106,2.412062321082555e-98,4.325287809198991e-109,2.5602482321369933e-167,7.096789207466123e-173,0.0,4.609775398641538e-124,0.0,0.0,0.0,0.0,0.0,0.0,0.0,0.0,0.0,0.0,0.0,0.0,0.0,0.0,0.0,0.0,0.0,0.0,0.0,0.0,0.0
4.260222238315324e-8,0.9894199043165689,0.010572633536419605,7.571448202419874e-20,3.638484041762883e-36,3.36993069852536e-9,6.520428324760855e-6,2.1696616728395411e-32,2.6425489538656808e-21,8.957465201923591e-7,1.367023110441697e-14,1.4832552479538369e-37,3.1029424874704593e-86,1.2375526229417018e-83,5.87485289959988e-57,9.166648717812064e-136,2.2668797514168276e-137,6.652227112502266e-113,3.1066792955442124e-125,7.86111268901965e-61,5.775305507548434e-51,2.2369338503421067e-60,2.386818843687735e-47,2.2000495135981251e-72,2.4661044457714364e-118,1.5250161744740928e-123,5.531623473484947e-298,3.826983386111856e-74,5.843528540589043e-245,0.0,2.681003e-318,0.0,0.0,0.0,0.0,0.0,0.0,0.0,0.0,0.0,0.0,0.0,0.0,0.0,0.0,0.0,0.0,0.0,0.0
2.207643632232652e-5,0.9894272058498725,5.305302299791332e-5,7.799566536843018e-17,2.275038369826836e-52,6.279926870127685e-28,1.7839655273799258e-10,2.1394288995716671e-10,1.1752988726871775e-27,2.298985774095961e-5,0.010474674440726679,1.553270777396802e-42,9.42196228860666e-65,8.773011009779894e-57,2.400977457393682e-142,2.2176763528991435e-123,2.672605567175046e-123,2.7365568015296935e-139,1.49004320609186e-125,5.231797574850246e-47,2.874675086801746e-138,5.231025498022978e-162,4.628588516064399e-134,4.4635173196881505e-84,3.8392207169040854e-117,4.1795708268620186e-191,0.0,5.52822301934186e-95,3.1056760596762534e-278,0.0,0.0,0.0,0.0,0.0,0.0,0.0,0.0,0.0,0.0,0.0,0.0,0.0,0.0,0.0,0.0,0.0,0.0,0.0,0.0
0.0003193141279669556,0.9951447705951717,0.004032550927470318,3.174052289615326e-15,4.342683065316619e-46,5.814042555829357e-11,7.66952052534396e-9,1.2990614467912908e-51,5.46872189490687e-34,0.000503356621726973,1.4875652052736526e-17,3.858175920273408e-46,5.168400866643854e-102,9.81699544440867e-131,1.5547577842770508e-131,3.1716423364837405e-166,4.3013192305726194e-185,5.002065663256711e-146,8.719114399451788e-181,2.7602376403609483e-102,1.4982024241362787e-111,1.9293565042635012e-147,4.405090658485655e-132,1.8513960026430943e-130,7.30022982285851e-170,1.1635040767031597e-127,0.0,3.790374683000418e-67,7.431674502935533e-248,0.0,0.0,0.0,0.0,0.0,0.0,0.0,0.0,0.0,0.0,0.0,0.0,0.0,0.0,0.0,0.0,0.0,0.0,0.0,0.0
0.0846578679093763,0.892736045830285,0.020559291158196217,1.877028490594043e-25,3.1869004689913286e-36,6.275485178950745e-44,5.499928430983495e-54,0.0006206278664265802,5.919157775298344e-94,0.001426167235712288,3.6921066258307855e-15,1.648329984844516e-120,7.065267927255028e-106,1.0073131296810233e-79,1.7919651600191423e-249,1.17646608621358e-227,2.965931099601625e-226,3.911931879905837e-215,2.1019203781285358e-227,6.961484992340511e-148,2.9625893598263803e-249,1.7984013706035243e-269,1.261607103325031e-176,4.021653505654206e-139,2.3607492022756275e-215,9.256225985642236e-227,0.0,2.7902203175785937e-241,0.0,0.0,0.0,0.0,0.0,0.0,0.0,0.0,0.0,0.0,0.0,0.0,0.0,0.0,0.0,0.0,0.0,0.0,0.0,0.0,0.0
2.0243452679479946e-5,0.9911082136566933,0.008871532630227401,4.0545916847963793e-16,4.350605899819562e-49,1.6758233469814416e-14,2.700596765263488e-10,1.361735267204601e-42,1.6830872971328443e-26,9.989465667276696e-9,8.573492491260005e-13,2.291456997728522e-50,1.8561517241804523e-94,1.1202880768825414e-110,2.892867435400881e-140,3.0856272465036193e-167,2.259211551161891e-141,1.4859929581391586e-157,5.217457053840637e-215,8.826370036714592e-85,8.28530739980382e-114,8.008678605041782e-150,1.875712295821038e-137,1.7880228285709747e-97,5.6917784515309806e-173,1.402199106612986e-167,0.0,3.3475992591720137e-105,2.282809798736023e-257,0.0,0.0,0.0,0.0,0.0,0.0,0.0,0.0,0.0,0.0,0.0,0.0,0.0,0.0,0.0,0.0,0.0,0.0,0.0,0.0
0.39794855318476197,0.6014240459873519,0.0001274830764712524,4.422857233199849e-19,2.350311851670829e-50,3.3831185898215874e-13,0.0004999177510765421,8.554188372081543e-58,6.8236369772892265e-68,4.497598399753227e-24,6.93699565892008e-17,1.538216617544743e-105,2.8645601282852004e-155,5.340582895106545e-133,6.965854237846073e-102,1.1779473292674315e-198,1.3887262774834441e-210,2.3188360667203953e-146,9.383368564703666e-161,5.778168362849485e-160,2.020437646486553e-113,5.647779225251217e-94,4.989001621436648e-84,7.224770216581482e-150,6.116887335273402e-166,5.6193904856109935e-176,0.0,3.7537479249504374e-56,0.0,0.0,0.0,0.0,0.0,0.0,0.0,0.0,0.0,0.0,0.0,0.0,0.0,0.0,0.0,0.0,0.0,0.0,0.0,0.0,0.0
1.483937964233802e-51,0.006842306649685333,0.067638520047022,0.9111496503827664,0.0005352681547250107,2.0635572423507696e-6,7.625303684350048e-7,0.0004554780634881147,1.9140879168626803e-8,0.013128188611796775,0.0002476279798436663,6.414871107176341e-8,1.890649892095887e-11,1.2902148640635977e-9,1.3178138194635903e-29,2.3075830962537125e-10,1.0220011217803935e-8,1.486596516649601e-33,4.537879969411332e-52,1.976752634118413e-23,1.1584516225952772e-29,8.333990778218306e-34,2.0590460864466438e-16,5.51062113598958e-14,3.8973525426787906e-8,1.201096245540285e-68,2.6733685329560576e-62,2.342493157204027e-106,6.543805204261468e-76,1.4142673150452905e-159,1.382632568052502e-139,1.50361999928794e-168,1.4963634637215075e-191,1.1746311014083904e-232,1.2054613019848294e-183,3.0245799999908046e-198,4.980583466854503e-183,6.929627234408466e-139,8.760473144055969e-198,3.1503073320089636e-120,8.5445573551124535e-221,0.0,8.009971332439015e-286,0.0,0.0,0.0,0.0,0.0,0.0
0.8874731918360166,0.1114279783091964,3.779184381971727e-20,6.390941895283183e-39,6.397257413384611e-70,3.5349016411401895e-35,0.00010108092614396882,3.7706480731152675e-110,1.8303536705278938e-101,0.0004672862091932702,4.089058421932386e-12,2.5357244686286864e-103,1.4596127956657397e-178,2.780918894660861e-202,4.88668772323189e-181,1.6992196510355452e-226,6.300979929642188e-215,4.994934747771797e-244,4.156104086248541e-263,1.4032222036151749e-192,5.938082788796718e-188,5.537788740246015e-217,2.858046852454718e-182,1.1209427809528978e-208,9.374675055823109e-195,7.167477883452657e-194,0.0,0.0005304627153606557,0.0,0.0,0.0,0.0,0.0,0.0,0.0,0.0,0.0,0.0,0.0,0.0,0.0,0.0,0.0,0.0,0.0,0.0,0.0,0.0,0.0
2.531618221019503e-26,0.02892174832394647,0.962918105285648,0.006048362854812222,9.437805563169404e-45,7.005222695721577e-9,0.0006772117639004271,0.0010569717781058906,5.026895248491258e-5,2.740801745615075e-9,5.868163279203452e-10,0.000327316098249256,4.610011865899718e-9,4.673704699518517e-33,2.8804341201613835e-61,1.8464880855229982e-176,8.454102226373059e-85,4.748257465572842e-102,1.3491035855886076e-180,9.82561258722074e-35,7.552967410999891e-86,8.841541094887414e-105,3.3679704967054204e-75,1.1369840474746455e-62,9.722111187323944e-97,2.182952715373013e-146,3.872801610931075e-226,8.583146270431451e-185,1.1368904175303132e-186,0.0,0.0,0.0,0.0,0.0,0.0,0.0,0.0,0.0,0.0,0.0,0.0,0.0,0.0,0.0,0.0,0.0,0.0,0.0,0.0
0.4470996066557054,0.5499017840555863,2.1769365601881434e-8,5.327224655628667e-27,2.346839474265387e-67,4.201421019987946e-14,0.0029985875186246034,9.561195536407559e-74,4.968378915398047e-68,6.761247524186022e-13,1.949741104683014e-28,1.159903803991537e-79,5.86226903908993e-173,8.109691316858293e-189,1.1562964852838206e-154,4.582353675507701e-201,2.851832678197084e-208,9.194031346620532e-198,5.694948674247684e-173,2.8749491318247225e-150,2.464574833149477e-134,2.5467505457490048e-149,6.335009000654054e-152,9.862286781144973e-182,1.9429966915836844e-184,1.3591895810817325e-178,0.0,2.1112724666051113e-41,0.0,0.0,0.0,0.0,0.0,0.0,0.0,0.0,0.0,0.0,0.0,0.0,0.0,0.0,0.0,0.0,0.0,0.0,0.0,0.0,0.0
2.4162414034654096e-27,0.22643965312998807,0.7511699947974563,2.2835848672759857e-6,2.0404326064373753e-8,0.010810537210969091,0.0015714117271937232,0.007641691897305994,0.002364391544829181,1.412739643318217e-11,1.5683554395354736e-8,5.367430982923735e-12,3.94011571891127e-30,3.0174144968008626e-21,1.5113346357507166e-14,4.5027450585195585e-72,6.092654707810311e-55,2.938979998745068e-54,7.966691729347939e-89,1.1765266326782287e-51,1.1278861478526302e-20,1.201096558860922e-36,5.0492806465290086e-20,3.7487425425330855e-30,8.934701578981364e-20,3.5696224718861786e-102,8.493778103389057e-165,3.919276930839337e-148,1.700055350396148e-135,2.2046034390226093e-256,3.535982314668451e-168,8.358200619499827e-206,1.6638168191164355e-231,1.74089e-318,0.0,1.023698215444151e-267,6.378645447076412e-278,8.996718519639329e-173,0.0,0.0,0.0,0.0,0.0,0.0,0.0,0.0,0.0,0.0,0.0
1.0,0.0,0.0,0.0,0.0,0.0,0.0,0.0,0.0,0.0,0.0,0.0,0.0,0.0,0.0,0.0,0.0,0.0,0.0,0.0,0.0,0.0,0.0,0.0,0.0,0.0,0.0,0.0,0.0,0.0,0.0,0.0,0.0,0.0,0.0,0.0,0.0,0.0,0.0,0.0
0.76618886,0.38930577,0.3095695,0.8901677,0.18953644,0.67033225,0.4895527,0.64904076,0.60905695,0.5289507,0.33030728,0.015213492,0.12982394,0.20910482,0.74872035,0.9963066,0.03021707,0.71005106,0.5906944,0.22969669,0.14965683,0.04763099,0.9639995,0.85385394,0.41021016,0.8316853,0.91277254,0.806558,0.06680533,0.470458,0.6933277,0.450186,0.62725246,0.1700091,0.089064896,0.54870445,0.109733514,0.86351234,0.73167086,0.4301063,0.36925754,0.2503046,0.29009742,0.9475873,0.7857528,0.56978923,0.349369,0.507892,0.27007392
0.56978923:29,0.109733514:6,0.71005106:36,0.470458:24,0.60905695:31,0.85385394:43,0.8316853:42,0.349369:18,0.450186:23,0.54870445:28,0.089064896:5,0.29009742:15,0.64904076:33,0.36925754:19,0.27007392:14,0.3095695:16,0.18953644:10,0.33030728:17,0.06680533:4,0.5906944:30,0.38930577:20,0.9963066:49,0.67033225:34,0.507892:26,0.86351234:44,0.806558:41,0.1700091:9,0.6933277:35,0.03021707:2,0.73167086:37,0.2503046:13,0.04763099:3,0.41021016:21,0.91277254:46,0.9475873:47,0.4895527:25,0.9639995:48,0.7857528:40,0.22969669:12,0.5289507:27,0.74872035:38,0.12982394:7,0.4301063:22,0.14965683:8,0.8901677:45,0.62725246:32,0.015213492:1,0.76618886:39,0.20910482:11
