20
0.6352595316550006,0.05394115803826526,4.4268896596554584e-6,9.673609409344145e-11,5.4676228380538206e-8,7.529627359851914e-5,0.003190457089285691,9.124733725049054e-18,4.7648355925374125e-15,0.22299331184313131,0.000539708757421778,0.00039394253049902886,0.0005703640873317029,0.07120128961137034,0.0015194217636075732,0.001353506278780105,1.0529170697545947e-7,0.0014838261131031169,1.0207049487011494e-7,0.007473496933774334
0.1685400287413609,0.7193368134738545,0.0014952671652731886,0.0018980460726676183,2.1050265826140532e-16,0.004580060400329066,0.013568900292315176,4.0995651144601676e-6,2.0379364131475878e-26,0.06128297817692307,0.005982763411543583,3.721051826048447e-6,0.001671184368414405,1.1159343992658361e-5,2.6416149180511057e-6,0.0031729051402482836,1.5171192030588894e-5,0.0018717472231421337,0.002119971967031716,0.014442540799014381
0.0158756321254895,0.032296844267350244,0.05265487404280211,0.00024462184114746065,1.0302067213978256e-7,0.00025637718737919616,0.0019066530343445753,1.852509398662069e-11,5.221066568557747e-9,0.025997975464513608,8.60457784697987e-11,2.5141727452429205e-5,0.000678027696319882,0.011067323163714494,4.914069332237964e-7,0.10386475539068714,3.547020982190136e-5,0.053526624970453546,0.7009627672545964,0.0006063118706845538
0.03438648915635795,0.0086679751744739,4.0296275570617386e-5,0.21845255471187694,5.709619716714061e-19,4.45150180735795e-6,0.0006490027954256972,9.507794402142237e-7,2.547545368259111e-11,6.234250686057515e-5,1.601392001138712e-11,6.015398297537067e-11,3.579646142865617e-5,0.0015833284933710454,1.6928288316507295e-12,5.680128038924042e-8,7.389120771190832e-15,0.7320960332869462,0.00401392571788082,6.796233936114356e-6
0.0025820624475802333,1.4425035041511153e-9,1.4493119704851446e-7,0.000282272380102309,0.23888294745923255,7.574660856530274e-5,0.0002201105481401087,0.020144353818608286,6.996186153197032e-5,8.273288082642961e-14,0.000419007551192661,4.920950545360125e-7,0.22623637807265087,2.304241370257686e-12,0.5110723042913248,4.15474086090757e-10,2.1504134515650524e-11,8.4443003444883e-20,6.648084351130953e-9,1.4209404866374529e-5
0.0020095996203754883,0.008774376584018593,0.3827969990572796,0.0002673689434688927,1.1600188386670341e-10,0.2012797178689072,3.375006655254075e-6,2.694129878240436e-15,5.763364478566425e-6,0.007195714898624029,4.500866790559152e-11,0.3029108770613088,0.00015357598262897415,0.002469085245755645,1.6611120303517026e-12,4.706746817973735e-5,1.1806119627838732e-10,0.06038546586860217,0.03167933857404005,2.1674174941491394e-5
0.0018561137422143752,0.03152368633467812,0.00030972110763584983,0.4810299033772744,4.9116153805397715e-9,1.7980378055019138e-6,0.4195281647806104,0.024365739628510904,5.761580342259155e-8,0.018643755999721935,1.329541903814528e-6,3.7396727846788535e-8,0.021469203357019177,8.058693268569057e-5,1.1411432707413547e-5,1.5025328571378663e-8,7.95186333942155e-12,0.001177547516345268,5.062530582823993e-9,9.181909295070197e-7
6.022922374968218e-11,0.0026909819050557875,0.0002072367215582237,0.4622368385319901,1.408805378532916e-11,0.0009596715674115467,0.12978364298942363,0.3824736122234779,1.8013514775445975e-11,0.0001423927375751704,3.538886918329228e-10,0.00040683904303752844,0.0024383437713644037,8.649205184587363e-16,6.423433354503316e-7,7.35251986237353e-9,1.0464272194773086e-20,0.018659659027292174,1.4468306865935466e-12,1.31338290976258e-7
0.017148308848808816,0.013083843905669527,0.02507115859718842,0.015168922333778185,6.198730069489819e-35,0.6935818670591187,2.7671362627468274e-7,8.914663611988598e-9,0.16840249367075663,3.2646316321954876e-12,4.58650297290198e-16,0.051116372034830354,2.0888322989279687e-11,1.551815267302421e-8,2.2893891409104084e-12,2.4511769119747547e-12,4.2215639092134136e-29,0.01642589774212553,8.346314271000877e-7,9.603328513252583e-13
0.19878541446922363,0.06359206328342257,0.00022734997705653112,0.005140976364576244,2.4332347901292147e-21,0.0024669015121735797,0.08100308456482963,1.486715425535337e-17,1.3867910185097955e-7,0.6300673906637224,2.0396596090101868e-11,1.823575662353008e-7,0.0013703589257315354,0.0036645473274407115,6.101973582316405e-5,1.8718763182479374e-5,3.461068480193879e-10,0.012375714639521194,7.06321071362544e-5,0.0011555062629887286
1.8258032353591227e-11,0.005248650642859876,8.325600179650105e-7,7.686469959822978e-8,0.0007637403419903898,6.225314612617538e-6,0.1451472136219932,0.6139804329595774,0.0034301877982158653,7.383584348735077e-14,0.1324611695122036,0.007494146479151242,0.0026054086854991458,5.103708884764508e-9,1.9315723200501505e-6,5.453657716374508e-7,3.9253795882588264e-7,7.213365393189829e-18,5.551140547358468e-13,0.0888590406205327
0.0025182580713315507,0.02212421134381639,0.19151512370693616,0.010844672076457939,1.3977257226514887e-6,0.012218287333674284,1.902495523489651e-5,2.987698007939277e-9,6.08975528428079e-5,0.00045811771399896566,3.4385160439563987e-7,0.2566418328379702,0.06242510757864428,8.824645393913298e-5,3.20318870457454e-7,0.3212860624592344,0.00028975593321855483,0.0002722643920754672,0.11257788217302238,0.006658190533707225
6.176864955150869e-7,0.04009012325588079,0.028366515102063918,0.04295560637747647,4.686101029241915e-10,0.01613450148290837,7.448387677445282e-5,0.013952007942152405,0.6853310500662921,1.526739531600268e-11,2.96735986617493e-8,0.00012255406833871742,0.02581163513527716,2.9964142389144034e-5,0.14699556323991583,5.1617987063068576e-8,8.787226732727852e-9,1.5946425695066393e-10,0.00012971508997713206,5.571811903936524e-6
7.549367409793955e-11,0.0029180049475058326,1.9555941047770834e-5,1.9263837704098422e-7,4.509010082272768e-7,0.00013084733394691612,2.5381046622403923e-6,1.2413045268599442e-10,9.610996010840836e-13,5.840789268011418e-8,0.08884511260455419,2.564126664816411e-6,0.0019135434118079722,0.10220124452576984,2.810746102843393e-19,0.03098898664276154,0.010400305218950105,1.2769577026636002e-5,0.005974254418909727,0.7565895709985292
5.602186654737804e-36,1.3538644535208746e-15,7.148694366176779e-15,1.375609924089472e-10,4.4523013120911405e-18,1.7128832336951364e-6,1.2429674290730854e-8,1.5728295002383427e-6,0.833568260746566,9.93208780257211e-16,5.025896402437418e-16,5.814830082063681e-6,0.009679180048305779,1.1413824568171236e-29,0.15674344609506644,1.3300043372173384e-16,1.8132151517288958e-30,9.057218785630223e-26,7.937658523972658e-21,2.2119464544052927e-16
4.0345639707008744e-15,0.0001719074813158975,0.004535193197009426,1.0409680352182235e-5,0.10267099050357228,9.211341775367492e-6,0.004872025388095373,0.02923297522837163,0.012883325894802221,2.9520857048969364e-8,0.029703569010540744,0.06222138008434087,0.010152543577935049,1.2290349085569953e-6,0.0059562246971102285,0.0006513192997124068,0.7265518565569653,1.9981418196642864e-8,0.0008275639931996282,0.009548225527713694
4.526390553695067e-15,0.01005939190082413,0.0030556960355925334,5.806364321584525e-5,0.8835897656127313,0.00038448395507836993,0.00501735488811825,0.017633231037557647,0.00013843892061431772,2.790779346476242e-13,3.927898063905324e-5,0.009321909113783045,0.016773476309887687,1.634047606219508e-7,1.9106254491410562e-8,0.00019415462804445922,0.05314472784372956,7.088567120828805e-18,0.0001991000665723471,0.00039074455231249234
0.05645564985395291,0.026837398232596982,1.6425301322377878e-8,9.348042139752096e-10,2.110025914233455e-21,2.2986023349266237e-6,3.8017234791253296e-6,2.6100781326183256e-12,9.392250379861486e-21,4.549390918167914e-9,9.611108209542206e-8,7.896611826228994e-13,1.3235720370315991e-11,0.5644653086759099,5.082880282567339e-34,0.0003743935772954068,1.0554610995463151e-7,0.3446184844746369,0.0036476409921674608,0.0035948002843024284
0.006466177493869836,0.0007449032115880357,0.004714335507371277,0.006147623995274562,9.93301560952424e-6,0.0007862094035677813,0.0006987064675087861,0.0012833037266376571,1.0256808871579446e-10,0.0017606167083580413,9.046787132673262e-5,0.015598340178294642,0.008427494145102908,0.02654852754211551,1.6444723131810739e-18,0.32221344466329094,0.32948553223767596,0.013522432657852067,0.24830356666628556,0.01319838440570211
1.032064021858468e-7,0.01650343979365997,0.0006558142765425066,0.0008307147018168198,0.001106689224721169,0.0002689771551329682,0.23114178007693847,3.975105839266166e-6,2.6223980250377535e-9,0.022554501565513467,0.299400033068452,0.0003138595245902105,0.01179220434565805,0.00931574490678752,1.8681150059070906e-7,9.824459550800111e-5,0.0005583577890512264,0.00019935639059702625,6.297105568709109e-6,0.4052497177333219
20,25
1.6047735524593784e-41,1.8200301790183585e-81,2.79367118270707e-72,2.3162954457056246e-50,1.5228106519758267e-25,1.0503084972845115e-22,7.870191448598345e-17,3.1157029513970952e-24,2.789126370180594e-20,1.1412057304749116e-20,1.1883999398158515e-34,1.4568342790742512e-16,4.843645684943957e-11,2.339890236017737e-14,3.421367049783709e-8,2.7942846026407674e-10,0.0012813983583730858,0.009183631347165407,0.029975559801412338,0.08995244174929161,0.21038843584097197,0.294196694272672,0.3197602873871558,0.04526151670139872,4.117162157817014e-17
0.0008613721069970312,0.000820545811743883,0.0010793188580238082,0.0005996098686058376,0.0026812003762755688,0.0007743633115891532,0.0010917588119282711,0.0020348241613209355,0.003430477748780945,0.0032541175550553072,0.004804209756288669,2.0056895930600985e-7,0.00374494466737405,4.6355881176988767e-10,0.0005753753414634551,0.004166433732612841,0.0019421736471905051,0.0026906297941452118,0.0029087912041731814,0.0031823190308946717,0.0019423491499791334,0.008663184495671617,0.0855050225599741,0.37640179336926266,0.486844983608131
3.729903615301612e-29,2.2639393942848116e-9,6.694530752711142e-22,1.2493820223150277e-9,3.1921941330309946e-5,1.7083391542878434e-5,0.031987198048001986,0.0643082854800563,0.06107633190115876,0.05379356584886149,0.08403096619929978,0.09490147867108503,0.12744053129433638,0.08397706252602793,0.061198362290878515,0.11305555095654997,0.07170193267721396,0.06644768372003532,0.0860318476178363,6.938176356414511e-10,1.4939299021272762e-7,4.374963412358658e-13,9.339779437451058e-24,4.3835217894841394e-8,2.552046156640302e-16
3.461892243773753e-34,3.237741749619529e-12,3.1998953375952815e-11,0.009508055651825494,0.04157550955705944,0.041288256680279536,0.06783345574588939,0.0678333892250072,0.0687686304730588,0.08492404618933141,0.10609188979511255,0.0808912157892546,0.08183257952452991,0.11647487611474326,0.06573667102697964,0.06420646430890367,0.03426182268130209,0.04559238314242113,0.01235852633981128,0.00880110711705782,9.238958888919326e-11,0.00016859065421045372,1.3198583018420171e-36,0.0018525298555959685,2.7797078462171617e-41
0.40057937305124436,0.29968703230831756,0.08599337558881993,0.08611577759164687,0.05153900274648315,0.00575945434921884,0.028247014709969116,0.012804247756996866,0.005752593162490497,0.021765156526546314,1.0778591137499761e-20,3.575906032594171e-36,1.5524281082765878e-16,7.922245532832353e-36,1.6608900248331476e-45,5.33348156885122e-65,2.0446864599715915e-50,1.3776473342595275e-32,3.3750223862422893e-116,1.762975185806167e-158,1.3692117245159459e-162,2.826156943829654e-131,1.3498536221950173e-15,0.0017569722082649908,7.299648741811411e-31
1.3134436227376583e-24,3.322675993179798e-9,3.0123037992401355e-14,0.015630329604965944,0.028713939166277184,0.10855152653523353,0.13235779750232782,0.09514785450855466,0.1319563525678154,0.10065876556485474,0.11056557690080876,0.06578051271185825,0.04282927078849056,0.04836459529304359,0.05453190628899726,0.02669319945308182,0.02828561480082701,0.009721762420240738,5.568465676642656e-13,2.3328111997559996e-17,2.9357673015183585e-21,1.1638842905376369e-25,3.3098192487197795e-10,0.0002109922383777572,6.190654608023764e-29
1.23199037379131e-23,8.339685395180952e-8,3.2811580626977965e-8,0.055537914554911305,0.08254784406328455,0.17226107497226917,0.17278070316830393,0.1194175964935024,0.08711510369377452,0.0910375038103,0.10725762908671949,0.06194912468193243,0.024439515847919577,0.006775580935297586,0.0005878004509995767,0.00016665386066640794,0.014558236469776734,8.557463452532553e-12,8.906652471634683e-14,8.549822314643917e-38,9.617412308640712e-36,2.547522319206991e-34,2.4875294018853286e-37,0.003567601693261144,9.514394289247826e-22
5.481150244020059e-6,0.011353658358902485,0.4522654736837098,0.2788771503816758,0.06622435016195037,0.00011411913413719104,0.0041442816894354225,0.05263162880055964,0.08851796485024013,0.045517624251705184,0.00034584254047724896,2.2988253438850214e-17,3.2447656243292955e-12,9.37290417820612e-21,2.9636840899068044e-19,1.4281356865773972e-24,2.4296906089227785e-10,2.443520242347109e-13,1.3234680380720103e-46,5.394099291531026e-72,3.6592588102100965e-77,1.1024216165351871e-91,2.56398771444432e-52,2.4247505044767234e-6,6.276846484841494e-23
0.20617871128724558,0.32999400719542216,0.0764832877548546,0.11744557116818355,0.0942853528226133,0.05463730818344661,0.05748455748781632,0.004766499286354116,0.016193967507328846,0.008721461575866575,0.016297130148456372,0.004298943050629916,0.0100469018230673,1.8254442061462667e-8,4.203493265434331e-19,2.9387069821732347e-8,1.1245543154404441e-17,1.6985552218272266e-18,1.2825621459425675e-49,5.767482178271543e-69,5.779297966092692e-100,8.655637937669585e-69,5.6835332250008016e-43,0.0031662530672030183,2.7830417927232445e-39
6.212294774921189e-31,1.711009347386192e-42,3.1890166739708435e-68,1.240672568703933e-34,9.264618836731223e-17,7.353486471065779e-19,0.0022800743677382765,0.007684951786446446,0.00784236690566419,0.010333138927061947,0.008071831091367143,0.015411269643268298,0.025315207570918395,0.08264449998720765,0.11889794987390329,0.09848445240915599,0.13179440280207563,0.14294803706761486,0.14074438813416315,0.13623851057824185,0.04792029417605016,0.0004731582483144225,2.1435676083222444e-21,0.02291546643080802,2.413242607026744e-16
0.0021628308249591823,0.002289259814679068,0.1748565396779024,0.27144652077010634,0.2218898482068358,0.09511250325797327,0.06804577101126466,0.07803753699398205,0.046418332591365234,0.03307756384754068,6.671008222419842e-8,4.071205974021709e-8,0.0032875203310475396,1.777263867894223e-11,1.1705799914984037e-12,2.732363949630017e-8,0.0004325475107223801,2.475256090536859e-20,7.411795001105338e-39,2.458292176285384e-47,8.599843105154135e-60,1.8365519109170886e-15,8.992719997231512e-28,0.002943085736119628,4.6607751879595224e-9
5.783401280887966e-21,0.003720840189180519,5.368861234623558e-6,0.0014641066691847555,0.28139979703842494,0.23820216119123555,0.11089414219206109,0.16032980981931808,0.12530775123902543,0.04623366797585024,0.012272157493688223,0.013824218042948146,0.0002546492495015187,3.71233222347116e-5,6.595443175322876e-10,4.938323156153356e-9,1.376096632116345e-7,2.462349960735343e-9,1.027860843920948e-21,2.149922897362772e-37,1.8601869683272943e-33,4.772959429670401e-53,6.11380921577993e-13,1.4523060275609915e-11,0.00605406103109726
2.7846161166479563e-5,0.7002762038337556,0.06469079325016731,0.060085281575483575,0.09780275604251462,0.01663128001596211,7.439882962737925e-5,0.037077348584078774,0.008840367089909354,0.000134165815332971,2.687366769652952e-8,4.831641211849407e-16,8.67769475378824e-12,2.1360711287310622e-24,1.4902055244191978e-36,5.590781705329e-26,5.612010604256454e-19,0.0073493153000056865,4.3244315327174355e-65,1.3335925873189382e-95,2.2600704014897914e-95,1.7834726021213588e-72,0.004923894442834155,0.002086322176816322,2.7471999460506466e-26
4.95879408544338e-28,1.3852791573574574e-40,9.170122112844106e-40,6.599894895942712e-25,3.140896215879164e-19,6.349576015993804e-16,1.4996439835760268e-12,0.0006906582587634998,2.200400463125682e-6,7.628367824740013e-9,0.0011281869380683571,0.11827700420056149,0.09897131183867702,0.05110534155939421,0.08819872583943916,0.11299525325928968,0.08957556838787419,0.12362946203749503,0.13028083611606686,0.08960009648091549,0.05638096579362197,0.03448210724050795,0.0008240110788847442,0.0022535459855063987,0.0016047169546025146
0.6958213840933998,0.12222952942056065,0.05797090058334416,0.032707061933009464,0.010003247304689733,0.04334487584256651,1.9745385988069545e-5,0.02017252362956034,0.00951184164360033,0.008135913106630614,1.5047156882338175e-15,2.743692804813876e-42,6.360146678109203e-17,5.001595557298286e-44,1.436764158524169e-46,4.447456304389089e-67,1.458628937350737e-75,8.297705664869665e-5,1.227829570978442e-127,2.5833768332581513e-192,5.423989174701615e-179,7.523539579167724e-187,3.847781930493186e-83,1.6179487091278105e-36,4.0050246023401716e-104
0.0021454781893412247,4.786482096076657e-10,8.023170482401234e-6,0.00027964503678612793,0.22501110584134906,0.06737728120845052,0.12859380001639933,0.12658389911202497,0.13802240606519506,0.11939257857567681,0.16630012544694328,0.013029587138339653,0.002228578060042677,1.7355998305681626e-6,0.00038301458721008095,2.611558146594171e-6,0.01063045409004077,4.736732288065097e-9,4.40993681077156e-17,2.268176396443399e-29,1.9821593694742482e-43,3.037994437471293e-23,7.442188312832387e-11,8.129653188447902e-7,8.858048619800413e-6
0.09236811808651497,0.2770273727607011,0.10822676744725103,0.13003838555916622,0.06748837638470187,0.08816368405358423,0.05566939739388121,0.0615796450607024,0.036685047601656216,0.02053898596661603,0.018923528103391322,0.00033015970624985727,0.017019377157707457,0.012188738345330458,0.011096186288967367,6.734637479193867e-29,1.3467019140278897e-8,0.001850723159861708,3.2318059424591385e-27,1.036499041672117e-65,3.6225368987354705e-66,1.0321717723428396e-40,6.712287679817428e-40,6.57802196778094e-38,0.0008054934566971747
5.47768408340109e-77,4.385478792126073e-36,1.7374489436897267e-61,6.303197877468555e-36,1.5672398169092644e-33,5.4907284667333776e-30,6.514692513815819e-14,1.0292487086974962e-11,1.192264331097931e-13,7.659775014377844e-12,1.0367929382856055e-6,0.020014227223459153,0.11079029646234148,0.07607815495995345,0.06670674355528419,0.092618243017767,0.11111176909008533,0.11934905836521693,0.14893813697397215,0.11633754585026555,0.08647093307217903,0.043560789610826635,7.481826769520361e-9,0.00802252223934743,5.352864000104558e-7
5.060971237353296e-35,2.2207215361885618e-18,1.1445172174372593e-19,2.202424007068462e-12,8.236579499388267e-11,5.405593597642542e-9,0.00011696131034408393,0.0010312114006731045,0.0049777200881542735,0.014760293605638618,0.10997081176570542,0.2325729968148746,0.10180733549352484,0.09923187916955092,0.17782510525037912,0.09501871397694926,0.07115890295312105,0.0772275199559797,0.0139580135645482,9.920018786985054e-9,2.3790033453365777e-14,3.073084740437248e-28,7.488722690722973e-20,0.0003425192403509458,1.445663804228741e-15
7.201829594516064e-13,1.9745401005266617e-23,1.871902170333771e-17,3.199419974483712e-8,0.008706828168286412,0.0412158644434074,0.07080298546748581,0.07820108994092727,0.09886602248169485,0.13447501191941189,0.14037294569044034,0.0812450906474203,0.06978111839875298,0.08056772501305566,0.07484085421515754,0.05219387740086402,0.04871576108376533,0.017805042773743833,2.3926477554215375e-10,2.939720683320083e-19,1.8655421903377024e-22,1.1669229351567213e-14,0.0012758799880381818,1.780814174292723e-8,0.0009338523252100699
1.0,0.0,0.0,0.0,0.0,0.0,0.0,0.0,0.0,0.0,0.0,0.0,0.0,0.0,0.0,0.0,0.0,0.0,0.0,0.0
0.021235332,0.029358372,0.050552808,0.06269017,0.014878757,0.033682507,0.044479083,0.024432683,0.042224307,0.054947283,0.032489873,0.03833139,0.02787164,0.035040937,0.047199633,0.3145315,0.03090717,0.022930883,0.018184593,0.10494114,0.03665533,0.026208008,0.008295296,0.0401298,0.019144453
0.018184593:3,0.02787164:9,0.03833139:16,0.050552808:21,0.026208008:8,0.033682507:13,0.029358372:10,0.03090717:11,0.032489873:12,0.035040937:14,0.10494114:24,0.008295296:1,0.024432683:7,0.022930883:6,0.03665533:15,0.0401298:17,0.021235332:5,0.047199633:20,0.054947283:22,0.042224307:18,0.06269017:23,0.019144453:4,0.3145315:25,0.044479083:19,0.014878757:2
