20
0.8345937271047705,0.008783381012676842,6.603041107917062e-14,0.0017008545232144792,1.8829448467610642e-23,0.11478524068373858,2.8735278827053264e-52,0.00054972273860546,4.105877696591705e-11,0.031889299804406045,0.0038688451570141847,2.7780362817944305e-15,2.8524764006403464e-15,1.1694501433879998e-17,1.2352799713939228e-11,0.003828915112302945,1.1048416018194306e-11,1.379851781190749e-8,2.2150660614090194e-13,1.3271040011032148e-27
0.0020348687891863925,0.5594834823590834,0.002914245040608823,0.05571480592113937,0.06158169366134276,0.0336336914287658,0.012087605448416852,0.0070940305309948205,0.01189864190141712,0.10704416678503545,0.1359516088000791,3.7744716113826114e-7,7.642935628398827e-5,0.00018847418842858027,0.00019862464117410567,0.009954754205485184,0.00013937443255797544,1.4698926346837795e-6,1.6539156248507403e-6,1.2545793969380063e-9
3.8091461132725384e-20,0.01874926353167066,0.30640586824643684,0.001686503885151303,0.07917822535532612,1.886006832293381e-5,0.05073283070153893,0.0012973960776635227,0.08226112093587003,0.03840941815920498,0.08425240034728362,0.0396667440647217,0.06822117497045847,4.031503173905066e-6,0.0004199742090562027,0.01931987759281958,0.00849722811006299,0.046415489048333515,0.14327944225465436,0.011184150938250226
0.002421452567795243,0.0691838083617821,2.5453594052362225e-6,0.6477284163387101,0.01754439241233768,0.0075408179958423496,0.015151940417294313,0.08639431655495278,0.014292369012942905,0.009095110850026135,0.07012897194807888,3.521055662896682e-11,0.026383790240126655,0.002408522520598915,3.02822591401339e-9,0.020995414238019577,2.4435919336640665e-11,0.002679245101546515,0.008048882982425397,1.0242535949500902e-11
0.00016336457497964543,0.04341690238295014,0.0013252164174107715,0.005532081226616722,0.5621837286791167,0.00151464897451184,0.037516645658627425,0.009604630959234776,0.16674005537203748,0.013422458473820151,0.00036867555628217956,0.00014668261576577501,0.10720997164130362,0.00035538602478089057,0.014124789929837359,0.02282276194296665,0.00390124517750816,0.002443488979491973,0.007185392280912904,2.187313184454841e-5
0.16793868206303003,0.08923716175634169,0.010499678210242874,0.01510860117808245,0.012437693880948796,0.39274679051892186,9.611259537638342e-22,1.8109170297122493e-12,0.003347254181179407,0.22192600045059244,0.002485950973635583,0.00023007664504359486,1.9181829855627416e-20,0.021807519303028853,0.00349334791707329,0.025827925664258143,0.003995828810034527,0.010914822269019828,0.018002594149706713,7.202704906045678e-8
1.2152541142660102e-16,8.837024299702174e-5,8.066245973482057e-5,0.0007584388216569085,0.0026312203120916855,0.003979079673558323,0.5611869866289666,0.10501717898534255,0.002328398763954759,0.0060728736828839554,6.041597485705968e-5,0.005116760889486818,0.29226653933917224,0.001236217611145375,0.00018640193904693742,1.4929771483407698e-7,0.0006653300369224581,0.0022304430250655,0.005723478063179752,0.010371054252222229
0.0011319216880705293,0.0009630281928345479,0.005128393144290484,0.042032944970598916,0.02297218483081092,1.3667813363211969e-11,0.02566714098466581,0.6989248503443661,0.014366660232262407,0.003017349093148661,0.0513723872098098,0.0024909222264371767,0.12859079651881966,9.706126398216317e-17,3.961451489132459e-5,0.00021659458878151605,6.50232313842675e-5,4.0106681464562616e-22,0.0024043141024232967,0.0006158741127366541
4.104407117873196e-14,0.040136311985170356,0.35925308491093993,4.2807444580839304e-5,0.06475719213058045,0.01963158802279704,0.009357230237937114,0.001169077916074928,0.15332749406121132,0.042924200973581184,0.0055468541916107355,0.0702825058620853,0.0001202607364369003,0.0906438177806313,0.021581782791823503,0.004099156103154504,0.011932575900834637,0.07818657462958863,0.025046817638789312,0.0019606666821309128
0.009397587373461188,0.05931715563473873,5.722509517258498e-6,0.0023591658927080037,0.0017214782846319658,0.06858499960547154,1.4758512429450955e-7,1.2701505658020795e-8,0.0004094429810999376,0.7797640133204271,0.015256076092461114,0.002330608497397422,0.0011821357630411142,0.0065265128296391845,0.016175349551681012,0.0006420710741255861,0.006994837365600156,0.029067877924662117,0.0001262198886954004,0.000138585124011255
1.1154508676900336e-14,0.31454930698380495,6.062966088225913e-5,0.06776736092319718,0.02872883361943936,0.0071051564418348565,0.008020759285868343,0.06976709179349429,0.0021244618714341803,0.002708460092893655,0.34886164857631846,5.6327420463134815e-6,0.02575736837475682,1.5628918719316576e-8,0.0005598155225138694,0.09614534673351358,0.000158388859863497,0.012717318330022195,0.014962371847483051,3.2711703340765236e-8
4.027755200617122e-39,0.00023749535434702481,0.1333326444619194,0.0017260473456703665,0.007803631108892989,6.031099521561872e-14,0.00046130542035342147,0.002336328335017127,0.0028449011162647994,0.006638844867197121,0.0024463712219626363,0.473158946852938,0.0019281275673920782,0.00014232573374316963,0.00033689602760390695,0.0018402362497628635,0.0007077250902131993,4.109418755997669e-6,0.0070801946470440405,0.3569738691808615
0.00010224137071298029,0.0034333601816481244,0.002462736585399099,0.028649587958542035,0.2979373129952222,1.9475050156870484e-7,0.1387011168207655,0.01720520234231247,0.16341296267873553,0.0047612181779151455,0.0006735915805424429,0.008518965756664349,0.3142055625238609,0.0013712774829775197,0.007877559152859051,0.00015012052004909426,0.0018590717307801865,1.2173348486762966e-8,0.004576301853024243,0.004101603364139172
0.0006283746549959785,0.003285701675075975,0.0005532203901380691,0.019272392942439123,0.04095827190110295,0.00822206619931836,0.000743026174350229,0.002739425621327857,0.02195321306113927,0.0005381505460360992,0.04900565653662426,0.06449797087539014,6.878438238814738e-6,0.056732191155523165,0.0705668537942635,0.03237882870862933,0.2776797132103977,0.050892415200287276,0.2358216046288893,0.06352404428583262
2.17948353737553e-25,0.0001698484431412367,0.003492746471919177,9.617152083015466e-7,0.09351533813942221,1.4582220650704753e-13,0.005676779072136375,0.013350272412232566,0.006631935201524194,0.0025100799655759765,0.00012215786475639224,0.0718412912039909,0.0005870270147181391,0.03741788443849384,0.028562811975252848,0.0017324392857181261,0.7302626740850655,7.21107621368814e-8,0.0003318277352977362,0.0037938528646384124
1.0080948624820988e-11,0.012479048887819083,0.0005128755286641877,0.1772623781336214,0.0006609018587756462,0.04240638910871286,0.00022422720029111208,0.18609743423947403,0.00306254632492003,2.9599358912291474e-7,0.4535539285847101,1.213843498846674e-8,0.00021704769424151646,0.000496612181947199,1.1573506648546494e-5,0.11420648428302517,1.3845144198509527e-6,0.0004558229337495413,0.00835103593255543,9.44319341709719e-10
2.1255866666102783e-20,4.4385884502350536e-5,0.012464587604212471,0.0013105608775294372,0.023181153092367433,7.446238229676284e-11,0.00016042423951965332,0.00013352984951378765,0.0020595811459772624,0.001290280869305177,0.00035714273491761485,0.5237904537676348,1.3378058271071267e-5,0.0002900270188448147,0.2536896055269446,0.09570324380848537,0.0822005620040854,3.7614376539561763e-6,0.0006236207223932566,0.0026837012833792763
0.004124918540358032,0.0003141177300783488,1.239676612541772e-7,0.0019764825171784406,1.6774847742789493e-7,0.007978994627767372,2.925518005049373e-7,3.34043692356771e-11,0.00046849396142871756,0.0025901026967576684,0.01284041884877534,6.025403887101284e-5,1.3270510399475519e-8,0.08690797307029738,0.000386420380958635,0.0023903664171694393,0.02186469782492859,0.846754122203498,0.011324332523685535,1.77070463934071e-5
0.010707991152958814,0.001070345082028761,8.116144820820196e-7,2.268504818745965e-13,0.004280168429550297,0.04110876833994589,1.6679889927917888e-5,0.0043357509445724075,1.3760525948836068e-6,0.009269065060672719,3.0528156480246582e-6,1.4065604082199187e-8,2.2655443789030338e-5,0.3030133965299319,1.657599525423897e-8,0.010145526346414153,4.149527978155881e-8,0.5953860499356491,0.02063828907683288,1.147895295447119e-9
0.0006003756146139648,2.687483763552945e-6,0.03278326713626672,3.8886770522614864e-8,4.681925519747321e-6,5.868716773004262e-8,1.6717786956701152e-7,1.9635590516373736e-6,1.9029513712244764e-5,0.006623273225309283,0.0031691359979112896,0.005564824892746989,0.00018929320630167227,5.100133338011973e-10,1.3069399155766742e-6,7.610523731349328e-5,0.00032455301985104273,0.06638589918531426,0.1636018017730271,0.7206515360275606
20,78
0.0005859372531039807,0.9889972884434447,6.115931378725538e-8,0.004827975154217829,8.335951444721798e-38,3.078046510948488e-38,0.0014221364284332262,0.0005476286649901975,0.0006460907150738748,4.870809006671606e-6,3.56031409461714e-133,8.664615744096654e-8,3.546403827040611e-152,0.0010449080582153368,0.0001902284278851531,4.5409000764533413e-135,0.001183876604025232,1.8083491680201335e-117,9.761922488014503e-187,0.0005489116361326734,4.941745128760101e-199,3.107116131979266e-260,2.1266975005801337e-177,1.3930607802394912e-236,3.353461657734714e-106,4.210802760706366e-59,3.2912197731232303e-256,2.599173012729775e-289,1.0148112356206808e-206,2.393414843940132e-138,3.767169526712964e-223,3.7076263594909435e-250,8.357015239036904e-229,1.6418400691668854e-241,1.1216032637042763e-273,7.278812674807137e-247,2.635566096446863e-276,2.4573616352608846e-121,4.3579441711570515e-239,1.1846641847552555e-256,0.0,0.0,8.7877532685e-313,0.0,1.24e-322,0.0,0.0,0.0,0.0,0.0,0.0,0.0,0.0,0.0,0.0,0.0,0.0,0.0,0.0,0.0,0.0,0.0,0.0,0.0,0.0,0.0,0.0,0.0,0.0,0.0,0.0,0.0,0.0,0.0,0.0,0.0,0.0,0.0
2.0687346218721253e-262,8.535705801159728e-11,0.005940897133259688,0.34608953420153454,0.5105725485906962,0.06331886097349967,0.046167359748863906,0.012497597623151276,0.009013926020263817,0.0012196163935944298,9.998522956306637e-13,1.5873475705941072e-6,0.0014673278645672583,4.784850023721882e-6,4.458377672218629e-6,5.285245577476376e-9,0.0015658220866881813,4.913055847073429e-5,0.0005014165228245551,4.515314013658648e-12,7.123284028186529e-24,2.0522871436083346e-35,2.8355747953715263e-22,6.59418671829007e-39,3.139837065395249e-14,4.1322189403665873e-17,1.0986387200718856e-74,2.6467916961146905e-55,2.131890655454088e-49,1.7614386402458655e-20,7.753105708737405e-16,5.566152649950851e-7,1.0724016484084013e-56,2.7540807142783035e-73,2.414499214153544e-72,3.8327694766354567e-38,7.923013834371489e-57,2.588992189887567e-72,0.0012046515337052236,0.00037991818219881,4.5316053837935216e-79,2.377696521106405e-112,2.962036980544885e-79,1.8782633797187581e-106,3.484130204728264e-64,5.952950099151519e-85,1.2906212667126853e-129,2.9435067297320385e-157,1.5904782768563504e-60,3.879627077692271e-131,7.875327542222091e-69,0.0,9.16248569301847e-208,8.804567246692525e-114,2.7332115850784294e-211,6.18386645560064e-113,1.2892764935117124e-104,0.0,0.0,3.6106238444387205e-173,0.0,1.2071867324976989e-219,8.742713025663521e-169,0.0,1.566891581661913e-220,0.0,1.2156826347834506e-229,3.1864201751583485e-166,1.2515992306089775e-209,0.0,0.0,6.147329327401107e-224,8.771455358921395e-185,3.6034303630740443e-231,0.0,0.0,0.0,0.0
0.0,7.098634172727819e-77,6.163317187383259e-14,3.5542171824028925e-7,0.7465653548331154,0.2056793127033978,0.03217771315622115,0.015175456064539291,9.651369529848404e-10,1.5706649068465103e-14,1.999340244787085e-15,8.091926957051626e-19,4.303027466248363e-9,0.00020758475789613254,0.00019421773416424993,2.3319553777286766e-31,6.070401911783353e-11,9.801911828223385e-71,1.0974098764750976e-47,9.433502220331899e-71,2.8294774197787313e-31,9.217714379586816e-63,1.3708973554222613e-110,1.8574598438271238e-165,3.8848705035424053e-128,1.466464958116384e-61,7.455705083579815e-186,7.975852845949185e-71,1.7423121708242343e-36,2.8240179661965404e-56,3.9065824624459787e-81,2.631960741562315e-30,3.56921130155233e-154,2.731799044913952e-144,7.171711672372037e-188,7.562664717009269e-71,8.233882528146519e-100,6.104855365651006e-203,1.223022959418659e-55,1.0199471613019828e-48,6.421045611131448e-150,2.580696477418203e-197,2.251672495371442e-222,2.1223156538308964e-168,6.310386667504179e-111,1.1550318814478499e-232,1.364054692248072e-269,4.783013008033738e-302,7.575203133306741e-123,8.191951351239104e-289,2.70459936981129e-241,0.0,0.0,1.33e-322,0.0,4.4914343563992905e-277,2.8651190379187314e-230,0.0,0.0,0.0,0.0,0.0,0.0,0.0,0.0,0.0,0.0,0.0,8.35e-322,0.0,0.0,0.0,0.0,0.0,0.0,0.0,0.0,0.0
0.0,7.5687172989248635e-25,0.0007780017730487554,0.0008763975170563568,0.00011878433954307255,0.0002168473321289997,1.8592932931037505e-7,0.006512808539559124,0.006489016406987257,0.01906462139329818,0.038972645126397046,0.04689294002821335,0.057381505337989955,0.05240961066891424,0.03856100266560146,0.04835107700710518,0.03353133678058448,0.04049893492941325,0.038080307365581996,0.030587402588430797,0.03280147232919596,0.022953652482979644,0.026329011182226216,0.029137635924259688,0.023128355177585935,0.03189351442144574,0.032938197131771825,0.029007263697717636,0.028661801123377753,0.022802727398908255,0.024728446065522096,0.02211869224621486,0.01479638419413992,0.0183693791693359,0.014568817962129846,0.024116385609164372,0.020854992305440294,0.014568817962129846,0.007548902660390164,0.018423177873930142,0.011479380673534432,0.007011760727623667,0.01203511049045509,0.008234549282942956,0.007601122415024237,0.0050674149433495115,0.003800561207512134,0.0025337074716747557,0.0016288266315986767,0.0012668537358373779,0.0012668537358373779,0.0,0.0025337074716747557,0.0025337074716747557,0.001900280603756067,0.0012668537358373779,0.003800561207512134,0.0,0.0,0.0006334268679186889,0.0,0.0012668537358373779,0.0006334268679186892,0.0,0.0006334268679186889,0.0,0.0006334268679186889,0.0006334268679186889,0.0006334268679186889,0.0,0.0,0.0006334268679186889,0.0006334268679186889,0.0006334268679186889,0.0,0.0,0.0,0.0
0.0,3.3574819906252896e-88,3.5277010705558775e-29,9.524069530900887e-8,0.0041226352971547335,0.9241328397787921,0.06687478167164353,1.0115602566078616e-5,0.0016285156304250382,7.695924723285393e-5,6.886149367820129e-16,1.5973134656356607e-6,3.479261254595063e-19,0.0025595055937107387,0.00016414553524019972,5.82518040714883e-10,1.4120518714848916e-26,1.6535850369761173e-62,1.5757143634290358e-55,1.3086347981890858e-45,1.729449300668613e-12,1.847937886212477e-30,3.617438941718363e-15,2.8728626301356994e-112,2.907991176465872e-81,4.0415201307223395e-48,1.3480792442898166e-121,5.183605561674609e-30,0.00042880850482171365,4.04308942302753e-59,3.0687055759252218e-28,7.970290881076672e-75,1.9451183181957454e-69,3.938095490716239e-110,6.085494716463091e-163,1.1583239734164374e-21,1.3053948497907393e-82,2.515687004665152e-118,1.12638637327705e-102,8.346283997126392e-25,1.7422406144069013e-90,1.9220817770098503e-103,2.4637509800965837e-169,1.9227349784287906e-123,8.84580509879569e-128,1.426762183734031e-104,1.4116722934713405e-197,1.4557362354080314e-222,3.634605332320708e-102,3.3397645538395595e-178,3.9018545336876834e-198,0.0,8.181297651202812e-268,7.665496366643558e-219,3.0105130195099523e-276,6.015926071232445e-223,3.033379950443263e-175,0.0,0.0,7.9999399337056185e-286,0.0,0.0,2.096082147918687e-289,0.0,0.0,0.0,0.0,3.385468292650866e-250,1.4771925247333967e-295,0.0,0.0,0.0,4.1207294219614406e-252,0.0,0.0,0.0,0.0,0.0
2.8167529957577406e-39,0.12363360867929818,0.7807744791785127,0.032313562231818485,0.03368306172178561,0.012771960229781129,0.00904537999601198,3.1266091733887e-27,0.002631737767665237,0.001100896247319032,1.2791380896829862e-63,0.002571437914229597,2.2048778778758723e-61,1.9436289250787733e-12,5.990439242277752e-48,9.443242622000966e-22,6.68122552479534e-17,3.2411256024125224e-66,9.723932437041374e-64,0.0003079614421428606,2.519517535278784e-67,2.6389619811169704e-117,9.200326654835138e-41,1.9796729751650437e-99,0.0011659145894915178,8.181312968946893e-66,3.318954300338887e-137,1.1561915622573923e-154,4.55988905213194e-80,7.177713808370871e-78,1.848238224371082e-97,2.063587760149793e-98,2.3477959231896006e-92,5.787129862268968e-128,8.136063930744415e-155,1.2037054193391758e-129,5.132190669258646e-136,5.665949563912277e-79,1.0920523042490499e-88,3.924529616924541e-92,4.453400201558119e-191,2.710194293542076e-240,2.1490680222010026e-156,6.467768462458614e-221,1.1051522432962507e-160,1.854431871515825e-213,1.3696354805958633e-256,2.487745987303507e-291,2.360909969050428e-195,3.235529407694642e-251,9.52987118727049e-182,0.0,1.14407795349354e-310,1.1141893030018091e-260,0.0,5.298575800589245e-245,2.0118175855188536e-231,0.0,0.0,8.717763104689355e-276,0.0,0.0,8.82140516347218e-299,0.0,0.0,0.0,0.0,8.496023226736189e-295,1.725958334416721e-307,0.0,0.0,0.0,0.0,0.0,0.0,0.0,0.0,0.0
0.0,1.0598360117458419e-90,4.369751059601931e-38,0.006313764330572114,2.0506768080363347e-9,0.0006392569408944528,0.5466837382403127,0.440880954847426,9.523223135042864e-6,7.584482208511621e-7,4.961210875865445e-6,1.5066436034977118e-30,6.259537680727977e-10,1.5240141970258617e-13,0.0011357329076358274,2.3404261652926702e-32,3.529669599661669e-38,0.0011116106553743837,7.514428562886485e-25,1.1473062936442288e-69,2.8691737635979604e-74,0.0003762240018622655,1.267654247178262e-58,5.137761681359776e-81,4.019192261221115e-81,0.00014813607974182305,2.0285071602830307e-99,9.930295139955625e-57,1.5259129462759815e-36,1.2333782668267998e-81,0.0009136123138318067,3.2976626587502987e-79,2.4899457036163946e-25,2.881773834292864e-58,1.3767366306676688e-124,3.040726173877887e-69,9.410595912513536e-37,1.5460496968243921e-112,4.644699846068968e-76,8.573686976562264e-50,0.0008646114633478126,0.0009171126599860831,2.915608935473873e-88,8.561503921516418e-144,3.098957351714957e-77,3.2281304074143045e-86,9.586535619144998e-196,1.7924412925392607e-162,1.1030746694759795e-109,8.569957439541666e-72,1.0485768112055039e-153,0.0,4.060034415711252e-217,2.0273602399902406e-229,3.114954974037581e-218,2.7609349615393244e-137,2.9975811712501914e-125,0.0,0.0,2.7062969134349896e-237,0.0,7.523766756491081e-272,1.0688947049290415e-224,0.0,5.5255738961705104e-269,0.0,1.9164103395238717e-246,5.0673193320403134e-204,1.3913599748284307e-261,0.0,0.0,1.0354922404573834e-272,1.6127390990367165e-205,3.297432801374266e-290,0.0,0.0,0.0,0.0
0.0,1.2798793477383634e-84,0.0005161271301969506,4.060242731695407e-23,2.825767379731145e-9,0.0019391982698696033,0.02119198582095242,0.19753716278160638,0.27591111046062344,0.2119555826622506,0.12410487671176848,0.07683774131210593,0.03744662161273285,0.01879810850442735,0.01446412102308507,0.00292273671540792,0.005020983596054179,0.002092868413670282,0.002187886327533469,0.0024435088651057627,0.0011236207033628654,0.000752312960702392,0.0011370169080478758,8.712572415542877e-48,6.4035864935534006e-24,1.2726534125270524e-13,4.055526730441019e-30,6.380960147800742e-29,3.538380563245382e-42,2.75776460340244e-43,3.920291679756191e-34,3.433142027210143e-73,6.611277471344926e-18,2.655773047928109e-13,3.192868262757984e-88,2.7597436840700304e-59,4.173007214676894e-5,1.797601110901063e-65,0.0005180264076802426,0.0010565772169330986,9.26975758620456e-8,3.784958279748748e-50,1.1790743560185187e-60,1.1179218844286141e-75,5.923109923684252e-39,1.0204172800858805e-90,2.837099993197661e-136,9.821199481041022e-72,4.5778101368173825e-38,8.910012181922101e-55,1.3598739567113025e-46,0.0,1.0542864411699999e-78,5.231127739066766e-75,1.2914808640851748e-107,2.0014709264827243e-102,6.409807880500609e-75,0.0,0.0,3.8721960281325045e-136,0.0,2.4711968251420172e-161,4.039174942928336e-149,0.0,6.058285140593305e-181,0.0,6.773473112381291e-157,2.22231666097275e-72,8.842979471555334e-183,0.0,0.0,1.364173807014047e-181,4.0027505337074365e-44,5.540014050517917e-195,0.0,0.0,0.0,0.0
0.0,1.0402913830528493e-30,3.494449651376362e-13,0.005287496168229407,0.5925457569789743,0.25560629437517035,0.07623957529753528,0.0023186289208493435,0.02372976887527396,0.025387332480583343,4.3330852330823447e-19,0.007407883162505253,0.003079710569048969,8.355832608787828e-8,0.005388015214051645,1.0328864505242184e-21,2.0925356000030392e-14,2.657224252520418e-37,0.0007020021732832056,1.4501002502400464e-55,0.0013139185504136997,2.4647151555997822e-60,1.4265202345857723e-52,1.678751206569104e-99,2.309589492978387e-88,1.5630120468022503e-39,6.583613040413582e-131,2.6891480819384213e-36,1.6707734445188055e-26,3.600677008447592e-55,2.002333667367544e-68,4.92556927237268e-52,8.83937492628185e-107,3.496370977266008e-112,1.4806419417285204e-146,0.0009909761576240661,7.434074421063334e-117,7.891000454697323e-119,1.8674011556363423e-78,2.5575177605982023e-6,2.0769455630271445e-88,2.5752564683452573e-161,7.707942960580413e-189,1.438466194174986e-77,2.2717319813237254e-89,1.484396452752711e-148,3.4760426064186124e-229,2.127797159288834e-276,1.1089448235847261e-63,2.206599460923679e-226,3.256801108270515e-230,0.0,5.1367957486e-314,6.790056951799984e-198,9.015111597877753e-278,1.5371270240765485e-253,6.773284629244428e-210,0.0,0.0,0.0,0.0,0.0,0.0,0.0,0.0,0.0,0.0,1.861088796e-315,0.0,0.0,0.0,0.0,9.12507400264e-312,0.0,0.0,0.0,0.0,0.0
3.469327842506287e-191,7.917255067589193e-21,5.274587329619025e-10,0.9803242080818285,0.012471880256335994,0.0017109189402939556,0.0025337770896583472,7.096175890464781e-10,9.714829909209445e-5,0.0004563487644786518,9.959367673025764e-32,4.48150437983799e-15,3.813453308308697e-16,4.19702172734781e-55,3.583245315306895e-89,0.0007355320623927287,0.00019401381176547172,8.378890680084509e-63,1.2786133818834354e-75,0.0008309694010383357,0.0002635747037906287,3.6095718900918475e-95,0.0003816273522442631,4.099603017664184e-66,6.751466751617423e-43,1.4353167074221195e-127,2.915597107628811e-153,5.811855263055471e-165,4.503160941801984e-125,3.8943995863014076e-134,1.2141839639720093e-98,4.3406076892791e-73,2.3381525037153407e-160,6.3107716718346e-184,1.0646022632304942e-152,1.3315131612925203e-110,2.2878171178818045e-124,9.985380129748179e-83,3.1940479721178663e-50,1.4537729873904609e-36,2.7259347780446677e-234,1.0933706224824492e-279,1.1800815719184708e-145,3.5599493275777426e-208,1.2735672665606349e-187,3.0848006569852264e-234,1.2330868752565712e-291,0.0,5.013129896269861e-219,1.8479000870158e-310,1.5797709360415939e-190,0.0,0.0,1.294814478147262e-266,0.0,4.2598143780403295e-292,1.2005476598005825e-255,0.0,0.0,0.0,0.0,0.0,0.0,0.0,0.0,0.0,0.0,0.0,0.0,0.0,0.0,0.0,0.0,0.0,0.0,0.0,0.0,0.0
0.0,1.2688678457765034e-9,0.005210172861220158,0.002160267186320078,0.040808278116756774,0.3978973254740247,0.16052997718998557,0.19031862829593713,0.10469057584468557,0.0364702961713119,0.018552867018900472,0.026668960657684003,0.0009657714798246342,0.005571577493686127,0.008387322609476314,2.48897468867197e-10,1.1848483336962238e-5,6.977926848176587e-13,0.0006266821800305232,2.668197656751425e-11,2.262002894895682e-12,3.57346776764293e-13,6.009691915128855e-7,2.1720318443021074e-23,3.443818427034589e-20,0.00029219615045012566,4.1185665417608145e-33,2.5460097987224572e-20,3.384766173255414e-21,1.000765889053709e-12,4.2382306584214135e-8,4.8121477546935045e-8,3.1736243878750238e-15,6.862484012431015e-39,8.600069041703273e-55,2.1713002057756854e-38,1.214570371381904e-35,6.363437812206061e-47,3.3881743902272407e-14,2.7286151501104842e-24,1.4680581720799602e-35,6.745668678438459e-67,5.324644600373506e-45,5.429110800855727e-80,2.839901706369621e-17,1.8142987646601117e-68,4.316953412915791e-97,1.7635178748971255e-101,0.0008365597645910664,2.5548105171073664e-67,1.001064923052174e-57,0.0,1.906916404605453e-116,2.8549508983237993e-84,1.1463707241772226e-142,1.0203561649504285e-64,6.534872305034237e-77,0.0,0.0,1.0200863777956124e-107,0.0,1.094337009394525e-163,1.9005037005674675e-117,0.0,1.6902441945215206e-170,0.0,2.956334302986634e-166,7.508496365150913e-98,6.913265254566967e-156,0.0,0.0,7.8150452964597e-166,1.4897714188200089e-89,7.710456448900453e-181,0.0,0.0,0.0,0.0
0.0,6.728446647207336e-123,4.030154930015397e-18,7.0503408902817575e-9,0.9045902987524301,0.09310789529093132,5.850892326519815e-7,5.69285862605797e-10,6.164541811789056e-12,1.6489133298617833e-15,0.0005089308345928968,2.2733448724073907e-40,8.145280875680538e-11,0.0017922702998468462,1.2050057895441276e-14,1.033280350516335e-44,1.2025708345790035e-8,3.596814949147255e-110,1.5579723142167908e-69,2.950631404463809e-148,1.385074048418303e-83,1.3627716837691012e-103,3.977167655710389e-176,1.5584971256705927e-191,1.2373218659033826e-189,1.33667465984039e-57,2.950341180130296e-237,7.94656617544687e-155,6.340508748633138e-34,1.5867720504062987e-97,4.085472036090124e-166,1.655107399438574e-98,7.53663991947087e-223,2.585412649080998e-280,6.506216592862204e-209,1.0178947737846693e-77,7.877361862474797e-169,5.868915699087402e-228,2.0599743178730935e-103,1.430911286957803e-125,1.1473724838633958e-136,1.077743293e-315,1.5430335134132693e-276,1.4046498931181814e-190,6.527914195883717e-169,1.9048189383564795e-228,2.6410816158211406e-301,0.0,2.0692678906446642e-179,0.0,8.032008755966261e-210,0.0,0.0,0.0,0.0,0.0,5.155385947183336e-281,0.0,0.0,0.0,0.0,0.0,0.0,0.0,0.0,0.0,0.0,0.0,0.0,0.0,0.0,0.0,0.0,0.0,0.0,0.0,0.0,0.0
0.0,5.02515367348987e-66,1.9068048169613432e-23,4.862179282266206e-10,8.021849598269394e-8,0.01112978549632294,0.6842856504210775,0.21920467745643268,0.08055722691822431,0.0020456338981076844,2.5786693845595586e-5,1.114320409744663e-18,8.857406373189882e-21,1.5129384418707816e-5,8.466644788016641e-10,0.002583124497907649,2.4218117297540707e-30,1.0190717674486396e-28,8.848443310654722e-26,2.8480974740114193e-52,4.545526908710331e-24,1.742277218630241e-23,1.2010872607938196e-39,4.171311092023044e-87,8.6852636452756e-74,1.0238766054508376e-26,3.4177862871986196e-103,0.00015290368228462097,2.4799384654277683e-29,3.445187283322412e-62,8.470423010167952e-27,1.5519969522718096e-86,7.901049912251893e-33,1.5686273107406866e-42,5.885424029378295e-128,5.549277773945528e-23,1.9991842632696726e-72,1.2450288088102126e-89,1.119818986092287e-81,4.522139065213384e-37,4.731412818207645e-29,4.136061820013513e-35,4.912294293124686e-134,3.0608455748816727e-87,2.4906298797710633e-55,2.3554381991045585e-73,7.234177277988031e-211,2.7357006613460976e-162,4.925522413522971e-38,7.127031057753318e-104,1.5668357054814547e-194,0.0,1.0199649940140595e-189,5.876142058242639e-149,1.4080347585251104e-182,5.625537673325928e-158,1.9982121999294738e-125,0.0,0.0,8.100814350839585e-243,0.0,4.882546658239616e-268,8.472937966213919e-219,0.0,7.620704805960454e-289,0.0,2.603470403595923e-274,2.232975937219045e-165,7.847515084044996e-287,0.0,0.0,8.762581674929743e-265,2.387622833949593e-153,4.266884149271337e-304,0.0,0.0,0.0,0.0
0.0,3.2592852538480633e-15,0.0011448983246388129,0.8793827287873841,0.11371520275531981,1.1265679261937687e-5,2.7565055948433296e-10,0.0015203477697209881,8.37049776735403e-16,0.0030897775758719002,5.049193528876896e-46,1.6224029511363314e-7,1.5840093275881694e-60,2.2407237616105827e-72,1.4874323904894106e-34,1.1026267471709453e-26,9.201059507364299e-38,1.6632231484844646e-91,1.4016231326072329e-13,2.1386062967907936e-51,5.881832469488605e-69,2.6324762693717943e-113,5.955663105004942e-94,8.380011961874433e-85,2.5934963646036966e-63,8.481480797838575e-90,1.8322182766919294e-136,2.786920697139192e-126,0.0005609561598607214,1.3212399360069649e-96,1.805472132128493e-88,4.793096342010629e-69,0.0005746604318516507,1.7910210769332255e-91,4.058407177014171e-154,3.02812007255155e-72,1.902052891671125e-141,3.2850265604868554e-99,6.114680735953011e-66,4.325020902394161e-137,3.633641614406749e-162,2.39408441287875e-227,2.0873084161374313e-180,5.433992055829722e-96,2.6544329323441287e-199,2.8033681986495225e-198,1.6294576208651772e-243,4.158065982328681e-270,8.034620473390785e-209,1.026078363410024e-249,5.9113668190110065e-198,0.0,3.2852495385469023e-273,3.0173039961877143e-250,0.0,4.906125674201975e-263,2.4387403221333566e-198,0.0,0.0,9.731747464517986e-276,0.0,0.0,4.314974070609224e-300,0.0,0.0,0.0,0.0,2.8479662943487e-310,1.734172308430046e-256,0.0,0.0,0.0,0.0,0.0,0.0,0.0,0.0,0.0
0.0,1.0287275772861115e-55,6.229760278295453e-8,0.0005116866050350625,0.8885916027941764,0.05841121425102294,0.016771113125090307,3.957884497090799e-6,0.010503594812300582,0.0061443310079054856,0.014019765890634384,4.6533889369910485e-25,2.3020372211163457e-29,2.6590642294725457e-20,2.1218193698923557e-18,4.960594341108719e-17,0.0024557033028540505,3.5701785815930416e-121,2.880035314104287e-73,1.3424178812166797e-70,1.438400723391415e-42,9.19084166500573e-81,8.006885105578216e-86,1.4773500333507855e-127,4.454909762854425e-114,4.900591383772534e-81,3.2817176138214768e-133,1.6252568065731349e-115,0.0025869680269007714,2.252488076758066e-108,1.005541989382816e-104,2.198977347044199e-47,9.155840731375875e-127,1.4142544114970565e-191,1.230836295516802e-190,1.9801112727424586e-12,2.601118840707358e-89,1.6267167708300662e-141,2.1745608365584243e-102,1.1842839047818159e-113,1.1672796007691647e-159,9.761750703379234e-217,9.07058141732186e-147,1.080778554939285e-154,5.930294405806604e-177,4.6852333893845703e-256,1.230304820538728e-269,5.756890738932959e-304,2.6464662854339197e-152,5.413481339476025e-286,1.6959688524503103e-240,0.0,0.0,0.0,0.0,3.704366e-318,6.44468211826311e-266,0.0,0.0,0.0,0.0,0.0,0.0,0.0,0.0,0.0,0.0,0.0,0.0,0.0,0.0,0.0,0.0,0.0,0.0,0.0,0.0,0.0
8.458607658298096e-225,6.061490151674627e-16,4.313991736611641e-9,0.004635719067536129,0.09139041938476644,0.047419344277430865,0.3960622843572114,0.11256439178005098,0.022851007092770367,0.10656299924012091,0.07199474137974263,0.0012563764826569142,0.03240527748378992,0.022964918957189523,0.013403382917707533,0.02565599277560966,0.019869263961561273,3.618341924468212e-23,0.01603300817249898,1.4757087392809635e-12,9.166194584041416e-11,0.010870620031195436,3.7754831091913926e-8,3.810208035240004e-21,0.0002374147986345089,4.527164073094662e-15,2.5243797948719973e-20,2.2945833042414993e-15,1.7209965690897613e-9,0.0036179940784120536,6.128652796519054e-5,0.00014351334974006537,7.098466851839701e-14,6.528313209520694e-29,8.60699981048103e-43,1.5258975474242501e-28,2.9548556760000554e-33,7.920526083071103e-37,3.737276263390756e-13,3.6201589179008273e-35,1.064948320306462e-40,3.354679571808552e-44,2.874567157918339e-56,9.62355001223176e-47,5.396228891377313e-68,5.222885248716124e-58,5.0077104732631884e-74,1.475341069093932e-90,4.220532280669e-39,1.3782758396454051e-58,1.519993343065826e-51,0.0,3.490001445845815e-114,2.269554139708038e-99,1.552552335920858e-116,3.1125930324655434e-64,3.882943325405419e-74,0.0,0.0,1.68450004865593e-94,0.0,3.1898056165624503e-124,2.063507537667084e-93,0.0,9.069860903371394e-121,0.0,5.583698953209767e-132,5.6115864806338834e-98,7.105070947654709e-113,0.0,0.0,4.03026119971662e-126,1.8469846833677474e-113,6.983681722060893e-130,0.0,0.0,0.0,0.0
0.0,9.308386263821134e-48,1.6773361491636893e-9,0.00019091148644386562,0.9366318158231567,0.060575012971404094,0.0009129827717225692,1.2878120528601531e-14,0.000551452463562115,8.658647099962985e-6,3.456135256340439e-12,1.653575168535229e-34,4.657871741614731e-55,2.3384661739848404e-26,1.2207300472930026e-20,0.0011291605747943167,1.8767556548570808e-10,1.2173958600103062e-136,1.331143928220888e-49,1.9323064080583392e-69,7.313829462853916e-76,2.7749464675445967e-88,2.3840507706609295e-93,5.07126169553669e-122,6.784738755744113e-114,3.034134649592753e-86,5.925400405779216e-145,1.7788781739546392e-132,3.3933358312899137e-9,8.906547910841179e-120,2.7559970939609307e-93,9.181823167035965e-104,1.8282703765633439e-81,3.3407346560342818e-168,3.078179570489492e-174,6.286666852018144e-54,3.6355780773498e-115,8.317768235573634e-100,1.104719736986801e-106,1.2642735903391062e-133,1.8883181764114925e-119,6.950125812991292e-282,1.2780667172204811e-167,1.6690029246014095e-213,6.5921422218297e-204,5.843512216751946e-206,5.519983515059971e-240,0.0,2.8352811951402853e-214,1.43e-322,3.704687895418269e-159,0.0,0.0,0.0,0.0,9.512643863593057e-277,9.258838144502265e-242,0.0,0.0,0.0,0.0,0.0,0.0,0.0,0.0,0.0,0.0,0.0,0.0,0.0,0.0,0.0,0.0,0.0,0.0,0.0,0.0,0.0
0.0,0.027194144716857487,0.9324021773963708,0.03841555058837989,0.001236718837308139,8.694304167232817e-14,0.0002001789148554421,8.497566014535964e-71,0.0005512295461412653,5.597689164997439e-72,8.133739200604228e-151,9.329944779708288e-51,1.9841880191295416e-148,4.3075380622363054e-101,3.930828032581968e-119,1.6429566704314152e-40,6.27920775644305e-99,2.4598661245942994e-163,1.1568793479043947e-105,1.2768841799720148e-94,2.6966696993423217e-147,8.536560786088856e-245,3.88181759455743e-182,1.5882097155751737e-183,2.7186207466881854e-62,2.0432262161045145e-193,4.5588069682046213e-253,2.5716372205645105e-241,2.24725674772132e-89,4.343789792729766e-174,9.986116149491453e-217,2.410235171728118e-130,6.713151197417327e-100,9.078652652276102e-177,5.527052435074803e-262,7.332972688221009e-235,2.419917764896458e-284,1.0398036555848103e-236,5.666642473751213e-147,5.156990615066967e-258,0.0,0.0,1.939455053e-315,1.9943507210858538e-294,0.0,0.0,0.0,0.0,0.0,0.0,0.0,0.0,0.0,0.0,0.0,0.0,0.0,0.0,0.0,0.0,0.0,0.0,0.0,0.0,0.0,0.0,0.0,0.0,0.0,0.0,0.0,0.0,0.0,0.0,0.0,0.0,0.0,0.0
8.2e-322,1.8845665923247954e-11,0.010895622184024971,0.9527177590840791,0.02246216207544233,0.010717241600155773,0.0032071663680851726,1.476009352680333e-13,4.8667214103386066e-8,4.804471805138989e-41,4.6049910263990324e-92,2.005477473637158e-12,3.5926947392707424e-29,1.0694963871908946e-72,4.4566403106518585e-33,1.940308075759754e-18,7.744679895583945e-57,1.2871159056494998e-66,2.41629788481672e-53,9.066857391940281e-47,4.559838230465752e-132,1.682366027965104e-178,2.052760094353034e-97,6.0402976707625036e-192,1.3577322603129014e-40,4.3551390062331693e-128,4.4573794499660676e-172,5.754948885574097e-141,3.9909847222091195e-87,6.26078762764991e-91,2.044836142218524e-147,3.2625251458420986e-22,1.4254446722793182e-193,2.2238200684909626e-142,1.178835690920469e-161,3.2947146299923975e-136,1.4817355489381235e-205,4.549273998439424e-173,2.2353309748668117e-102,6.265785740616564e-133,5.0302235541729844e-182,2.2154869233261e-310,1.0531669566605325e-242,1.8887722946821621e-156,3.39987292623898e-209,2.5636911048560836e-282,0.0,0.0,3.463477712690015e-219,5.0e-324,5.737707115640625e-285,0.0,0.0,2.134317459418069e-245,3.1893277053177214e-293,0.0,0.0,0.0,0.0,0.0,0.0,0.0,0.0,0.0,0.0,0.0,0.0,0.0,0.0,0.0,0.0,0.0,0.0,0.0,0.0,0.0,0.0,0.0
0.0,2.09750461777321e-123,2.530950572212474e-25,2.351962501463872e-14,0.9988779907089466,0.00024169634645230102,4.134662754175977e-9,0.0005597413455508468,1.0126479292158843e-48,1.1565867265779548e-51,2.245961224824725e-50,3.241615360853248e-80,2.200684865914902e-25,0.0003205674643644115,4.213519181486043e-30,1.5171328137916665e-83,1.2813526941525647e-52,1.4237063404479434e-147,7.124502591370147e-108,8.991355168554851e-192,3.2280618181992494e-149,4.7040414242637086e-181,1.7773384559577802e-252,3.696538150451771e-241,2.2745434465526764e-214,3.1504977919803303e-106,0.0,3.6729466923665247e-237,1.9343905904570416e-139,1.1541880785948794e-164,1.2230717514589867e-251,3.7235747440797367e-115,0.0,1.7036e-318,0.0,1.688739491380111e-156,3.5978861876507063e-286,1.9012951979e-313,2.7711967956354667e-124,1.0022467844910368e-178,2.414611004111427e-203,0.0,0.0,1.0291585639963105e-234,4.3590428027561426e-244,0.0,0.0,0.0,8.222231425791967e-256,0.0,0.0,0.0,0.0,0.0,0.0,0.0,0.0,0.0,0.0,0.0,0.0,0.0,0.0,0.0,0.0,0.0,0.0,0.0,0.0,0.0,0.0,0.0,0.0,0.0,0.0,0.0,0.0,0.0
1.0,0.0,0.0,0.0,0.0,0.0,0.0,0.0,0.0,0.0,0.0,0.0,0.0,0.0,0.0,0.0,0.0,0.0,0.0,0.0
0.22505307,0.2754902,0.5055307,0.59793305,0.3849941,0.25466776,0.15485705,0.75178236,0.39495316,0.67431134,0.7079893,0.65110457,0.054741975,0.6257825,0.44465506,0.20499735,0.6669719,0.04416569,0.48551026,0.57489663,0.35493326,0.8226521,0.2951741,0.36540988,0.4943748,0.69566226,0.11474804,0.5339647,0.7399639,0.9987983,0.32493845,0.56331915,0.6852273,0.603789,0.43441835,0.17489469,0.1350261,0.0136090685,0.7650703,0.81489784,0.10463311,0.06446777,0.33482763,0.7730135,0.40497068,0.9291746,0.026288994,0.6414477,0.37483516,0.21498749,0.45495412,0.52449024,0.4244935,0.41470987,0.12482424,0.47446224,0.14470953,0.5154652,0.5460424,0.03721541,0.3046366,0.07467208,0.084544696,0.34459886,0.554909,0.4666342,0.24508701,0.09457245,0.58286107,0.6161388,0.31510085,0.2850198,0.16480574,0.6335584,0.18509452,0.23527381,0.19499555,0.26486474
0.67431134:67,0.6414477:64,0.603789:60,0.04416569:4,0.6335584:63,0.6669719:66,0.33482763:33,0.59793305:59,0.22505307:22,0.3046366:30,0.5055307:50,0.23527381:23,0.7399639:71,0.19499555:19,0.0136090685:1,0.4943748:49,0.52449024:52,0.1350261:13,0.9987983:78,0.5460424:54,0.8226521:76,0.32493845:32,0.18509452:18,0.56331915:56,0.26486474:26,0.11474804:11,0.15485705:15,0.45495412:45,0.69566226:69,0.09457245:9,0.2850198:28,0.4666342:46,0.9291746:77,0.17489469:17,0.44465506:44,0.31510085:31,0.36540988:36,0.026288994:2,0.12482424:12,0.7650703:73,0.34459886:34,0.4244935:42,0.2951741:29,0.6852273:68,0.40497068:40,0.06446777:6,0.2754902:27,0.81489784:75,0.24508701:24,0.16480574:16,0.35493326:35,0.7730135:74,0.47446224:47,0.37483516:37,0.41470987:41,0.48551026:48,0.084544696:8,0.65110457:65,0.14470953:14,0.07467208:7,0.3849941:38,0.75178236:72,0.10463311:10,0.054741975:5,0.39495316:39,0.5154652:51,0.03721541:3,0.7079893:70,0.20499735:20,0.43441835:43,0.5339647:53,0.57489663:57,0.25466776:25,0.21498749:21,0.554909:55,0.58286107:58,0.6161388:61,0.6257825:62
