20
0.31134467807679744,0.009020835478609482,2.0815378842060562e-8,0.018483611170912236,0.4597802889934032,0.021884553171462918,8.929075364714683e-6,2.3455651310362842e-6,0.15271163015261663,0.006540128961124839,0.013253567019789287,0.0013945760170625374,0.0036183903571334283,2.8569820107085846e-5,0.0006341434499300011,0.00025064770417080457,0.0010429720605110247,2.8922533592959014e-11,9.364295116713736e-8,1.8438620868469027e-8
0.007436514423534699,0.7139039965024478,0.1769769516254298,6.064904900148369e-10,0.0019778242817392244,7.338470204703008e-5,3.898316245797081e-8,0.04509331586635607,0.0046242807604447165,0.002550413341232953,0.0024458213855915434,0.02637433659985892,3.6358010544508665e-6,0.0025538335927673224,0.0025600164891639516,0.006557456987424925,2.811416181053858e-7,2.173531982916954e-9,0.0068651609501083136,2.7337859951209594e-6
8.969539441725647e-10,0.09029668178042562,0.6236732161846421,2.0307247826468363e-17,1.5024282419653406e-7,3.35427448639768e-10,0.004897048689883435,0.2243646321784739,1.9875308799753443e-5,0.0031382729336511153,0.02508760027094008,0.015374223819054697,2.4558662808168773e-9,0.004820834974324793,0.0008892738797421355,8.609371495874953e-6,4.852300455523212e-22,0.0007603520295207271,0.000565191802885448,0.00610403284508859
8.401755375907572e-9,0.00017270303077379832,0.001978691372830606,0.5779580067278814,0.0009250151228255559,0.10437565841790777,0.00030101174514774094,2.3154562050661888e-8,0.00758177528086626,0.008874255613736053,1.2199733258633638e-5,3.2777365534952877e-9,1.402089903372139e-5,0.1339172694838256,0.00024879943049352615,0.01949274695072767,0.0003953274817810367,0.027851767164512393,0.10236071630304337,0.013540000407300854
6.604705044197076e-5,0.008843977333257766,0.010266797263938915,0.00710623078386381,0.1728299846543716,0.6553659172322698,2.228534582167098e-6,2.465798033713644e-6,0.11413621086925183,5.064040352554695e-6,0.0009880966298208287,2.526247431394472e-9,3.056248974948242e-5,1.3074270651028575e-6,0.010656263720399815,7.261122393788715e-5,0.01692361549049005,0.0026987826265965713,2.80342963887511e-6,1.0308756900122257e-6
1.245488760175004e-7,0.0028372671047558755,0.019259615677939542,4.088396754087443e-10,0.00015137468075777954,0.19121909779361645,0.0009405735045571208,2.0834512735069067e-5,0.011527736020853626,8.747591419568126e-8,0.00014096100705930683,3.9558132286069197e-8,3.977801290972359e-11,0.006179842464335412,2.458861046220692e-13,1.0379892277384086e-8,7.134632001824394e-12,0.6090372091016273,0.15868437373797956,8.519749699865633e-7
0.22165166485969015,0.013846394180228285,6.646890507464294e-11,0.0038112631348300994,0.00018127939260703928,1.4513455401818616e-6,6.900947952930724e-5,2.0176966448718446e-7,0.00012037324808059888,0.05492622868008136,1.1764941223944761e-5,0.03414979363198483,0.18855318336888205,9.562262466546418e-8,0.46808166894048026,0.00020427553373279883,0.0018485054096004712,3.468765163073171e-8,6.142795272508417e-5,0.012481383754373836
0.00016174879221330984,0.011014312223502106,0.0024602621829758154,0.0003947481399800304,7.994556630487281e-6,0.00013916437283653017,0.012012006114540745,0.29618830135835134,0.02296750382730818,0.08360346896454263,0.41003442367630655,0.08742872260910867,0.0035159566082475038,2.056809660897798e-6,0.001652646422582281,0.052904311576961786,2.0353726320113394e-5,1.5820200835378732e-7,0.014664556498929168,0.0008273033369935554
0.00038076943789023307,0.02828460983996771,0.04259322241423288,0.0007357109047683809,0.1283941941574703,0.456331228079271,0.00029792183395769406,0.0004652579827904161,0.20920482909577348,0.0010157992092741086,0.06368272360186344,0.0004919153222069489,1.9115885877589305e-5,0.012024519840596586,0.0007567823065937775,0.0035126270188730636,4.2840700501512045e-6,0.001993308428134026,0.04831685305301578,0.001494327517392382
0.04125330626135592,0.002505955093673834,0.0008733324601193348,2.2379691701544865e-5,0.022652794816382178,0.021442034194937138,0.07089993215791429,0.0001470394027138152,0.12193504924729613,0.11704344152951791,0.04704343871655356,0.01387318200664666,0.37394336463678524,0.015792951916874028,0.054882893339429924,0.015159151418025629,0.0070177820426906515,1.207926499090727e-5,0.07149005826006222,0.002009833542329096
3.5051655985703284e-9,0.12240667013669802,0.4775960920602011,1.6953523178238973e-7,7.143794424763806e-6,0.0004148573500909006,3.1320640145423816e-5,0.09066215876035631,0.0903331604619718,0.009198009061156035,0.2084907251857129,0.0006952400587061972,2.4976410484229028e-5,7.376895280487142e-8,6.199142816171177e-9,8.251595413459744e-5,3.1250733226441103e-13,2.095143027175318e-5,2.8496774241517062e-5,7.428912598848707e-6
0.1112699805094687,0.18741963959347385,0.0010567465758387449,5.9232872757062886e-5,0.00537213713807643,0.0016505400132514017,0.00010203817717514744,0.0011132195436399813,0.020942067643423594,0.05057322826604245,0.15900679778215573,0.24884542551182698,0.17254428057637008,5.240154016655911e-6,1.728376926136389e-5,0.03601067771435472,6.472526694725053e-6,3.574393148875711e-6,0.00045288933096161585,0.0035485279080618073
0.0041162681917798075,0.0689368001769181,0.020880973363027397,0.002093351026649736,0.48726234895143916,0.006704220974450912,0.003521823448367124,3.0810631397260605e-8,0.3246385513716911,0.0003714164624276265,0.01520368361555127,0.011879044707594903,0.01241188887523704,0.0031697745428480814,0.00032911885769491394,0.02320316407281852,0.006610175490651435,4.228641542664518e-5,0.008572060031943583,5.301861285130356e-5
0.0004162604325972507,0.0011304928242156312,7.074093544265197e-14,1.2004204238476038e-7,3.044612525342004e-6,1.7339477528106281e-6,0.00087699906361271,4.629568359488535e-7,5.145256065623631e-5,0.07287610267334901,9.119203051600147e-10,0.03657504470189714,9.313398775659955e-6,0.039996108927400624,0.06279808790300341,0.1264218566033678,4.0967936196580196e-5,1.4337892827980457e-9,0.1233237524157891,0.535478196654202
0.04509784314770233,0.010515705766044275,2.165722338182232e-7,0.0025877656715923947,8.248344212837973e-5,1.45201498454111e-11,0.012453396755651361,5.938099284692737e-15,9.076349571078858e-6,0.014319431571456381,1.5662188834055377e-12,0.010056455399331182,0.005542038023504708,0.0002794998728506933,0.28255044170487387,0.010628852218488865,0.590925627208357,4.432456415821786e-17,0.0015931200840234245,0.013358046196097817
0.0008675492138836052,0.009241310172222836,7.252869835932591e-6,0.0016113369165942533,0.004978508309177454,0.0029049555374950665,0.0644720234299989,0.02533413998109366,0.12016391207679511,0.11995860282693868,0.0652174549419683,0.05717863906137409,0.06963555592569858,0.08572661543230382,0.006075220295523853,0.24498439020275278,0.00012487109062293494,0.007263989622804021,0.08596260545265084,0.028291066640265237
0.0021725913924947075,0.009480905022271197,0.0056143374741429684,0.3636676807840937,0.10494868196000241,0.019695639991135293,0.0001028249394359592,7.940378731674325e-5,0.03881409307323808,0.001064785057634587,1.4087288202382823e-11,0.0012957546890537235,0.04603740456715969,0.0038691388308710983,1.119991908204851e-7,0.003221302857319327,0.38857616989763716,5.095827293691599e-6,0.011352101714032224,1.97612158940938e-6
1.5337750288931234e-8,0.026363673076402847,0.00011987025789415463,1.6687325297494457e-21,3.389103797444131e-15,1.4746648028174143e-10,0.02939195524917513,1.0762212226459047e-5,5.064968147927728e-7,2.9352678034237785e-8,5.7621407172873605e-8,3.2606446552127663e-6,1.1565752894097582e-16,0.5895961708086515,1.5734173502414366e-5,1.109185525468358e-8,2.9862497045357276e-20,0.33958768600252676,0.0007638105930904439,0.014146456933899746
0.04689614682049553,0.0012604837699769977,9.501381695571809e-5,0.001600577513478818,0.004072918132258015,0.0005997167990315323,0.07112853741099144,0.0030275871348145046,0.015028822742334335,0.03178777415524302,0.009330903974276165,0.008550989522079935,0.04154245117908744,0.27453472338078905,0.10326156059388045,0.0629696676684821,0.000696401183069234,0.001646544308758316,0.27948887571749254,0.042480304176504904
0.3562591473546308,2.132348214703354e-5,7.612705371258772e-13,8.034285858850437e-6,1.975326332549414e-5,1.0290053999768029e-9,0.00037840777790746125,4.0617093683071845e-13,0.000616715102198223,0.12678875833105113,2.80947628283427e-9,0.027937278498457858,0.0061412564174043675,2.391202350412386e-5,0.1720012465726883,0.008698934661286928,0.0277186641484004,2.0165819839723547e-13,0.024184961062148007,0.24920160317914009
20,10
0.00013193030406891931,0.7611650222839204,0.0019712726759307823,0.2166692730875819,0.000501889163744152,5.5010640331797065e-6,0.015030662258100628,0.0012915409948345735,3.868892764186981e-55,0.0032329081677854974
0.0021311193150831565,0.001931567307817496,0.0030456304079704523,0.0028005042723177618,0.004364807194247383,0.0071446004707010425,0.014362781651444919,0.012882485803004612,0.04831566260284077,0.9030208409745724
2.23898227827683e-43,2.466813569800319e-26,3.2169836640979467e-13,3.529914598930159e-17,1.3397917045649524e-11,0.00010882935417069171,0.014912795289705025,0.16785262918260546,0.7099876437317006,0.10713810242809875
0.17431770796025173,0.24865797549472377,0.2946918963641597,0.21717050769311072,0.0476335047546684,0.01751404792791151,1.0159183465461707e-5,2.1236802117153995e-19,1.590045870311233e-42,4.200621708667698e-6
4.146727150552446e-6,0.2577074369658494,0.34696202219077293,0.2821097198327422,0.10687089501598454,0.004959322216698121,0.00019215422988306518,1.6947543514483817e-13,9.289735344748045e-24,0.0011943028207496435
9.666006444330068e-25,9.661759467965682e-17,0.0007954174453034375,0.007514515222434825,0.11719099028409884,0.2925088296065584,0.30001694209356283,0.23340936047608224,0.048558185841669585,5.759030289785077e-6
4.216614138510595e-12,0.0001989539944505695,0.21190017987552445,0.7162553634116514,0.025864387309857028,0.007105071386636983,0.004833471936306795,7.694822919041176e-14,3.94746405459748e-27,0.03384257208127905
1.2930235551825113e-24,1.078153623208363e-22,3.3904230037399325e-5,0.0022901056809461755,0.014278477065837519,0.24312776284914978,0.3619198241248749,0.37791716505462175,1.1759559010376551e-9,0.0004327598185767618
8.385329841315681e-13,1.6177273131995876e-5,0.017979885865505963,0.22634581188673317,0.38856294706255345,0.298763549674529,0.06544176175545667,5.840215224736581e-12,4.525840739847282e-24,0.0028898664754109194
5.61439344693508e-7,0.0040575870381874025,0.7339556521597272,0.06235231963719604,0.18645641705148555,0.012885272428141564,0.00023789823435067965,3.7548381810832937e-25,5.766478264589829e-44,5.429201156679539e-5
5.835913205711145e-17,8.444630536460375e-14,2.1292554234639196e-5,0.03086491532844212,0.019617036856639045,0.24408153323660362,0.29988630208014927,0.3919487473423228,0.013550950824298219,2.922177722566847e-5
5.4751891200927664e-9,0.07154145688596827,0.10747914453893874,0.22933913915470414,0.5172965047040137,0.004023710597273072,0.06996527182311647,5.0489239170164396e-18,6.204738132015779e-31,0.0003547668207964286
0.060917520477617865,0.10239202383906296,0.7167399193507392,0.018640229013312196,0.035489954341691526,0.021241370808107223,0.04450416916379113,4.156306271336575e-24,6.5091245447289076e-46,7.481300567799918e-5
1.0487353965737774e-21,2.595208516310526e-11,0.031660154769816484,0.10869086755929185,0.29405548870812503,0.24422648629660032,0.234048711380131,0.08729947774326904,9.407621425215652e-14,1.8813516720255045e-5
0.7255027223199317,0.22910629728868767,0.02583319579318275,0.018468852123219894,3.943801784228592e-10,7.286532119134715e-27,0.0010889320787817504,5.670956714213821e-68,4.4541577985662563e-125,1.8158930950930818e-12
5.7754966119197096e-8,8.55800585879798e-8,0.02227112776839749,0.7074363728497386,0.04930313919200175,0.19111474725473734,0.026975115810419437,4.600230888486053e-13,1.95836918949688e-32,0.0028993537892206657
0.9322965714091697,0.05385219609083958,0.013079668250936694,0.0007715369124433485,1.1039700004423903e-8,1.4285060084407983e-24,4.000950082679737e-18,1.5505734568998085e-47,3.397561105503278e-118,1.6296910933238324e-8
2.144691024944128e-48,1.2639277552959675e-40,2.5173031102471787e-20,2.966484797518247e-17,0.005156650185773813,0.1161814397383186,0.2702077242977033,0.38568012949557806,0.21152798606494175,0.01124607021768464
1.6388093427797955e-7,9.474370414070943e-9,0.01790440984593647,0.0035973888740906765,0.547589917101772,0.3074806426401391,0.1231824526506179,1.727263541677623e-13,2.431795313755836e-31,0.00024501553196654537
1.3801675039567945e-7,0.4535696475436136,0.32584929328823203,0.215906476645102,0.0010516901506445765,4.35746486126397e-5,0.0035776975627266876,1.8957466400969563e-24,8.985784045994827e-48,1.4821443179294439e-6
1.0,0.0,0.0,0.0,0.0,0.0,0.0,0.0,0.0,0.0,0.0,0.0,0.0,0.0,0.0,0.0,0.0,0.0,0.0,0.0
0.05368744,0.013395608,0.019567426,0.045091588,0.032155074,0.13724062,0.024003148,0.039657034,0.035394073,0.028270083
0.039657034:7,0.028270083:4,0.013395608:1,0.019567426:2,0.032155074:5,0.035394073:6,0.05368744:9,0.13724062:10,0.024003148:3,0.045091588:8
