40
0.19515489472287928,0.02355026593482663,0.0005000462947741179,0.0018277590420824616,2.0658177921372265e-51,0.0011392288808538293,4.859381514675431e-7,6.389395059802741e-8,0.029317849387409965,5.540485199125066e-15,0.01074691484707758,2.0304625379795903e-7,0.0003301739201308889,0.0005246103241656634,6.652592306539906e-9,1.5810881130721845e-5,0.00020062029364057625,2.1490405078644816e-6,1.4263791316591144e-15,0.09092150009929185,8.94049040664481e-26,0.00021571754256380062,0.3550043701875956,9.89013764306505e-10,0.00011713669655548679,4.1196200485318705e-5,5.400547817947755e-18,8.255239926231894e-7,5.7237576667892874e-8,0.00033287214379134185,0.00626934409926227,0.00011560714490558928,0.15452105283832285,5.686236788302171e-143,0.02668167621475294,8.274429258712004e-11,0.0063899476275847454,9.570069280723445e-7,0.03489333014649137,0.061183325117706765
0.18784592598122973,0.08730658061340114,5.015112638685647e-6,0.013967789843301128,1.0910792937405687e-60,0.0037581342516791925,8.431330625417965e-5,6.754706024950652e-6,0.0008337399371053968,1.3107535911883185e-13,0.032159606942569245,4.987758461547476e-6,0.007728362942323219,0.0011250298486070274,1.4344750332846103e-7,0.002253182583784035,0.01132231974264257,0.00011357187816108138,1.9850969445110832e-14,0.09581545311848585,1.500301327065672e-24,5.383524687810446e-5,0.11130137027199119,3.973297170252172e-8,0.005614391159485577,0.00018022166850356026,5.731412832720145e-16,8.207184170817165e-6,2.88165827930555e-6,6.471066390462895e-66,0.0021200586581893804,0.00015920261237587727,0.09347164190738279,1.242272191086303e-152,0.097690297019387,2.857257412007309e-9,0.002612042081523699,0.0008444190158506444,0.21480069392728257,0.02680978298414659
1.7141846351106054e-5,2.8453934471200476e-5,0.7355505638575544,2.5083895869510386e-12,0.029798853099123914,9.589846246124575e-31,2.6509114454285087e-10,4.4886639953519906e-11,4.746005474390297e-36,1.4272187617602457e-11,2.0361909782806218e-6,2.8200458042705473e-10,2.587534112982999e-9,3.054917918600723e-14,3.0211410813018813e-6,3.565062475718201e-21,2.263641536502669e-31,5.17230439668055e-8,0.00913025615501875,0.00019174355243990727,2.1343517490705683e-7,7.90480369252821e-15,0.0018968460545811723,4.774239046758106e-5,7.278614762000463e-15,2.0229835670207998e-19,0.08347572800386323,6.849873398894545e-24,3.77989655507375e-30,0.023635069745154495,4.958893112963368e-16,0.0496562193739818,4.1187060801482664e-6,0.028651348440218553,1.395639839436564e-6,1.0037949904034569e-7,5.5273037936192155e-14,0.037246475360514585,0.0003936807240495227,0.0002689370501139886
0.18246185414174698,0.00458759484879307,8.094077506674979e-5,0.14222539980109153,2.45469786518655e-31,1.95686222277572e-5,2.6171765430847035e-9,3.74323593030502e-6,5.307141973520457e-8,8.01313980164375e-9,0.002332591930480601,1.3318075152376075e-6,4.7049844578088434e-7,0.0003943774109590878,5.233256136669268e-6,3.194999537710217e-8,0.05105377522871043,0.000614446260363587,5.307763369592355e-12,0.02169483106007739,4.064733190923817e-15,9.265592323375484e-16,0.02751370779712333,5.522718372604924e-6,0.00020734632502476295,1.2003997455669238e-6,1.9268071594966943e-6,0.001297227427187952,3.5460402664497177e-9,1.2137486113374436e-58,0.0671074842762942,3.7347311715928745e-5,0.3517210111715552,1.4331478216581602e-24,0.011577193511612472,6.091180757864303e-7,0.004670583001333036,0.00040218603820361574,0.10197259292954006,0.028007803086426374
4.558732130614151e-145,8.899410223215143e-138,0.0017454822963318783,1.955828842813701e-63,0.7657689363764251,9.083118023796644e-33,3.889001503949747e-18,9.666887538124374e-9,1.3856605724002401e-28,0.0007665388134304195,7.332293448680694e-135,4.4280095422509926e-7,1.4291833103130036e-16,2.9943799266385446e-7,0.00017281100691288157,2.6762108001724686e-34,4.372624034163812e-22,1.5116584555647417e-19,0.028667126547122192,8.600182832636481e-144,0.0014031224212428448,1.1529602271911442e-95,7.087548663215779e-144,6.396653668516243e-8,4.215023148344596e-118,7.208602964472337e-135,0.09464636534504567,0.0057669542882582085,3.4803214739066326e-25,0.013105984996917794,5.565363404897762e-61,0.00022375399850644694,6.796941011006079e-143,0.06601138529708542,7.614947850104964e-143,0.021595792206964597,3.18278123070789e-84,0.00012493053338520694,2.304487989370512e-143,9.215084454281754e-141
0.003064890195335876,0.019106274140484082,5.023076553804047e-13,0.04848351978255783,0.0358068100653613,0.007229106835011616,0.00014152583102350992,0.13417742024028298,0.23235005101822306,2.2978126165677027e-8,0.0023236476032689967,0.07191217813119812,0.0019488434974043343,0.06162354350981851,0.00047801432000133995,0.009416514932521027,0.15823535605722694,5.214787175412692e-9,0.006000265389501215,0.009450612047714795,5.372627004311404e-7,2.010391900934303e-15,0.026231556043054827,0.001361428774186218,0.06327523462623692,0.0003081903124446026,0.00564788962295557,2.777111502561393e-5,0.0007284673811673993,7.899547283927086e-46,0.028640422097845446,0.003372207068178928,0.016084440140314106,5.853219017843795e-16,0.0012623087626164968,0.0018502831147507077,0.0005925940461419867,0.0007440274508797221,0.004202403881288763,0.043921636509858544
4.4047747503740106e-5,0.000461638389167433,2.8852216184353756e-22,8.100367812524992e-7,1.9208367195107286e-24,1.9380717200979594e-6,0.05809319962528551,0.04679651370211523,9.49638725828726e-20,0.0458551520202205,4.329583745486243e-5,0.10332739945345047,1.436066248881313e-13,0.0476027444899975,0.0010032115558482328,0.4193539663891372,0.2709644076471455,9.894898147488503e-6,2.71022066451868e-9,6.6969241993623975e-6,9.567715707369558e-8,0.0004920592089131315,0.00010811369420502335,4.6174148633509735e-18,8.596687923731872e-5,1.0561089255601306e-7,1.2736747748329018e-26,0.001898932493865924,2.8320927458555247e-11,0.003114788710742695,6.628402296054011e-8,4.8016073765919503e-23,3.5116703372032764e-5,7.383004085358486e-28,6.677107861218413e-5,1.7939975004073896e-17,1.916789950870924e-5,1.727902275681833e-24,0.00015323619917177926,0.0004606600334389185
0.00020706937998451298,6.652705705090532e-5,0.00018701973415021365,0.00036475411068210434,2.5630336385705827e-10,0.0042193403430177325,2.209328475204494e-9,0.4880232879449047,1.590515691153099e-7,7.4256784603410595e-9,1.1609625594011038e-5,0.3886153576676808,0.0007982708177143103,0.0678341820420345,0.005446793121931466,6.558995857582039e-5,0.025043410309666166,3.6052208047251185e-7,1.0066818943814526e-6,4.3824247559623394e-5,2.223064205438722e-9,4.380144393533535e-12,0.0001110034119538367,0.0020019871722600025,0.003705266389682028,4.205884689960233e-5,0.00576626852968243,1.8298836006660237e-5,1.7253721928779194e-12,5.959814206716936e-14,0.0005005906426167366,0.00018223549707777406,8.117619752577576e-5,2.9549621882608503e-28,0.00010030834178878635,1.9797378855871175e-6,0.006297710530066715,2.624799083667903e-5,6.170580235624331e-5,0.00017458733673069853
6.2464614219230146e-30,1.3514751821731644e-27,3.468708887851765e-18,1.0645288005902053e-12,2.229897988124933e-27,2.5241722099465837e-6,2.2503789849864406e-8,1.169822524978735e-16,0.008021272516210575,1.3471402653040333e-21,1.9662203661590237e-25,1.1472699498547889e-15,0.04105134484796075,3.56796551156358e-16,1.107003577402203e-11,0.006180757775235729,1.407478942285744e-6,1.4473447692710613e-32,0.019285652192906594,2.471777585473449e-30,3.1067310916955085e-38,0.0005569692288339743,1.769024126042737e-30,6.091795399787653e-9,4.669550136153999e-12,1.964247627111314e-7,0.008264307305933619,7.484350132499831e-5,0.9165302145431585,4.26104074283142e-44,2.1847801622524275e-11,1.262713071970898e-5,2.0638721079754922e-30,1.333078164755849e-46,8.280662970929804e-30,1.7854134618774734e-5,1.1242458131972588e-10,5.181859876627135e-13,1.3488865519278156e-29,3.8570200078855885e-26
1.3010754511971165e-5,4.323937097405722e-6,2.898729410404342e-13,0.007424652298489725,2.842088654844119e-17,6.498964530054288e-10,2.3422421008007365e-25,0.0007228494499044541,3.5080158168894724e-39,0.1134141018974009,5.386074053841604e-6,0.001791863878172583,1.708008773837722e-28,0.00012031924790481171,0.016137832156550198,1.3386877316395328e-35,1.430898698058885e-7,0.8228864776525326,5.3687025928323224e-15,4.481851131991341e-5,0.0006402920503653112,4.498089301608471e-48,0.00036405888348099784,0.017742907853195745,1.4114780642125066e-19,2.9895800163841436e-24,2.185367806264226e-14,0.014934532140100818,3.444148105981171e-26,2.3591146174146203e-47,0.00035136628758079976,0.0014192201076803528,2.3427490321278047e-5,9.518242163953673e-24,7.248970307848649e-6,0.00039816362091514074,0.0008159449886302701,8.395111499484612e-5,0.00018413450607173426,0.00046897238833321005
0.08464722730452455,0.0850029988094338,2.548908371655792e-5,0.016578223834862522,4.43211839628517e-57,0.0042996593776907215,0.0001654209256512883,4.0293724528062984e-7,0.017190890987764565,7.40613277219138e-15,0.0028946593974619726,4.6723366244355045e-6,0.0024963069049250544,0.0022672806351010117,2.643732189867555e-8,0.0006774272664973747,0.009680307338307815,3.2743860696089895e-5,1.3023216383924112e-14,0.3296360398525867,4.449793314062385e-23,0.0009576864157374305,0.10129441556365185,1.1710090396311892e-7,0.009927984139750877,0.0013505321140007236,4.857005713701952e-15,6.072136771537485e-6,7.583624582448942e-6,6.212847927261169e-65,0.03376748766848243,0.003508861638326922,0.11195075963511034,5.741713335289352e-134,0.006189142731731751,7.922015194732065e-9,0.007280512621714479,0.0010969736158252313,0.13228687074971623,0.034775215031241695
6.497549302910767e-7,2.594875355659042e-6,0.0030456433370083247,9.336249735925857e-5,8.57322346494288e-13,0.0012740438998762114,1.6682752660671023e-8,0.6663266800425275,1.3030475739401045e-10,1.296151416630998e-7,3.414460433926363e-6,0.11529164725953697,0.002195296051413138,0.13057463998950147,0.03143703378545094,6.9109484786866406e-6,0.021284657993646504,2.7821156491156953e-6,1.607250872319038e-8,6.095903352696024e-7,7.628274014689409e-8,5.491501705786897e-14,1.767422136957294e-7,0.026770644049826667,0.0001419253185056685,1.8628732489997336e-6,0.00041656809070776517,0.0005203337553510123,1.4424374249055473e-13,1.047577994623433e-15,0.0001277162668320137,0.0001701345878448494,4.67022972884836e-6,7.233799770329634e-33,2.1256450357656822e-6,2.3390006469931824e-5,0.00016346263762833795,0.00010305956916645179,6.861655112993216e-8,1.3656224880203627e-5
8.914887853968624e-20,4.158078714298875e-17,1.0660844245155432e-7,6.316483621335778e-16,0.009387490273079556,2.353700330947334e-11,0.5289859535197048,0.041244673306981915,0.000535465506082272,0.007710357274274063,1.4229260495243438e-18,0.03103735139999179,0.35192732532734056,2.3416391409153e-7,0.011311440830521293,1.326589334851607e-16,2.8442258646185764e-5,5.700761547058432e-10,0.01216281979000521,5.672393454866874e-19,0.005502777517960235,8.183742575782937e-8,1.6793227377842796e-18,1.2966538360629718e-11,1.2753673088002133e-14,1.0651320414855752e-15,1.6949165272496847e-23,0.00016521143695159731,4.47865421974562e-13,1.2664315192147204e-16,1.5637327451781924e-16,1.290265278692589e-15,1.7098178762360452e-18,2.357782991496346e-26,8.480501542386245e-19,2.6834162968480476e-7,9.014399245534669e-17,4.835101069767889e-15,3.20697529074522e-18,2.813618267271548e-19
0.0007826533713535517,0.00012394096560121583,0.0024754167841838366,0.003332635265760781,0.0006474180633905946,0.006409813463797912,1.702449388310399e-8,0.3499773475469233,3.096888906874002e-5,2.7071678818629227e-7,0.00030770071335859236,0.13337416180927003,0.014650511655481773,0.09499114609151675,0.14864456061756814,0.00029134110733115154,0.024330064559338598,5.350138067974236e-8,0.004631364024177857,0.00046124801556934804,2.2973807209466815e-7,2.4986060285245037e-14,0.0009182859073669722,0.17902649864429238,0.003911046334500263,1.0628264414122524e-5,0.007164770219825656,6.922927152091481e-5,2.665895179241557e-10,5.944565146950742e-18,0.0002730483692365695,0.0008136441340133128,0.0003455096004607585,3.627029982710767e-18,1.6947087477569285e-5,0.00021653703167827412,0.019924248558105588,0.0010675510949482415,2.146803115490073e-5,0.0007577232599629381
1.1066565166277512e-42,1.9979805601590337e-40,0.03623959200252237,5.732916729243012e-34,1.0609028072239113e-5,1.8022288529921558e-16,0.000845720194076908,0.00010526246281379396,1.7034614120446439e-15,8.15654748606893e-8,5.688996666830135e-41,0.023273619366986714,0.043646112942940136,0.004504736566062241,0.5450612006457257,9.5732476639764e-14,2.9882396977785134e-7,7.875037620194482e-8,0.3352357752164033,8.435475659145634e-44,3.137614677407686e-7,8.932442292244834e-41,2.830195755419897e-42,5.434017169452358e-5,1.1237090625361524e-24,4.6738551091894865e-29,9.410695549200939e-8,4.2236703355803377e-10,6.406463313412562e-17,0.0014897060667026084,3.426876884807929e-33,7.606223217804091e-6,2.3510280407215112e-42,0.009517184939620654,4.507259962326957e-45,6.591542068081008e-6,1.688098520375993e-29,1.0752003840412376e-6,2.6460985977046287e-43,3.227580300827856e-41
6.204887418560986e-11,6.86820376071397e-10,2.0138748169019405e-26,6.227412081852397e-10,2.4307725244064535e-35,0.015434001221980484,1.1228308065704396e-5,1.1395276835992565e-6,1.7042811591915965e-11,8.046049266496925e-13,2.1529821764221736e-10,3.4005710786402885e-8,0.5376166258314089,1.7844994620188602e-7,4.283248733929691e-12,0.3251705153993727,0.00731941661541922,1.0115215968424985e-13,4.181946208994175e-14,1.3079135368311727e-11,1.4899386710765962e-19,0.11444668770682243,2.835048333447777e-11,6.996158336349689e-23,6.684879874706977e-8,2.632660496687362e-10,1.8588125942678686e-24,9.081276405146825e-8,5.165450748779236e-9,6.981480225935449e-45,3.068442342662447e-9,1.7250544680651515e-23,9.119422156249683e-12,6.290858359442978e-25,6.310678477690333e-12,8.865338384648449e-20,5.0407949085384555e-9,2.0860148301473796e-24,2.6388811508379803e-11,4.1642288806373246e-11
0.00033479875417289154,0.00024063630663620893,2.983463669769259e-14,0.005853238696828697,5.047318198649214e-19,0.018428495088601397,2.6856124372635073e-5,0.012394277057583543,2.9060654095304595e-5,5.5343814488978926e-6,5.580300409036114e-5,0.000770964176349807,0.004828987553097537,0.03152418260440069,0.002511191792674644,0.0036042308760199744,0.8711611297182763,0.0009313899084008822,0.004020014120047495,7.11064320547285e-5,0.00012491558425517635,2.2356158752879428e-24,0.0028280110597074027,3.7645403996023827e-7,0.007699812575230745,2.7757830197905765e-7,0.0015581358453632915,0.0007444362710239151,3.5971534796822546e-9,4.760718585224225e-41,0.004800822249679839,8.489563877916461e-6,0.0001490787287021499,2.0250299925030894e-52,0.00026674658252121475,1.946746458093164e-5,0.021470094252012323,0.0004932022685121092,6.004563670832223e-5,0.002984187039147416
0.00042827371906787584,0.00022370303727336154,0.002676553686381897,0.00998511564632971,1.9789440723504114e-19,4.145448794990021e-8,2.4831075145461512e-20,0.0037535523336329007,2.9073234532912908e-27,4.441739046560641e-7,0.00017423149536039277,0.018830441392682647,9.59088736282853e-28,0.0010072230514202053,0.014554378717081463,1.470909133490479e-32,0.0001148552293360678,0.18350913773069716,6.674253726697892e-13,8.678683341573534e-5,0.7052036618042725,9.466447691181956e-49,0.001943498998695125,0.006250922212169838,9.401608561584924e-14,1.2317686802702138e-17,0.004559506062988053,0.00847141391763874,6.607276745490333e-21,1.835625124722845e-43,0.001484257042699265,0.03166684556265802,9.531623750136079e-5,0.0003192291129983284,4.6626274618437525e-5,0.0026603013439619044,0.0005456128416437275,0.0007559573664909242,1.2349206824735439e-5,0.0006397635130053019
7.138260890354061e-5,0.000635199104420698,1.4468816292266311e-5,5.324111259944154e-9,0.0011599192107078706,1.4788205293392064e-11,0.00034493130180917854,0.018973363754093794,2.065901547482235e-13,0.01277670581499052,3.351818442458568e-5,0.62099180960938,2.003572897476936e-5,0.0061953283772995206,2.1415897838715934e-6,2.610566920393764e-10,0.057094017165955274,0.00010791080878400569,0.001902008145897075,0.0001292562360108344,0.022988951728899767,1.4875942651172692e-36,8.82883320102668e-6,0.22970727302901198,2.265491542481325e-7,3.5571202401323696e-9,0.00017293407463108058,8.347822628976028e-6,3.097125616479541e-16,3.4956218262338944e-22,1.9899631148343375e-10,0.002497769995578496,4.881022769318387e-5,7.906937674131582e-17,0.00010958748681318488,0.0077714806781740255,1.567854372795216e-8,0.01620082719170546,1.373434311987517e-5,1.9206546837475572e-5
0.20783392949739615,0.021613104556249495,1.7140020387174674e-5,9.194012297113029e-5,1.736286247441287e-60,0.0001570408261287213,4.79389077756241e-6,1.1598203674945625e-8,0.020234122550445557,3.897710149109594e-15,0.02309034406377668,4.715309399017414e-8,0.0007563163863921104,0.0006848179184068605,1.2476442975203115e-8,4.72836491214903e-5,0.0004377397813261058,2.5354786371275293e-6,1.8627270757139396e-15,0.13281304216301415,3.9264147145810296e-26,0.00013829681605743757,0.05109120189308643,2.6452734509418657e-9,0.00016639827892520154,0.00011079032223434132,1.4131625995397759e-18,2.410668658353196e-6,1.0916589130128847e-7,1.1143173200091158e-65,0.0016081431115013572,0.00011506242710967897,0.36158651658685614,1.50572748717479e-160,0.012049764867385444,1.477852198959342e-9,0.003730551042733926,9.701607362696949e-5,0.12769837926269448,0.033821133227336625
2.0865969383959044e-5,0.00034286504853861104,0.007101762609778028,6.025769541686025e-5,3.8086332585472853e-7,3.468150969050277e-17,4.352921962681823e-29,5.290724339920915e-5,4.060052612623068e-41,0.5718301404707922,5.222583980134471e-6,0.00022559840768523353,1.4929426420998774e-23,0.00010033531209707137,0.008644227013932373,4.660446451325102e-43,7.57382914609207e-19,0.0005301561957260754,4.326876411139562e-10,0.0001975553921221567,0.386649092718023,3.2090732628259574e-50,0.0006910610994165315,0.003068328670971865,1.176932983599255e-23,4.8170171451758586e-30,1.1395719153495963e-6,0.00014726006238165675,1.8334704661585687e-32,8.356347184611291e-16,8.752540795013966e-7,0.013801449019642944,0.0010146332846385677,6.63667090849278e-17,0.00017057058714673327,0.002212882674199871,1.0918528092230849e-8,0.0001255303486120437,0.0019926687624760224,0.0010122217891015742
0.0008922980850808216,0.01012422578576061,6.062420839415262e-63,0.0011358916921722893,6.762835800291144e-82,8.19120373238879e-7,1.5903956606144145e-14,1.1169553821433561e-23,6.916431214981181e-17,3.6999044168947214e-35,0.008194574642604821,1.2096335246139719e-24,2.7458390655372525e-8,1.540690086595589e-25,3.560463042743481e-25,1.1888683701750406e-18,5.775204509960011e-15,2.5921507704117855e-35,2.436136231948212e-43,0.01826955300489209,1.2012649268663025e-33,0.7919958470991169,0.009931170316302444,2.9745771940115166e-44,0.0614610176786131,0.012803728019146613,1.09155329906967e-39,5.175851906851074e-16,9.976781932646187e-11,1.8456785585016263e-78,0.00040276033035154343,1.769553690979806e-52,0.026418098272853945,6.575638681666086e-117,0.034771638251833985,2.1879963107943082e-38,9.590294602505311e-7,4.6106993237942564e-54,0.009730193457577068,0.013867197655679526
0.07126639214382657,0.0041106629083022764,5.938656943269318e-5,0.006932602276069511,1.9095029034137932e-59,0.0017724918740236763,9.739891540868708e-7,3.679337451442129e-8,0.0023764976892620827,8.920552090899874e-15,0.002506511765879313,2.35380420950817e-6,0.0014278620317560737,0.0003850787992131059,2.7135802985051e-9,7.954678044860543e-5,0.0005702394849969771,1.6269206775829907e-5,2.762854734208024e-15,0.01994665024919838,1.806405754636364e-24,1.398621239194355e-6,0.03864543069354381,7.605691128677719e-10,0.0019061260948588523,0.00019892399970334633,3.589420802890803e-18,5.315968884089984e-6,1.4493395883554374e-7,8.023841670619754e-66,0.0008165722885255211,0.0002804274152926081,0.49397252276075176,5.085046932116944e-159,0.07196807676922137,4.648674832241798e-10,0.006159135600131105,0.0001717807368402385,0.2694254807354623,0.004995103076635255
5.249047040700526e-9,1.046199538664428e-9,0.016110872810529798,2.046183775738988e-8,0.0360060747698619,1.0006565382218495e-15,1.8841927230418194e-22,0.00034976837789478066,9.564155732495729e-20,0.00027598710062640006,1.4950576061339148e-8,0.0014771862987690426,6.009111177294221e-16,2.6449070379176042e-6,3.439426290355558e-7,2.479235487429182e-38,1.0501979443999072e-6,0.0005503440646913862,0.00020283468511794414,9.283227417159902e-8,0.00024138360279712614,2.5736274464957367e-54,2.7486988374129913e-8,0.1567215564931862,4.597738644768459e-25,4.6502087460799054e-27,0.2197107099427079,0.07830601893485646,6.222224251314496e-25,7.712357788535817e-8,5.166754804760487e-9,0.028560987546992232,2.2847843313908037e-7,0.0005001348440087193,1.3195481893583047e-8,0.27943313173871936,4.2850658228296057e-11,0.18154841852354386,6.7180382467801084e-9,5.846602448916068e-8
6.336964433406983e-5,0.0003628639450139266,6.162521786950344e-28,2.0302014298940056e-5,2.8808531531073154e-65,0.013345869336827753,0.003212404370300897,0.028286119148177753,0.0024432808625496336,7.375224074045749e-20,0.00021950914701099615,0.00334041824652876,0.003034452743679471,0.02025511591063811,0.0009790561966211205,0.0159696905123945,0.0006784893717139798,4.126529230241953e-6,7.157254700977511e-25,5.816967644389996e-5,7.832531907903788e-27,0.0004344586072909383,1.4774750571871287e-5,1.3261119761883223e-8,0.8974440973448703,0.004743356634399917,1.3121606588238627e-32,6.544761315860458e-11,0.0017322096940528102,2.7245830753039118e-86,0.000547459452901314,1.2432292207077154e-7,3.90581638616343e-5,3.3926480940778047e-100,0.00013344398020371953,2.945899940294402e-10,0.002218666332741536,1.6284950347535066e-7,9.795677117579303e-5,0.0003209798185835406
1.707673368158598e-5,2.291429814254281e-6,1.464244245798203e-56,1.276454521948893e-7,2.6377706227646366e-108,0.0036643510114389584,7.904033136632219e-7,1.2779511753218253e-5,0.013329667591081623,1.9623806725509508e-31,3.0643311006987014e-5,3.673353150938144e-6,7.351932263788819e-6,4.033273782711447e-5,2.3641990323483093e-27,0.037003553419027946,9.10823785641857e-6,4.4847495400318114e-20,1.7404461452206603e-33,0.0005139714169198464,3.3510784079441446e-47,2.1414664581110024e-9,1.6155321694862562e-5,8.695358427987886e-38,0.5199723111476388,0.11408010913216797,5.647162851315597e-66,1.1045867585750258e-17,0.3111094796143081,5.4748987492512085e-101,3.784119646259546e-7,1.1925236624460536e-40,9.385797642034636e-5,7.372812677730133e-109,9.790312819102125e-6,2.0917543770093355e-35,2.1026638936444082e-7,2.626101782183896e-33,7.303922414434976e-5,8.947716397706917e-6
3.094741407987151e-7,8.291350436160712e-7,0.010563223078241459,4.118129527573714e-7,0.09005922518608507,8.992423649536591e-21,8.635379775828125e-15,0.00422919191427529,4.47617855968631e-22,2.1455719155208993e-5,1.2486087745645147e-7,0.001947141347946132,0.004732278274947457,2.010701224966117e-7,2.828355943916618e-10,2.9559881831154835e-31,5.2575916821611495e-30,0.002189734683857679,0.0009788880379080372,0.0006789859444645512,0.0012123483281800418,1.2787363681979531e-56,4.221275436493364e-5,0.0041500284995540345,2.4319203165059776e-47,1.4634814320592267e-48,0.7523194542528571,0.01274550463955577,9.02531214162339e-27,0.006022368102703754,9.623138667126774e-9,0.00036777243012007404,0.0007899009455616544,0.006311041797797042,6.078948876318545e-6,0.0985629766677925,1.8405797114039646e-13,0.00202548128492172,4.2218689040336976e-5,6.022124897601187e-7
0.0010541887504158527,0.03898495256605566,1.485677870509126e-19,0.040508225004614797,2.4008383164877044e-35,7.888817148914431e-7,5.96155780798749e-20,8.465705179361775e-5,1.5231468443376586e-40,0.006944573019649133,0.00031739166277572003,0.014650191556957909,2.6303696581526768e-33,0.0006475446611373531,8.768641098503753e-6,7.92391039154422e-24,0.18699440053369373,0.2110342840192126,7.754378084262888e-8,0.007352241809152268,0.01812212815626106,1.4977928640099254e-46,0.16114695816199584,0.00606231946230138,8.785953377359087e-10,2.7463267095418917e-14,3.772255342687886e-41,0.0848070602474773,6.172504893659174e-20,2.7359650023059244e-76,0.0002618732851681854,8.389148701479737e-5,0.006034774370307003,3.637837964836658e-38,0.01742651928487683,0.03243360834078245,0.00047153278464488746,0.0007479496345279991,0.014813856019220558,0.14900524218474603
9.641240591842847e-6,6.914667117063274e-8,3.3591623197120433e-50,0.0006823522507946534,6.773596281714349e-27,0.00020387347538956683,8.880469740393215e-6,0.016834121933807455,2.2139444017540235e-11,7.833898398310816e-39,3.215121555325454e-5,2.290735084616534e-6,1.1482801616783553e-7,8.218359097985125e-8,2.3772598650104682e-14,0.0141550253859704,7.829467162811474e-5,1.0173746924550441e-33,0.009557832209499677,1.5692163107342795e-5,2.393740979606026e-46,1.5065988692918655e-15,2.8338406510485376e-6,1.6873386098215483e-21,0.09110897300613613,0.5304070514951176,0.0015688711102552245,1.925092840023509e-12,0.3324903648063893,2.251938939963048e-112,0.002761014686007641,1.4986652981996536e-30,7.453418390326522e-6,2.6324949286568134e-74,6.126712098149848e-7,1.4959999015067992e-25,4.0334433207829496e-5,1.9023943939709967e-27,7.647498881471e-6,2.442110021821403e-5
2.5974611997617827e-45,1.299561278165245e-47,0.028914014096115798,2.3697207527384374e-52,0.025318052213726676,2.225975540045709e-64,0.005019936571717842,6.393582916602983e-58,3.636967656808555e-43,7.75986552211965e-11,1.264668663489373e-47,7.211857213679059e-45,0.0003709271945402957,1.685769845430288e-52,5.412841640175342e-14,1.9840632787855503e-26,7.624898892616858e-75,1.2783931423716851e-52,0.0003276723818877728,7.799674784116664e-45,0.0009815578116901499,5.924989511781355e-89,6.629818450417282e-45,1.675984508091315e-29,4.954691755038255e-61,3.265209825268834e-65,0.005069118489308844,1.3266720751140176e-75,5.395744310190733e-57,0.8091512301354111,3.2316116792139357e-55,8.734852903094053e-31,7.854775845226323e-45,0.12484738564626527,3.457956252234277e-45,1.053816836532132e-7,3.3106983741933924e-55,2.3044411563546827e-31,1.4736235395099052e-45,3.092599817446705e-46
0.2802696777495807,0.02079677106007264,8.781780370194289e-6,0.07421701970182491,9.001558281906894e-24,0.00036156994418051096,1.2875028172859667e-6,0.00012015662016149046,0.002576106686054378,1.0002058571385862e-8,0.003308664038428812,5.050537521132855e-5,0.0001152451980962845,0.004051888719990107,1.2217712695607615e-5,2.5509397206072474e-7,0.027934953761778753,2.4982366437554133e-6,1.1714905174498745e-7,0.0037815583040291196,3.434753563771399e-11,8.009429284978196e-14,0.027612219814343215,0.00430228178753903,0.001455447113118417,8.539646557850703e-6,0.020916083787695113,0.0003980730408931553,1.6764372316975196e-6,1.733211231655737e-55,0.12261708492089418,0.007277916216627216,0.013187533555061139,1.0313865617577607e-16,0.12209615261161617,0.0006676256457616513,0.0320445086799619,0.018797667824408625,0.047290509411706906,0.1637173948351377
6.750333435419473e-5,3.4545590949232557e-7,0.07947865386112193,0.00024258081105080242,4.391248912188876e-6,7.299412116702102e-14,5.227101819077241e-27,4.6085127261726643e-7,1.5702744358129496e-22,5.1632947635767684e-5,0.0001534586334260652,0.0002523405509882836,5.186392995354176e-24,4.2788241245635097e-7,9.19554171389482e-6,1.0913212003403461e-37,0.0038665848566939334,0.008584951385951037,2.109305850920938e-5,0.002411645101277432,7.618438733513608e-5,8.895801620136939e-46,0.004826800480954898,0.15442966523362758,5.483823385892011e-20,1.8991757491547395e-24,0.004491429019120717,0.003385127265172807,7.244178837677759e-22,0.008702769178902794,5.680038200028533e-6,0.12927807089507853,0.00014973292690873097,0.004532972196234959,0.00012664458533581107,0.007825151048594103,7.094873497036744e-7,0.5840591658813179,0.0021487315413844755,0.0008159003131797378
0.5606995683590895,0.02229753230112927,6.634646339213154e-7,0.003091109808655886,3.3881988211083036e-59,0.0006534691789065966,3.502509557693932e-6,2.6662509767882917e-8,0.008077684762570293,6.626031512983157e-15,0.010398343375145346,1.9235114936431624e-7,0.00038259768379988616,4.844345172191554e-5,3.521849500431601e-8,3.0241744899807327e-5,0.00016306808955306965,5.983923144850987e-6,3.097646784529348e-16,0.17079115149598714,7.396792529069495e-25,2.520577866400651e-5,0.036494086917971534,6.230090671415139e-9,0.000947944879104604,3.935400280294606e-5,7.719625352868e-17,7.903876106763614e-7,1.3052719445763186e-8,2.4383928022030553e-65,0.0010583162223917455,7.91523235065123e-5,0.026311101244818304,2.2672103313314832e-160,0.014804905153902745,1.4367603253568671e-10,0.009149930615526637,3.9889845819569566e-5,0.04602822690462825,0.08837746191580992
4.1282894190595515e-215,4.835153094401589e-200,0.012473284957801364,1.0652775012390063e-49,0.10916198511262012,2.585258057613531e-42,5.018560784085515e-29,5.566057235429363e-22,2.9634096652661793e-18,3.8410851719361693e-13,1.2940916948545162e-174,4.449486781837426e-18,1.4233404586056483e-31,0.0001779625660255299,4.393221939347598e-6,7.888398586861261e-48,4.623718213674819e-59,5.2659731588313415e-14,0.020113043032578454,6.836136593743934e-218,3.2178598508620845e-22,6.945794518882774e-44,8.49373153182341e-213,1.8886949761581573e-11,4.1927950142367975e-145,6.01016912158062e-119,0.019151360073219593,0.001752321465846887,1.0128870754710752e-70,0.06722737456335778,6.230903827914897e-47,1.2767669673369846e-6,3.981399149569507e-217,0.7699360301353868,1.0609330393463722e-214,7.137589636295476e-9,2.3373063551608236e-77,9.609473432154313e-7,2.882043199491092e-217,7.577526036931508e-183
0.17179449928169097,0.0008247534275791065,1.3275642529363768e-5,0.00041998631759881814,8.59361468538694e-60,0.002252136216363588,2.2790086767775134e-6,4.125537463584371e-7,0.010492631912205872,9.46829660321517e-16,0.02581671695218884,1.3461330468826836e-6,0.001162838849634734,0.0008838884589757455,6.179412829214374e-9,0.0003578517115092546,0.0048240777079887505,4.971146229875292e-6,7.274164776965287e-16,0.24457290835738893,4.137419639207999e-25,0.0001795074891838585,0.05791860034230079,2.193667649690528e-8,0.004448946479028991,6.553482123386634e-5,2.800461178803101e-15,5.5769060284545765e-6,4.0412895150803234e-8,2.155183625128545e-65,0.004086971176042664,3.74376474361124e-5,0.09601561748322363,8.363411539620058e-161,0.13117271637629557,6.327769183332085e-10,0.0028192127227759816,0.0001824742093583675,0.22967451891634882,0.009968242591623268
0.0003828870840592639,0.0001985155740433959,7.163659700902212e-7,9.514664245098377e-5,1.7374990009046258e-19,6.414266565171448e-16,4.270946965776654e-31,0.00464450484878277,6.379621545855941e-25,0.030430972536500185,0.0003333721522199901,0.07702867115251667,7.388972792280164e-23,1.088933812315868e-7,8.387836246460869e-7,2.2919768921433676e-46,1.429565536039207e-7,0.03649555949078246,0.017950091829652542,0.0007811619095286685,0.0179669300121496,9.911596684461027e-59,0.009882604868185083,0.18604515751907708,8.069518461505465e-20,2.5186776272728452e-24,0.06516030890370986,0.08976075578086042,4.993834722814228e-26,2.018664046032747e-11,1.534831603869377e-6,0.006616568290193817,0.005655839698934664,1.0881585090357441e-18,0.00019706365790249359,0.29246857498393863,1.8123515505457927e-6,0.15182042053695102,0.0048974325173417295,0.0011823058073474318
0.13576390862607046,0.0037073325628232557,4.097132392493236e-15,0.13476481929343856,6.053025372529861e-39,0.004515841547302125,1.3461714732586043e-5,0.006901599715674895,0.007991124445410879,4.091023744036011e-9,0.022551602535645733,0.0006172455360967348,2.89436588364366e-5,0.016511481211012324,0.00021909730090958227,0.012256733346951843,0.0623888000883492,0.00400663680308865,2.0598307324278602e-10,0.010960041787786907,8.984525887053774e-11,5.288413394652601e-7,0.07647974188519772,6.579424408034905e-6,0.03213828081119826,0.00014293312889777652,1.0276712408387498e-8,0.0007112718976838562,5.133776799289262e-7,9.5088473628409e-63,0.15894676947788638,0.000831609561752851,0.023623814829096517,1.27167108529868e-49,0.06069784059147986,0.0001030782565069094,0.09869848619700453,0.001242207271623662,0.12117044032480709,0.0020072192857383984
0.00010805153750277642,5.649940658417128e-8,0.007395495183807181,0.001262785293028236,1.4436676082945552e-8,5.601486039756048e-14,2.4593916056470736e-27,2.4903412088940986e-5,9.461667164224424e-23,0.00013740834021722906,4.3581442468294136e-5,6.273575772969717e-5,5.435107123933011e-20,4.7462109596339537e-7,2.599212516652015e-6,2.0950225074134326e-39,0.0005086158392740731,0.005931205666951105,0.0017800921881758937,0.0007167328573212653,2.2494566359121573e-5,2.5085962303621343e-52,0.0036392070688490226,0.10146595528485786,7.014059338086932e-21,1.0852530531661494e-24,0.002361897825955379,0.0080427754104292,2.3333508033154248e-21,2.8215296197491953e-7,2.2352530537980212e-5,0.2574610551362962,0.0025196554239517825,1.6345718175320425e-5,8.33633597275402e-5,0.0407537780763529,3.6762234412069334e-7,0.5648036160599635,0.0005879248771009061,0.0002441765978209157
0.06193514006057198,0.006691584697069049,6.918039184315197e-6,0.0009378815382682507,3.533105246952428e-60,0.0013203916058187669,4.069317229039427e-6,7.105588743536752e-8,0.0011701869124308847,1.3156239011848839e-14,0.020474757245412246,4.162971160297277e-7,0.002160575407803584,0.00010822095365174003,3.7991019364993844e-8,5.073496263643612e-7,5.780981633017272e-5,2.564317459216816e-6,4.474213828817493e-15,0.45474410788246106,8.7764578857807e-25,7.818050675847913e-5,0.02917862658228932,5.435650186419747e-9,7.635333974037767e-5,5.5849007920277884e-5,2.3796401599642766e-16,1.8289923544966476e-6,2.766810156437756e-7,2.2106942983504767e-65,0.010423477338628846,0.0001715848543497897,0.05590586109338886,1.1363029929306324e-159,0.2868358247915346,2.4201585612606273e-10,0.005834762461635995,8.364329884268126e-5,0.058138343062156504,0.003600141824360673
0.014156701596861242,0.01536320986717978,4.12022210746048e-7,0.05872622175537388,1.6537645012843707e-60,0.002325314463463339,2.3555451389552242e-6,6.425691564967153e-7,0.0003015307205951397,2.7258151169348603e-13,0.03121827895242883,7.26721556183793e-6,0.0008613558742525746,0.002122430867614099,1.532260475315846e-8,1.7923142176695198e-6,0.013426631437674927,0.00018918844510927612,1.4914299571271755e-15,0.3325453985057702,3.9686248019737637e-23,1.2501027977704473e-5,0.05375191016944284,2.6846795302071327e-9,0.0010227170733545718,9.425372434030339e-5,1.9428873273539854e-17,2.232615231872176e-6,1.0360316191118114e-7,2.4850789252580005e-67,0.0005339087831946166,8.676186577201135e-5,0.05203092906489108,1.351861406530913e-143,0.24429186868989286,4.3605459744445055e-10,0.011845270357101069,7.795963106718962e-5,0.1234170578917177,0.04158377490663247
40,24
0.9994580971046959,1.2524431194031309e-5,1.0676345760653556e-31,8.277593653030748e-36,1.417670838596302e-41,5.962568696246619e-83,0.0005293784641102128,2.753598080719125e-115,5.888259214929211e-274,3.591772337319975e-247,4.988770940401472e-258,4.860757600962243e-215,5.141210665335447e-166,8.741105711583721e-89,0.0,0.0,0.0,0.0,0.0,0.0,0.0,0.0,0.0,0.0
0.9997252631209621,0.00027473687903804616,6.860595432370364e-27,4.947235903815496e-31,1.946926537601051e-34,1.0521646349806018e-71,5.117194428709686e-96,4.542642154243226e-90,4.957204195560862e-152,8.494528196153786e-136,3.7800070486730334e-125,1.0363730158965139e-125,8.94841301772093e-160,2.2708239663978572e-138,8.216208483001444e-306,3.006379969401114e-244,0.0,0.0,0.0,0.0,0.0,0.0,0.0,0.0
2.576163959315989e-153,1.2835464554951878e-24,0.07442349740715061,0.08727456875185104,0.11827894465462375,0.09775025534879052,0.09486460771952406,0.05125678389804479,0.08458045103913535,0.08659588287616597,0.04869422416164371,0.05302636075755638,0.06131001916059179,0.034236844218037035,0.03407914591724399,0.04200376128450629,0.014793789767496832,0.006336709704332673,0.003991738030857595,0.0021767089368163535,0.0021836390984289033,0.0,1.8893468357343176e-9,0.0021420653778553857
0.7549517489604581,0.24504825103954195,1.2676190414689153e-20,1.0491545234591578e-37,1.3271387791651216e-41,1.3153412633631898e-59,2.1379795802723223e-112,8.342574878482766e-80,5.714415987619868e-157,9.123524713981283e-160,4.154282402101868e-179,1.8157220377689857e-122,6.567894669010825e-114,4.1788306082548186e-237,8.88268343457437e-220,8.448135899960593e-306,0.0,0.0,0.0,0.0,0.0,0.0,0.0,0.0
1.1767113759972515e-277,1.0095047456559891e-131,7.3145473197395e-81,0.03063973200383405,0.9033944709145557,0.06050662305802835,0.002379603187807687,0.002037065255464384,1.6819832137529378e-45,0.0010425055607059548,2.800666701985394e-24,1.5942300252835027e-59,3.140689235739757e-79,1.6307686459150978e-116,3.4271154550030915e-22,1.960386386842447e-11,1.4322693581800163e-105,3.7773099736988395e-144,2.5488116879972576e-192,9.250380977266627e-207,7.224101558784478e-257,0.0,9.832525097836998e-239,0.0
0.19570101880815524,0.7999522072465506,0.004346729216486835,3.002745780665245e-19,9.343231748261142e-9,1.6753900674376923e-19,6.494755461254271e-19,3.6519380930781217e-19,4.115003970754136e-97,4.807214573797347e-94,5.478005415600069e-98,3.538557531674749e-8,2.259104227125946e-66,2.6099591490805984e-16,1.140297648316008e-145,1.0472117165150091e-125,4.87641455302135e-229,0.0,0.0,0.0,0.0,0.0,0.0,0.0
0.04600404416036028,0.2996501620555874,0.269199162143399,0.06081430449755244,0.1363072706198533,0.09194182674391073,4.569590058042872e-16,0.047325330791271755,0.04127987427468546,3.867645444457962e-26,5.225704283515735e-22,0.007478000474429107,5.1277697434216065e-23,2.4238950001698288e-8,6.058482170141283e-107,1.1195801790019223e-106,1.184136528113273e-93,1.5136714152070343e-296,1.4043737264e-314,1.66e-321,0.0,0.0,0.0,0.0
0.022251574450368586,0.9699436429158663,0.00121122108022405,1.9838993208320492e-10,0.004305987593358744,0.000789598243085616,0.0014809766851910495,2.0486965384328338e-21,1.9675573904648836e-131,1.9906928609226706e-122,2.1440288315801368e-78,1.699883351562716e-5,1.3186725009837766e-132,6.753554302839447e-143,1.5019797799339826e-109,7.652419033752406e-173,2.964517827904469e-272,0.0,0.0,0.0,0.0,0.0,0.0,0.0
8.852081258204772e-5,0.02376570271352703,0.17901126839634487,0.5172028740219944,0.2661419627081707,0.013789671347380936,5.445888344558058e-34,5.122761983544681e-25,1.1347350723010294e-93,2.518606675280327e-67,2.151047938156364e-56,2.0081244684963626e-40,1.3553617441771308e-64,1.545282142339444e-65,1.1669320684313557e-134,4.7116699738514895e-189,3.7932289148203866e-179,0.0,0.0,0.0,0.0,0.0,0.0,0.0
1.2371067594141011e-23,0.8190554413475376,0.1787949855703931,1.0641332684082268e-29,7.739048763050943e-34,0.0021495730820696277,3.9480824565272884e-61,1.1181970253363075e-41,8.253136026145672e-105,6.402914574365688e-116,1.573122845057512e-106,1.7453121840249335e-90,6.019974976174978e-105,5.16489492160064e-87,4.45576197688197e-145,2.435375777426683e-286,0.0,0.0,0.0,0.0,0.0,0.0,0.0,0.0
0.9977286078070319,0.002271392192968088,7.701263350497261e-23,1.4273034639537948e-28,4.0979456914433403e-33,1.625541486575626e-65,1.4300127894403117e-49,2.26821863013025e-87,7.943188457697792e-139,1.073628042534609e-138,5.1327029380294e-140,1.9474930971908366e-125,1.9553352596238554e-138,2.2275277488416372e-72,1.468e-320,3.7972353639206974e-297,0.0,0.0,0.0,0.0,0.0,0.0,0.0,0.0
0.00020314576901643778,0.939278492177414,0.058862940577799096,2.1172160961160275e-9,0.0016486192034409325,6.7966673830959405e-6,3.455310110972789e-9,1.9428009792890125e-17,7.356559890157033e-104,1.615424264066273e-103,2.3067888021839663e-79,3.242035687812981e-11,1.1297719617194424e-89,3.935518545363341e-50,2.2285323858606457e-103,5.24890407595479e-148,1.2980838264860431e-266,0.0,0.0,3.111323322811916e-297,0.0,0.0,0.0,0.0
7.704280295271343e-15,0.0009322337749338114,0.03965522935347762,0.007243662905790878,0.025113853964499912,0.12113767943992315,0.16073371575921128,0.11929153183132657,0.11855793309409499,0.066609200949824,0.05289858476973633,0.09484626887485366,0.15471900068397193,0.038260016003470204,1.0885948781253531e-6,1.2955740495501484e-36,1.7626836796394876e-78,4.7294157024427404e-272,6.343705131348725e-291,0.0,0.0,0.0,9.537068840755275e-297,1.4061140837057974e-165
0.02042693645374641,0.9671993256650184,0.007847595687061736,3.5602658753648626e-11,0.003642325756276153,0.000765771557311809,1.3833247081573412e-6,1.9842607912794243e-13,1.382919414728026e-77,6.657335964787154e-59,3.733161939737851e-48,0.00011666152007609952,3.8274158137645173e-51,4.865098622588535e-86,9.536991225423731e-87,1.2178359736178762e-105,1.5862614445226804e-256,0.0,0.0,0.0,0.0,0.0,0.0,0.0
5.230979736210777e-25,0.2850183118886089,0.23346774324983285,0.1203129325584833,0.15211282736476614,0.0838430970135413,0.041879255813808136,0.04231911578264406,2.3888648537223718e-14,5.841369557008462e-10,0.0041506714620390016,0.0062757183161001795,0.003975388458374367,0.018089933527892073,0.008555003979748722,1.654606913119019e-60,2.232309406883905e-105,1.9878752970110002e-219,2.9005859261462358e-260,3.3709487177406826e-155,2.6552139741253574e-252,0.0,1.4355545572911106e-286,3.338947620669278e-204
0.2788165998202054,0.40168053359437633,0.13415547904438285,0.07441845093359073,0.07585373953730942,0.0010104558236295302,0.00435581255140294,0.029471986217687842,7.130703196737897e-21,0.00010050605306156083,0.0001364285986144049,6.485621143891708e-9,2.5792118607935857e-17,3.854147102705126e-37,2.8146175574981044e-45,5.002396167661742e-80,1.340117687304565e-9,0.0,0.0,0.0,0.0,0.0,0.0,0.0
0.5996817588268586,0.3875115635267551,0.005735597095902355,2.7421369881862666e-17,0.0035224207927022767,0.0035486333840256752,4.41298278158454e-30,2.637375614863489e-8,1.8266582962122643e-93,1.0343910641532065e-95,9.384298514224031e-98,9.189683008578407e-57,9.760022941036771e-49,2.727807984369752e-138,6.099545738540618e-180,7.568547355039832e-175,4.8324329146380153e-293,0.0,0.0,0.0,0.0,0.0,0.0,0.0
9.140587072888969e-18,0.9552369184464922,0.04476308064940747,2.2109459538217143e-27,8.924311202106328e-10,1.1669191206221066e-11,3.728090643232506e-48,4.759509257987218e-19,6.938419245569442e-115,2.659807382136423e-80,3.6731609920800885e-77,2.3737107851132624e-92,2.3736304998384113e-83,3.2186690332682464e-97,4.075116215444893e-76,8.077712070835186e-217,0.0,0.0,0.0,1.0898338795693067e-300,0.0,0.0,0.0,0.0
5.886835317847759e-35,2.991294443958762e-7,0.4159873177318556,0.4740044448563761,0.08541143665764796,0.019130467116779654,0.005448814968498737,1.5718712620744832e-26,1.97778391186247e-45,1.1414718937688597e-15,2.0122463049939852e-18,2.9676017513256457e-22,7.499042854382002e-41,1.72195393964377e-5,5.120215299131614e-108,1.5853329359777328e-144,7.764483042927608e-172,2.623e-321,0.0,1.2767715894954805e-277,0.0,0.0,0.0,0.0
0.9999916178392051,8.382160795113829e-6,4.283368130005222e-31,2.1897800114448548e-35,1.127022120382715e-41,1.881334343568954e-84,8.017345553100178e-65,2.856850894165841e-121,8.523554241199647e-219,2.618069065623432e-215,3.555018156259219e-212,2.674095147056451e-202,3.0898154140665377e-217,7.840551020175927e-88,0.0,0.0,0.0,0.0,0.0,0.0,0.0,0.0,0.0,0.0
3.2049860382915316e-16,0.16440592467958293,0.8337698173446975,1.0094643946970649e-24,8.628005207044301e-23,1.0456481043412833e-15,2.0325988439176675e-46,0.0018242579757182464,1.1338513323516581e-98,1.2727612418065756e-120,9.181242437007397e-89,7.209235318598379e-87,7.72382103603868e-91,2.3835094766099127e-77,1.3142173700952604e-87,4.554574751782938e-238,5.014871903152446e-287,0.0,0.0,0.0,0.0,0.0,0.0,0.0
0.501008662016562,5.5482744633953435e-24,7.750929298738098e-17,0.0664244512421188,0.0454457283884469,0.08593828185784082,0.04587615423811435,0.03508682819259125,0.06730043979556322,0.04956372784675747,0.05049186110564114,0.02029793316204683,0.025083629436663986,2.1573178646455304e-126,1.21629323969159e-309,3.697740226263523e-100,0.007482302717653061,0.0,0.0,0.0,0.0,0.0,0.0,0.0
0.9998944394342562,0.00010556056574392076,1.3726557984189751e-32,7.656016878149223e-38,3.4187426260450733e-42,2.8930207204465975e-87,4.197092131875235e-118,8.340320893192621e-123,6.4124077219784136e-229,2.3181799493495462e-216,3.035444899036578e-201,2.3812744340924284e-197,8.202572112132801e-226,1.0876022533590186e-147,0.0,0.0,0.0,0.0,0.0,0.0,0.0,0.0,0.0,0.0
2.3166741643852844e-69,5.1575733165542525e-5,0.9965022814103744,0.0014890162955960415,2.501994565283413e-6,2.477169343512313e-7,0.0019543768493544902,9.936101825056876e-15,9.335879311564103e-60,1.343646308373053e-43,3.305337404461263e-68,1.014530410349705e-89,6.31943491557479e-39,2.2974160349231264e-50,1.8711337063040014e-75,4.242810543123452e-161,9.499409130019806e-219,7.494121917189606e-270,0.0,3.399428917020941e-154,0.0,0.0,0.0,0.0
0.9940641903597024,0.0004179892009326815,0.004856883466346557,0.00010817743972234471,0.0005527594689898744,5.3728708914252145e-52,1.1300324004383148e-81,6.430669504417473e-11,6.401764951793702e-92,1.0787544930725957e-139,1.4216548017918143e-168,2.7154527812182496e-47,4.365272404995488e-135,1.5738280906256854e-101,1.2199699609952845e-237,5.5661341272530266e-182,4.968725134375355e-282,0.0,0.0,0.0,0.0,0.0,0.0,0.0
0.9717765708189446,0.0010826831486313762,0.009497379586086699,0.014821793576884415,2.350797852260745e-24,4.03059347685039e-62,2.0215095956936126e-85,6.817991016899271e-62,0.0028215715592002366,1.3080072802557357e-121,6.440597527630011e-148,1.3102528644392941e-9,3.1500842861186087e-100,9.812764391482188e-117,4.8478465534424057e-197,3.585439446937726e-251,3.335254599152835e-275,0.0,0.0,0.0,0.0,0.0,0.0,0.0
3.674098250073257e-182,9.902970370425095e-72,0.008236894536124846,0.9475814947999336,0.039205607111883124,7.409388385017763e-5,1.1668755943793607e-31,0.001983392870582614,0.0017426512071949318,6.306725806703061e-50,0.0011758655904308367,1.5811952315014323e-53,2.6376015745713275e-52,9.461676769922028e-108,1.5628154217094498e-93,7.470493576609167e-89,3.5262277216252056e-86,9.071068401503287e-194,2.6614404211120004e-224,2.9933017764038075e-101,8.423827914291609e-231,0.0,1.1828730192470475e-266,2.973462395553313e-306
6.380431213029005e-18,0.9999924151019443,7.584898055827522e-6,3.1804494599288366e-20,4.530332979625015e-34,1.4072988461774052e-34,1.5796637475739634e-64,1.57001886893963e-75,1.2950711165467182e-56,4.664225962204697e-86,5.631546608778858e-85,1.154986018844567e-116,3.684129285397757e-125,9.152059089837035e-129,3.5416191606976844e-131,1.1172782014840273e-295,0.0,0.0,0.0,0.0,0.0,0.0,0.0,0.0
0.4609184662344359,0.31750696906255726,0.20956372595893633,0.002709306403166557,1.7202861422860333e-18,0.00697175327086283,2.2797240470718143e-56,4.1358214805102833e-82,1.1546805966087056e-17,8.368991515172039e-51,2.975730511684513e-54,0.00232977907004129,1.1396487670454916e-94,2.0991067921633e-148,2.0271558597210615e-195,0.0,0.0,0.0,0.0,0.0,0.0,0.0,0.0,0.0
2.962647516458646e-222,3.053488061057683e-131,2.7498536860644075e-55,2.0538125816601133e-50,1.4433978997045973e-19,0.026634275466308036,0.5964467095164049,0.2504141764286601,0.06670453565811138,0.013398655350990628,0.009935523748849106,0.010975483519127801,7.461910673414616e-5,0.005020761986247331,0.0003506986158538212,0.0023265695521009324,0.004507663730433036,0.002240417444636868,0.0002935543595111698,0.004266369804239158,0.0021088366115181527,0.0,0.00430114910027356,2.0345114290541526e-174
0.5621089851376778,0.4378910148623222,2.2201469452101534e-20,1.0172143803510613e-29,4.534947876593297e-33,5.095999005823443e-59,2.4429423257799497e-69,2.5431561920145575e-68,3.86736872292494e-139,5.8658901169863254e-120,3.7602756744104866e-157,6.501837631159047e-95,1.6157021876082175e-94,9.93099227779021e-114,8.569441275853757e-193,1.6383650836727256e-228,0.0,0.0,0.0,0.0,0.0,0.0,0.0,0.0
1.6046290985449726e-111,0.002540907110270357,0.8925727805418787,0.028096819509440304,0.035375894812855496,0.035612278412990354,0.00012097563172827245,0.005663233700323388,1.091655959996156e-37,1.711028051328425e-5,2.3729134887293887e-76,5.78319034558194e-93,5.356468973498574e-65,5.170545936669466e-64,2.3990183663907663e-89,1.8000684921652733e-140,4.443696904853264e-151,2.695363755400297e-177,2.4081908919780766e-183,3.5646821732477425e-80,7.236733700543768e-184,0.0,3.440950538208879e-218,1.262322209178687e-189
0.9999863792046225,1.362079537740229e-5,3.866319657685341e-33,1.9961998967354195e-35,3.3379255509514435e-40,8.503949158848627e-88,2.6560095431137333e-93,9.813607016945311e-124,4.1913677537592895e-230,1.7757581159083463e-225,3.9619141099739087e-227,2.7929217654587366e-218,7.874217388980923e-239,6.004893425743236e-121,0.0,0.0,0.0,0.0,0.0,0.0,0.0,0.0,0.0,0.0
0.0,4.450781031922565e-175,7.198261883493797e-113,5.16974744518974e-51,0.01768709445648336,0.9369653245762382,0.04164003684533114,0.0006825038927488072,3.118644198097665e-60,5.932978844753425e-16,3.4494420248438985e-72,1.0727203918526226e-35,0.0009057943462174701,1.1540606215500931e-79,0.001682244957508839,0.0004370009254715833,1.2221925727174866e-66,5.166117581178118e-42,6.532867208016369e-131,8.25742170218989e-146,1.9695549689457602e-160,0.0,1.3158155292909901e-132,0.0
0.9999925419554334,7.4580445667824125e-6,8.230257926196537e-32,1.1458010502745253e-34,3.949545918298501e-40,6.055570101745341e-80,1.2818141737704607e-65,5.1268036601088915e-112,2.0673129674291458e-187,4.187422141610929e-179,1.5643737828897723e-178,5.3846804433484176e-163,9.061335872818527e-197,9.702413904175421e-91,0.0,0.0,0.0,0.0,0.0,0.0,0.0,0.0,0.0,0.0
8.560086395911161e-86,0.005762713907628925,0.9691054096648294,0.025131874105701096,2.321819401664062e-9,2.1281859141714045e-14,7.696990877765756e-20,6.191067218340531e-35,3.807078183109988e-25,3.877923203047387e-38,1.0028606053252723e-82,4.805202276426045e-119,5.910785113205806e-105,3.979851268264811e-58,3.7473555410117044e-156,6.011986045335021e-248,2.6971155315512616e-268,0.0,0.0,6.546e-321,0.0,0.0,0.0,0.0
0.8906869163003988,0.10931308369960141,3.174193143715198e-18,2.049938625895056e-30,1.125538019988844e-25,3.5307777734843473e-43,1.100665929667243e-75,1.0737477658258193e-49,8.476352711191016e-159,3.793389696058061e-133,2.949337735297148e-162,1.1044324675435391e-68,3.21907095597955e-89,5.879247202922474e-128,5.749349778735036e-225,2.2885911472164384e-147,0.0,0.0,0.0,0.0,0.0,0.0,0.0,0.0
6.940081148319153e-128,0.06339666309696179,0.8547922561082382,0.07095102011097748,0.0014734556407632116,0.0012935515412338082,0.008071397943153043,2.0220137275046923e-5,5.970622782448124e-46,1.4354213971045443e-6,6.429233596442341e-91,2.786247866936505e-102,2.537193979427464e-93,7.884434696634431e-68,1.0885641343010228e-113,7.946816681763645e-191,2.718993682770434e-194,3.3815515641458768e-245,1.769717013170375e-285,5.275029889653297e-135,2.153518687163226e-258,0.0,4.6664177724536526e-300,2.6045073744652505e-255
0.9999769935248889,2.300647511107965e-5,8.108464291217797e-34,5.731381104462901e-37,3.5753675513940984e-40,2.7283075767367756e-86,1.2561900071705843e-143,5.771223131170475e-127,4.650863906611787e-221,3.0942361093897165e-210,1.6500278903636823e-195,3.721182529535726e-207,2.275095391554208e-227,6.0720981446783e-188,0.0,0.0,0.0,0.0,0.0,0.0,0.0,0.0,0.0,0.0
0.9983977157014243,0.0016022842985757948,5.8570295291525526e-27,1.2255717256002666e-33,1.7732191098073858e-38,3.6606708102448717e-78,2.2878200609899193e-116,2.317763899682155e-99,6.15087176612297e-175,8.774033451015369e-181,1.2197012027517362e-175,6.038880090682696e-152,1.3483587438334144e-169,2.6954586214711264e-165,0.0,0.0,0.0,0.0,0.0,0.0,0.0,0.0,0.0,0.0
1.0,0.0,0.0,0.0,0.0,0.0,0.0,0.0,0.0,0.0,0.0,0.0,0.0,0.0,0.0,0.0,0.0,0.0,0.0,0.0,0.0,0.0,0.0,0.0,0.0,0.0,0.0,0.0,0.0,0.0,0.0,0.0,0.0,0.0,0.0,0.0,0.0,0.0,0.0,0.0
0.57919586,0.020561066,0.1776917,0.13984029,0.81125003,1.0,0.25639662,0.6575281,0.9009652,0.29850382,0.77057904,0.49981079,0.05894501,0.61998516,0.3392756,0.095200896,0.4189988,0.7419825,0.21858089,0.379871,0.69353694,0.874671,0.5383425,0.46030408
0.69353694:18,0.379871:10,0.874671:22,0.4189988:11,1.0:24,0.29850382:8,0.61998516:16,0.77057904:20,0.9009652:23,0.020561066:1,0.46030408:12,0.6575281:17,0.1776917:5,0.095200896:3,0.7419825:19,0.25639662:7,0.5383425:14,0.13984029:4,0.57919586:15,0.3392756:9,0.21858089:6,0.49981079:13,0.81125003:21,0.05894501:2
