20
0.61335139327216,0.08942940718401021,0.03523616519976865,6.671513901079899e-16,1.052108383546462e-12,0.007541667138590178,0.004565528639514436,0.001950242677293389,4.078601912814331e-8,0.18132972849714343,0.0014064226290127952,0.046140306663235646,4.193102025645963e-9,7.427882689589328e-8,3.6683435651528614e-18,5.049629180679933e-6,1.4294656571625612e-8,0.008143759702230018,0.005035310509477942,0.0058648847047250464
0.0019563943216906023,0.5440411468895611,0.4415061603431336,9.774731604002624e-16,2.349752000482544e-12,2.308114602469652e-6,5.3301956880874066e-8,0.0028015014679622988,1.3597865924132702e-8,0.008907264314777603,0.0007615318426990251,9.634296898315718e-6,7.62760427198855e-7,2.4599431281063904e-6,4.3625509170493765e-8,2.870862225705571e-14,4.8680429207282604e-11,4.668415942380252e-6,2.4350284213167093e-10,6.056469282683654e-6
0.21354615958076076,3.912191259595694e-5,7.572571557575074e-6,0.01254070863544871,4.187225972775858e-6,0.006341362097302077,0.040307741545148816,0.012215507465706087,0.01587464317125775,0.09612137854612428,0.4227384822335362,0.04455836824519601,0.03865886037805618,0.001473634849455777,0.018323684108516605,0.00010023247940520855,0.005156299810470999,0.01677802124042021,0.02231170106418498,0.03290233283888305
2.2683852982037934e-25,0.028934321104331945,1.1465526601789547e-6,0.536888607872333,0.15153937665403078,0.00348046166112965,2.4818598740658465e-20,0.006284104402985609,0.0693172407412073,1.0114349838281338e-8,0.009116651244518893,2.222057300503965e-16,0.00036713908766407765,0.03487028144048409,0.15182373663182222,0.005904163878555301,2.1565006327804347e-9,4.4393909267540676e-5,1.1595987628295632e-11,0.001428362536562726
5.70812917250579e-10,0.04136814582879764,6.468941444690846e-14,0.011474943133961971,0.4893406909439775,0.00038640165602108633,3.7689145411078864e-7,4.432773336188818e-6,0.010482318439919877,5.6070000737413456e-8,3.413664696223839e-5,4.1481750299607403e-10,0.0005945797575478278,0.018146760153336192,4.32745664726126e-6,0.001204738256626813,0.35538173832702485,0.06533249725140229,0.006243847047509605,8.379778700600547e-9
0.01912330337302286,0.02559424250973471,3.407492179477682e-9,1.1512536089762645e-15,0.0003508101954203739,0.30114781520776734,0.40795158247206986,0.030715412351902612,8.204887704989481e-12,0.01510100025343554,0.00382103851363512,0.05062876867342238,6.119374593265157e-10,1.8564474720686665e-7,1.813580732186514e-10,9.770318122572088e-9,0.008474229547236105,0.13187689867110483,0.005159955923020747,5.474268416846619e-5
5.318336925307328e-14,0.03157154883880024,1.6031740487686143e-7,0.061512117773138225,1.5023977826770782e-5,3.392054879387753e-8,1.9992187567913843e-6,3.6924076113045378e-6,0.003966529906708957,8.083441846239234e-13,0.012961142317867212,2.596134641819786e-7,0.4791832472788301,0.004978798572449133,0.00670314025442341,0.00035886212638409096,3.1834633216182004e-5,4.074935628462369e-5,0.39855609969872546,0.0001147597866981139
6.817793800476996e-5,0.07689388857858032,6.817833654813467e-8,8.020800000658456e-11,0.002043372236001052,0.20970742067381928,0.22483952357748493,0.1902953728599158,2.0348928086925294e-6,0.0954468421677063,0.07459802751434719,0.009164333488647022,0.0007119426880933923,8.922315657972596e-5,8.686648894723183e-12,6.623754134544403e-5,0.00655155470140129,0.10159029695673666,0.001863111460588603,0.0060685713007082405
0.010858195148871042,0.04040607400542565,1.5419577913260862e-7,1.9191081985280245e-19,2.14607556200435e-5,0.517259459288882,0.13322629573094116,0.00025554659938319135,2.1894187257293023e-5,0.023957816962270298,0.0397361455875319,2.8253309495543064e-5,4.162166855483491e-7,0.003369590854933056,4.289015645030641e-11,0.03119220574276419,0.00012013610229213647,0.1994111595486511,1.1902402450567474e-5,0.00012329331787587714
0.09085623768884285,0.028052447232794472,0.006455099087065013,0.0009721559029316347,5.869805078524452e-13,0.025752061360607592,0.03244654641543162,0.01307686154015019,2.3502237914431805e-7,0.5591843572127133,0.00021821669941317592,0.23140118745443033,0.0019645800323385225,1.2668887995635336e-5,9.94005818144435e-14,1.1085625701713199e-6,0.004270050161331425,0.0008682733342895042,0.004086945315376235,0.000380968088652635
0.0054947539219216395,0.3277659757866946,0.0429579475665608,0.003761503318249752,1.77345454655347e-7,0.00681774063291195,0.012849577082808514,0.022577608612182408,0.0002965669547110977,0.010491709866383888,0.499201411099202,0.04450765681226708,0.0019839943946354873,3.5577220373036114e-6,0.0002471110264207852,3.687478932221174e-6,1.9422364391902175e-5,0.017078613672375096,0.00013760101443905257,0.003803383327419527
0.001731981761042682,0.03225260819518652,2.4800062586646277e-5,0.01457890918158827,0.0058630845140838364,0.008334740345149732,0.2026866580866754,0.0013976878190601135,4.6873479764708857e-7,0.0037504166158180735,8.475828692234515e-5,0.02256077632666628,0.08279715852769481,0.007475686918223233,2.819254234939269e-7,0.03743909031922469,0.03173918092746322,0.01847243722593664,0.02115829538719841,0.507650978839258
0.004073071705829999,0.06992752295560868,0.00026939432226783254,8.121625255774726e-11,0.00045727398169223375,9.745400633945888e-6,9.494862411856359e-7,6.538581294466705e-5,0.3545747952214507,3.9135244502800226e-5,0.05638677666823485,1.3713394738392784e-6,0.26621640321951295,0.15292258251170526,0.003595543522955362,0.06538116751054852,3.873441912073773e-6,2.2339852995681844e-5,0.009296065558361427,0.016756602161911768
1.6650376640316874e-5,0.007254932603455631,2.5144651393155224e-12,3.353842802153816e-6,0.05665397125646329,0.0004354530912546441,0.0008771065871518789,0.0065294965018188765,0.0002659121316411639,0.0026696735799481503,0.0015240050142874548,2.8572792314956827e-6,0.006035017524709058,0.10877127199264189,9.227376590215743e-5,0.4166903118696413,0.13755847344624267,0.06779820913578254,0.18472234056292983,0.002098689434941152
4.154817269696642e-9,0.03081181499932658,0.006148119286783466,1.5952925856684237e-5,0.034887941754594164,0.00019068821714379587,1.7278080993884932e-6,0.005240119315761175,0.4188980514835374,0.012010820946483909,0.008407307437061003,7.581339773761723e-8,0.06404891610482408,0.06736955427651381,0.2295971380257243,0.08423870186418599,0.02509971188172938,0.008899475068022474,8.843556082294081e-6,0.004125035080055007
0.0024264388874249997,0.03751451425573389,2.4854758835518253e-10,6.052931408098846e-10,0.004060250566182778,0.04847740968709013,0.028835857304910062,0.3053900182668071,0.0006603433990561166,0.011860956344562579,0.0025470944597261493,1.624014683337097e-5,0.00017437726942896942,0.16637497410926344,5.471306082049399e-10,0.060407040620289024,0.22058228948091155,0.09980119992639695,0.009823353652195211,0.0010476402222163801
9.878700809424475e-6,0.022853012212923483,0.0018193108659005728,0.8815687777925449,0.01899432496621537,4.8184301802205824e-9,5.0966870451647525e-9,1.601296670077191e-11,2.8667108682773984e-5,8.125855218809272e-7,3.152262115906404e-5,6.801444858367657e-11,0.06732561886284386,0.00012730994715325243,0.006227727805759223,1.453637476864551e-7,0.00010902573960164944,1.3503421198099114e-7,0.0009032781003593187,4.4229342085013355e-7
2.2661414003403776e-5,0.06027671817152905,9.54152969597464e-9,3.1706831683419225e-6,0.0005036773586316593,0.03275739956602914,0.13791468407043248,0.027433501096645267,0.001561284221466527,7.987609906677729e-5,0.013505875917283625,7.242019922178826e-5,0.0064099587536289426,0.1303274257894849,5.059021437901721e-10,0.00024889562742765915,0.06888319678335969,0.41713333570210454,0.08801298190824329,0.014852926590841094
0.0003923031993821626,0.03370986071197873,0.007732325351704651,0.1909222303417331,4.2981260164884415e-7,5.462612376730516e-12,1.1658893478895585e-9,8.275549440298243e-13,0.0025614133455294586,4.548003037987178e-16,0.00892592506703766,6.767846168807991e-13,0.04155405955092042,0.000958271591390639,0.7092422712620667,7.307025516866785e-8,7.665007026668661e-8,3.7353466960977e-7,0.003383299524306414,0.0006170858134965234
0.021928609123897314,0.004533488188573614,0.0016068059146365696,1.0416673483125811e-11,9.354210461600327e-8,0.04386910591471492,0.029003512563108857,0.0067610855036638355,5.277750997065475e-8,0.36361016691844167,0.005666923663493665,0.019577005951871687,4.7218696572339815e-5,1.712740512661305e-5,3.2571781666817197e-12,8.934782312514728e-5,0.0029814466439048093,0.0010411095575203974,1.3811923934208028e-5,0.4992530878741259
20,100
1.7642565398734737e-74,4.162432265185529e-96,2.6221302187540495e-191,6.927952485714921e-48,4.703261258665154e-18,1.8621902742731615e-134,5.132688901521743e-81,1.8500905860379985e-78,2.6685174542603313e-116,3.8992587392708043e-38,4.875319594712691e-45,5.581992595489509e-47,6.641570075925836e-17,7.679909530796082e-55,8.979190882166401e-77,7.920441021035833e-8,3.522358155600778e-30,2.0498692634545038e-48,4.3753070423805587e-45,1.2230436430165967e-26,5.344410211404083e-15,4.381942974103243e-14,2.6460906636975384e-54,6.459872165892456e-8,2.22181346996404e-56,4.836294238397766e-13,0.0003750111076175896,3.692649958050168e-72,3.6110863651372854e-53,2.3104675360740595e-43,1.355481447442192e-15,1.970255564596125e-6,1.901277694770019e-33,9.623427423840912e-13,6.213394503146682e-16,4.98718595602025e-45,9.608032290955184e-37,0.0004393289344066564,3.645981785169076e-25,3.809629772524041e-29,0.00017396146900119688,1.9331337105034468e-10,6.066769880905162e-7,1.0622278273173584e-21,0.0001195864065683921,1.68669606626005e-16,4.054812541640134e-19,1.0248634848633891e-22,2.7773864377792814e-9,7.533896677267494e-14,0.001680857288687001,1.5513189416130933e-7,1.6724843662294893e-5,0.0029709135716994694,9.610706332108382e-7,0.00033387016042010905,0.0030476610210685077,0.001025224882281088,1.3484607871712125e-6,0.003381012663285788,0.00047448712061643914,0.0005562584994537645,7.317784354417506e-5,0.0007408299942075275,3.277722574632525e-5,0.0007148913672975746,0.0023258660505361944,2.6437355524131924e-6,0.0105456578262615,0.009930787006734328,0.018546184725537478,0.01362011207789303,0.024551959602069427,0.037467343050077075,0.0646040375500209,0.06704832128100974,0.09057512766303968,0.10215911610871935,0.09766128965811828,0.10240966224176938,0.06878615383389639,0.09672061491957212,0.07098383060431837,0.05111291717623731,0.02052222007092058,0.014281148801132857,0.003268673576832131,5.541363914207849e-6,3.238111823595035e-7,2.5642488118144955e-9,2.44477965800791e-10,5.363448878341149e-13,0.0005308971488762285,0.00352934594571367,0.012648403220836008,1.0526154431977181e-9,5.366912059573043e-26,5.4316514910790546e-8,3.5938697035371723e-31,3.276945646874575e-73
3.8049031912582824e-13,0.00019502320511741007,4.7355676603720336e-101,0.00023596722463927277,0.0005025913078190428,4.421757169731226e-93,1.4075984572437646e-27,1.5271153248869093e-5,1.538123091789608e-44,4.165316100215523e-5,5.73127182953491e-12,0.0005156287480470112,0.0009016271558235317,2.631469117879016e-10,1.405605492085508e-33,9.604211817013525e-10,7.755678255377786e-10,0.0010538086291165898,3.8312510924577707e-13,1.5621462434761367e-29,6.5182939941684796e-15,3.75690672230089e-20,1.2084877715476847e-5,1.8491935688644289e-31,4.912939970850395e-16,1.5315358693934957e-9,9.086019146504527e-6,2.913780003015589e-26,2.995216890644493e-8,1.295375687649035e-41,2.470005808600906e-20,0.0005157712797011412,9.124526991026418e-20,9.788031028825835e-17,2.8966692262511262e-15,1.2620487624008756e-12,6.33092613110766e-19,0.0008679299908792809,4.207165092170904e-12,1.7412674541688304e-15,6.416062847204816e-18,1.526643626928813e-16,4.609933803835791e-21,2.5153267378705884e-17,1.5336088688345254e-13,0.00020448345031195145,3.4551539859401634e-7,4.1782622279933275e-8,1.0473143063363103e-10,1.8196679035214742e-22,0.0007754819183119012,4.0467927566013213e-10,0.0008364112390227472,0.0011909453223701997,3.2331453551550914e-15,0.0002571978223882462,2.058957306211587e-16,0.00037115691490782635,0.0012215496822723763,0.00023268688615216623,0.001049594929859964,0.0012967910302522719,2.605187983110892e-5,8.40637185735452e-11,4.3216928496262956e-5,1.476679392000022e-7,7.927398899169617e-6,8.204166941272403e-10,0.0001078911364919691,0.004222060894281506,0.0025717737720531908,0.0008936254002403045,0.0019386104584812889,0.0029626517883102996,5.845129695476867e-7,0.0012556518710759351,0.0032299003705800453,0.0024525291230520193,0.00010500101178299391,0.004968411253309663,0.010550488846471024,0.013072419672479345,0.018447442442683547,0.023688734231784192,0.03482826318091956,0.03676997654403477,0.040601349574531764,0.05131692859503504,0.04633836444262278,0.04021849678970575,0.04541873927834303,0.045532267147498806,0.04639740049700315,0.036446381245796994,0.05482345054741789,0.08179795141999165,0.07677290565106573,0.0765400142649069,0.09268202497724189,0.0906672010276803
1.0364911328059886e-67,1.7502895006112645e-56,3.8682750342438007e-104,0.00043871404321576575,0.0007720451187283692,9.780908820543165e-92,7.360564492797883e-14,9.319688196102e-44,5.798465444945271e-74,7.563298283422909e-28,3.6582150065839534e-36,0.0005586433502472157,8.504982106277497e-13,5.261568630676757e-47,4.143453769234054e-54,1.002771419180237e-21,2.2782039084756296e-19,1.6412241728514014e-9,1.8073838822325275e-10,1.283330327089694e-6,0.0011180316850161133,3.67286313023085e-9,1.0661328942180263e-15,2.4723662976915057e-16,5.818748553616729e-21,3.508132912614939e-8,1.4768161556517087e-17,3.282311069257486e-27,5.614761077262387e-31,7.811754457596127e-20,2.5024471813616487e-14,5.988895013412979e-7,4.682866460224459e-9,5.235454762042928e-19,0.0005709436951472182,9.688529039801859e-16,0.0009729021101991121,0.0021675650084232046,1.0675506827258833e-19,2.0727245194199275e-18,9.433679457565571e-12,1.3965745280869041e-9,5.172858999893396e-16,0.0008713208013915181,0.0037630960657354,1.0505545558385217e-8,0.0003987110054726043,0.0007584853628561716,0.004046535600928937,5.771634983697438e-8,0.0015272673499288003,0.0011487888920091067,9.177999507537315e-9,1.4183832509501594e-9,0.0033568626612180763,0.0015864258996316168,0.0022053847607073564,0.005464540657186081,0.0035328974554255533,0.004037893970107908,0.0022695479201228132,0.002621177247005407,0.007504926715609098,0.0001596306622006209,0.0008681323998044195,0.0025624999809610144,3.1830536322938506e-6,0.003225773574321068,0.00249385990761307,0.0031698050222935146,0.0046858490547347755,0.015244398987393824,0.006000801278272491,0.012866162732084276,0.00539497058940078,0.01358459084097544,0.01039412023299012,0.007305907091213926,0.01460859402125893,0.024878283436200722,0.022155119803595042,0.020919024431057465,0.03803296631985117,0.04969442328314203,0.0603019140899196,0.07424527432419128,0.07171510034001434,0.06211261279075206,0.058226444211006596,0.043622884614829174,0.060233625574251604,0.06646400581408886,0.055110065177816435,0.04647491392538799,0.04025496227147095,0.024668426773368956,0.0164352440179347,0.01019171001032638,4.2812425499366545e-9,1.797901567967104e-26
0.1697014280737107,0.13430431870190357,0.12429538515835865,0.1796709987242228,0.12952076029344373,0.10138483404315829,0.044862656621902544,0.029119427261810545,0.032619580966117334,0.010797322858592764,0.02076411516830102,0.006697403599808836,0.0012901196800425725,0.0011283454569860154,0.0017241018564585564,0.0034924817462408473,0.0017854909318399624,0.001157134646855271,0.0035919700601250537,0.0005528777493136944,0.0009713928708368702,4.639672024946283e-15,1.4888620242913553e-14,1.6512804057829504e-22,2.7725557320639294e-12,1.0340100285834375e-15,1.4114513226038554e-30,3.290331008879123e-36,4.813810447357526e-26,9.190196718424751e-32,5.600792589544423e-23,7.89517333192242e-33,1.8698078577861093e-32,5.042609010548775e-31,1.3523801573834266e-39,6.192769304114822e-33,1.5195842478262336e-46,2.622193996848827e-35,4.665151680352539e-40,4.6305183548704354e-48,1.6173812255476292e-40,1.4158459079955187e-48,5.244891415698062e-36,5.528246406093741e-28,0.0005674897134809753,1.748323881586397e-49,2.0808840251366518e-62,1.6114814011738136e-76,2.1306812822738516e-61,5.921955742949545e-69,1.1225173685728264e-64,9.505649349089363e-56,1.3548441257991493e-49,4.275027441076487e-76,1.563261560047848e-72,1.5880943560582532e-106,8.368411533136764e-8,1.0192075822994619e-40,1.1219299063446163e-80,5.250579165300595e-81,1.2762029685548572e-94,7.974070636839678e-96,3.1270964565652506e-25,1.6134092953826408e-81,2.9569806762756585e-81,8.985155836083814e-62,4.901720451544789e-40,4.6940202566597076e-76,2.38436631823651e-72,3.637323425303338e-89,5.280562656768699e-37,3.2183851247328607e-74,1.444042475907795e-104,1.0506063076928066e-66,1.1699551091600017e-98,1.3741796124597246e-9,1.2462251245535803e-51,9.334177164435286e-54,3.9966621971394476e-69,1.869652926189166e-53,3.431560780040858e-38,1.3237939682019553e-38,1.0591758051330965e-65,1.031596660052776e-51,5.7938056561450455e-47,1.2871812997207674e-54,2.784303214542038e-7,4.389393550821943e-81,1.107457098772036e-31,1.4088611093733279e-121,5.1866383294327096e-107,1.3832752630892068e-63,3.2507985067652397e-10,2.1423198619588728e-45,2.1016109665521387e-78,2.33283317025442e-69,4.540238738587208e-105,6.868676797440032e-113,3.6594217403374026e-178,4.373977081604519e-191
7.886019472992279e-39,1.3670820409645089e-11,4.734986170567249e-13,6.876783703464413e-7,1.7142095484899677e-5,3.141798103560117e-6,0.026804133278747262,0.024046369942128314,0.025576549674207943,0.05670212939857353,0.019734137536286587,0.04879799068289916,0.054474388680629815,0.0567217798938168,0.07289787969092294,0.03785738160368039,0.06705761313430818,0.06447796830474194,0.06013037185505601,0.04550522222285381,0.05397384578091926,0.06579930484521768,0.07166887521341837,0.04007837801614219,0.03073399784297218,0.014839399725097135,0.008453639637140633,7.600042625622705e-10,0.0073556812173029675,0.007094567775467815,0.012492348146987377,0.009028800327276496,0.001571952974502089,0.004213176965854499,0.004347756211463339,1.1600258453942838e-6,2.426841863474909e-8,3.817071299368302e-12,2.786278143830287e-6,8.781717247904638e-14,2.16978105921464e-6,0.00013439934075783362,5.815389966802743e-6,1.2142286820529118e-7,0.003563232752988563,3.979876079697842e-9,6.168602429993991e-19,2.93626117870839e-26,8.105730847602076e-30,1.3200446641798242e-24,2.232959311801975e-34,2.8140034718390663e-42,2.4459604765055043e-23,1.8280593239228843e-50,4.655495755913006e-50,1.4925997012342158e-58,0.0004588262034022643,3.423470065122943e-30,9.961986436913088e-19,1.3371781788880613e-66,2.166078171634031e-53,1.0116216196108954e-75,0.0015731466174835197,3.3481608646834863e-62,2.251446218534474e-56,8.2640196159655e-56,1.6576893785216085e-67,1.4219247180476756e-44,2.6303664577096243e-66,3.3184427024709004e-66,7.548288969859847e-78,1.9229907135749457e-47,3.785261446256924e-89,5.31331289436354e-54,7.703830619271213e-85,4.224221080082848e-21,2.2420675936102205e-67,1.2174161500156942e-86,5.364495792928621e-59,1.026054801747484e-52,0.0018017010088846037,2.445228235041498e-44,2.440166821205284e-35,3.3780495924187696e-66,2.417289240978048e-21,3.5705804657107146e-71,9.869161753892154e-33,5.749404534599835e-80,5.373224057506818e-50,1.320111194265425e-125,1.7804453623712975e-95,1.6776007921264542e-12,3.6729765624856063e-16,3.879647532116899e-35,4.031166624299886e-50,4.397363560360197e-84,7.0387298189281685e-118,1.4992725179043257e-120,1.3046827795535474e-170,1.899575870109787e-222
1.560304123627027e-130,2.8449786855209105e-66,2.9721327077543657e-81,8.57355592409429e-84,2.1436436868194613e-16,1.5462640127696657e-45,2.3333600461026e-37,8.77180300246511e-32,3.4463708499620536e-5,1.0241207043741386e-11,2.2587192129456347e-9,2.169117560683996e-39,9.451875469704969e-35,1.9499290944974445e-32,2.9750501135361935e-24,1.474728882770082e-15,0.00023033257467487326,2.7091407731886565e-19,0.0036241146693456352,3.575737080214685e-15,8.411067188172728e-9,1.2935110279234738e-16,3.7857686789583e-10,1.0983359542475577e-14,1.8286275702635628e-11,4.5165103405634656e-20,1.411262362025365e-14,1.3689648295967397e-14,4.4644850963284e-10,6.711028881035983e-8,0.0016371594708639093,2.5274594744464314e-6,7.805038106134407e-5,0.0011548327558253619,0.0001382333705492106,0.005645783113209756,0.0001663014982936375,0.0006838766491207153,0.004956930975330806,0.010179697786663234,0.01695573397845657,0.013171700017172217,0.023209488464515246,0.019150013343452458,0.007808116347068738,0.024615656823431736,0.010103432461324727,0.0181045979177661,0.014416469959519274,0.020159279597848,0.041468485482359756,0.07257407392887116,0.09793618874064362,0.08190254994210024,0.07144234004973478,0.07482336959872798,0.07141021890342943,0.06473383471662725,0.03853738673662686,0.04243726573403615,0.031246991844336526,0.035013778488328436,0.013310344973998902,0.006403551705062634,0.019101171183396475,0.011327852177629367,0.010499242169878072,0.009670411214998467,0.00154376158187769,0.0024712898229120217,0.00021233816285849618,0.00026063851200969185,1.086662321824701e-21,4.5193973322686027e-13,1.474945279963993e-23,7.599256989374667e-12,3.4436459474587708e-15,0.0001621388923195182,2.1867444833457486e-20,1.0991672052513276e-24,2.591023972291735e-28,5.611443692754676e-6,2.1069844960958245e-5,0.0021416848562138798,0.0007925125464508491,2.422784267824601e-37,1.3931719690951467e-52,1.828035973452271e-13,7.209995420094703e-28,5.814659993725333e-21,1.542015253246958e-44,3.1413940470258463e-14,6.384637728010233e-18,0.0023230247805092895,1.5427715238257696e-23,2.5451326439642227e-41,1.7362124183255887e-47,3.7473075690976593e-57,2.7454200913265482e-18,2.1851502060770772e-125
1.334787357737414e-82,6.750412787042096e-22,1.539089781731451e-36,3.6801378167838516e-51,1.4880912245317415e-15,2.9342916092666772e-18,0.0018050474128426023,1.405464963576823e-20,1.1337403970681063e-30,2.6899966318009453e-16,4.512037805274734e-22,3.313511364386441e-19,0.001163105191523539,0.00027060556255800483,0.007794587656637007,0.011426773488949974,0.011222202942575041,0.010873277684478629,0.008570888786077995,0.023368407797445596,0.01018062983511873,0.010569317965291576,0.009853855998417612,0.013316809468710444,0.02944974026649851,0.01773138900360033,0.02869913416543477,0.04498491409377867,0.056639051655507665,0.045370527281520856,0.02913286028582191,0.03808319540355784,0.05017527361382191,0.021138191034626448,0.03419842314830451,0.045509354388431476,0.029836770629223935,0.04374603090668689,0.050144439675017714,0.02892286458814771,0.03442341821930295,0.032709706408125996,0.03479630300581368,0.023824097929325484,0.025658350354780268,0.015302498783645377,0.01729427357343235,0.017868809456777063,0.02348617024487202,0.016731645754722736,0.011474306304301771,0.014159547024208678,0.005902377757671561,3.212089380840643e-5,0.0033894094873536743,0.004048262379906111,1.1303855976860333e-6,8.333238314515998e-10,8.291153571575685e-14,6.74567406494204e-13,1.7054143133918513e-26,3.305154743204511e-12,3.2315668575832267e-9,9.984054177075343e-26,0.0008160097451811493,2.0862281471471763e-28,5.639936439000401e-11,3.2472075785073735e-10,1.0534598741386109e-6,4.502712088650151e-19,0.00042146353736731353,4.708994012940844e-28,3.040345932148624e-15,4.428827930107913e-38,9.376853057710383e-60,3.7169299234275625e-6,5.0007585550191495e-5,1.12278072602773e-5,1.7546560819833524e-12,3.048097006614583e-14,2.42032847306472e-30,0.0005177455891389968,4.307016912328012e-42,2.3575264628336387e-25,2.6020707529103177e-47,4.3820741395619883e-54,3.9568986320481794e-14,5.436422309430187e-12,2.1231358796457908e-17,1.358144680151675e-53,0.00011947348583252995,1.37586913373664e-7,0.000581665414825389,0.0017254164142279178,0.0003961495264833183,7.583056582880899e-5,1.6500190539117625e-18,3.0332713323959933e-78,5.428516139842511e-111,2.0684564558890259e-140
2.792935972979239e-82,3.323223005752634e-71,8.271676854525942e-93,6.368795754411184e-81,0.0017235278581446548,1.1447299875086718e-35,2.31345935047096e-16,2.6984534381017612e-27,0.0024167831614967127,9.493421765203222e-6,9.310642614195671e-5,6.507839819788035e-39,2.3941455851170304e-33,2.3696628827484514e-26,9.708442358880613e-26,6.121394011345841e-11,0.0002615867357839968,2.1208267929024133e-7,0.0008977339918488262,3.3738105282505824e-7,0.005703778968347275,3.812571694391144e-17,3.2034246311769255e-14,3.0434560008311544e-11,2.5618776065092893e-9,3.1347199224816604e-14,6.068408734804748e-12,5.88305722001046e-13,3.9663400236553855e-6,5.430609045998897e-5,0.001471360750297846,0.0068558165044364065,2.398941392240621e-5,0.01144293131723702,0.0006434629632226811,0.000586735082554577,0.0007886302254782825,0.00019416249658033564,0.048161566698116616,0.028176784099754736,0.029911129382150833,0.007161621072599421,0.004150723779928301,0.011139334309588902,0.015051042217061572,0.006524576729749523,0.06700850310197197,0.08179478587862872,0.07038051246058762,0.1537204838905857,0.044567727419226925,0.02646656042149056,0.020921574227342678,0.011057956715698827,0.02833633118972658,0.003072195553512995,2.5892790345327807e-5,0.01898266477780003,0.014600052559050747,0.05351464779674227,0.03198336396173518,0.0007974840761334034,0.06770871468923827,0.08134132032276456,0.0031186454056068547,0.0032838835789071085,6.380176516679329e-7,8.145115947448913e-5,0.005267566059826601,0.001854759874021775,0.0001171124589361517,0.007774847859732581,1.8886117567996624e-14,4.665129163635223e-6,3.787779236697037e-11,1.4490612738113108e-7,9.07296909361454e-10,1.124607822964618e-9,2.4867473461085274e-12,0.007000521788532388,1.0046970658420573e-17,0.00942725105152543,9.361111534683407e-22,3.2082924350139583e-8,2.243572505722272e-5,2.2689917869582015e-25,6.430054318252475e-27,1.3560412011669763e-13,0.002249583864600147,5.5534376879636534e-9,9.846715983054944e-25,1.9929664757659065e-10,5.124505600767905e-11,6.691554841585427e-5,6.361984052197556e-8,7.8186791201826155e-28,3.4208463701743105e-23,3.8284927072339257e-29,1.3030817851739416e-30,3.9465851661938127e-98
3.357138251472624e-75,6.803579672929167e-11,9.891176254176193e-37,2.979303923151554e-21,3.26828494198614e-13,2.3249777974082896e-32,0.0028229289385332053,0.0012934392930398413,1.0491616520285724e-10,1.4477684289440623e-12,0.0009812699444277022,0.016758823324619417,0.004639758643110693,0.01787959010491549,0.02246538926812098,0.020162574502216885,0.01719304512552158,0.02613297809773219,0.01714866999036744,0.012341126754845829,0.025225811018949152,0.01344816959775182,0.0338599764764863,0.022384280122999062,0.019683157053208222,0.03248826935793776,0.02337821865199574,0.02323245242224492,0.03448395768478743,0.02556959351608992,0.031123974110289162,0.05337512435415941,0.030066734823768124,0.026029277499197777,0.0444229803790238,0.022913095375751227,0.036594167836924436,0.04525412791230892,0.03666626172875884,0.021534758734006416,0.02714069593064189,0.019348794932118003,0.014079357025470467,0.011835294213891007,0.03318722342907041,0.016361200555966657,0.013463660398946371,0.02061480857889805,0.018466696664706298,0.0077536301092109815,0.01646470611632668,0.005069440160576456,5.107738746834587e-5,0.006285802565004609,0.011826322574533607,0.00374963061502147,0.0034247107286071677,2.91241324521378e-7,0.0014111343484699138,1.9531724309038456e-8,2.4066594616194515e-22,2.008656622297652e-27,8.370814004612801e-13,1.100890622114648e-9,7.838779047582889e-10,3.767220608887444e-17,7.849073784662627e-37,0.0034862637019002422,1.057700812599736e-28,1.0445516932310668e-13,9.63381019029218e-43,1.5097472897397367e-12,1.167002253171922e-41,2.2791349335346804e-10,1.0208234589410075e-17,1.757190026997411e-20,1.5167000237298196e-25,1.507415034122681e-44,2.6263981358482374e-78,4.929058638257924e-18,3.816607435746882e-8,0.0006997008122021147,0.0010633475271657343,2.76637798510741e-6,1.5300200282033684e-13,1.995275737577948e-15,2.0219039962709667e-23,1.2125729323666976e-37,5.859747873845442e-16,1.7691752484530636e-36,6.518297308948274e-29,6.794960603722906e-7,1.0758465346890195e-14,2.502653854835375e-8,0.0026586968499802805,1.5970616536626447e-67,9.834219617648826e-58,2.8631421047591555e-23,1.334575000861571e-100,9.965325742772329e-161
1.7601970616657143e-111,3.06518341604815e-113,3.675546022273257e-129,2.811001114299881e-113,1.0124535799966825e-38,2.0874195642131257e-90,1.8913458311212826e-55,2.033646132533513e-67,2.1134598391308745e-57,1.958941101931128e-16,2.683937824823563e-22,3.918656308477845e-66,5.572864391456796e-36,1.8690420206967983e-20,6.0024482538562656e-55,4.790359162014422e-18,1.361474497779773e-20,4.1090835835762505e-35,6.192650032738076e-26,2.167767665489022e-15,1.6451859267044347e-20,1.6180359548145417e-12,5.421488098628877e-29,0.000547492924437963,3.919015905651312e-41,4.537715417167955e-11,1.2235609325010936e-20,2.3352704925203854e-36,2.49841945346055e-36,4.1515765435136994e-15,6.906235561038426e-17,2.3534212382031864e-9,1.3921897885879392e-17,0.0005856933163115535,3.3449759303039653e-9,1.4818420336816995e-17,4.138542323499099e-9,7.162194987841637e-10,7.072560231102394e-17,2.4708180329050266e-14,1.485963102809131e-7,3.1911041782170716e-14,3.8857327401426323e-10,2.301364380711044e-13,1.7109984329437594e-9,5.763809178636283e-12,2.156430518422935e-11,0.0010308599060618556,0.0015041192897802156,0.0001657959970619345,0.001439607386089282,0.0025760959434482935,1.2552443183448794e-5,0.005697900443318398,0.0019607224637570564,0.0032757501603791713,0.00657057943864227,0.011624956388220323,0.013840424256691462,0.023608312606102543,0.03232571737416424,0.03776270922903723,0.05218354805795531,0.044971402043531436,0.05806358827839461,0.06976459171446023,0.07759231876467299,0.07650807808147296,0.06886854564068823,0.07552884158095326,0.07573858080121389,0.06482457673850472,0.05697519593530018,0.041936461836409616,0.02646314964459986,0.02642429275195848,0.014128710126432025,9.304700293117839e-7,0.005245269221622307,7.146561914838842e-11,0.007914169484687499,1.7602055644547852e-7,8.141419550130634e-21,5.9393268394282065e-8,4.364632836711298e-11,2.9407450299500055e-8,1.22598612214564e-7,0.001595172909124413,0.0009745054696911569,0.001391513790954467,8.445078445288753e-10,5.19382703330788e-11,0.0034858140954690357,0.0004589498276754872,0.004431953412407948,4.594908521567308e-19,2.191656125550155e-33,1.9347178020944257e-17,9.312600418434341e-32,1.1269586343306002e-107
0.0003813937869439014,1.5487395038130217e-27,6.808120418369174e-99,2.5065944585411114e-5,0.0016043208040449344,3.5322739951801594e-72,0.004283895460938402,1.4455747952880064e-21,6.041391624721737e-24,6.356726659868974e-19,0.0011706114169013195,2.3739603001498996e-9,8.956797094380144e-7,0.0025113651435731688,1.4655617291893103e-32,0.004262165842485674,0.004441616840642568,0.0024994903835528657,0.006502523464192298,0.00595512348254591,0.0033992668684974057,0.002597001739525379,0.001481539097088886,0.0021556368135348895,0.0031648292095473826,0.003955920560245864,0.004810266442975645,0.00013648112018693894,0.006575594703363142,0.00023615337048845669,0.005239043367162161,0.003570624796241069,0.009681783687937446,0.007956844296006084,0.01640230256909057,0.011071550320283596,0.012109445705062534,0.004898603608988229,0.006381528483659456,0.014979734783224716,0.013811751421938056,0.014868762850011975,0.01293922491496807,0.01704915064824552,0.011289446697649624,0.017682141237699133,0.01445576593413099,0.01390571600984369,0.011875272416318364,0.016001319419223038,0.016210474479739605,0.02065603326082436,0.015929337948973187,0.016962749869381084,0.014145754701161313,0.017616014810647323,0.01974281509363571,0.03175897901828413,0.02560870765573861,0.01937605671600723,0.01298412862100883,0.022103630286913332,0.015039269334796117,0.02466813599498064,0.02983442212476266,0.028041265128742443,0.026442357159146262,0.029616871076095046,0.030161559911133177,0.01936309468297112,0.019711566810362055,0.022803691890468006,0.02254655570515078,0.016190499036578817,0.02416312566585068,0.015106799345976007,0.013509470093397587,0.013390847314304793,0.024171306528686834,0.003556639807995873,0.005226456404850846,0.0013145780643800844,6.285396321217737e-7,0.0025519760696331786,0.0012267296337948813,0.0066014055280348895,0.0032908445530109905,0.0010294806570872602,0.007332036319408692,0.020293151705103502,0.011418348931152318,1.3501800601129515e-7,0.008796471606214344,0.020444267150158693,0.0007401559800257121,2.2137697627939065e-16,4.459171892887814e-16,4.8577481105934645e-11,4.056555136816973e-18,1.5128702600558136e-27
6.0844194192294e-83,3.909640036496543e-78,2.6810360687959173e-93,3.458337430201629e-82,2.7964541952822753e-21,1.8193849375207056e-49,4.3534275548406723e-35,8.479265337506761e-43,1.706002745488251e-33,4.483847051545827e-17,6.241948515971851e-5,8.210275791258807e-35,5.664138567785819e-39,1.2577379490054849e-46,1.3009281066885606e-38,3.1108613269452868e-12,0.0001246000901958239,5.845515147038688e-20,3.9335391059459116e-5,0.005489323643963355,0.0018082917813386406,0.0026560568824872495,5.160242447513499e-20,0.0009508099220626069,1.4877925107926695e-28,0.0014270193578152849,4.233917441288922e-11,1.3219483950730924e-25,9.103305551523074e-15,5.3926119556264483e-11,0.0010075418683749208,0.011216041352372428,0.005903166100166425,0.003443008458756173,0.002575654858765739,0.0017808957750623208,0.005456603107630829,0.004661798076900742,1.2300950057635811e-5,0.01249013796404211,0.012385936776673536,0.016234363994529436,0.008135552281090476,0.014827971837564407,0.002639209629910272,0.026347699519665136,0.025797486945671872,0.02636014798724838,0.025243453008805164,0.04210529041901882,0.030428262002107975,0.025314770221749227,0.030986659047656996,0.04751568632090725,0.041640262737429115,0.05123881348458924,0.059524142367337954,0.04973288893357935,0.057297090960737984,0.05932585941389571,0.05041566767672917,0.03447992943748703,0.034924264803774294,0.0459222950911526,0.026543522190699054,0.019797163299221605,0.016493722759471977,0.010448783037044402,0.006326572970553583,9.376219717514996e-6,2.8023577115260086e-9,0.0005643738566395398,1.1651970792799068e-10,0.00036237875162692135,3.668902894774219e-12,0.0010254358347081783,9.115194140615465e-5,0.005763462126592071,2.965364969139744e-9,0.0023297842738432377,0.00015549255677914142,1.1658666001418732e-9,2.397623703055327e-25,2.608306822848209e-9,1.1806434785941118e-5,1.7191513964056824e-14,7.895071058898492e-26,0.0002329395972765375,4.2313790974012494e-8,0.0005805408464055024,6.770574149386622e-19,0.011886974318437016,2.0071767669111294e-6,0.015088582896426951,0.0023571668707967315,2.8770224520219473e-31,2.1215972653213248e-26,1.5199953078641942e-22,7.165613664164309e-21,6.860220998233294e-89
1.9551316215944027e-96,1.5723968657602423e-11,1.428419720983015e-38,1.180880060908857e-20,5.997131986514839e-6,6.609273635717047e-5,9.63113483121064e-7,0.0008992643864109349,7.796470704290777e-7,7.671829120928176e-6,0.0008224471431519386,3.835158113767779e-7,0.024229760923042944,0.02912276332067393,0.03636672528711036,0.021656780528586366,0.028132239600451397,0.0384278249499074,0.02491135095319052,0.013608661675092646,0.031347561546604556,0.044544211961240684,0.05096287028234585,0.06146904574159289,0.058067838044966236,0.05297211461348554,0.04979537582780011,0.052155325332868284,0.03171321094872388,0.04941434490527877,0.0412244443026101,0.035772658192329505,0.019601281163054582,0.053864318054496416,0.0444794482757676,0.030404601970053784,0.026791619480342414,0.018554131638449937,0.0016197105259070962,0.0002608074640669352,5.8622297939312865e-5,0.009768029386860253,1.0085531767231827e-8,5.2543922924093955e-5,4.4334367091109656e-8,3.680903797246041e-7,2.042560267797081e-6,0.001709907533775583,1.9406599421728053e-9,0.0016085351672978996,6.034389368319143e-20,2.2712341131565764e-16,6.970075324289973e-17,8.666182291966765e-12,1.5641332590091557e-14,4.965700870102247e-31,4.0939063428207476e-21,1.5189093543080528e-21,3.247417311851667e-26,1.4889120745313388e-31,7.833868334773834e-35,3.424949351895457e-19,1.8043535889950025e-21,3.046848581040646e-7,2.4979851852132555e-38,2.5091916043167084e-21,5.791091115505031e-20,3.898249680946982e-7,1.2068746955298469e-11,2.573891701463174e-38,4.24182124921693e-40,1.6658599651865295e-8,8.45304261080447e-53,8.588074830062954e-6,9.870943773004753e-29,0.0022792474322256167,0.0016852192328614022,0.0011784134485061965,4.765870517735025e-50,0.001497746487280337,1.0726044599705354e-15,0.0016471402080419427,0.0024136074776433046,2.982281672658816e-35,6.715562009637027e-37,6.501707771399865e-43,0.001014054877406708,9.477489079598083e-7,3.573661992754629e-8,7.197584428188548e-47,1.0744059026387474e-50,3.2936327215895536e-25,0.0006234933959413941,2.1446938410258792e-7,0.00019137398065591075,8.999706501688058e-42,0.0009844738913567556,3.529610057341744e-66,8.933446951095461e-94,6.2550075638587934e-117
1.0147589541222467e-65,1.5206364313234013e-19,9.251958489425055e-29,2.7225536020324713e-29,6.2044807699904225e-9,3.3280424536723822e-22,3.759476808151162e-8,2.578728775214027e-10,4.405136247151882e-10,2.0644686407319046e-10,2.8224758881037976e-13,1.0075745373023597e-8,9.833468886534937e-11,0.016063359976002826,0.004165808825401394,0.0036657475586982643,0.008716970457921497,0.0030872025011753072,0.04201334944379649,0.04808515988584943,0.02542505124232097,0.03542647442146941,0.051388277489191496,0.08532166591192566,0.04380421866582322,0.1255732804957331,0.0592316223243704,0.061050954717461255,0.05050045512264397,0.00015878594693557698,0.07959819090073816,0.03053233805612106,0.06352595609057975,0.0005675320067103901,0.005766335487101731,0.06339296956486691,0.005059573292083611,0.002764338950417375,0.0034464412108166083,0.01379173122566354,0.030052291234261477,5.335160890868022e-7,1.1365258314679797e-7,0.025705475084162443,0.00023630182639685664,6.317057519275614e-7,0.00013003661856490333,7.691413583635515e-8,9.405117036248455e-12,1.3268131037794208e-12,1.7823305472118656e-15,5.621731501761081e-19,0.002599818443094826,6.015806326636523e-7,2.6956276519721364e-19,3.9876712664781694e-40,8.359843675626217e-26,1.774491091140157e-35,1.2945344253663637e-14,8.35542482621901e-28,1.2345470009040474e-28,8.056446405006192e-40,5.271388228603897e-22,9.649025964883318e-27,9.520814976882209e-29,1.4025861223636644e-26,1.1144511960035523e-45,2.3197164439087524e-30,1.3169273696310986e-23,1.2192280681541391e-14,8.626161647905745e-54,0.0016477070552204764,6.295518916615926e-63,1.427260675424524e-8,0.0013127275476696218,1.4056240040168795e-21,2.6197201488679537e-38,1.707373278677687e-23,3.7673140606535206e-18,7.711217471556604e-17,2.093172063976092e-7,1.2177435349837053e-18,1.1452287456293147e-21,1.318947150185395e-47,0.0018836616754000501,3.1761057909542534e-60,1.9000377039186353e-14,2.0218228017574904e-16,2.8673699626786957e-16,3.9400091759054037e-75,8.776330913546364e-80,1.301393589764663e-32,0.002379290306289601,4.8547588192149176e-5,0.0018781150006994647,3.0036357075483446e-23,4.733990599276762e-20,3.420284881134635e-93,1.5142277762359591e-114,2.345963067265003e-168
1.1903538453179783e-32,5.125266620879173e-5,3.117501054696806e-18,1.292332638632544e-10,0.02455551721897423,0.03535196487027588,0.05273902747879738,0.09206401717650832,0.08017758074943676,0.08989146812890174,0.1075836832654494,0.10909242647952014,0.07541099872160847,0.04598215617787506,0.03947143755898042,0.0587260272994396,0.03098120713232419,0.03122116991035505,0.02380905250957135,0.02710231655567014,0.023371528310395056,0.016349597101282785,0.00568133843912535,0.01275706820489793,0.0009044700055031581,1.1159684885604153e-5,8.254686899793659e-5,5.930764896580297e-10,0.007834362719880769,6.350863108317886e-6,2.392221122753876e-6,3.5300410277069077e-7,7.178629830757669e-7,1.0038332604634134e-6,3.6553065472915916e-6,3.2676497010188796e-9,8.954150326756236e-13,0.0007429077607590812,3.828189975581195e-5,7.575881564541033e-18,3.4905874294784495e-20,1.9179261496331292e-17,3.039811286456532e-17,0.0015627168191389602,4.539209529612197e-5,4.274247118771171e-6,4.08918760388241e-30,3.528391227483935e-33,3.113015629312749e-7,1.3325730220298848e-34,1.543186652976342e-21,3.271826630041357e-21,1.1443664306340878e-5,9.975918825195295e-37,2.357090697461796e-28,4.080530748785456e-71,0.000995798452213023,0.0008054243853922379,3.47250683235207e-38,2.503534349041237e-42,7.183573615752932e-29,1.4629777727738848e-79,0.00041487073718966024,3.2789956593920085e-24,1.827929739631777e-42,1.3654455660272094e-18,7.562951650782429e-22,2.0656088631923173e-14,4.723799383623443e-63,2.468230048320668e-63,1.3293774581012616e-62,2.7415822118854176e-8,7.509999835658416e-93,0.00047765068257358563,1.0865374324465545e-66,2.056279590122528e-7,9.354253890192369e-6,6.770685879041289e-71,1.0033186325706207e-87,3.263367486148781e-16,4.258414316888581e-11,2.7490768761002397e-11,1.4200866705663745e-16,1.5719602190384566e-54,1.6188839181471105e-21,3.9258820546706785e-42,9.913044410141124e-12,2.987186958398495e-12,0.0010535252395592889,2.957763185552915e-100,8.74365891595416e-84,2.5060720816189286e-13,0.0009549391106625452,0.001665023906708231,9.932777919193928e-36,2.204073834810796e-94,2.2617322860023074e-78,9.362023582669179e-58,5.16186429169963e-142,1.2469886590040191e-186
6.244204534426175e-68,8.099840424043384e-34,8.706307238631495e-22,7.414978188777511e-28,2.399344020690018e-11,5.995592196495144e-25,3.624194004660624e-9,6.438158974394842e-7,1.1030324553995546e-9,4.5373046819401504e-11,9.855856601192667e-5,7.458879496366458e-12,5.130402914153703e-9,0.002611698980773328,2.979012412555426e-6,1.7689235983420177e-7,4.891402342319054e-9,4.6540846436971576e-8,0.00016217996059030926,0.022075846470195237,0.00258278775009766,0.031952184441644695,0.0015188608146460164,0.0020876091625688254,0.08506467648104755,0.0027842189888031494,0.04876268361754246,0.03635244629660317,0.0017050772849782072,0.09107572502426006,0.02578165310292149,0.015194358856539036,0.09170657752281602,0.04268837380589968,4.2024834780536456e-6,0.054255804612551625,0.013776360754176957,0.0049005535509460355,0.0542866304095433,0.08110500310932166,0.00983507635600847,0.028830882229014396,0.0682755103049596,0.024949479460511365,0.022270083718283876,0.03827607403806074,0.05383556143117664,0.02267321307806439,2.2464926578802407e-5,0.0004186073061496252,7.976474943995981e-8,1.0800899382224158e-7,0.0045001557327383,4.1622694453368237e-10,6.128636129405649e-14,9.315320727247356e-23,3.100796654148143e-10,5.0742395250193633e-17,3.913847187962824e-5,3.662672810854642e-18,5.966037347067352e-23,3.3711177995234462e-31,3.4669819315173316e-18,1.0256986134051564e-18,2.7845672832871508e-14,2.4157119026409182e-14,2.3894826265553638e-18,5.430039010013305e-23,5.477577630023106e-25,7.332536246671906e-15,1.6008830043317955e-31,0.0007281923929621005,1.606141638868173e-47,0.0005104373187422716,2.4873982392227797e-25,3.029378940744258e-23,2.3109490684843875e-32,5.280168209415868e-26,1.646072245988802e-33,2.368748585380953e-26,5.881426971119226e-18,4.126914515679267e-9,3.837311478604414e-5,2.8805614793256046e-19,3.073723376058275e-17,1.9454474120401603e-23,5.0045171784887505e-27,7.954851230389065e-38,1.0985917130635513e-13,1.6591083463087491e-37,4.073715890740602e-50,0.0030383004596211544,0.006999313428827742,0.00218961782398335,3.1392645126684516e-5,4.6895173223622495e-46,6.100513818184592e-42,1.8104373203460876e-52,5.609995460611884e-72,2.2126035553785796e-124
6.3530088684085045e-37,1.1116506334061354e-15,1.1741597767559304e-7,1.493341663748019e-11,0.02181446607141028,0.038147249889485216,0.06787436261234077,0.07009477172291458,0.047108419376742316,0.0679020626261576,0.047217614162110295,0.042619747016770904,0.04747783003859425,0.047605210489244015,0.05124726909181825,0.03338315500749181,0.05457589286399357,0.04678630985274041,0.02020318793785961,0.03861572324916971,0.07110943865437938,0.024474314517006622,0.02871320287499136,0.017526844447784108,0.0029953934913325656,0.010169203983639854,2.6708607297823087e-7,0.00795691497846675,0.010638360915052743,0.0003579782974152702,0.01062268990371901,0.009075435979387675,0.004049026354262102,0.015678708517078685,0.00737428689568442,0.008640394683970935,0.0015735477828427303,1.2334298333504332e-14,0.0056679780441410916,1.2037740183001145e-9,0.008881957981353437,0.0010230151079386038,0.004559195812175438,0.005916764808258564,5.2048985611752755e-9,8.119152532732781e-21,2.5552911942414485e-24,1.9885654390073144e-42,1.9908239060546376e-23,2.3016931800157785e-40,8.072526952567505e-42,6.5396497522343845e-31,1.4014322077962538e-39,6.667110756356809e-37,3.913830567130872e-45,3.4721780488379283e-59,0.000321682134372942,2.344963118925744e-64,4.7436818564612765e-31,1.5876869380463233e-45,9.67014114820193e-73,4.942774377235215e-59,3.7904674262334516e-18,5.528852838259744e-43,1.1410794967089e-32,1.284767334405903e-52,3.223219365268572e-30,1.42155874004528e-48,9.407059439911253e-45,8.78181557129292e-51,4.506939120619077e-38,1.38548404415281e-39,2.822912188960039e-72,1.279645944012275e-67,7.118667456591995e-52,6.323207634714612e-26,8.153542647331374e-30,4.098729387122383e-27,5.719253201059807e-34,6.771507612792952e-64,1.9707323487333603e-33,3.458146169823993e-74,6.28948532559001e-46,4.300786741851945e-61,5.478776092189195e-11,1.8665160209027974e-17,4.236101721641e-19,1.6926673560246976e-62,1.2735451405671088e-16,2.6671165564652344e-96,1.7130424679819545e-81,4.889004438541168e-38,8.454373626869562e-10,3.8176966162494167e-20,1.6843741514154828e-28,6.665764011549284e-15,1.3490077533913916e-60,3.6594114319526946e-112,2.895476828730248e-132,3.956408541479617e-168
1.2364079613135069e-122,2.908842140403471e-41,2.5750774071125777e-64,1.296759789025612e-57,4.3900301828288925e-31,1.0931743684243723e-32,5.130169288617794e-21,5.3211162980234374e-20,2.0024079428309468e-17,4.0276209840339565e-13,1.4314461812541564e-15,2.2873415797119065e-28,3.427661558900255e-20,1.1850307888533536e-12,3.642442969865854e-13,0.00048012687055677846,8.702614612137276e-6,2.0381863668131048e-7,3.93300086844476e-5,3.2561301696537283e-10,0.00021311346980242387,0.0031800685192767,0.00015485050947884515,0.003055775737525931,0.0001926119861638683,1.0432160958768551e-6,0.007574817011590651,0.002612586544220015,0.019485606641320374,0.0009952272128560698,0.029755751892431116,0.02967723713390148,0.010999452936245872,0.05619927366838417,0.05122594904397431,0.01976309108418846,0.06634757482820415,0.07404886870321048,0.019053173396349578,0.03899136422556147,0.04125960385691565,0.05172038465422039,0.04333092991430927,0.04698108286370776,0.07517311360781086,0.05368940896538959,0.050433661718911504,0.05004724191247256,0.05753337059671286,0.02976657069633109,0.04149327945847073,0.006092945975353193,0.0003685100280303133,0.0021684421351070484,0.011381233153232561,9.600381937465284e-10,6.238590515736556e-5,9.014510770134603e-13,2.013298700101031e-6,1.315516932463946e-7,1.2625485913122869e-10,3.3374130322676327e-19,4.415436485094846e-8,5.569843670009721e-14,1.9574189993172855e-7,1.8083329662076295e-15,5.565961490645198e-23,2.6983560519306068e-15,0.00030014140684786586,8.476618968748265e-10,5.348889296130008e-8,2.1681938884601236e-14,1.9999259652553616e-30,8.077160752434103e-24,6.774111778228061e-34,2.7764807877273363e-15,4.124220486406263e-20,3.609199072803507e-11,0.0008586321605176183,7.98875814252016e-32,1.1741163872513041e-36,1.203166925091536e-11,1.1148522993074817e-22,5.918199533907833e-12,4.18090421621721e-18,2.5585481861835347e-60,1.1804101223670181e-27,0.0019282145504194495,4.191786157445724e-25,3.402182366515191e-36,6.139364563421501e-58,5.656559670551583e-23,1.3743339218861874e-18,3.5502298257798556e-11,6.642088401287382e-23,0.0013526047790788434,1.2880739720710347e-13,1.7031280588938766e-77,1.7226599812231982e-58,4.62106456205785e-126
8.381605266270803e-44,2.3640252425033033e-21,9.388204609107639e-15,4.603672891552395e-24,3.3134536971652974e-6,0.011774241374981877,0.0121950538617746,0.047372250475673956,0.049434487125320996,0.06145129883130373,0.07465575160495758,0.07965292512813414,0.07758233990657473,0.06423243027452952,0.041211719222352144,0.05893030053750478,0.04609701812980974,0.04044566175767156,0.04026403329961993,0.035487115376909954,0.022204401813983275,0.032289594152489366,0.041533162072800736,0.03757009913619389,0.023067789195932567,0.015434052301834996,0.01793945023085725,0.010186077365925849,0.0003278231538035528,0.02251003003729657,0.003886781912076151,0.010283776820502154,2.3052066916067677e-5,1.496597057270386e-10,0.005592619555497574,6.577793373801552e-8,0.004120644391920925,3.3788961387396366e-9,3.5075154546789467e-10,0.0007035961500426694,5.688466524610854e-19,2.659479430374297e-29,6.8418059671119866e-9,1.903838844665944e-15,9.536166560553826e-15,8.254095132068667e-13,2.7636495526069503e-21,2.023398305213646e-38,4.207465615374369e-31,1.0325108518364146e-32,1.0150030998070776e-29,3.1850553571365374e-34,7.857702896125077e-47,0.0010488577278321362,2.2159831494487157e-25,1.615479577420347e-47,0.0005761926076914417,1.7259550798799792e-48,5.7872805324143965e-33,9.433123214977249e-44,2.9318629841572265e-90,3.954732297275909e-51,0.0005299738734906488,2.2068294461734337e-35,6.341026399451047e-35,1.1052072045073e-28,0.0013253878173587438,1.9221643059841088e-67,1.7229380903143656e-6,1.5709396692844366e-53,0.0009439245288361918,3.2431647361190253e-43,7.138042618021885e-15,6.321525201789018e-77,6.223270701454273e-71,0.00086481273567503,1.9706617697895e-28,0.0009343683774736606,2.675625330623733e-37,8.686126379725125e-74,3.269376541675066e-61,2.132635328591383e-29,1.9087609176828893e-51,2.9813151120132035e-65,8.397618409785686e-30,0.0008696294783185565,3.853754537378595e-37,9.295065365230227e-42,0.0023130719392574876,1.8603864509384004e-89,1.157098962398778e-84,3.931901223796682e-23,0.001996853668200434,1.6174618528481474e-21,5.673140915055665e-24,0.00013223708898490175,6.797069795172344e-46,6.762118220002907e-119,1.4503923447199369e-140,3.206199459898218e-165
1.5000394633473223e-110,2.0758130065861452e-110,1.5655781576384978e-135,1.0701689696341384e-106,2.9401634637999383e-41,6.044257242505021e-35,3.770694980660105e-33,9.23931220411696e-41,5.729423538752114e-22,0.0008160131230186937,5.357912358333452e-5,2.527437549894635e-61,1.874436380622567e-51,3.825388516226537e-10,3.8205276198819215e-30,2.2936051956283147e-26,0.0027029549100894387,9.637877890893684e-33,7.543776281169383e-12,2.543532020019491e-10,2.0328349102534253e-13,0.002592618308692841,6.145932516696647e-24,0.001627637535702268,1.8780043827775746e-17,1.1194137221773005e-40,0.001538087837669433,3.239407022292398e-22,7.31999456032668e-16,0.004923483240514592,0.007592811739798367,4.31454563328999e-8,0.00915463948441576,0.005573867513397395,0.007688006480748685,0.01051794666461057,0.010998634618662356,0.019446022162904947,0.014350629029687435,0.014703909298858148,0.022425942340514683,0.01607219948178573,0.040488041883083574,0.04675556247516607,0.03531028371472587,0.043752585495799884,0.038884689370413276,0.013861383278631262,0.032025932109484415,0.020414305766863046,0.03058004789375122,0.027007238185714568,0.042720382549457266,0.039025284395255995,0.0418905736797963,0.06088856764386523,0.05048041446074005,0.04522681684145364,0.044772912198505106,0.042617464339611735,0.0464664235994928,0.03728403122090453,0.01491031558657079,0.016000292986979307,0.009566453552549169,0.009807410569710873,1.9058984452920167e-6,0.000564144053313341,0.001171766386629298,0.0004718249739670724,1.9366315490022612e-7,6.412614655301618e-8,2.1367506930134194e-9,1.43092526585813e-13,6.237345650649423e-13,4.432828453609619e-11,1.9542517031986318e-11,1.3349166814489684e-11,5.852204635910449e-10,5.201315717011214e-11,3.2961507707692403e-7,0.0017246511807737113,2.5974355600441624e-17,0.002244756493588308,0.00022306467376128033,2.2504922454617777e-5,7.568697833724053e-37,4.2856060771874145e-6,5.5990801942850294e-21,0.0013359398849788504,6.299727933703991e-28,6.859456199855648e-15,0.0002005088842492266,0.006399389828308201,0.0021182241468670174,1.660951247372233e-28,3.5981214942923386e-48,6.836162789809426e-10,1.6433370117650257e-9,3.2225463587522595e-92
1.0,0.0,0.0,0.0,0.0,0.0,0.0,0.0,0.0,0.0,0.0,0.0,0.0,0.0,0.0,0.0,0.0,0.0,0.0,0.0
0.027963568,0.055101316,0.06799218,0.091655165,0.03278225,0.03580878,0.04067825,0.038787074,0.047941044,0.052065022,0.13454346,0.19893365,0.029786665,0.02344096,0.034041677,0.04649451,0.04520289,0.049519505,0.012860956,0.025108531,0.025701689,0.18157618,0.05991597,0.02069096,0.02935127,0.027437033,0.16426894,0.06280073,0.0661096,0.051195767,0.034476165,0.041205194,0.054029852,0.056222577,0.043419074,0.024544563,0.033236243,0.28853035,0.035341814,0.04459548,0.08635825,0.0644088,0.5952513,0.015389966,0.06138056,0.10999949,0.02156514,0.04177827,0.04870286,0.036768768,0.026285322,0.21875955,0.081805184,0.34445003,0.022297341,0.09937427,0.042896826,0.03926097,0.040193558,0.26231351,0.018339166,0.03363707,0.028423889,0.01909101,0.026893333,0.053004365,0.04582067,0.07814904,0.028899077,0.03104708,0.037279516,0.04399715,0.023923205,0.05863593,0.016943924,0.031480405,0.44625902,0.03779708,0.03489079,0.04232849,0.03191472,0.075023584,0.12177555,0.31769067,0.07243306,0.05742496,0.038291484,0.03235955,0.05036324,0.03973364,0.14900629,0.38147742,0.047216084,0.022876155,0.019842234,0.07007677,0.24077947,0.030210366,0.03062659,0.036293115
0.02156514:8,0.06138056:72,0.018339166:4,0.03191472:28,0.042896826:51,0.06799218:76,0.03489079:35,0.08635825:82,0.038787074:43,0.091655165:83,0.26231351:94,0.21875955:92,0.03104708:26,0.03062659:25,0.033236243:31,0.31769067:96,0.056222577:68,0.022297341:9,0.04232849:50,0.053004365:65,0.051195767:63,0.04459548:54,0.06280073:73,0.04399715:53,0.03278225:30,0.16426894:89,0.04067825:47,0.0644088:74,0.12177555:86,0.04582067:56,0.01909101:5,0.036293115:38,0.075023584:79,0.09937427:84,0.016943924:3,0.024544563:13,0.049519505:61,0.028423889:20,0.034041677:33,0.02344096:11,0.023923205:12,0.081805184:81,0.041205194:48,0.0661096:75,0.03580878:37,0.05036324:62,0.03973364:45,0.055101316:67,0.04177827:49,0.025108531:14,0.052065022:64,0.34445003:97,0.022876155:10,0.04649451:57,0.047216084:58,0.02935127:22,0.28853035:95,0.027963568:19,0.10999949:85,0.03235955:29,0.07814904:80,0.03779708:41,0.047941044:59,0.05742496:69,0.026285322:16,0.030210366:24,0.025701689:15,0.5952513:100,0.03363707:32,0.05863593:70,0.07007677:77,0.037279516:40,0.04520289:55,0.028899077:21,0.054029852:66,0.015389966:2,0.02069096:7,0.031480405:27,0.03926097:44,0.019842234:6,0.036768768:39,0.040193558:46,0.04870286:60,0.18157618:90,0.035341814:36,0.012860956:1,0.07243306:78,0.026893333:17,0.13454346:87,0.05991597:71,0.038291484:42,0.14900629:88,0.44625902:99,0.034476165:34,0.027437033:18,0.043419074:52,0.19893365:91,0.029786665:23,0.38147742:98,0.24077947:93
