30
0.7508206600254119,8.327097457220102e-16,0.0021831801187743435,7.322658068569026e-9,7.905619267178176e-6,0.1272205033817674,0.05147683228142091,0.00025895094851699285,0.00919346324435342,0.007560786049499231,3.2125119143964084e-6,0.030353479907942783,7.622156176360396e-12,0.009431503350502737,2.06294394272044e-6,0.003732642828869998,1.2048845004088131e-27,1.9669933734789247e-10,0.002739819399838741,4.350846958129231e-12,0.0001532749311644596,2.4055672588872792e-12,2.4912311475027105e-9,0.0030745319487201156,0.00045389420863391786,5.5515586272210806e-8,3.131405249933723e-7,2.763924566014723e-5,1.6136849551112465e-5,0.001289141523168308
4.585915082575258e-15,0.4753731392223869,4.6084032763819935e-8,2.8362425767300127e-16,2.6154128807436003e-7,0.002025701441687002,5.294007571975205e-114,1.410989824605918e-15,8.612067991822194e-5,0.001277956367561961,4.769616533976263e-7,1.3908930231292243e-32,9.394746595021834e-10,4.332450381390498e-24,4.583515594291834e-10,1.4814598099838315e-29,0.5125502542767488,0.004241837116585006,1.0374807650697202e-8,0.0019453141505850447,5.112255135067814e-12,2.1355515510692297e-12,2.7532352896519237e-8,3.8945754212299895e-26,2.719690827762771e-9,1.0360534309961011e-16,2.472887036315065e-8,0.0024988253967500413,1.714175616768298e-21,4.771892610446087e-16
1.096011719147931e-6,1.5588377464871935e-13,0.3303654929847302,0.01116372634920266,0.03435742853131201,6.318113056964277e-6,3.260089790715141e-9,0.030574877839603786,0.0037863835069339,0.3572110196302842,0.0002552760769486718,1.0119014059554056e-5,0.008843585720424445,0.0066422160936149815,0.0008669520653100437,0.004415301854580698,5.924075738150119e-7,0.07052995570252295,8.255415065454629e-6,0.0021965422881933577,0.00483446584018303,0.006571772259564315,0.002359235183460464,2.6019021759750827e-6,0.07945759828480811,1.4907923050999183e-5,0.0052096460786985165,0.0016301789581275232,0.0004510969559885855,0.038233353748559816
2.4096050442117587e-8,1.8986149256466125e-23,3.417962412849089e-5,0.000916644834531084,6.319050817409644e-5,1.0474760938936801e-10,0.2256181904121327,0.0010730706540342367,1.8387612773098266e-6,1.5301489459449785e-5,0.003329844969720352,8.590336027547439e-5,0.15063885184848447,4.55318074067327e-7,0.035333437236202234,0.011716789388243755,1.4394903291241008e-5,0.0025195456141687126,0.000615754339027143,0.03651069316659292,6.027199837206694e-5,0.03797188810981258,5.522615584303088e-5,4.734598353754456e-6,2.719291725897138e-7,0.008088879319046146,4.7204799707642125e-7,0.4828965290391969,0.00234573885508707,8.787731850310807e-5
0.0007445729713056848,5.764322920642364e-12,0.11012333175328796,0.10745406950602536,0.006289251870189593,2.1739945635653176e-6,3.2815179448374775e-7,0.043590035784018315,0.0023368820149882825,0.09648475077292827,0.03268965044912386,0.007657521716976939,0.1486725432388307,0.006351873808590397,0.007546299955859496,0.00014223406872146044,8.200939735913061e-6,0.16969705529313378,0.00011190277802686098,0.014740043001190127,7.403048424961418e-5,0.04068694146291991,0.05723356859540785,0.00017874654352911343,0.062038223463307736,0.0014445615088154893,0.03645717562800998,0.005034931994383112,0.00662716633043883,0.03558193191388303
0.04972281868099469,2.5385218278968464e-18,3.414004925654246e-6,4.458555162991132e-12,6.313608098693719e-10,0.5566825607764482,1.6803578529534375e-6,0.011152583725304433,0.01119932094730557,2.3554685960850436e-10,4.326683076981881e-7,0.2922106294835335,2.492339643424426e-9,0.02274944861442501,6.16172940792267e-7,2.4632807247361108e-31,2.985094810048553e-12,8.9675508763959e-6,8.085985318486953e-5,2.840267747037878e-6,5.318777519746159e-7,4.466682127186385e-6,1.1727755262117421e-6,0.015383140520099975,1.114851368604914e-9,0.04079360526456217,5.6631059840446216e-8,7.010481565054733e-7,1.4652586297344028e-7,1.0894638814042766e-9
0.01682404702924359,1.0219595904031988e-86,6.024967894596045e-42,1.2029343567987953e-38,2.2451775039767926e-49,0.00016117764168399406,0.5157765116692176,6.234113388277723e-38,0.026125478443300654,2.0282589158118116e-47,2.7469869497164803e-24,2.787763265447919e-17,0.0098684760024416,2.0650286196943897e-34,3.7170254698090125e-21,1.730112224304066e-16,1.1682206613909694e-76,5.197276625231006e-28,4.625514497595914e-38,9.259243409769771e-32,5.833831330014824e-41,7.358205601636005e-42,1.2928239596117648e-40,6.496326646131465e-35,1.97454353398558e-40,2.726703066464591e-23,1.3475133009837095e-34,0.43124421361983956,9.55942728746879e-8,1.440355121110094e-46
7.283080297765671e-6,3.699322438368534e-14,0.04057642565288645,0.010632180817455044,0.007131122145926633,0.00029696899324484644,1.0240273133761947e-13,0.05470383213314153,0.0015871786183680949,0.09352379469909759,0.0051536928306845494,0.0002721183855142902,0.00905155642398066,0.0023274563900097297,0.0003669781408513833,0.11931337129294897,3.2893136527294425e-9,0.0003970308625909756,5.061031202979858e-6,0.0002775410611856775,0.013329444806353076,0.0131666188234485,0.00456745973440358,1.3340794469697554e-7,0.0020493848777732708,1.7723008202051507e-6,4.806958197881064e-6,0.006465319191480611,2.1958686392252424e-6,0.6147892681820987
0.03249827825072815,3.3507645692685792e-15,1.4811278540737505e-5,1.2238474486204316e-8,0.0005339705187471323,0.023520899557350063,0.01765074217688196,4.3847330609486126e-5,0.5925067213032191,6.508453079109608e-5,1.864771269995989e-5,0.10133550486213883,0.00012693489015713283,0.03237040919098317,0.0027935578705761952,0.0008624391905338275,1.0714376272902022e-30,1.4369264216736094e-7,0.08999776298256104,3.964632050915034e-6,9.23456778586097e-7,0.000970735208436709,0.00039006649202650136,0.0035248171276568282,1.827567430755892e-5,0.010307598615333433,5.7644625252461976e-8,0.0864827551628279,0.0001675405003599531,0.003793497907958418
0.00016106011315801695,3.5258006773407585e-12,0.02512635016198401,0.0004246540571583224,0.010117541881238389,5.427433990837884e-6,9.146593246927237e-7,0.0028016951236600873,0.0003554422552365864,0.2509556505140285,0.002582688550826767,0.0006892673440371448,0.03419406190428127,6.006202659829134e-6,0.0020149956790487026,6.761432903005416e-7,0.0023815652621868425,0.077113757290145,8.941989588317569e-7,0.0045779606598029534,0.00017273132513216327,0.11953634883992192,0.17628763786684176,2.166523874204467e-6,0.004483262016656838,6.304051993466975e-6,0.2835373763428876,3.3451280995301465e-5,0.00026783917556300545,0.0021622731375908655
0.0001645319872138617,0.0030662802525780264,0.003250993306190257,0.08414064965177066,0.005896865649664689,6.052688845434472e-5,0.05866207929468251,0.014819773355298735,0.0134409426553511,7.639909598879621e-5,0.37833804682759414,0.0004180649703425263,7.916796937489047e-5,0.0186085239408198,0.0054136967400847625,0.002674253792346479,0.0001259641257688994,0.0016306654258128918,0.0043057139217923665,0.000838784463002049,0.0011486606655785646,8.52556984173626e-6,0.0003109965511669591,0.0006860653317854188,0.00766373048378554,0.01115614683158035,0.0011102514342817853,0.36097467080812373,0.02051713188089372,0.00041189612883046857
6.771880541336278e-6,3.654868224528215e-56,0.0009300606407513359,8.702325632412394e-9,2.2711810100037683e-7,0.12957549708752003,0.00043007693620941126,0.005323861599767781,0.008209505522825615,2.8188446321985567e-10,0.0005272957648061067,0.427908230008701,7.405346358717277e-10,0.00044961977687896004,3.397686748964662e-10,6.671693530424177e-32,2.8993723571713967e-5,0.009756325241790844,0.008395930575964718,0.0006481778808879622,0.00048793851973907414,1.2213493342884464e-6,9.879722599124735e-5,0.39509992400286903,2.108261226194667e-6,0.0011236269458057054,0.001043808762001973,0.009836008803770677,0.00011596960811807357,1.2698312492158724e-8
3.77092999067999e-6,0.0019333021969593907,0.002558444922250069,2.2856567441606614e-5,0.0007568498048682393,2.5558986017893304e-9,1.3054112831162149e-5,0.0012319776452308232,0.00015456282214222565,4.594282707585776e-6,7.61397482440458e-7,0.019368815230136113,0.2968813880563891,0.023181919744409994,0.21207199151298334,0.001488698232572678,1.2020278874720825e-5,0.05855802254152445,0.00026362795851242395,0.0837662515881566,0.0009051146096463021,0.0019600860346585926,0.049012542939846054,0.0005902120625840879,0.00011348731579121126,0.1693996607097276,0.0036160353807333464,0.0656301298683949,0.006496966872193071,2.8518250626036063e-6
4.094923694028241e-6,2.8522017036138453e-31,4.1620653318968895e-5,0.005602354866779347,9.766976539080058e-6,0.006182722203127136,0.004537178713807808,7.860730999050344e-5,0.0279916406078942,0.0010744188651186286,0.001390350077538276,0.4322643692782685,0.0190771061130445,0.04855149129530028,9.438096869123144e-5,5.78864926846375e-14,2.61242037682051e-5,0.0002460330071265009,0.21469195123888674,0.0581253804863516,1.00936856300411e-6,0.009180104490183909,0.0024170296528144633,0.04331930005771906,2.112859653872784e-6,0.11890001709391576,6.276115123515383e-6,0.0022918402246575446,0.0023764213095058212,0.0015162970385595676
2.981331735223754e-8,7.088089697055097e-5,0.011832835775707123,0.03684213967484543,0.09124525110967219,1.8118502749166025e-6,1.0055388793804006e-6,0.046160508821197835,0.0001551822405886606,0.009669121374647772,0.28679935300698384,0.004967652239229818,0.01969050688019267,0.1164491433006616,0.008028294787651378,1.778962085851499e-6,3.711099960519718e-7,0.0003877413986379854,0.06432511342926422,0.0009148560987839426,0.021147521065258315,0.00269552612065495,0.0011550991846705075,0.00020739850686554565,0.1896152210097915,0.0008248207239611179,0.0003180008398110832,4.2939243621166816e-5,0.026784301101766415,0.05966559389401098
1.399083456608362e-16,1.7118194189280272e-31,3.1896847788094926e-6,0.041545585461274875,1.0639729549376547e-5,1.7061875001639586e-16,2.194697975063257e-51,5.989298512858898e-12,6.670790001038285e-12,0.12962709040035786,1.2703681574035737e-6,0.0003182827186495141,8.102107558271367e-14,0.01737271817661081,2.157886280091198e-10,0.012223872658694,0.023848615726905074,2.887574932808447e-12,1.3816341817437668e-5,1.3376648506751693e-11,8.100750868757404e-11,2.5887890417243154e-5,3.6065468700757706e-6,2.549541261776609e-8,5.779959918285588e-10,1.82266793398534e-15,1.0908970310527296e-11,0.0034854404294695288,0.01379273993658164,0.7577272175197453
8.297371073586392e-25,0.24968355038746193,1.0222140691251177e-14,1.8877696619053898e-6,6.147573823603636e-12,9.898270020469125e-16,0.0012063293943032115,1.4488529121567858e-7,0.0007064465579735185,2.5262401054489752e-15,0.0035667020364846024,8.41634305963205e-17,0.006027972671169138,0.0014534871251388585,1.3671622168403469e-6,0.003793603437977677,0.7278919328985437,1.927839514542394e-9,2.5836527305832163e-11,9.305330796402493e-7,5.585350111184589e-9,6.098180287748308e-7,1.8378173549488653e-11,3.663980358760819e-13,1.90531259876903e-12,1.8259351924813105e-7,6.729574737525551e-14,0.005664246946355713,9.891302778823862e-9,5.883255866115433e-7
5.3670369838254455e-8,0.0027380381519178836,0.0561721137031026,0.000122121890647923,0.010036609805464706,7.333839930220052e-6,9.024055765728088e-6,0.5981462092459983,0.011323258683754604,0.0007822451400057241,0.0004218495610774174,3.51596693058326e-6,0.004493225867628455,2.656806524271638e-5,2.7691858028895486e-5,0.009492248255921012,3.8485929559851827e-16,0.056851321416669647,0.003017024380861471,0.03956641750641271,0.09284654898633801,0.0049301857370384365,0.04234478983714209,0.0011630053511249262,0.02528217387159694,0.0002136847013579568,0.009467509814725873,0.02864255704281204,0.0010571398601085837,0.0008155337320243838
9.770180279082516e-8,1.3894908736530086e-30,0.00037037433228288087,0.02105180681630647,0.00021570401062265854,2.2898432893948972e-5,4.9024994849823076e-8,7.753818001140841e-5,8.654831260340891e-6,0.0002731629656334516,0.0011553442686841268,0.0002496345393486272,0.00026144195939927336,0.5965779509438495,1.97133172369355e-5,2.175958076133417e-10,0.005361983302602128,0.001519304297615028,0.14207384088442415,0.0827060477469861,0.00012237425549956648,0.044494127477937205,0.067287628321051,0.006549404412648562,9.356116796778079e-5,0.004731651877760002,1.6076206702289658e-6,2.7362585350894995e-7,1.4011920819271814e-5,0.02475981154624262
3.1587931251130227e-10,2.53226048155241e-6,0.01321837614997344,0.010204378569087662,0.024684091232245624,7.311687506909613e-8,0.005988632721368693,0.17874230780974326,0.00907210876966213,0.0014846605536521548,0.0009303988374852212,3.6295183210650704e-6,0.00964879911292722,0.003617232951077753,0.005987038386469333,0.00032172718102553013,1.4817432733713528e-11,0.12672510854407984,0.0710638184445497,0.13771732320995864,0.033295391987082645,0.06962579650506073,0.17277866676079454,0.04970857745515927,2.752370947859284e-5,0.06967377676600449,0.0033931855253923676,0.0004277907985726001,0.00017550758220776966,0.0014815452105662226
6.842442344540903e-6,1.0182704859616462e-12,0.03829513384102921,0.002686863078415236,0.019370948334170246,3.082744807932363e-5,1.7754172348701248e-12,0.31128826880440724,0.000289318048292288,0.09236977623370449,0.02029864800393612,4.84830752052054e-8,0.0003674373732502057,0.02032845573074958,0.00028549266171574045,0.028038281657118767,1.0742051962366682e-7,0.005419255038883133,1.1397964061863661e-5,0.0011178155930969074,0.08113209571457922,0.1504174417840682,0.008199418263585822,8.059777990567113e-7,0.06621988413011648,1.0766897913971995e-5,9.87549038113081e-6,0.006859082668621741,9.771557107905237e-5,0.14684799534221182
1.2175306233169206e-8,0.0004423210669855675,0.006719113305023342,0.0010139503304315502,0.0006122657864629239,3.133404074511576e-9,0.005978636219495198,0.011318309145046099,0.004854643903950245,0.011708086369450534,0.0009097064809799132,0.002236640266194378,0.07019530610869314,4.670424531161624e-5,0.00025870148781097083,7.677568899257372e-10,0.0018616968917582073,0.3908560477317478,1.01839605399258e-5,0.11090242212930235,0.017707772733453513,0.0008018174874235631,0.06624767461810119,0.0005099166153675396,0.057049371475087145,4.86766030884785e-5,0.2279092711849711,0.0033295029028075646,0.006245466013266751,0.0002257788607823538
2.062231086521237e-10,0.0006040637807639672,0.18368859605734103,0.0005594736009127963,0.01644577444325146,3.2551368401612576e-9,1.4995770755544491e-5,0.03473767810280969,0.0021158177366205465,0.017661283159193863,0.0009940268168554382,2.7946430832334728e-6,0.0007826769796884942,0.0002983211805234317,0.0005364854444606133,2.431416688634502e-7,2.6439928499762536e-8,0.17819671199809237,0.00027083926219222105,0.14365714428141044,0.19600901034662138,0.006029364282485438,0.14544038526337985,0.0006148748491362907,0.03546858303911559,0.003949161077421831,0.031290168909683225,0.0004601577144901026,9.119332267882912e-5,8.014489407496671e-5
0.0026203792590991756,4.9934806728947955e-67,0.02713014988956474,0.0008249926196786798,0.0004008478523123546,0.022931721565412854,0.006079429128407353,0.06030594085736885,0.007278595219775915,4.356245034373197e-5,0.005428312465163768,0.129026472793698,3.2259536139658084e-5,0.4987661786601447,2.9950659062542053e-6,0.0016914219254539427,0.0009939116568409832,0.00020121707168790394,0.20128904551083135,0.0004925678550128297,0.011597282674187035,0.0002447990179311732,3.851631417173387e-5,0.009480609465610763,0.0004920569089392686,0.0007592221361748357,6.916001051318808e-5,0.011442601866175768,5.05547089377486e-6,0.0003306947525594933
3.999215307527884e-5,2.0232434616578313e-11,0.32025144584597437,0.012372102744709158,0.029723700614713924,3.336426641382851e-7,1.4757380449443219e-8,0.02871176718598214,0.0013874625464397618,0.07830902461051982,0.05469414095790999,0.003235063614502321,0.022427943306579122,0.029336192585296388,0.0018319255090136165,0.04576348196639511,3.947923378511722e-6,0.02408609719771294,1.1714434849352575e-5,0.014354870172004265,0.012872560142878428,0.07124734535494053,0.003059520466821511,4.543055722281677e-5,0.22823626970224625,3.3145838795600444e-5,0.0023523090059228893,0.0013459907347644804,0.0005798228157280523,0.013686383591346267
5.288673588065385e-7,1.6035310889470108e-15,0.027530860006963618,0.06141495643049824,0.009205417868085252,0.00021401363966814653,0.010043534055949968,0.05290562612137669,6.473196204626239e-6,0.002030559006533297,0.015913892120034388,0.023692061699399157,3.581408760404654e-6,0.0006028864632527788,1.8021994029514594e-5,1.0274445255304138e-9,0.020720964650900533,0.007265735869148496,0.2166374466832665,0.05635788082319098,0.19223234443707823,5.0834583576015563e-5,0.01075194495453086,0.07188686420180417,0.0362472743070549,0.11965298954638277,0.01066269377515629,0.0013813429794100952,0.001726771279855603,0.050842498003083623
5.318562814776132e-8,0.0005611743568596213,0.5392998355640195,3.493272392475921e-5,0.004038888322131534,5.294555975639778e-7,3.825060225282032e-9,0.2323292266561633,1.2849351628638856e-5,0.008233410112968345,1.1553758274411742e-5,1.0504384940700857e-7,0.0008440223614921536,1.9222186071554922e-7,1.5326405390391278e-5,0.006119703099507182,1.741213964638088e-8,0.030796753142963023,2.041415806092723e-7,0.001872577659019446,0.045077055091798636,0.01167183918598113,0.00022563226749646478,1.7542723403576539e-7,0.09823542997589647,1.5939788170262754e-7,0.015543749859248647,0.004199924505751016,0.00012974983243065218,0.0007449256562224622
0.07002455477656913,0.0009161664451029628,4.1775112084836916e-10,1.0573325223050776e-6,5.359671734872391e-7,0.0211467482877134,0.10969182335778006,1.4860037674160756e-10,0.04529161756744781,6.097270855618797e-10,5.223829943027362e-6,0.019043296245998997,0.010388195941904025,0.00019869965246693575,0.08343277406011558,0.0005972913319587686,3.52120751587667e-7,0.00308140197016532,0.0012525343386937957,0.00019196689007268888,1.096372799424923e-8,2.2004562451420996e-7,3.82369327667519e-5,0.0007990930162127203,1.673235929563569e-7,6.20562941432467e-5,2.2504310410414515e-5,0.16866533080371626,0.4651476451010851,4.939162617056606e-7
0.0001400726553670806,3.027471135693546e-12,0.0005043536426593939,5.2062851275117675e-5,6.293715072032166e-5,0.0063961024464559224,0.044269541073419495,0.021564706319349165,3.4583965054023094e-6,5.424725479586233e-8,0.4403543591804001,0.005186051339344156,3.299456456828632e-5,0.0015711976480927451,0.0009803072742926194,0.00827397545749931,0.0008615873657752814,4.0623357121872554e-5,0.0675641093089629,0.003389455490925474,0.0007078737766324639,0.0005751492827604658,3.5736939707691094e-5,3.936108024654537e-5,0.001876716672724881,0.10384500098436075,4.3853604696664074e-6,0.10705142682863565,0.18461599101256945,4.082888754805679e-7
0.00035236371241856225,6.981302862528643e-21,0.0011138842278267376,0.0007335037537520958,0.009634303688394722,2.1596239558391648e-8,3.011477779256172e-8,4.150590797950439e-6,0.002195712013949916,0.12322298854575695,0.007101084859644776,0.004223254683270074,0.020705558594691628,0.004957102071581478,0.00024689351854425423,1.1138875745538072e-9,1.4892061721552005e-5,0.0042159663255960985,6.534526299307379e-5,0.0023401842385486443,1.9941304332178833e-5,0.5504936713798265,0.25318132503059565,2.487790341841268e-5,2.045974477289161e-5,4.59700276756838e-5,0.0002460531486963583,0.00652919374120242,0.0014782925684864805,0.006832974176600009
30,84
5.143786021387429e-101,0.00263550259227757,4.128700949464981e-7,0.0848622213604459,0.12270827959009892,0.09885294561067887,0.0291445260294327,0.033476217667923,0.04406615723042962,0.029522238293126654,0.04241002780801832,0.033364781877018634,0.04508298497803556,0.09851892092808036,0.04604561254074184,0.03935812233856656,0.009595385792013217,0.03650578212255735,0.017005832306027188,0.020169400106728873,0.009743848376991339,0.032484313444216095,0.04407004107980768,3.395284423672124e-5,0.01810440389385139,0.004257911628852407,0.009386566998595452,0.02218374781529093,0.007881557430276059,0.009409929180065299,0.0001253168595155312,0.004223314994323013,1.280981627454639e-41,2.4381124257096294e-26,6.386589495915285e-43,1.8984157656709523e-36,0.0023390545845957183,2.1961192377238654e-43,7.260992423268338e-20,0.0024306888266026803,4.912865985393502e-22,1.718321591798426e-33,9.656615813492768e-50,4.8079898240661874e-14,1.785389249117569e-51,5.283096423490824e-47,2.0090220351673937e-57,1.960413193173745e-21,1.780186914635974e-90,2.659870364422781e-94,9.949944262420873e-65,8.84745730730376e-49,1.1613908302666348e-61,1.9719094855263027e-136,2.0202346272669837e-160,4.3557057182799177e-13,8.08157331301715e-99,1.6889034412465896e-74,3.4044300261249395e-136,3.536823732246478e-105,1.155284499778905e-154,2.4571500003855215e-79,5.786561407118823e-149,3.145398397259726e-177,1.886046752667638e-188,1.915371161056326e-101,5.2596097681661795e-99,0.0,7.180750396942919e-197,0.0,3.3903380220725995e-129,1.7011463891225771e-59,3.018402914658858e-40,3.912402398659784e-199,1.7297251157488611e-109,2.7200037435569873e-210,8.448716327152945e-202,2.446702405728316e-202,0.0,0.0,2.704941173907154e-198,6.188578526465853e-145,0.0,0.0
0.9927502435224115,0.0007215104402877239,2.230542293289199e-6,0.0016848633682470567,0.0036265852497444216,0.0012145085091216862,8.425797350797153e-24,2.672615074499126e-104,5.836789432701918e-8,6.674486696735815e-132,5.773140335988475e-152,5.091799760285319e-140,4.0291625318307696e-143,3.309818947978547e-112,3.969410984534648e-80,7.202044177826494e-245,1.6785936479283948e-161,5.594262805192651e-194,1.6430161797380057e-25,8.537922652626155e-250,6.591801919181595e-254,2.7305600104121846e-286,3.9606354658145156e-276,1.300550633485256e-231,1.2038930558915303e-288,2.3923379418706232e-93,3.1989465611053534e-297,2.9253926121329507e-239,0.0,0.0,0.0,1.7399228885904314e-272,0.0,5.980341116035833e-276,0.0,4.6100901781494153e-225,1.2223433096833808e-183,0.0,2.692333284340419e-183,0.0,2.5226790496257944e-223,0.0,0.0,0.0,0.0,0.0,0.0,0.0,0.0,0.0,0.0,3.0255581727476216e-77,0.0,1.3280643081990894e-262,0.0,0.0,0.0,0.0,0.0,0.0,0.0,0.0,0.0,0.0,0.0,0.0,0.0,0.0,0.0,0.0,0.0,0.0,0.0,0.0,0.0,0.0,0.0,0.0,0.0,0.0,0.0,0.0,0.0,0.0
4.707126253572364e-10,0.9756490203030342,0.01636516352524811,1.8628185087898924e-9,2.4013642786228014e-5,0.0022128974900556607,0.0008324548922036092,1.6976227103849398e-7,4.385390296240764e-22,0.002408940201870612,3.2419854194086176e-7,0.0025069799209614147,5.0020689967489945e-9,2.5729585015419672e-8,2.9978370375437444e-9,3.316204266304126e-63,8.177193771735224e-129,7.185939621259475e-54,5.191889790552696e-49,6.312609821618199e-74,1.6371079616613593e-77,1.4480099624758257e-35,1.6946749005965513e-92,5.966279267806358e-40,7.157584631864761e-131,4.707182851590502e-15,4.3765143531937116e-132,1.9840224123271905e-105,6.285828720897213e-122,1.2073088861621576e-101,4.32632059583595e-196,9.199674466069158e-138,1.6787598125867534e-48,1.9010946253565011e-50,4.9585877623708775e-120,4.4088592061571694e-67,1.3178896276881225e-259,4.459682413243575e-147,1.955079597395239e-21,0.0,1.325721678178887e-126,1.0076699673174287e-135,4.399036237225278e-165,8.711548845135232e-248,6.592459764409299e-228,8.677979893126973e-101,2.934955192792693e-176,1.7719126429284298e-227,4.5469088963870134e-275,2.0e-323,2.241064196293706e-181,7.562395707260152e-165,0.0,1.0974224162532573e-85,0.0,0.0,6.076073653769265e-286,0.0,0.0,0.0,0.0,2.5e-323,0.0,0.0,1.2437533178360837e-255,0.0,0.0,0.0,0.0,0.0,0.0,0.0,0.0,0.0,0.0,0.0,0.0,0.0,0.0,0.0,0.0,0.0,0.0,0.0
2.69468205028147e-6,0.3046113141996609,0.004865735993119717,1.3506999086538848e-6,0.04683135614632511,0.06735553554907746,1.2188131821696646e-6,0.12105505257125404,1.4286236146046689e-5,0.05820723942888706,0.10039506398542584,0.0884998630641906,0.0004991825161624762,0.03021580937862182,0.07669893611863252,0.1007451642700124,1.0774991945352724e-12,3.864201024756559e-13,1.1330399201100587e-7,9.16922039532275e-12,1.4160827423343253e-17,2.0301337428743036e-12,8.300211267043382e-8,2.2358010633762487e-34,1.4273437397877667e-19,4.29648825968918e-29,5.4582886085536595e-21,4.0096739128156944e-21,1.3065903509358214e-30,5.114793069342132e-64,1.0366009039205476e-70,1.7445498803649247e-50,5.116263559623564e-29,2.857493099736418e-11,4.0301958464586654e-57,4.156818894545272e-17,3.2620274584103526e-85,5.865000470997948e-48,3.389975254731194e-27,2.963474576775152e-120,5.0247980343097355e-33,2.54310891665348e-51,3.5430638645415094e-75,1.995181981521991e-96,4.359980959777443e-66,3.802884380378513e-68,1.132403621701074e-29,2.461140721044386e-140,7.265773700202607e-127,1.2601021354069087e-53,2.990167005248391e-82,2.6084363409566153e-63,7.641700310389851e-217,1.0402839764687365e-49,4.14775145e-316,2.494283648568754e-242,9.953408214261048e-53,2.1688641951834367e-209,5.201521352292403e-289,4.788455044584419e-139,0.0,6.659486917070126e-255,7.662288579854654e-254,0.0,1.055218236753189e-23,1.1059571315848137e-175,1.2361667177072639e-77,0.0,0.0,0.0,0.0,3.063227250902099e-251,1.592093509437059e-132,0.0,0.0,0.0,0.0,0.0,0.0,0.0,0.0,4.446857758965735e-211,0.0,0.0
1.5756959834008844e-11,0.8897951750046582,0.10794746855215888,1.4895039408815824e-6,1.0255539102316348e-6,3.807726911731803e-8,0.0005343918236648745,3.9622738765211645e-5,5.578542960122866e-19,1.1927834597219027e-5,0.001293560221457612,0.0003751126398431662,1.0361560253041152e-7,8.396956871630367e-8,4.2361415459101357e-10,1.4496504281146469e-40,4.6271383888029804e-82,2.408646719409919e-11,1.1057136641660702e-12,8.361697108121801e-37,2.5522206157963894e-56,1.0579446190812493e-28,4.13936148557961e-59,2.3588707108633623e-44,7.538856488221879e-79,6.584786180268698e-44,1.8807429431155032e-66,9.830483111982994e-61,1.5675423994230613e-85,2.0148104743188806e-85,5.084344313488671e-135,2.2917714194403116e-87,2.1096254534908192e-30,2.6647262014983646e-37,1.5328924525226685e-74,1.2288625087946678e-37,3.9403017155078713e-144,8.903161962205549e-88,6.501099113987968e-22,4.863752532614307e-231,6.925029466938869e-67,8.903397499696593e-79,1.1822672906714577e-121,4.1666244440399e-162,8.299673185620144e-154,9.941893082556588e-91,1.190323039387815e-113,3.0693217225417832e-145,7.971289667280294e-180,2.3232302841648256e-214,1.9519946355236165e-142,6.908064873235659e-104,0.0,4.825550750241162e-72,0.0,1.8573017527034941e-224,1.5924863678191795e-202,0.0,0.0,1.2657737233900108e-192,0.0,1.1132913885894087e-261,0.0,0.0,3.1049375654037593e-161,2.192848853359098e-292,1.8642271e-315,0.0,0.0,0.0,0.0,0.0,0.0,0.0,0.0,0.0,0.0,0.0,0.0,0.0,0.0,0.0,0.0,0.0
4.718722640735998e-75,8.461845403557091e-20,0.0015149952134811374,0.3145217546840396,0.5359097234656396,0.05482885167794203,0.018683097203228444,0.005618947234157139,0.013716171592527252,0.008372361694750433,0.0055320979313362014,0.006628589591881105,3.102950709135169e-5,3.887234845740676e-6,0.002731998065344762,2.653504876658066e-7,0.00767274166626004,0.0021862938476877674,6.540225545075338e-9,0.012214156369830247,0.0006150698999380463,8.020830867028124e-6,2.2497352930764756e-10,0.004079612482913279,1.28018877247268e-15,2.400582224082347e-9,0.0029388739647311208,6.156912490654297e-21,2.365987126184052e-14,1.2677855505560484e-24,1.820636583627307e-30,1.1064192165184908e-20,3.671721653658703e-67,1.8772762255024648e-21,1.2590746622287897e-55,3.252991534538511e-67,4.743917325834572e-12,1.1994719768433766e-62,1.667298376620621e-43,1.0743836798127408e-18,0.001206060434206686,1.5633676142174546e-71,1.3496386279843954e-79,1.6554054618603144e-34,5.278336945727323e-89,7.381293265788265e-82,1.187386146362476e-46,0.0009853908862628299,4.323268512744676e-90,1.95246931843111e-128,6.545507906488498e-94,6.48819160673605e-100,2.377631833425592e-108,2.448256829084139e-178,1.2037114347987551e-217,1.0606511501346346e-20,2.4533386911546225e-46,1.3492399739857277e-150,6.965140340170595e-212,1.34113718898349e-142,2.803672062236219e-215,2.2461180278428548e-113,3.518487768183837e-208,9.752217791734924e-220,1.79095756054594e-181,1.3727815151499967e-156,3.0917178566821626e-149,0.0,9.64635824936429e-266,0.0,4.1075570168398186e-182,9.401929403109156e-146,1.6903835401273676e-96,2.986437759250605e-282,3.634628729249195e-143,3.6396016368008014e-299,3.765485980706852e-282,1.7228294617205908e-269,0.0,0.0,5.6146922424075804e-254,1.8894779001204577e-217,0.0,0.0
1.5029887321845805e-69,5.0087088410598916e-42,1.930546501284146e-27,2.775510947551669e-10,4.0075969402781903e-10,0.0007832872303216548,1.4784781904569233e-16,1.8489022024897248e-5,1.9994284090651284e-5,0.0031684822738157746,0.00167639816935203,2.4011896571167777e-14,3.413578889798092e-5,0.00014306831359726336,0.006178911774540237,0.0024282213623071994,1.0746540320114037e-13,4.064568814722026e-7,0.0001696978747901062,4.706260256878244e-8,1.138302400471525e-6,0.0011574396191955294,0.0012361928497326424,0.010460820217737189,0.004007636898344788,0.0022602731401542217,0.04972906300118052,0.04873266764886343,0.049903069083773205,0.05677961687734251,0.06053096556964988,0.04423517935846963,0.052619509294975816,0.053267713468142276,0.0472498904639002,0.033213572582557103,0.03875938042601485,0.04905576308735471,0.03452306243391037,0.016365255714857283,0.027643921728975573,0.02293253827057977,0.022006120664433446,0.02743605871138814,0.017519915523814048,0.022158823326837437,0.01487576948590065,0.01516063520877693,0.01844735471672648,0.019855904260322587,0.008890738832217584,0.012847938050796884,0.00934395494603416,0.007007842766025941,0.01051194931428843,0.0024194121698062118,0.007007966209525619,0.004671977473017079,0.008175960577779888,0.007007966209525619,0.0035039831047628095,0.0033201039658529584,0.004671977473017079,0.00350398310476281,0.0023359887365084916,0.0035039831047628095,0.005839971841271349,0.0,0.0011679943682542698,0.0,0.0023359887365085397,0.0011679943682542696,0.0011679943682542698,0.003503983104762809,0.0023359887365085397,0.0011679943682542698,0.0011679943682542698,0.0023359887365085397,0.0,0.0,0.0011679943682542698,0.0011679943682542698,0.0,0.0
0.02729957867722052,0.9155432400138558,0.04561028709328635,1.5767305452964362e-10,0.003615242621143393,0.0030442682841750114,4.615234723326944e-14,0.0010184639588895169,5.846326026409595e-24,5.613545050812529e-6,0.0006206965905485027,1.0755046604819243e-5,0.0019192165413224748,0.0009076301133527928,1.9542908540171642e-17,0.00010460583364098494,4.2463988017852527e-122,5.717635988257653e-66,2.4156431407693416e-65,4.3606471845752635e-99,3.587339564874209e-63,0.0003004015231898095,2.108668175348192e-81,1.983857913649077e-62,6.982418834722732e-111,7.3421637359993965e-19,1.6487563400935058e-138,1.2360471642786279e-143,3.3415482489073564e-119,5.288644978076923e-108,8.442475569540692e-199,2.7851408859662066e-160,2.6079499186514346e-89,3.3303789551225655e-46,2.6617588238419444e-128,2.2776013952933808e-101,9.915292397902499e-263,2.1145113631007172e-151,3.32827381084252e-64,0.0,2.886797284179991e-133,9.377934073753386e-144,5.396203341636107e-176,3.384200397174027e-251,6.39978195485195e-218,2.504787439963633e-112,1.6087838824876523e-175,1.2046192713395657e-281,2.748053000735286e-270,4.450368945414004e-309,5.297577573492068e-195,2.9809946114421816e-206,0.0,5.951778279049613e-108,0.0,1.72779398834e-313,2.66059385878379e-275,0.0,0.0,1.4757938e-316,0.0,1.8279e-319,0.0,0.0,6.367920632725612e-230,0.0,0.0,0.0,0.0,0.0,0.0,0.0,0.0,0.0,0.0,0.0,0.0,0.0,0.0,0.0,0.0,0.0,0.0,0.0
1.1405485896756519e-30,0.00342509376020665,2.0297134296269235e-9,1.6893120360559084e-5,0.21806147270647933,0.2845028851063918,0.2132089203136218,0.11821760488567098,0.024900779415848222,0.0165691684883668,0.002153741291818849,0.004136232262743024,0.008949721722663406,0.0003469314938996226,0.022050774815652895,8.805698364177029e-7,0.010289463441657045,0.0003185013890738216,0.010939811550772508,4.575755322734184e-8,2.330173821396403e-5,0.0018522425687259897,3.72868707977289e-9,0.01835883616173943,0.0057467900311782135,2.253758703656647e-6,7.622741117446434e-6,3.502003868410608e-7,0.01554857173826155,0.00029055592120555505,0.005150017913964106,2.415605974604394e-12,1.3199697589995247e-14,3.9903481932662625e-11,1.2658606943877816e-19,0.006734921273795367,5.481221520314753e-24,9.949947120356042e-20,7.753688457367812e-34,7.473056515357041e-29,3.966905031936026e-23,5.56466004380524e-12,2.159603242679528e-29,0.0023952555465963647,3.8036119574273085e-21,8.387079928233148e-11,0.004263981704381344,5.030982750226677e-68,1.0909567681852635e-46,3.726579295057426e-85,1.2892599468861429e-60,3.059014002496108e-41,1.028022120428347e-86,2.143686934581284e-74,6.067723792440223e-139,0.0015363707189448563,2.753772885561567e-60,7.304910671718033e-92,1.4484847403026944e-131,6.208197636017401e-86,7.890787903212155e-145,5.807290932579744e-70,4.418247621231005e-117,9.171271984901115e-189,7.624006640372061e-64,2.7592909068133013e-71,2.359548743781104e-104,0.0,3.35550849383036e-125,0.0,3.607208446552788e-136,1.7111807193762107e-142,6.8607615594266765e-40,1.2263934355134244e-203,1.873704350947336e-89,3.226945525661467e-197,1.9723956217940683e-210,1.972484362184229e-208,0.0,0.0,6.84737999357081e-204,5.2215708388246154e-111,0.0,0.0
3.4361854089565886e-8,0.9985138802090309,0.001257485431754324,1.4370709526749834e-12,2.138439706208305e-10,1.5296618877619965e-5,1.0356657759918874e-5,5.4119029991504974e-8,7.978883802680812e-33,2.982128844587137e-6,2.644360397050364e-7,0.00019964582152604237,8.233632250334094e-16,3.59596291175991e-16,5.39099453963799e-16,6.59711605463993e-86,2.5861278784112867e-152,1.2593476638707697e-39,2.3845766132155776e-29,7.035606148091006e-33,1.454150260241066e-126,4.655458276382687e-47,2.8087643763619455e-113,2.029433797856405e-109,3.0629098873365303e-142,1.59501934861525e-110,6.120800308153767e-138,2.7401203949731015e-47,2.3235328643130747e-196,2.4018637774719844e-165,9.072565020491752e-246,1.0267362188449504e-141,1.8586319984819207e-52,8.454802430311905e-68,2.711061143778425e-189,3.0872466652411828e-68,6.792333219175675e-222,7.961433778425823e-215,6.674681652763123e-18,0.0,3.6640173650579e-144,5.199165952672382e-196,1.1181486910627502e-169,5.041561625431968e-279,8.148530667434201e-298,7.44577167385248e-132,4.7953891241253916e-237,3.6378394225009336e-191,4.276943267586818e-253,0.0,0.0,2.9195153424936537e-149,0.0,3.956306222994135e-132,0.0,0.0,0.0,0.0,0.0,0.0,0.0,0.0,0.0,0.0,0.0,0.0,0.0,0.0,0.0,0.0,0.0,0.0,0.0,0.0,0.0,0.0,0.0,0.0,0.0,0.0,0.0,0.0,0.0,0.0
0.0033536914436518603,0.065193688760765,0.4299272069850013,0.30619490068644006,0.12953454820521237,0.03267008034821438,0.005512484087940947,6.18794530116057e-6,0.002879125995490886,2.197930894637286e-6,7.336242999989632e-9,0.00012272079313263695,0.018346360557860136,1.0948972893178133e-5,0.0001640771818111882,7.697193316519919e-7,2.446738855014868e-16,0.004019795374864557,2.0464508227674354e-5,3.1991620155896405e-15,4.4474293696576175e-12,0.002020976967863965,1.9766194323915856e-5,1.6130534763195597e-16,6.127048343920882e-16,3.824983196388622e-27,1.9722455763459623e-24,2.083121655384651e-17,1.9782264758902264e-20,1.00420721779547e-17,3.919930186308095e-46,1.029072599615398e-36,3.721860164762374e-40,8.378341322619442e-14,2.6533651752821025e-33,3.109814941363104e-31,5.1113882254360014e-67,4.38338849994804e-34,2.0430359885330034e-22,3.885173973753717e-80,1.5425307785485974e-25,1.5575546654165506e-51,3.1154562176266293e-20,1.554169229559149e-63,1.368477966865643e-63,3.397112065470213e-46,7.577336670268113e-19,5.1179592065776415e-52,5.091637314333782e-66,6.930833964699448e-77,1.3216479869237377e-52,4.96139981817507e-50,2.802787392266112e-148,3.627955205979183e-71,1.7815932017122445e-231,9.626840240756714e-115,5.53983122461037e-90,4.753165225018661e-158,7.316689339532158e-172,3.199233783543359e-70,2.97780628126e-313,5.3250086884627015e-114,7.521455903344944e-200,5.209735230660133e-285,4.092360503781279e-17,1.6059953369217455e-138,2.3691993970207702e-114,0.0,3.57545e-319,0.0,1.2108246993568141e-292,6.099096000184912e-267,7.026440403000695e-129,0.0,6.082832062098715e-171,0.0,7.392554983868822e-201,1.7110737378032615e-256,0.0,0.0,4.870433298458191e-218,4.7804846293068434e-157,0.0,0.0
3.4973816336805143e-50,2.9602166366703577e-10,0.034197253418686235,0.8852876974638754,0.05678272075477062,0.01140694205947733,0.0023712373821733975,0.0014508193818817859,0.005116196326729084,5.472540854811449e-5,6.296617505388584e-5,0.0011849471277869405,2.9642268847357283e-21,6.676543735055882e-12,4.738922766647188e-19,2.540560992340564e-29,9.176503268561372e-19,0.0005272985296360712,9.398282467738276e-15,2.1032331329111764e-16,0.0015571854396078093,6.40930081234499e-22,2.1341841136158424e-16,1.0229065304971477e-8,1.9684544978213192e-49,1.8343931058254566e-38,7.938964573131326e-46,4.8431353174922534e-51,1.1908914677654595e-58,2.761363341616696e-53,1.0192994276260339e-88,1.842908122393783e-72,7.330607180818209e-126,6.9436207917665395e-28,2.2721079139146866e-50,4.6038413120931e-89,3.987068393740809e-87,1.3279742640139817e-82,3.1107517555250126e-127,1.9026842062582043e-82,6.82776961390292e-43,1.4526989891147501e-117,2.8688866357965983e-103,3.101652640658538e-84,2.9831673752042075e-138,6.610724319896392e-120,5.118950203346776e-50,4.904490068335946e-38,1.1430101221068324e-125,2.435616821963937e-230,3.951103808907502e-146,1.164671822904988e-237,5.569725625801981e-277,3.1688139838375134e-221,0.0,8.660578855509836e-38,5.7398650055031495e-25,0.0,0.0,2.28022286832096e-239,0.0,3.9563650856215914e-136,0.0,0.0,1.3971813347917139e-145,5.920423426e-315,3.5481402791458475e-285,0.0,0.0,0.0,0.0,0.0,7.721223778953979e-280,0.0,1.5858718485e-314,0.0,0.0,0.0,0.0,0.0,0.0,0.0,0.0,0.0
6.522703974472766e-12,0.007212646329189901,0.0025115902217485446,0.243086347367951,0.14150798209729365,0.10705872387195771,0.08182293543731095,0.03573231093577557,0.0914674171195512,0.07481991523787207,0.023469120205909057,0.049964258165991114,0.019426874528143165,0.037045668578222266,0.012135922845926805,0.006683702329960765,5.933944008546403e-7,7.45330733760965e-9,0.016404735534236457,0.007635776154063299,2.005079281293063e-5,0.005176914086871332,5.509133596552653e-19,1.9797841253667426e-17,3.6820129475884797e-17,2.8172231039708902e-24,1.01328056675701e-24,0.004980388659050645,1.2001496340593976e-28,0.00501079613619968,2.465798046908341e-23,0.0032322507612054774,0.001128132210151638,5.825330032443512e-9,0.00031568001047390764,0.005180935689703057,3.8333030662398465e-50,1.7119530203060522e-58,0.0032672013876553795,7.574023523727416e-77,0.0011717875121501613,0.0035091281010991775,0.004385706372364514,4.517141771284524e-14,3.888134251952791e-83,1.3236252777470335e-34,0.0018776651288267626,0.0027568295107254395,6.16782335512365e-17,1.5891450497700033e-136,7.535706758084602e-106,1.0737835673409124e-16,6.256053659340911e-183,1.6322761766748349e-46,6.758668298285077e-232,3.420516574192858e-107,2.981901430288476e-136,5.630069725026783e-161,6.969050346557857e-223,1.6189643618007174e-32,3.6461159214470334e-225,1.863319100893141e-52,1.2121807865963788e-197,2.1097765442205244e-236,1.121886056510525e-133,1.8205020076532753e-205,4.278542854879262e-171,0.0,4.017079424972192e-248,0.0,5.721170837777199e-252,8.31295612613768e-272,1.4134442465511503e-247,1.9768166451818865e-266,2.911823514812192e-193,9.168557023610982e-248,1.4087693276e-314,2.1536353251891813e-299,0.0,0.0,3.288893782744056e-267,1.1131809360064336e-218,0.0,0.0
4.762184884307233e-22,0.08213416746223444,0.8662932420929002,0.0303484576397792,1.1322888287281074e-7,0.0002732580426555655,0.0015049144883867629,0.00814622585153891,0.00016790901454971004,0.005596092044216529,0.0020925022481644573,0.00011172611967054764,7.93055154608583e-9,0.0012091164193049426,0.0021064592233447418,1.7983351722501876e-42,3.669884967930567e-23,3.2113921147909314e-9,8.058708331065587e-37,6.744585384210222e-18,7.77363145045328e-14,1.0564921477765058e-5,9.485226586090203e-10,5.239112349485368e-6,5.781106057195288e-53,7.314784745627738e-58,1.659139283978178e-81,7.184252058666885e-41,2.772105391252118e-71,8.525943674793134e-59,5.581507093915997e-90,1.1748277148343049e-54,1.3134908133048732e-119,3.2961702517833442e-18,3.597096089664864e-45,6.05212587684091e-45,7.614114787456038e-121,1.6268055625440052e-47,5.1594859088674846e-95,4.194031980249618e-86,8.812258581699884e-64,2.4330210085527722e-119,4.1570827358496303e-88,4.9106383632627985e-111,2.8240625971497325e-119,2.3254014192694363e-113,4.21330620726586e-53,4.849151163532176e-76,8.526167248443664e-97,3.0554809189328313e-124,4.4730454444092e-54,2.897696955771713e-154,6.53328837274683e-239,3.407491686518429e-111,6.857346291896495e-305,1.1656024207875498e-85,1.2638563521370517e-82,5.165256673815115e-219,6.716986251257674e-303,4.119244392357666e-206,0.0,3.4023746153059234e-159,1.6053375686925896e-266,0.0,9.002301382365105e-110,1.4331034840972245e-213,1.5450078817463464e-178,0.0,8.471551293493667e-302,0.0,1.597125793387036e-279,5.830909343495151e-209,9.822584064049131e-160,0.0,2.4953027105784327e-280,0.0,0.0,0.0,0.0,0.0,0.0,3.1365483259865774e-266,0.0,0.0
1.6603901886506424e-10,0.2222288867345047,0.37609734764879643,0.0011262849507194985,0.03334377495783275,0.07330478398137544,0.0008876886500253022,0.0733153011775845,0.052153151351760414,0.0018781054804166831,0.0665654903659763,5.772824935895526e-6,1.0629803956848854e-6,6.000067021654684e-11,0.031228508427995776,0.031021820634516098,5.574903101722624e-8,6.143391071913068e-13,4.068218984251331e-12,0.006702476674012961,3.440102386023035e-7,0.01852030058348506,1.33949409496283e-26,2.0628040226427044e-23,8.568173889524523e-6,9.562287297706305e-9,3.125094128205217e-34,3.4538136152983113e-9,5.814093183186633e-40,8.276580318510619e-6,2.530992466465087e-33,0.004073134458296354,2.0830501865552823e-39,1.5516930086165445e-36,6.155911240498632e-54,1.2109992298702097e-36,1.376670376550623e-91,1.1839869785974348e-67,1.9392612490038955e-12,2.4290898922148935e-60,0.00425048121363562,2.182164831835563e-21,4.4161899820861693e-7,4.445951462734124e-55,3.7914773462598277e-113,8.250791541954268e-71,4.214346946725466e-8,3.406874491166599e-24,1.3323283286205099e-48,2.4616401733076698e-133,1.4578983741538923e-79,2.641603024560857e-106,3.6196687855367565e-189,0.0032778853790269825,7.492275683092377e-246,1.2198523931386895e-119,4.597004316401177e-198,2.0607564494399968e-255,1.2802591007294821e-257,4.448998705859078e-65,2.330565844730396e-246,2.929459562106464e-29,6.011154082465101e-240,0.0,9.35100674093034e-162,1.6370959373332732e-210,2.379551080376594e-176,0.0,1.045047570048639e-306,0.0,2.523472808528292e-277,7.341931341420555e-249,3.4195298122534016e-221,0.0,1.005315862139282e-167,0.0,0.0,0.0,0.0,0.0,0.0,9.204523000428548e-158,0.0,0.0
0.9630425482119291,0.02299020628433709,3.608791299726132e-6,2.0037140119330612e-21,2.4974528151061822e-11,1.3586602252990794e-14,0.0023621700069193026,4.199033445703131e-25,1.5658440237577285e-63,0.002807581911471104,0.0031250437467936305,4.260773704457872e-11,1.0319329697866107e-5,3.6242062517681816e-26,0.002968783934701114,7.589538512553746e-89,1.6374786776966199e-102,3.046313435059796e-72,6.0311349152596735e-58,5.421026909067846e-114,2.525615628812215e-101,4.8949234991414345e-46,1.2442365603131106e-70,1.1363295825766693e-135,1.4614413389542167e-87,5.167430420770299e-95,3.8947599057673417e-125,1.4778564980048928e-125,1.0267090531665366e-110,1.1311675007882369e-130,1.150384539332563e-208,2.226625640257008e-143,2.691074330335284e-114,0.0026897377152550316,3.400545547657102e-208,3.1399486076739425e-81,3.744680824164427e-210,8.358550157418617e-189,1.305268983589837e-53,4.256546575961183e-286,6.478084333235414e-103,9.102949495681945e-225,3.572586993567681e-194,3.4775801179207543e-248,7.897299978069284e-221,8.654981712535083e-183,1.8578185029758949e-193,1.631807230199943e-256,4.960604598080199e-248,1.911256696e-315,7.131523825382385e-221,5.194127888562989e-138,0.0,1.3675569430158944e-125,0.0,0.0,1.6760427644797354e-280,0.0,0.0,9.584011105170851e-285,0.0,2.5660870104238683e-256,0.0,0.0,7.0376058537805175e-264,0.0,0.0,0.0,0.0,0.0,0.0,0.0,0.0,0.0,0.0,0.0,0.0,0.0,0.0,0.0,0.0,0.0,0.0,0.0
0.0003091158233166508,0.9734474155673215,0.023839504293124102,0.00028524940741458667,2.6984031474110777e-6,3.033316546015662e-10,0.0006031495400512612,2.5423639336512016e-98,0.0010244426930204225,4.497802319213198e-111,2.185316934516784e-142,3.925820887198408e-160,3.396155476767939e-158,1.1133897550044595e-112,3.0977867303258233e-85,1.9551951497309986e-228,2.4855351946919867e-142,3.079924412773618e-146,0.0004884239692724921,5.62375675721334e-216,8.013203500860765e-160,1.0530158027810977e-268,1.5526747655161283e-262,8.359066332326111e-257,9.137737058175097e-168,3.250336318628457e-111,1.475382837846353e-271,7.049397589118709e-228,0.0,2.2107641e-316,0.0,3.746536655892817e-301,3.9777181580407033e-233,8.445900530670266e-247,0.0,1.2022915934196135e-257,6.402300073139094e-103,0.0,2.988201507958303e-171,0.0,5.134044878047759e-268,0.0,0.0,0.0,0.0,0.0,1.2535217522983031e-263,0.0,0.0,1.0414830602924061e-297,0.0,2.311128597779981e-40,0.0,1.2479700623148731e-289,0.0,0.0,0.0,0.0,0.0,0.0,0.0,0.0,0.0,0.0,0.0,0.0,0.0,0.0,0.0,0.0,0.0,0.0,0.0,0.0,0.0,0.0,0.0,0.0,0.0,0.0,0.0,0.0,0.0,0.0
4.017291103965762e-24,0.09025115013484356,0.9035625939157957,0.0003208992168340934,0.0013385547011840002,2.9886934805058988e-5,6.518557139823164e-10,0.0006482184922838016,2.751649113922569e-6,3.4972587587922166e-13,8.1062237118993e-5,6.306186696638487e-20,1.1755257656036673e-11,1.0334529758290546e-12,0.003090468246073347,8.265050398840032e-26,2.1100760734477715e-106,9.213745964710549e-57,2.801111277732084e-40,6.240043234119673e-48,6.999014402013498e-88,5.924643911506531e-36,8.916201289655447e-63,0.0006602525253924209,3.336061151786392e-104,1.4161281560940631e-5,9.103926244270606e-115,1.2574584478686933e-79,2.4437654536826626e-101,9.463423050614225e-71,1.1180105750385063e-155,7.498842213920124e-72,8.880700414898387e-84,3.112789414074985e-35,6.0401634489231865e-75,9.54416641228432e-101,6.640137184044893e-211,1.6973865501328675e-119,1.1650945424050392e-38,4.175223681673996e-302,1.0565521994212868e-89,1.0227435069220238e-76,1.5716783393588256e-86,1.152377659837179e-190,7.013824248230414e-173,1.295584372379547e-36,3.570678397096929e-107,4.140273575539017e-138,2.430356413699214e-180,4.132147851167112e-289,2.509537495311125e-184,3.134746843232044e-153,0.0,1.9997939942512937e-40,0.0,1.0443713723537352e-305,4.028526279427859e-222,0.0,0.0,3.8550027556139006e-246,0.0,5.335715385451434e-214,0.0,0.0,1.4418849159867896e-212,0.0,0.0,0.0,0.0,0.0,0.0,0.0,0.0,0.0,0.0,0.0,0.0,0.0,0.0,0.0,0.0,0.0,0.0,0.0
1.3359539457412392e-27,0.25193723100993887,0.7279218005447046,0.00428261118681431,8.400004481417865e-7,9.544854399200558e-9,0.002340981453514188,0.0006289864860122231,0.0019125281180979782,2.7019165027696184e-21,1.913109635750573e-24,1.709858428249748e-17,0.006328810583062228,2.761703588695558e-8,8.776026061812153e-23,7.545822110591141e-48,3.1218309604401645e-25,2.6951146241113704e-15,8.373250992572742e-40,5.970818279431421e-33,5.563475696461615e-12,0.0025604607542339727,0.002085712695717135,7.171068483055658e-30,2.71902580643152e-38,2.5336885986314773e-57,5.1243976297356024e-117,1.0054976151850549e-37,5.326583251835206e-94,4.734870329546138e-19,2.783109373199361e-131,2.107272615009636e-80,4.629076892162574e-152,2.5107822989116173e-47,2.730020285431383e-88,4.0468939335043443e-123,3.831912483746692e-189,2.29238989557632e-92,4.787250554359847e-104,1.798386655279015e-151,1.2769317447501447e-66,1.0629527468213663e-83,2.2908443569221578e-80,2.4064706704221076e-136,1.3102086936498716e-252,2.0165887409739785e-84,5.228065857204649e-22,6.348752077422838e-135,4.8061482258103104e-138,6.083447090223969e-300,5.732901101123345e-112,1.476991996396809e-232,4.4248174693746226e-297,1.590720770816122e-182,0.0,1.4293776394904626e-193,2.6325024090853974e-200,0.0,0.0,4.707499716139392e-270,0.0,5.439097295083035e-150,0.0,0.0,2.135731980392022e-279,0.0,4.9e-321,0.0,0.0,0.0,0.0,0.0,0.0,0.0,0.0,0.0,0.0,0.0,0.0,0.0,0.0,0.0,0.0,0.0
2.1255730273733576e-26,0.00968251430185019,0.7604514227747277,0.17325270166264004,0.01846502162391087,0.014145466523696424,1.7035177841478748e-9,4.177276788267782e-8,0.010541334052921025,1.7201552587305236e-7,0.0050977298359847125,1.0186200007728575e-9,0.004595282340530405,0.00024276454780517893,3.7457131093429233e-11,4.1979965312865134e-16,1.0151189578020901e-52,7.110916515922109e-27,9.296528362576392e-47,8.737989274816843e-34,1.0033868890848919e-42,4.848461407201132e-7,2.164023907472983e-26,0.0007560693766325699,1.1455140999722092e-70,9.383132985816015e-27,7.560172698182028e-88,2.792104398038448e-38,4.543896214692586e-69,2.8147139317235984e-28,6.769680444838916e-117,3.8570173574045946e-55,1.8799297066836087e-112,0.0016770635965588352,2.2614246326720715e-31,1.2729382994201051e-79,3.424932032269803e-169,1.347482113768681e-93,2.491477638781109e-46,1.049400504111936e-215,4.280953763328089e-36,8.342126021597412e-37,1.7898030061750448e-51,6.537915050566092e-132,1.9796860176610712e-162,0.001091927968712026,4.995040480075233e-36,6.994999826761998e-75,1.429581299933319e-101,2.2850942342498786e-186,9.128510654328578e-142,5.961812728446328e-161,1.5709921965249747e-297,1.6335020824095912e-44,0.0,3.246307536926005e-216,1.9499733953611276e-179,0.0,0.0,1.0716833989355303e-185,0.0,2.1344524237373505e-135,2.4123763882512948e-297,0.0,1.2233502329965225e-159,1.4363822903058739e-288,7.193849533661065e-181,0.0,0.0,0.0,0.0,0.0,1.2254130450585316e-261,0.0,0.0,0.0,0.0,0.0,0.0,0.0,0.0,1.71500876006134e-288,0.0,0.0
5.372266610384234e-10,0.9457790488947508,0.038560183200123846,1.63644506746202e-6,0.002549258498922605,7.935353944372132e-5,4.480090817070555e-11,0.008812238055579598,1.9100246912828984e-9,2.5991430009386495e-10,0.0009059549124277674,8.296343848387967e-9,0.002286629816259687,1.2326478932581157e-9,1.1887881663610036e-11,2.259169794380985e-21,7.187474783608204e-106,2.8527796118233235e-49,8.851692110600624e-63,8.831030842636714e-76,2.5348523873628514e-68,2.4537903633427084e-13,1.330550027740336e-70,2.7371439631060373e-33,1.0619418008504967e-106,0.00102568434433294,1.2127637114487847e-123,2.3583543809961262e-108,1.0674277545692365e-102,4.584550344264179e-72,1.4368805485654172e-170,2.7586626231600163e-132,1.7310690908233252e-116,3.0419441138639237e-41,4.3027885585867494e-110,1.0627044195630297e-107,2.679682938017082e-259,1.1052442765422906e-131,1.390995823290353e-65,2.598775e-318,8.227344589770442e-95,1.389146117848681e-104,9.610669111799889e-150,6.042692517051811e-246,3.093233310512153e-186,3.722190850252372e-81,4.0384184572559034e-148,5.275411337984103e-245,2.20484024894893e-252,7.348544044219618e-300,2.915729092296912e-156,3.067993474753978e-218,0.0,1.9077649527089345e-63,0.0,2.332e-319,1.1975289508353174e-229,0.0,0.0,6.147985209934674e-293,0.0,2.549995971873696e-280,0.0,0.0,3.676521364525429e-200,0.0,0.0,0.0,0.0,0.0,0.0,0.0,0.0,0.0,0.0,0.0,0.0,0.0,0.0,0.0,0.0,0.0,0.0,0.0
2.0543205932882957e-19,0.10472204090848934,0.881317209236783,0.00015365015157131745,0.0044789497148980395,0.00012868467919226735,2.2136028750195202e-7,0.001516402699200644,1.7871608145677126e-19,0.0004213332278048837,0.00349742804596442,0.0028317730164758408,0.0006078801404679628,1.1531167293522684e-8,3.74858278919613e-12,6.531505809913278e-54,6.36885690268901e-83,4.5557094679220955e-14,2.1085487162344565e-18,0.0003244152839033845,4.233952701209165e-68,4.464777562337147e-30,6.636370127350224e-69,1.3047655167206874e-67,9.775457550531176e-92,2.7100579720387715e-85,3.05491504942896e-74,1.2666803478208547e-29,1.2504149176778892e-142,1.1214983879730956e-90,1.7426358111675365e-147,5.3814839691872476e-64,2.937099620329094e-38,2.4479474897813093e-66,3.5182040170827293e-112,4.037206789715641e-57,9.955244815966088e-122,9.518875794643026e-133,8.377794538255011e-28,2.4228123820638564e-228,3.163395752496722e-29,1.3760510807454434e-101,1.629505929196752e-116,6.538786695374024e-170,1.9428201129516236e-192,3.720361312576468e-114,6.115659480899046e-132,1.0818680052680007e-82,5.588282403395533e-179,2.3740982574253487e-146,9.855536360403677e-181,1.0770419930028885e-99,1.1902851475648745e-290,9.924810615470545e-88,0.0,2.800089946996755e-206,3.498644329217383e-213,0.0,0.0,6.442262724969913e-234,0.0,1.6208361054787097e-265,0.0,0.0,3.8302514344448253e-209,6.279871033126474e-302,7.61643030233495e-221,0.0,0.0,0.0,0.0,0.0,1.772096422039779e-300,0.0,0.0,0.0,0.0,0.0,0.0,0.0,0.0,7.199767119065904e-280,0.0,0.0
6.235100141554882e-22,0.07614083192588539,0.8971902494535499,0.023201288005243646,0.0005156069298470479,0.0016515567771548073,8.66143422389771e-8,2.5833448885946966e-5,7.381643691217437e-11,1.542713467566127e-11,4.5835177482449314e-8,2.548404332636695e-5,2.5271759865945905e-10,0.0012490166224345155,5.0405456201833325e-17,4.917416237288021e-38,1.8893875765155133e-114,1.4976207265999938e-39,2.1914550017109827e-12,1.380469125469791e-33,2.0431699612485467e-77,2.6684506439839523e-23,9.228359004241773e-58,8.951836319408153e-18,4.290047257652659e-103,2.0228105511603624e-27,2.8862231082500086e-148,7.127479643740025e-49,1.6395329303205593e-118,4.0401989619007156e-86,2.3006040463162113e-188,2.6137331206634476e-87,2.0671106577742124e-71,8.053551461673522e-36,6.690399514586457e-83,1.0171180099472912e-110,1.708083586599847e-220,3.563902342810214e-174,8.406374635496222e-30,9.079210346273075e-286,1.353372577189319e-76,4.453658519297559e-65,5.52174152174708e-94,9.765992205296592e-248,4.8753444515160975e-266,2.7301084773154394e-39,4.2993153291420315e-90,3.111503570315159e-134,6.454003168066404e-157,6.508449e-317,3.468436662725467e-260,2.0136732699504968e-200,0.0,2.0913610916660006e-55,0.0,0.0,1.0547415005835043e-281,0.0,0.0,5.0e-324,0.0,5.458646825634643e-191,0.0,0.0,7.163700140149294e-265,0.0,0.0,0.0,0.0,0.0,0.0,0.0,0.0,0.0,0.0,0.0,0.0,0.0,0.0,0.0,0.0,0.0,0.0,0.0
8.277263592421418e-37,1.2768367443055596e-7,0.7761203572307771,0.2065774565643988,0.000132471278091891,9.143820039484805e-13,0.0007583005495922419,0.005536419920085107,0.0012437258989350438,0.002775016749469636,4.9005377914626185e-15,0.004106281199698735,0.0012841342159579296,3.0465724559755455e-35,2.481749857679172e-38,8.21312683155707e-24,9.417470917571171e-5,3.7234425213178224e-21,0.0008142003086813619,9.290318674407781e-40,2.384884647555945e-6,7.04568574035088e-11,2.3010030457667024e-27,2.319511966289269e-9,2.3791369341058487e-60,3.9901929145786237e-54,1.162034469598111e-71,8.715937131262772e-55,2.8011795562999616e-68,5.778090018488144e-57,4.145104467433193e-121,4.042580635122234e-121,9.307230149893438e-145,1.893992226635554e-77,8.947227214004437e-91,1.3645702769212628e-127,2.5757072355417684e-130,3.7726490842023016e-94,2.1903252431262485e-134,5.357111053616244e-169,2.2516397567049645e-10,2.639939407779053e-88,2.1662847662175244e-125,5.250542664314666e-135,1.69771490210643e-180,2.378021632749957e-120,0.0005549461907625909,4.215362594082537e-82,1.1801721473678585e-173,6.115380102742825e-149,3.813738631044954e-185,1.3004897928897994e-219,1.805163535044798e-287,2.0370046960223723e-158,0.0,2.5425490000173883e-144,1.1734619057474226e-112,6.3162480535229176e-254,0.0,6.09925416322794e-236,0.0,1.2189714562090897e-173,0.0,0.0,3.521213793637221e-154,7.28468049963785e-239,1.882522856415751e-129,0.0,0.0,0.0,0.0,3.3609716019832925e-275,1.276491953099191e-152,0.0,0.0,0.0,0.0,0.0,0.0,0.0,0.0,4.152704495e-314,0.0,0.0
6.816625802664102e-12,0.9969547854158007,0.0020250187898217904,4.591514267710765e-6,0.00027054469545926,0.00042656901509068544,4.178332188401745e-5,8.595554477623159e-8,2.6786820323559202e-18,9.152655025922097e-8,3.908227097184433e-5,0.0002370338356746898,4.1075581225669805e-7,1.0416610027671281e-13,2.895800971268007e-9,6.092476376677874e-42,1.3799454885162492e-110,2.8371545377450122e-42,1.1592481818106585e-42,7.744385090706143e-60,5.1701356436960894e-73,4.176787082665235e-33,4.814270686243717e-63,3.679526084847539e-38,1.651046998590815e-97,4.002882993640987e-13,3.3890682622595e-94,7.81101452053483e-74,5.679166552120614e-91,4.150312335036381e-65,1.1163098255920056e-153,3.889123531720989e-107,1.2078733095721862e-39,2.4137306615963142e-43,4.57931841746297e-72,3.530333056318881e-51,2.306288266800562e-226,1.52345264628301e-124,2.329300274671626e-20,1.6111476048634648e-276,4.632911185713953e-106,6.2433016857108016e-139,1.2427376866993074e-139,8.564989885073256e-208,7.380208188282416e-197,4.888148530516935e-74,7.662847670298764e-152,2.9759367421133394e-175,1.4648361460042865e-213,2.790841902295079e-272,1.9804793136015145e-203,2.1052342838392365e-145,0.0,5.2016718647614885e-65,0.0,1.5194440115040667e-255,2.7852165418486423e-260,0.0,0.0,5.011793640143281e-275,0.0,1.8375605974116598e-289,0.0,0.0,3.4713773099645266e-215,0.0,0.0,0.0,0.0,0.0,0.0,0.0,0.0,0.0,0.0,0.0,0.0,0.0,0.0,0.0,0.0,0.0,0.0,0.0
1.523176906907467e-14,0.05945190614433011,0.3708892259981931,0.41271674687483406,0.10125755571642966,0.015866607241976995,0.03498529407149013,1.5124408555386363e-11,0.00035970809274721315,6.26166615744031e-13,0.0002504300520923785,3.301629698806686e-8,1.273340212733541e-6,1.2026707001614542e-8,6.746595046118168e-13,2.022824858275471e-15,1.8338411031583809e-22,0.0004057865306935839,7.346534687368827e-23,5.853823272921393e-26,0.0037812114457721757,2.4952978132190506e-7,3.39599019994688e-5,4.524990424428015e-26,1.410907057127194e-35,3.0472719354522696e-32,8.715326169057064e-79,2.539311075524523e-29,7.279177401727624e-16,3.949731320659007e-27,3.4939177448467985e-74,2.091466023682969e-40,2.6243688390149456e-116,1.8766752533468774e-34,2.8464727932986995e-59,3.694316704521545e-67,1.773059217206521e-117,4.8809064435902e-89,4.9689466580410286e-39,8.892736388287218e-82,1.7867275812012202e-24,2.3170816021583847e-41,1.588977528927696e-49,3.443732808630057e-86,7.388121281619714e-122,6.096367174663759e-78,1.0699568909197794e-30,9.4719476721476e-39,1.1532451098903697e-59,3.34466900392874e-169,3.735246013230755e-75,1.553717326644628e-185,2.3764299509806124e-235,1.1632296517327191e-45,4.606662461381609e-303,6.70470347756545e-95,2.0990481887096296e-88,2.273749613832416e-232,1.0205965859603094e-256,1.5339394386261563e-131,0.0,6.263585487560064e-83,6.344957186706192e-266,0.0,4.927061057471366e-114,4.595744256095984e-216,2.907986829329844e-169,0.0,1.75079266e-316,0.0,1.719556e-318,5.678593544e-314,6.285064527893246e-175,0.0,4.3298466519425224e-251,0.0,1.5287617327693377e-292,0.0,0.0,0.0,6.4e-323,2.0853031708989382e-240,0.0,0.0
5.60422343120728e-22,0.44180043718523854,0.553616843573893,1.7199332615396155e-9,2.068243995561288e-6,0.0007272030149507361,2.9825030968438432e-5,1.4482521195143576e-6,1.0579888666557674e-22,1.0215593170859313e-6,0.0019255395618766775,4.828125243640082e-19,2.6549030143201398e-27,0.001043985683027363,1.8554014655666769e-6,1.2602207245097229e-55,8.472649808103751e-158,1.398166842934184e-82,4.205850436659008e-15,1.5845725724619293e-70,8.627199037706619e-125,1.589013535615796e-71,6.114461191945144e-116,3.212949350568021e-20,6.359994318829322e-143,4.983240183444221e-6,2.134157759726195e-153,2.015443031550373e-96,3.77338658786589e-154,2.177088963898312e-112,3.49547709857695e-215,7.269530616447454e-84,1.4069106106139955e-30,1.5579474597217525e-84,6.487123760202982e-147,2.775397218786788e-127,2.0648530785300806e-245,1.0357908129466423e-216,0.0008447875330264687,0.0,5.108235391421757e-127,2.7705028038310072e-145,2.1476755224972537e-141,8.24618097846549e-265,1.3311444221891617e-220,4.7099684232972264e-105,8.423299314332552e-193,2.3093159215266895e-238,2.74635421532544e-283,0.0,8.823939525525306e-255,3.792994969603461e-176,0.0,1.6622973386648814e-56,0.0,0.0,6.18032986940096e-297,0.0,0.0,0.0,0.0,2.865263025028992e-293,0.0,0.0,1.4461009950488018e-283,0.0,0.0,0.0,0.0,0.0,0.0,0.0,0.0,0.0,0.0,0.0,0.0,0.0,0.0,0.0,0.0,0.0,0.0,0.0
3.224910078841016e-27,1.3743245209261048e-14,4.877941773503945e-10,0.0004078026778635865,0.0026500025046982526,0.005102302192757454,0.03906145006392519,0.009544661763570637,0.048319810888701506,0.030546468806420576,0.03115953516330776,0.03021287194719074,0.06690017558105599,0.04969111309037305,0.051163543996255556,0.010255403604041851,0.04940527745748027,0.06119191190456062,0.04188079219327544,0.05523887611503128,0.062038795014136686,0.04098933315435287,0.05082457068190776,0.0516878844887006,0.049770348224132975,0.056459196827504984,0.018468786544024722,0.021666052485636484,0.01823443510993712,0.019438666176724333,0.012923196289278575,5.1913925454663936e-11,0.002172495830472768,0.0026000956895214614,0.004996969495486533,5.672812216677874e-13,1.5428660974440461e-19,2.2129858288389178e-10,2.415730454554255e-19,0.0027872953548539825,3.167263819339057e-14,6.781002917163999e-24,2.1303595071802314e-7,1.1136696253351898e-6,1.02668846972115e-31,5.1713067306789664e-24,0.0012627344473652576,1.4389500414498422e-12,2.5382326134178042e-23,1.452227927600538e-40,0.0009458167410232438,3.7311155066672676e-33,5.635356713643187e-55,5.655455496198201e-65,9.274818768898575e-77,3.658733809039815e-33,1.2010918310422617e-56,1.6632641169420407e-43,1.7905675305872452e-73,7.925146352437188e-38,5.531882854944209e-63,2.5795591728868573e-11,1.3304534843317264e-65,4.740287087448291e-87,2.0607564235556792e-23,9.247965116108038e-72,1.128488987307337e-52,0.0,1.2121164247846448e-89,0.0,9.530646636542137e-83,1.709817969932196e-88,3.274651175514311e-69,5.259736817468423e-91,6.598388433450114e-56,4.2941345155342e-87,8.862927172700917e-92,4.855324055262172e-92,0.0,0.0,4.237178313443058e-90,3.377670578559509e-56,0.0,0.0
7.96962951294895e-23,0.000997548764827337,0.13386638304191917,0.2730004809070186,0.1330350001688872,0.10184720344888093,0.03804414193017789,0.03052572708319599,0.03275870384488034,0.06189567684412602,0.026665116620803224,0.04737289857747985,0.0035278919960417747,0.014553064960660679,0.0024433218767329857,0.035999767543763675,0.017264031292201807,1.8763277122544742e-6,0.007418729148125131,0.019552398417857515,0.0002497012554340601,6.448691950497747e-5,9.72192891343487e-13,1.1451540259079793e-13,1.0730372418967206e-6,1.7446791404458068e-12,7.216065236397075e-14,0.007534132956824847,6.193208986256498e-15,5.3256183556116106e-8,7.753911165524259e-21,0.003739705878546816,3.7411878007696237e-17,0.0032054518633680713,1.7534276582822495e-8,1.6733130081122932e-25,3.7180231227761456e-51,5.837553572510659e-21,0.001396959434388289,1.2591244389411283e-5,2.046113206237886e-6,6.05790860392834e-39,0.0002201081033371522,6.633436759118803e-5,3.3966675391548086e-60,1.7837576770092515e-30,3.923102954590755e-9,0.00015862214365157715,0.0013158475925238665,1.1172749262763496e-55,8.150717829019415e-34,3.4965067775021384e-72,2.5218031704431913e-91,4.270503857555881e-69,7.595987022380998e-113,1.2803183495247383e-80,3.121650186540254e-103,2.1259624955991376e-136,9.227240244943666e-125,2.2365458009104678e-38,7.668715619313557e-103,0.0012629015782263,2.085783923645571e-71,7.963659035604074e-156,7.849234196827382e-51,6.851916035652511e-86,3.624379576835321e-69,0.0,2.846851753347428e-273,0.0,1.2674962868978757e-109,3.809104529125932e-104,1.2558752676780986e-109,0.0,1.3162059850208444e-59,1.0852859978297367e-298,3.600424526882127e-170,3.5780107706117805e-227,0.0,0.0,1.0897698777438576e-178,2.32908588441502e-61,0.0,0.0
0.07900657306439371,0.8978306498249364,0.01904482874505039,2.0866548206983757e-13,0.0006178196019460248,0.002955890089317704,1.1397086514365008e-17,1.615028231822944e-17,2.0380309704667882e-21,3.658182714208033e-11,6.13905168613377e-11,5.68652050938318e-6,1.8097864966714064e-13,0.0005385520532045669,2.2798549985478476e-12,4.979118670167363e-27,2.6670201774126526e-91,1.0899837730375337e-54,6.114142590650595e-64,4.89628832454746e-59,4.905936558329225e-90,3.1162564489470352e-43,3.159575884527615e-82,3.6376837050318487e-109,3.965806106318894e-114,1.0145587323021008e-104,1.4396609258682742e-133,1.307041077821502e-38,5.811112108772859e-138,2.7662169604012127e-116,2.913735608076559e-194,9.01071429270993e-144,6.026932167270961e-70,2.1552994854991214e-55,1.1733342278427195e-160,2.623941516897287e-38,3.531927838683922e-224,6.630002969452187e-174,5.024204810730718e-40,4.247962042779949e-296,1.8989605363300885e-120,1.2268947538305007e-171,1.961972093707236e-127,5.497683123532379e-217,1.7798495866730197e-241,1.5594094203089774e-119,1.8201132145599153e-128,3.2294435866593885e-202,4.604182279997271e-190,0.0,5.268484672343149e-236,9.365964531455916e-148,0.0,1.777222298862674e-140,0.0,3.2203549288743507e-286,3.279152314466356e-273,0.0,0.0,2.4325773616995615e-303,0.0,1.536412178223977e-308,0.0,0.0,3.315350464229729e-275,0.0,0.0,0.0,0.0,0.0,0.0,0.0,0.0,0.0,0.0,0.0,0.0,0.0,0.0,0.0,0.0,0.0,0.0,0.0
1.0,0.0,0.0,0.0,0.0,0.0,0.0,0.0,0.0,0.0,0.0,0.0,0.0,0.0,0.0,0.0,0.0,0.0,0.0,0.0,0.0,0.0,0.0,0.0,0.0,0.0,0.0,0.0,0.0,0.0
0.57489306,0.29510593,0.7062612,0.5556935,0.074807115,0.14494354,0.48435828,0.46542135,0.7274763,0.59426093,0.0443683,0.5643037,0.7163113,0.65621614,0.50435835,0.67890275,0.73671144,0.31433994,0.39534476,0.42479685,0.32494304,0.115050994,0.40451968,0.43543,0.28459632,0.6656574,1.0,0.18492436,0.5248077,0.44543803,0.16511565,0.2646947,0.76691896,0.6992307,0.872015,0.3652297,0.19481173,0.30458808,0.6464205,0.35512403,0.0545894,0.024222666,0.58629155,0.63513786,0.12489783,0.5157826,0.20479882,0.21524663,0.6247197,0.37508854,0.08500532,0.007877207,0.45446005,0.09497505,0.22492033,0.03421961,0.41561398,0.015881833,0.8159195,0.7482989,0.17494522,0.8304719,0.53475237,0.6863949,0.38483676,0.13493769,0.80737376,0.54520524,0.064384885,0.24515946,0.7864669,0.3346407,0.27503553,0.23482035,0.2548827,0.6162328,0.47512692,0.4936548,0.15510246,0.7964547,0.34495604,0.10504011,0.60549545,0.8602584
0.14494354:15,0.12489783:13,0.27503553:28,0.8159195:80,0.67890275:68,0.20479882:21,0.43543:44,0.3652297:37,0.21524663:22,0.41561398:42,0.40451968:41,0.7274763:73,0.45446005:46,0.7864669:77,0.5643037:57,0.65621614:66,0.19481173:20,0.015881833:2,0.0443683:5,0.44543803:45,0.7482989:75,0.5556935:56,0.35512403:36,0.2646947:27,0.57489306:58,0.54520524:55,0.6464205:65,0.30458808:31,0.03421961:4,0.3346407:34,0.60549545:61,0.5248077:53,0.074807115:8,0.24515946:25,0.37508854:38,0.18492436:19,0.16511565:17,0.76691896:76,0.4936548:50,0.38483676:39,0.6863949:69,0.007877207:1,0.7964547:78,0.58629155:59,0.8304719:81,0.80737376:79,0.31433994:32,0.08500532:9,0.48435828:49,0.63513786:64,0.59426093:60,1.0:84,0.2548827:26,0.872015:83,0.34495604:35,0.09497505:10,0.064384885:7,0.13493769:14,0.6162328:62,0.6656574:67,0.23482035:24,0.6992307:70,0.53475237:54,0.15510246:16,0.7062612:71,0.32494304:33,0.46542135:47,0.0545894:6,0.39534476:40,0.6247197:63,0.024222666:3,0.115050994:12,0.17494522:18,0.10504011:11,0.8602584:82,0.5157826:52,0.22492033:23,0.29510593:30,0.47512692:48,0.50435835:51,0.28459632:29,0.73671144:74,0.7163113:72,0.42479685:43
