30
0.5795082310404077,0.20857206983241444,0.009685048296101183,3.8099293000969595e-7,0.00990537724906764,0.000924290615586436,1.411941951084297e-35,1.3121750185752186e-7,2.7951376818823904e-150,1.3893503108876243e-41,8.957024832585904e-14,1.4791779525865741e-32,0.0005978183222477207,0.007724417871178026,0.0006178533606254453,0.006044687049326749,1.8639204028628627e-20,0.002031806309507683,0.15201178508526322,1.4127385457677468e-14,1.402205964162746e-40,0.006793637421986567,8.337552661433073e-38,0.0026308659711043562,0.00432201668618985,3.2382548626049174e-25,2.3768090462310002e-33,0.0010250517022461637,0.007604530976211526,1.5376748827940798e-26
0.0028313334419223842,0.6696049262616811,0.008294488675191492,2.036031139007736e-6,1.3674459798519746e-7,3.0469102082562786e-5,2.898336154846106e-10,4.2891108416832956e-17,1.6838409137061505e-103,3.0284956089277423e-48,4.185922886682517e-12,1.1809518412406925e-13,2.904862138031266e-69,0.0025609706450549436,3.2915564221186846e-6,2.04459684766604e-25,0.004669102385161691,0.0031385995590295698,0.24316140616500276,0.02120082574686929,2.7376875849530407e-19,1.336068812193718e-35,0.02211172440293966,0.004473026848029317,1.62788350949789e-51,0.000776483008604634,3.2789661963438763e-28,0.003136623673668643,0.014004555458465085,5.969953883927137e-29
1.7610542040207648e-13,0.0007352444294420396,0.5553879629346086,0.10732445782169597,0.15220224492254142,0.02169032270757065,0.00011432806296255679,0.06606779482597137,1.1133721731688326e-106,0.01441439352111647,0.0014619324421876934,9.090753216023181e-7,0.006157219276002318,0.0014760407277005728,0.007929640939981015,0.03249347137597775,0.0031263568031150335,1.3653241385642876e-5,0.0013390628950442894,0.0003206489124094608,0.0032799344393388465,0.002646779590173885,0.0006956858720718298,0.0013191726569459672,1.8548678646072712e-13,0.008634898520566077,0.00032640937519365257,0.006583279180549313,0.0002812470197733814,0.003976908429990912
0.00019588560700312195,0.0012764417942289043,0.06919859005940479,0.04228170980762034,0.05806596851271195,0.010197906768928853,1.1492693134361182e-8,0.004319533178138526,3.652161556125969e-102,1.311729916077374e-10,0.004237367030671438,0.00021213651406101305,0.02191125024461228,0.003389597716751836,0.03077758944677354,0.27767817931914396,0.0022015328226437196,8.764710951955582e-7,0.01532534714549564,8.953730236243668e-9,4.8808967157172875e-5,2.266924318744994e-6,9.404031883327667e-41,0.09400692872190271,0.0027052928347501507,0.03871917227745922,1.672403848819499e-8,0.31575480324895283,6.258642456441211e-8,0.007492714698114691
0.024538899554151023,0.0041603108773271835,0.0010693075053722597,0.006583846517204172,0.03288604209210196,0.08390398695929387,0.027372403090436988,0.44597774555552366,1.81846913615905e-104,0.0024238798321159476,0.0013266002060004622,0.05978061134756602,3.79904131861621e-5,0.01463502451723366,0.015969080058441106,0.02797351928881514,0.02173943259424842,0.009447926832052865,0.027590490030219413,0.09405789643073718,1.2357180711782196e-8,0.03547695228321787,4.171304951638507e-21,0.025287765570819083,0.0025453854452427943,0.00011386191084428556,1.2719771528379834e-6,0.002091780466925822,0.009983161323783237,0.02302481496280599
4.9448414988251675e-36,1.0420713020605879e-41,0.04601383362209969,7.637846056649842e-7,8.402027142040494e-7,0.6446697906637664,0.007666024402634212,0.12839930901117086,0.0010149102721618408,5.148869343816783e-9,0.008342480532905702,0.10490543388326222,0.002922084946392872,3.671482365715185e-11,0.006511664022806116,0.01046542692581266,5.632132195386536e-6,0.0028315334611884527,9.572999368738826e-6,0.024241472264980968,0.003161522504539357,5.705652002366044e-19,3.648062267875157e-24,0.001023678878929923,0.00216490206380383,2.0517536988274874e-5,1.1345496658764752e-12,0.0056286006979146385,3.0345469956862367e-12,4.8532334581588944e-15
9.636429598441777e-52,5.792423713557892e-7,0.002709566057184536,0.0024848492237588434,1.8242390597817362e-10,0.012323661301352597,0.7832082253589295,0.01370674680208086,8.115770160322421e-52,0.11098228728067133,6.85831715895522e-12,0.003563005999557094,5.398348180159298e-32,0.005307743706313324,2.8129799237482632e-14,0.0009562164322586078,0.04385072901581506,4.2747959546266335e-33,1.1503858511423355e-19,0.0014938886952455806,0.012167717918837065,5.80397585960863e-29,3.1485926816476022e-21,0.0020530004098343354,3.2025555275266765e-18,4.515658859653533e-8,0.005191720354393773,8.650171079077427e-13,2.5667506880201942e-28,1.6854632297227838e-8
4.792555769388927e-11,6.581250241732478e-15,0.10519201152353383,0.062008744171626565,0.033064692568860146,0.0206072170255457,0.0005554656667119603,0.42720447340105516,5.384745715843447e-63,0.012804185468299879,0.00842614204964329,0.042775590091604844,5.889846794353458e-12,1.789713373239539e-13,0.035640900561547166,0.09657352640856075,3.33357643128307e-8,0.028444817645788916,0.014000227365698158,0.04768425198479589,0.0005245436957147288,1.2317379553247753e-5,7.560142043052887e-21,0.0005000756178499389,1.2257566747985872e-20,0.03693857905002942,1.2528375963239138e-10,0.004409953597116502,0.0002472612120500771,0.02238498999936476
3.8149715770977177e-109,9.376815519410044e-33,4.3407669142849884e-61,1.0531934048426317e-68,6.041740676153416e-69,0.0010048563502802654,0.03118030516378866,9.606939457216117e-30,0.8575575281311553,6.833791296219509e-24,2.6527196880023243e-50,1.084367009304514e-10,6.6278823687405755e-102,4.4627050208464955e-98,9.668181154513684e-35,2.5825002015298928e-73,0.08163621672870115,5.599405329754333e-90,3.2684672243931763e-37,0.013226767024412934,6.596912751300362e-5,2.3645198093782253e-151,0.01255933165188869,1.1340135358890469e-91,1.8034064201996723e-74,0.002769025646404337,3.2767522361345046e-38,3.8509019388239786e-100,6.741893339020715e-11,2.866649660399211e-116
8.645810677039873e-93,1.094887432409437e-36,2.7821794044256773e-18,0.0017702303349940043,1.9232170289698424e-10,0.009564269586434243,0.00046377277789498735,0.010582223591928227,0.00560997979205332,0.6976884348094365,0.12903001909435613,0.0055371313146266934,1.4224897877640141e-64,1.2897842330762079e-23,0.005275923669785854,0.005811563485517215,0.06462196938779363,0.0028359812830678886,3.2647227940382772e-18,3.915558126131819e-5,9.255675635096297e-26,3.0295466412033174e-86,0.0032211651508904145,0.003295273924537907,0.017826605597845248,0.0032751744697474077,0.026832501397740915,5.833303845286469e-8,5.3659258167711095e-42,0.006718566224727997
6.107547847309343e-112,8.498821499467738e-28,3.643966341110239e-11,0.0060376009303673775,6.0510544844925356e-9,0.0010663201914331553,4.2140348439377134e-18,5.836454214812462e-7,0.0017962631126227685,0.007875260184910693,0.7207620251790402,4.95591349061861e-17,3.957120405524008e-40,0.004355003961890247,1.3930910496214094e-7,2.020642837009953e-9,0.04257150073863459,0.0065475643195132575,1.9164815472030726e-23,0.015182011520929422,3.145156233644193e-51,1.2269397760807297e-51,3.7428923186360517e-79,5.3993425017903695e-27,0.1181506746752122,3.0709116840569003e-61,0.07459492110978122,1.7897920787632974e-5,0.0010422242760214384,8.161924874257332e-10
2.2313332528750517e-24,0.001321551321779987,0.018305891008322542,0.004068505481737399,0.0010169932865327425,0.08527799451784222,0.010540371305822709,0.08452192524318208,1.9610919384412326e-62,6.810499889795518e-7,2.1134425223472695e-11,0.673150539234498,9.084374803138024e-16,0.006674508431821254,2.3858636040891518e-14,0.012077533037502891,0.034698679607516575,0.0032918350943148757,1.2233139326387873e-9,0.03728206208506937,0.006467316532335836,8.754870488403359e-20,0.004693274550983005,2.2009113672657757e-11,3.7445616781608474e-10,0.013675298510685312,7.505866958904165e-9,0.0020146418065014864,0.0008991898080983962,2.1198938659215475e-5
1.6381902044700954e-21,1.262105725475295e-25,0.024058676057812266,0.001418132653459915,0.0037118951986453057,1.7932187920024902e-14,2.6701910547211054e-9,0.0017211769987414648,4.861705077345032e-147,1.663158516018016e-21,0.0017542553038349237,1.4100115453404232e-21,0.5006207787067423,7.024283021748602e-32,0.07287943580475077,0.007310050168556642,6.128403189913574e-48,3.389640176071306e-10,0.023335370076464534,0.01614948625552199,2.3809936691085888e-14,0.336050104703849,7.327361890783224e-93,0.0011449254987579763,0.0027546063411569744,1.5743112624965727e-18,4.5468643387360523e-32,0.007091103211186339,1.2140265805692345e-45,1.1322900921197297e-11
3.046377241550004e-36,2.1545473192605707e-38,1.3164144069364722e-8,4.2455042310052556e-29,6.312950442351164e-10,4.16102800660787e-10,4.189883826730996e-34,0.0037662046483618204,0.0020795519158491827,1.5028626283280947e-38,1.851758988880418e-14,3.9261614278211956e-14,0.0015372230194190878,0.7681229215351225,0.00896026585939939,3.188996796437758e-21,0.03197933820865563,0.00184602505021401,2.611839219425656e-8,0.019730984148588405,0.001208612115532096,1.9373320820529973e-66,0.0037891882322250926,0.00026431559288077545,0.020751817762457363,0.002128018557463178,0.07335785394005749,3.346148522446054e-29,0.05897692893282908,0.0015007101509530794
0.008502407838463897,0.0009482711224249649,4.514066381312453e-8,1.3514276573646165e-8,0.014566010983359934,3.869563440264663e-5,0.0335022440936812,7.474598887609309e-5,5.585580305678661e-32,0.08480700571953602,0.03178949286527842,2.2275347769659862e-7,0.0009560422765023575,0.022266920869427265,0.29312904826299296,3.5044992274219055e-5,1.2046340397058439e-5,1.1885880778050154e-11,0.05245237631806582,0.00010697305614924093,3.4312782692274554e-6,2.2587308198916163e-6,4.18487259206802e-11,0.02657867765395976,0.05265912006632405,8.345925594535235e-17,0.37729363789171466,2.683704778260981e-15,0.0002752665549201263,4.464260488936918e-15
0.0017379833957861883,0.004401448024567761,0.07322637775365061,0.158105298832615,0.11341703948744293,0.0016069381913902505,0.0016303305825942857,0.006772111074030315,8.805493753552288e-104,1.1070148342467143e-9,0.002220290463654351,0.0029508210049633762,0.006380490406403667,0.004485620453316945,0.0013002426699309294,0.551996900649215,0.006188869697594846,0.008480167744996195,0.009216177142384343,6.244397863101394e-5,0.0009692768833649898,3.662916404182517e-6,1.947980694581096e-58,0.02103370135922415,5.944618375617526e-5,0.01780687283834186,0.0001345023470805337,0.003659922222550019,0.0020635281997209917,8.953438937420726e-5
7.104917035969099e-65,2.7177183530191306e-55,0.00024237400921395244,1.1688630019789783e-9,0.0018522738444746443,0.003036111046805481,0.044879062254629246,7.514441018522038e-9,0.04371102085615827,0.014498566543227665,0.010209703288777437,0.015440770783941559,7.677434942638261e-15,0.026694035107307963,0.003132301301461853,0.0018581584673988073,0.7272288011063028,1.9067697917186938e-16,7.739609916820306e-10,0.02221428875618517,0.006176792375917132,0.0008148111347105353,0.009039283116846979,1.9394268525193675e-21,0.019399538631391405,2.8628243585566562e-21,0.02029171075675878,2.2395142744562137e-25,0.024190055170693277,0.005090331990523998
2.640343436592112e-55,1.295718386020613e-34,0.004408109986924994,0.005074678764935299,1.8804532350571184e-10,0.00578031874320971,1.1613020564861597e-21,0.06916974411721917,3.776047327117514e-33,4.135271436814073e-5,0.0018066158983848838,0.014597503435831225,1.3469287604517918e-39,0.014770643218575439,6.851216128633138e-7,0.014315815657988212,0.005392801958827596,0.8119242606602244,0.025715381543965028,9.467026965323217e-5,0.0013504181999224344,5.4006238249297036e-42,0.0035422675357565086,0.0036954934376289585,0.005999122476359453,0.0002713461448178417,9.275461521335663e-5,0.011955777471168945,2.378391475747595e-7,2.1946194204037312e-13
2.2055389232976624e-27,9.355097036449664e-12,3.126697715430596e-17,4.671117733283643e-15,1.7517769089341787e-11,5.221859921359632e-6,1.5014076525487348e-8,3.0602401062903733e-9,6.028532549793134e-23,0.0012208854973789183,0.04240857404211352,1.1790400366572097e-5,1.2954059674106881e-21,0.16347731285877537,0.08377882237435408,2.6103767110353916e-11,0.10181423047287441,0.002093766812865471,6.354298591850688e-5,0.00012191135599022197,3.1308630113965468e-18,2.45601007080558e-19,0.26220003770457684,3.386230654979214e-11,0.08837856953184896,9.520035419725526e-18,0.030682975510192834,6.564676312395826e-22,0.22374234043166263,8.990414286560013e-28
2.7072912956768187e-17,4.400535306759367e-14,0.0005134554558383341,0.010064630047915808,0.056970709362471665,0.0006863338161114026,0.013397315504236932,0.00021528576020824473,5.263054661016592e-53,1.3162568937994784e-14,2.868430210653072e-9,0.04387767135297583,1.469330345512957e-14,0.0004044157103043475,0.0002202838887155969,0.006742892627226399,3.311621071486447e-6,1.2380476870989769e-5,0.0007371966765235635,0.5151619471225497,0.0776705987669961,3.983631032833371e-16,3.087714246626853e-16,0.15490344156904662,6.609932987229575e-17,0.11828552898291637,2.399450654436153e-13,0.00013259737559869177,4.5935758298874475e-23,1.0136790671925004e-9
4.543915176898213e-26,1.5786450327404615e-28,0.020763129345076552,0.029967000234433116,0.04396820605871716,0.043863634352117604,4.29114216801929e-14,0.0004909555204708766,2.218864372838824e-134,3.0508242263867123e-10,1.1346953506058085e-14,2.9039726732813472e-5,1.9327686144711573e-38,3.24377804963406e-14,0.003005440520681238,0.045394123936887985,0.017834610793812666,0.0004632694477452877,9.838278013748693e-5,0.004967590064341771,0.552851590212324,6.170276889792454e-43,2.7453397485107455e-62,0.16360646603502688,3.285388240341811e-10,0.056639591400940034,4.2384151145517346e-20,3.565925277478234e-7,0.00622851642807868,0.009828095916240022
0.30419690469906696,4.652744290715354e-6,0.0006172604651221126,2.2165569400736176e-7,8.365406243482778e-8,0.0006297276947477391,3.376866268016186e-44,0.0025618703545950017,2.6299821968894695e-134,1.9244486654834229e-25,0.005082821680757607,0.0034496576193802004,4.203139529646289e-9,3.7925016403511347e-6,0.017939151034611217,0.019640749057499084,1.206221209427344e-17,9.269998571538726e-9,0.08619466386607895,0.016732001174810524,1.4331386215294085e-12,0.5256879422496736,5.975340941376931e-9,0.006749221488560914,7.396024797089666e-12,0.007583786532098343,8.047048005851894e-25,0.0009573431449672575,0.0005576085164873899,0.00141052040854758
0.0009936898786195953,3.2442264820078307e-38,1.3851226866141618e-13,2.9028526861236584e-19,0.001616723825915305,0.002398993282901366,1.393027859458586e-55,1.864487549083466e-7,1.3597021357887956e-9,6.999699850871288e-29,6.906988029131946e-38,0.007313777873934703,6.894224185722855e-18,0.0011481427832955738,5.7879720068067605e-6,0.0011774931332174238,0.009677746014657146,1.0736263516646108e-14,9.961109844548315e-19,0.015307743458701733,1.5736160192784467e-11,0.0017443299737765912,0.8241512831377186,5.4028704766632444e-14,1.8966005018290073e-53,0.0011044830626113196,0.11149290364520995,0.0007895256069416351,0.021077188524546767,1.5492788024717596e-12
9.685378523212102e-22,1.3613636726392494e-28,0.015876478035596112,0.1101793333838699,0.05147576828039409,0.002757496201134992,0.0001953704685023246,0.0016500481701823494,1.7364846955138742e-148,1.1528935622630217e-33,5.137064803925976e-54,0.0019423741088748722,2.5969650782941337e-8,2.0209392806271226e-50,0.001158320110991452,0.03758513669288092,0.00255606342372169,0.0010070383276974584,0.0001670732147579829,0.00010337687411758239,0.019547638281004594,5.0234722467409166e-15,5.731186440413577e-48,0.6545494877178337,2.579489925064466e-5,0.040931395874278007,6.8548765578249265e-22,0.05829177987570236,7.306417633940919e-11,1.6489030581943312e-11
5.011941171392445e-81,2.3560384128024957e-70,1.7066244703590546e-10,0.003611525543305505,0.011046547585632146,0.001587430957634964,0.00117943840288637,0.0015674797228469122,2.745571859517931e-30,5.09002224665514e-63,0.017474257950050663,5.733103409783344e-17,2.4953129218150736e-5,0.0711483563526838,0.0009564892549931588,0.0016499059661556864,0.043883511546417606,9.794116380528973e-9,1.0045138251266004e-6,0.007520400718298248,2.6228412824639017e-32,2.5685193402848743e-86,9.069275860173177e-51,2.4956069030616267e-16,0.7706808021188281,6.934327935618979e-40,0.057493455750216714,2.193771149879022e-15,0.004174980800858149,0.005999449721367513
2.6346548556884313e-7,1.3258232276822964e-26,0.008767951639229481,0.06349725216513889,0.04829859791089631,0.005513189441511166,0.007151736272006922,0.019583307281791862,2.2290243974106904e-164,0.0021287837550628993,0.0005395439510615609,0.012365161404293598,9.300571139735472e-52,0.0006042081011647259,0.012535987961728987,0.021315889306012796,2.2734390531665915e-24,1.4978577139965628e-11,0.009796388788070001,2.577395941468956e-5,0.040903338242446276,1.4217101534193255e-66,4.415191211068981e-56,0.08728192848297507,0.003036625566492503,0.6466395587896926,6.837139339057718e-17,0.010014513496976345,3.3798130456020184e-45,3.5691688116457784e-12
0.06759538168956954,0.01379547786876022,0.04995484885800974,0.013114554363945378,5.0766851756722264e-8,0.007625102045851892,6.748225918908441e-15,0.02203637866563704,7.155440998347907e-46,8.951791992104626e-28,3.982764514288525e-19,8.452493129775036e-10,0.13480980320284147,4.491171776297333e-18,0.024743715465069222,0.01632218003370551,2.062008240847641e-6,0.002086985226524508,0.13105527363888314,0.08963048999687885,0.011625271863025722,0.18020810726142392,1.2367809669694877e-15,0.004610768534296153,1.177613437531362e-21,5.632732591974457e-10,2.9597346697237332e-8,0.0024738168213495177,5.0561615446987266e-8,0.22830965012164284
0.004333714105188201,3.233234383332894e-12,0.0006886840868053331,0.39448296075366823,0.01896085325161612,1.2151824933029992e-5,4.5222375530110006e-23,1.5763596663335284e-5,1.987060469444344e-145,5.347787267690581e-42,1.1407171170858347e-33,0.0015012755858313024,4.598314747406837e-6,0.0016142132530266118,2.3100500409181597e-5,0.04589135626266037,0.000681605200833761,0.00547088404230802,3.1283871978257127e-12,6.7040585362121646e-12,0.0005258612320253743,0.019070007391243166,2.081183042119008e-43,0.0691191661477908,9.755409803868689e-41,0.009716775642903538,4.41034945492495e-14,0.420973777213895,7.781299770564189e-29,0.00691325158034147
2.2800084546533317e-27,6.597486917484694e-43,6.91234836499937e-6,2.3980962016132067e-13,1.0392922868910774e-7,1.1259411082902055e-8,7.682925818863663e-41,7.396208138858392e-17,4.059202218578736e-39,3.1689807460213305e-44,1.3290836465412625e-17,4.352634902177251e-20,0.0018340957288598388,0.023171233518675723,0.012252021990116822,7.269970359983632e-15,0.031131557562036664,3.857819171845724e-37,2.261607357317998e-11,0.027986599391874135,3.854525267116392e-23,0.0006868778495998896,0.04582292278101235,1.117726126078381e-13,1.7814910511747318e-13,0.0029287780478571236,0.07664211042940268,7.274817714144469e-17,0.7766338829070505,0.0009028922333564129
6.51439457122069e-10,1.7662295087542896e-10,0.01487407838028831,0.014388226844981518,0.011457385693269949,1.5949750896021378e-9,1.2967126047022497e-21,3.512146127634405e-5,3.3419038112140214e-115,5.884861216470868e-41,0.0011918388543289708,2.412661936106179e-18,0.25503302431824054,1.0366512031079884e-36,0.06812869635913006,0.031226195033906282,2.543801829328927e-10,6.865688734323985e-6,0.01369877239007854,0.0008510757536961878,1.6501020292399155e-8,0.00010081609804538639,4.28549308302268e-71,0.011081891800258373,4.258476101723864e-51,2.892265174290129e-13,7.753670011737523e-19,0.002853855857479258,1.0999430947557747e-44,0.5750721362875589
30,100
0.0,0.0,1.2051086066909504e-241,9.019781949910647e-250,3.0963303367535634e-178,6.327167199724284e-204,7.250622045865262e-219,7.069153713807889e-168,9.458911875226173e-109,2.1333444146781924e-172,3.3442564307697107e-49,3.0607304372350507e-105,9.72218596300851e-152,2.972374907190737e-129,7.264098618300708e-36,7.83057677723915e-154,4.180877186470429e-143,7.542234519571865e-165,3.733511300852282e-88,1.7518893302647124e-115,1.5127508660752012e-78,1.7972449013728883e-52,7.397710798387033e-61,7.08841649705282e-72,2.1564409530249085e-52,2.423233810020994e-70,1.669264397848851e-106,1.565854590891926e-49,1.3510380058211626e-75,3.4812033679099156e-73,1.1482899126129036e-78,2.9434463699127224e-78,1.1796355311680307e-32,3.5882000580982953e-78,3.270396428726026e-17,5.302290508937976e-27,8.457861339749019e-58,3.635921267464786e-58,8.359591524814535e-14,5.755178101617458e-26,1.5047020416615192e-22,9.03450181315258e-65,7.342189597337938e-19,1.04367693701432e-41,6.909951482833885e-48,1.816641834738128e-44,4.6471294227030215e-43,8.467585148063086e-31,3.287961609955626e-7,6.60679576225774e-33,2.112798129696395e-18,3.030250398144026e-18,0.009592554609036153,0.2952811749832937,0.3574382040491051,0.20623295209466302,0.018982555533901293,8.745795086518387e-5,0.00854661648983474,0.013039757336304046,0.018768452334449733,0.005733796133469281,0.003979725896529146,0.005624150896055593,0.011875330480731703,0.004238626685053822,0.0025827185961497267,1.4013488597132534e-21,2.8743782544731674e-5,0.009694354617465135,0.008496812708204914,0.004404554480907811,0.00365546001117974,0.004715166060488305,0.001323225973143217,0.0013723292778289834,3.869833018375176e-32,6.202326557352801e-6,2.0833312098075935e-8,6.051184478507271e-69,4.5126095474762316e-26,2.1693583325453372e-60,1.5262541217068552e-21,1.3152650096581657e-101,6.639523224281586e-69,0.0010538351200869592,2.58650792628212e-129,2.0332872287592316e-91,3.091187435935705e-67,7.939241953001641e-65,0.0032448919425941596,2.9136775005263653e-92,5.085594735982017e-62,4.344127908601225e-66,2.508964531567655e-125,2.339406007586963e-46,1.5417293999589416e-107,7.493586362985923e-181,5.840453946769843e-158,5.79004662628719e-175
0.0,1.1990283918723573e-210,1.531787388977502e-17,2.2310398753430327e-165,1.6691303226120434e-226,1.1814875883425467e-164,1.808192073292679e-98,3.6416241532588023e-97,7.459939914318226e-129,2.0737556666898537e-67,9.407167561218702e-37,9.156046482530605e-75,3.780284098324465e-83,5.9538001814960094e-46,7.241451728852434e-7,6.28760707255193e-49,4.6646424584855514e-57,1.2121200906486721e-44,5.810167663764073e-11,6.969606718311237e-31,0.00046086483352452215,6.107965328692467e-24,4.329313895641916e-20,4.0251779053937343e-44,6.938172670187935e-46,1.2260320732725022e-19,6.691328561533862e-17,0.002315797702402589,3.833182301656861e-23,0.0015050443606553698,1.5152850606268105e-20,9.522078370304895e-19,0.0012205786369820283,5.590067256021011e-18,3.982297597271501e-18,0.0038168648044077064,0.002288239354915362,7.863085643127573e-6,1.3339882307855714e-8,0.0018083143898471755,5.462170881662672e-15,9.075307455025529e-10,7.819405231016302e-9,0.0014893691340628085,0.002490459980146602,8.1106753113896655e-19,5.798870993394628e-6,4.4866838745153483e-13,1.9834946041068024e-9,0.00315228023169796,0.10329243737580365,0.32079817979092645,0.40578492036256786,0.026942808457215365,0.0051790213727488975,0.01304366278412499,9.203503163335405e-35,0.014070860437877766,0.009203315644535774,1.0918842734744365e-29,0.005678786896272362,4.501867512834099e-21,0.00953422453643501,0.0064798340119780135,0.004493475288697622,0.005240185473650434,1.4044919263739882e-20,0.007643470108139504,0.012904806709168331,0.010068189804473016,0.009755934024868945,0.0020470115752749905,0.003160036472674461,4.35594071070535e-14,1.1143314531381363e-33,1.0448157284568013e-6,2.982471874041951e-59,0.002768782774932954,7.291773457646244e-72,2.024898245070876e-66,0.0013467876425410652,4.636879123440295e-68,1.698813259540819e-52,2.1875467956716438e-69,9.534711479484452e-93,3.0245025280996884e-92,6.2720951685952055e-112,8.090072542474181e-148,2.801174018965119e-76,6.501963881159385e-97,5.60946381016251e-96,2.1780998291547636e-102,2.8506024444831186e-77,5.585833879346808e-72,3.203610548223719e-140,1.7087842895422151e-87,6.233635738135687e-85,2.0874688206260175e-194,1.5218355006576745e-195,3.556666590670352e-107
3.3969878517430146e-295,4.064744858608141e-230,1.6683460107952322e-129,9.798876054867238e-207,9.403507152387988e-160,1.837925973888604e-86,6.109708986939082e-80,7.90750875255022e-100,3.2816086240650137e-97,3.16121734604796e-90,1.050815456062121e-51,1.0138315110364834e-27,9.021989315908759e-30,8.711960022975776e-44,6.62151355681954e-77,2.2643554308741236e-105,1.3460332957464288e-55,6.103441720956566e-40,1.1099092688094573e-53,2.2423813570723396e-35,1.94813225551538e-55,5.706499511763027e-43,1.3509015968472162e-68,1.905520336371897e-102,3.2371978866358207e-81,2.8330764507687576e-32,4.7110480800957137e-35,1.8775965303596374e-44,6.871323926841053e-11,1.5412524822512263e-42,1.4050070136659227e-42,8.616432520659479e-47,7.745679294644087e-22,0.0015024287302395302,5.112098988192582e-19,3.262926531664118e-43,2.973571559828169e-10,4.772566854452863e-42,3.475945108965873e-11,1.834396264351705e-13,0.0015667966977092288,6.183023827293013e-9,0.00030848308205729013,5.319424363374782e-27,5.465282382369655e-9,0.0013335252009129379,1.2528986712734796e-7,0.0004660069751405705,0.0004363350045369458,0.002423643491143227,0.0005677927927520341,5.604975165083114e-7,3.97093567736104e-7,5.27144077180243e-10,3.280780586535675e-21,2.126205174431145e-19,2.943677228956666e-6,1.553543710207794e-7,3.746648445799167e-9,0.00013440753214485345,0.0014770913270562907,0.0007866218707687792,5.82838773635781e-7,0.0017173735648855603,0.008715918243078909,0.035579720818200405,0.10375682116243025,0.15389564986820492,0.13722358117237568,0.14232126865236736,0.12696077339730144,0.057866926865230865,0.053885696558729775,0.03245394561650744,0.01765054927751399,0.001181378961498027,0.010064333429126937,0.02642245090627354,0.010919507711146786,0.004065664640187411,0.01151352055544928,0.004274958400352129,0.009751381428055478,1.0564993839242084e-6,0.008767306619879641,0.00019359812603021172,8.209363122759419e-5,0.0007324693670955933,0.007249855109244507,3.24491194779579e-7,4.266649457355888e-6,0.0045612291410672,4.328371716670934e-12,0.011753490114210235,7.538844248552813e-8,0.004796512721092536,1.1151282330520005e-11,0.0006283871183793005,7.639126248064647e-27,1.0946433430111616e-60
0.0,4.926381383758392e-283,5.591624708241148e-161,5.235622379944927e-284,7.344530010675344e-216,1.0798517874613084e-34,9.555571162792014e-137,1.2330587457227114e-107,1.9813853216663106e-84,2.1298653178057784e-97,1.0478629641316733e-18,1.3250837328815515e-84,2.379725384255517e-23,5.654110562902706e-57,4.6270261483166704e-145,4.2774367413453764e-131,5.741793180538445e-97,1.550819372222536e-12,1.6358364845172973e-100,8.137800223806327e-39,4.0421677265075595e-42,1.899870757574465e-33,1.2544346145691617e-54,2.849377547020181e-98,1.820228362174922e-80,2.6953890031227246e-92,8.12252958506852e-70,5.912280408085952e-75,1.8535488420262785e-67,2.5133473247631638e-77,1.0535659547898055e-12,6.74807733184677e-107,0.0016867422343550883,2.7606560812238404e-29,0.0011949437116565108,5.808198150417317e-50,1.594240986877717e-14,1.894342422275821e-76,1.6667397710345774e-38,1.1647965397018432e-18,4.924642559364635e-13,2.641870351669862e-39,9.882044289280374e-5,0.0030161593892235852,0.0010980241930907107,1.4041484207911968e-43,1.8727484040784833e-11,5.84842364316192e-20,1.4743303325386235e-25,2.230065244720128e-22,9.631162030165815e-5,8.808643676319018e-31,0.0037649676112435503,1.8958252959083796e-15,3.0348807808351505e-15,2.5197436093946786e-15,6.3428349903122746e-21,5.726408069833609e-8,1.6613261562366994e-7,0.00013574880914987112,1.0644653022659104e-6,9.275953446412377e-16,0.002363719448274537,3.778227211049131e-12,0.0004122876591782653,1.1110612643295218e-12,0.00015699755071124888,6.325261302254224e-8,3.8779398929407574e-10,0.0009966011810445333,6.853569397213358e-8,3.738931089684818e-7,0.012123031264788253,0.004831025937777238,0.041570978275192544,3.635435611315206e-5,0.0022198317584952716,0.02375828459625013,0.0751410203797491,0.05991127182723087,0.11202165255507736,0.10232243520614692,0.10543208000205881,0.10157937238271574,0.046757540077746254,0.08366916554114719,0.06608205932278897,0.057709700451341266,0.03360577314197463,0.036449394139689145,0.014172017629469782,3.7389203609043516e-7,0.0003107155632953524,0.0008416408891618167,1.190991634026119e-11,0.0031533028026019586,0.0012778601861734083,4.220617779720545e-30,8.148527290787672e-27,1.2312031786116584e-17
5.760732176089145e-188,6.636860367583668e-145,1.1186383473892332e-62,4.110841991640325e-155,7.08441123654088e-140,3.2225982683744663e-28,2.1564213850428307e-47,1.4230762301457506e-40,1.297208582058178e-60,1.4198799874129128e-37,0.00040952410072977893,5.827857439091837e-39,5.45292421429669e-20,8.25231233124492e-5,2.392161884297351e-32,9.901092512325391e-76,1.803767550862097e-32,3.861974226260694e-34,4.982800918760355e-65,1.0072188386701635e-40,1.633145659599874e-24,8.66940113394695e-8,5.904966702695037e-54,6.386895480403726e-68,1.0109872903484335e-30,4.419900496456143e-21,8.675416501952827e-21,2.6143147509041643e-27,1.8945569298395426e-13,1.7259850124279872e-34,0.0028640778068668503,8.201128682706701e-48,1.1477563781431037e-15,1.9904567732449394e-21,0.010355994012570187,7.793268814087356e-13,0.004719577524320268,1.2919632635252822e-22,0.008250556161509303,2.629098263256923e-13,4.765844404832964e-11,2.726529924750771e-10,1.0245531671230608e-17,0.013470362114516818,0.00011887240236866773,1.4918312083656215e-8,0.038233984661888924,3.534254559076246e-6,0.018920416472472296,0.010925624479259294,0.013122887423804026,0.003728277163091853,0.005576460725148239,0.019809687739544824,0.004412798840300974,0.0039873672999721724,0.005869973348434652,0.012642299057246656,0.013029471302228045,0.03192774192399419,0.01056520109556041,0.038790582342102496,0.05623322775756602,0.05807340151292427,0.04141124382453126,0.0806856730917956,0.06270253636374629,0.026971888718602066,0.03780961928839391,0.010323105929592912,0.022003717893568062,0.0021197235612171487,0.03150230682989985,0.031688921493076096,0.015401679828400334,0.04477785392649794,0.052262895816708975,0.0056001094136524585,0.005091429841026174,0.017262553088252836,1.0804042969448676e-7,0.01760405007085831,0.004088212618577408,0.00430986660399033,0.009252310505086141,6.0357037528648895e-5,0.02160477932259221,0.014721172202465535,0.020493070059597086,0.0097660144367931,9.84694571423548e-6,0.02089114366087658,8.499363617295047e-8,0.00028536101988567994,0.002955996861224986,0.00021766145728125078,1.7867434038947225e-7,4.211434725493964e-33,8.511119221306552e-32,8.021758361782448e-26
1.5130096953681072e-146,3.165757480439267e-62,9.789836755497682e-45,4.273007025761543e-118,4.695164061141714e-98,3.996699946982755e-75,4.20233205548834e-41,0.0029753153694052643,6.02159033427154e-34,7.984125616804056e-31,3.5062701912035174e-25,0.0018074930582178295,0.0086139687992928,1.3854770361662799e-19,8.07178058869252e-12,8.059768907942405e-17,3.5510016316987794e-17,0.002509071436490907,0.0007477179845336771,0.00228668923367207,0.003924080004389317,0.0022758076904448254,2.033641392658085e-44,3.8262658067832207e-13,0.003951436006194081,1.1711183642602638e-7,0.004005244765700884,0.012026706080953992,2.6531994168412398e-8,2.280786359859143e-17,4.675290712998197e-14,0.003888083569270627,0.0017635758350587644,0.009625866356054882,0.005504450979421704,2.1864000102640856e-6,2.091940421045514e-5,1.0536576916985846e-7,1.5061673238033853e-7,0.01152938368891605,0.12220167610014318,0.10803578361976625,0.12633165276663444,0.08076055281835888,0.1020473549831671,0.0996416965578716,0.08256288912366748,0.04055066460823946,2.4969734446857465e-5,0.009396757514639394,0.012814555502933053,0.008523209532486907,0.0020346270336312764,0.002171449410758701,0.0071038856472895005,0.0015910357599341362,0.004234631876876346,0.008144108434226575,0.006036652961819345,2.8193523449248054e-7,0.002265757633598904,0.00011187887910565577,0.004738307703298773,0.007433327355323996,4.756880361232376e-5,1.6447322973772348e-8,3.853848659417439e-9,0.010755201014055913,0.007343784445198543,0.004273905078718775,0.013154814708663119,0.0028827993574758745,2.973908427040256e-18,0.0020332835193451406,0.004827711855176002,8.876735909212781e-11,4.05982918345842e-6,0.0034204620273620696,0.009790503813464274,0.007626344961265438,1.930803679836304e-11,0.0013667313517207404,4.744794559413141e-25,0.001675450927789105,0.0017401484798147296,0.0031240088937275552,0.005326931726818196,3.9016227751568684e-13,0.00030801620896469205,1.3572855054193556e-5,0.004051556677434243,1.2650456295697901e-14,1.2383488693247284e-12,7.241823256020105e-9,1.1517419365578614e-19,3.2837129289071034e-27,1.7012021920171372e-5,5.2197148768405586e-43,8.098257468555418e-32,3.8288342841105555e-30
1.1648816602531794e-133,1.2597982599004152e-119,9.495472681348163e-115,8.492643317048555e-96,2.9895668318230184e-99,0.0008446184524532313,1.1104528738561178e-43,4.0095169382003814e-28,9.69486759801851e-30,3.572945471270856e-34,1.324399688664156e-26,0.0007109477025032681,4.2107231458226944e-29,4.397853588969282e-24,2.013210137217824e-18,4.252979771008813e-37,4.4100093472965353e-14,0.0019493969243812622,7.712698974816234e-5,2.863915619660687e-26,0.0029699962585671607,7.657635266030948e-30,0.003710937186241913,5.262697908567162e-33,1.238570769150354e-18,0.004757946030219373,0.00503332096817035,0.0017524719827200041,0.005397240232221365,0.010813436308413884,0.10589661938773037,0.2432183972179861,0.17096625959782344,0.1648463624230637,0.10484830422210911,0.03822485593562464,0.013498148628980227,0.0040749326129721946,0.005082318793107931,0.002127047934396775,0.0019310736403813063,0.006179702819732105,0.0032300436030704084,0.004062301001879669,1.5824555332888273e-30,0.007199034100103641,0.016604559156809064,0.015241052224058882,0.002946348396922598,0.008688742731612043,1.1910281244732594e-78,1.6132608603566457e-34,0.005567319429121855,0.002292242419878837,1.355713612271304e-51,1.9642486338092598e-108,0.0021974968754593124,3.475571646651575e-18,1.1968174199324067e-33,2.8289259423350676e-56,0.001831247735329469,7.724889745540679e-84,2.116989785397793e-10,0.0021426848220437527,0.0012832001910600109,0.002307007698144992,6.096426496985137e-16,2.4324620317306556e-87,1.1254795683222801e-73,2.0501292518772224e-25,1.088214558533779e-58,0.0015315002832975817,1.644247607441431e-14,9.679102875085195e-46,0.0022122261225196427,0.003343038714570791,0.0006138266468136538,1.685819219769809e-5,0.001730062021123658,0.0013676425883197348,2.5596152864330624e-82,0.003153940944920899,0.0013179862136202172,8.705566172405903e-43,1.5374523997015882e-73,0.001620259209988051,1.0414809488755503e-59,3.974772894807797e-83,0.0019371584187566732,0.0023860852555284045,8.84487012718417e-23,0.0011572768891090473,2.3431740218643947e-67,3.263433934401874e-98,0.0016779007632187954,0.001429494889212766,1.3269543516471837e-88,1.3405100284124315e-65,9.001519750743014e-98,1.3604346956862043e-33
6.668351876809487e-183,5.740115709909535e-132,4.542073177569618e-81,9.512912804987334e-130,4.1912178770254244e-83,9.99574333958932e-40,5.0448103313811584e-36,9.587807252652019e-39,1.0371042958189944e-54,4.2376157208052976e-32,1.5473404638517991e-43,0.0002677345542038829,1.653983748976808e-16,5.539250567576528e-11,0.0015983181903745237,3.5612875520550257e-32,2.633732736681094e-28,1.5718462258968824e-19,4.065548825233938e-27,1.7540733633802417e-7,3.3926125770481534e-28,0.0008803086955923181,5.487547863692846e-53,2.232678315459669e-35,1.944793330612819e-14,0.000653307256905998,0.00012854767312783528,4.877252786240045e-19,5.325775502299153e-11,1.925357592450349e-23,0.004789954072352853,1.2480673688764899e-16,0.0009147551424554322,6.87520624342542e-5,0.0029479057362140804,0.0020260456962627265,0.0046690037239444085,0.012261999752554681,0.001474398319851114,0.007889481463409011,7.118511573976566e-5,0.017255478851340367,0.006914893302017299,3.7359543678083365e-9,0.01196889466654191,0.029893860222322988,0.007789770873193229,0.05484585107354001,0.02889502759047607,0.02398632390599981,0.023931631522300614,0.04908886780346185,0.044684627743768246,0.019063406270985312,0.03261892909836553,0.030648602758013253,0.025852656944815155,0.010239526905994653,0.02689550399956726,0.015122990669419759,0.024957768019521234,0.03439933992219062,0.039849997175278255,0.060557717353622594,0.09703811160174376,0.08526409194219368,0.04113020271154404,0.0015199020522232301,0.0014928584505019633,0.004492633683442173,0.00019515610664705361,0.01911994969061624,0.02003803160550879,0.008778514291087875,5.788078763611558e-8,1.500207753350619e-8,7.295726448121882e-13,0.0035124794710705938,6.356955623604519e-6,4.917691787688494e-5,0.0027077097560517203,3.7451100432311316e-5,9.515187136864845e-10,0.0023798266693177634,4.4908311005484183e-10,2.6430771343611146e-7,0.003169922849917216,0.005024812934530496,1.9181810236182214e-6,0.006715242919707853,0.013180279938873881,1.8079776830795048e-5,0.004513918574941831,0.004526090582574089,0.00020079964666313654,0.005837367585646537,0.008945232031379192,1.346809257795303e-42,1.856367909193541e-32,8.340950687118946e-37
0.10460565459875472,0.4126480118793392,0.4094039347177388,0.008339203166532616,0.009180220691436616,0.011808072556949843,0.0017342470969565844,0.0054639296980504605,0.00540852708684695,2.603631633260268e-34,0.008851035401901861,2.461206420291184e-22,1.00060909157683e-12,0.0001792340306775511,4.5211329163441777e-82,2.8396821813812853e-27,4.030933962539123e-86,5.96614239093273e-5,0.002999236460090307,2.337908682893261e-25,0.0012935610482103837,1.3469638626613692e-122,0.002824607286509893,0.00354551323193244,9.22061311965001e-131,1.9607383978126497e-76,1.2476793987311106e-59,9.597458454791651e-7,1.413901692125009e-37,2.4676826704685544e-8,0.0010804247201020134,8.062583435310091e-122,1.0617284463043387e-139,4.384790650551719e-94,0.003134678154159231,2.79576744406391e-91,3.89079056632676e-147,0.0016812475564882009,3.672935924419213e-115,1.259900557244665e-73,1.4139894901316423e-71,1.3602174215820313e-135,6.660832485675749e-59,0.002884798534761703,5.591693905264146e-123,8.748058218634998e-182,0.001432447440791895,4.950316270398365e-131,5.492318844255679e-119,5.8813508492010884e-133,1.1559700567080223e-157,6.373806950755144e-245,1.548175409749802e-51,7.529371689553006e-127,2.455762543457519e-197,2.4615445516220055e-158,1.1351854109252174e-256,1.1624033084227037e-301,5.194236602447878e-274,3.307780818792622e-157,4.2211502830610385e-194,8.402567121955358e-158,4.0934366460160955e-181,4.020089363228638e-102,4.807300373713342e-177,3.5226999118869626e-163,3.2756167463299415e-127,2.5268917834249625e-128,4.57164068095909e-223,5.262062435831137e-243,1.7337023370199576e-209,1.066207322859294e-247,7.845744929349193e-135,1.9867007185377737e-154,4.825650602678469e-115,1.2014870495299181e-138,8.757717883269965e-98,1.7488596253851017e-140,6.647213367675539e-125,1.690814980791104e-16,8.989070041101533e-124,5.110450464487165e-155,8.201884706999028e-9,8.479634352818551e-196,1.3399925286365633e-202,2.420069899539063e-183,4.0185825211920226e-173,1.5668620950951087e-233,2.791695734638801e-176,1.3062547105779632e-272,4.77837820860975e-120,1.5416143427750041e-133,3.575638222298429e-202,1.3383931133673752e-227,1.7071068997271557e-71,0.001440760592301629,3.5554330039423154e-154,5.2652645477902714e-160,1.696533929231674e-259,1.2730677680610338e-194
9.634232224757618e-87,6.766281083667345e-87,2.9623280339388726e-110,1.5667642074507067e-123,3.3562203581818343e-28,0.0018591538456577657,1.0902643562203932e-6,9.045891049537031e-18,1.6118766407461848e-39,1.4442530403124203e-10,8.282001594489711e-14,2.5073594668080226e-30,4.482846702549224e-30,0.0014869907191762941,0.0013691810327764618,2.7256297049514937e-14,2.6005781925036105e-5,8.223491882342373e-10,0.0037034316182944474,4.2227383750086817e-20,2.391480464552515e-7,0.0052101539308638265,3.4050505380305135e-17,4.0051140425224564e-36,5.456648638656939e-8,7.3634624889421705e-28,2.288498922751484e-43,0.04805941970164489,0.3511809745484134,0.31999639111072686,0.1793484811181299,0.0028844347755533676,6.663295594856805e-8,0.028523163571953104,0.005032956716304521,0.0027962405963220553,1.060669164794166e-29,0.0008353357817853282,0.003505325185522524,3.076572408915329e-27,0.004829705415785556,2.5731863164803944e-17,1.4051238674765712e-15,0.003412073843804879,0.010627716256626799,2.816163041404815e-30,0.004003798916659685,0.0034575381840122625,0.0013071050188927199,8.547203129490673e-15,7.038764357931371e-55,0.0009303992657718349,1.302036203583541e-55,4.5847953064961264e-76,3.4896905844222057e-62,1.665687850918527e-85,5.410797904554288e-18,3.094805411805812e-101,0.0012329316854390983,3.245928749038307e-5,5.3623174593224255e-8,2.0307298910748645e-110,6.728510665215286e-47,3.894655874961218e-79,0.0016689745739348477,3.010869883516381e-60,1.3109607682504967e-106,3.297166785040654e-22,1.9543216690378397e-100,4.432048527081261e-92,0.0012954318620965403,2.39125817966831e-52,4.802781583478784e-68,1.0652608413260984e-91,5.010839274541078e-63,1.819169654105056e-89,4.893701396318975e-45,2.0722412593541197e-41,9.7903953223932e-10,8.27871078866884e-25,5.314271250396768e-52,2.5948749895197655e-83,0.0022403860519504596,3.1104437283689737e-62,0.0025544815427614004,1.4916018446840466e-30,0.0018285937798762821,1.127302233330125e-37,1.3494301187486822e-78,7.518335090861564e-134,0.000906777779662162,3.569721052106017e-94,7.584955842073422e-83,1.1751095541734792e-73,3.8276928755541704e-101,1.0602574095322508e-102,4.112483615757856e-127,0.003852480319231551,3.306943720806576e-127,1.6421704465163534e-173
2.300018772855707e-41,1.316139110377615e-110,7.006803869097705e-167,2.8199811122436176e-163,2.1329111087873309e-100,1.71196029043962e-19,0.004778467147917155,0.0037661660746535633,0.0066341047720339585,1.930374193449297e-28,7.690089238159778e-12,7.570192736329339e-32,3.908271413205144e-16,4.2079856889299505e-14,6.044935390138391e-103,1.4350692078725215e-40,0.0020921166829208386,0.0013359922392360466,0.0035215351375291236,0.001994742574180199,0.0016457874106634834,0.004301564409010766,1.233782442026997e-34,3.894075609222291e-46,6.71729581121791e-27,0.06809153128860433,0.4147542888128417,0.3700996449234845,0.04506901954784787,1.2441149614838725e-54,0.0011925625894773782,0.009239696815599762,0.032702618464172904,3.1490138895072504e-19,0.0039065484505003975,1.1924707289969278e-61,0.0069100147989216406,1.99882316593959e-20,2.4695379744903337e-23,2.1015036834734283e-45,0.003690037381178126,4.2650086082469576e-48,3.6735023187818606e-30,4.586701914490206e-5,0.003287188692650787,2.1151813608049983e-49,1.1306347037879163e-43,5.442824670010086e-21,4.195791165039833e-51,0.004239427849188681,6.450041217213032e-55,5.628384152694847e-85,2.2221306781340764e-71,0.0020771975578594533,5.115132642100138e-56,1.0758875812901784e-97,5.370080296974704e-81,3.408136280875858e-84,2.134084219860949e-73,0.0013150210587944547,1.1075551680363018e-28,5.549148191921316e-81,3.1884067396517686e-7,3.1076773806537437e-93,2.0890437622374118e-5,9.583578186740714e-91,4.263290551614244e-112,1.3373285247008273e-46,0.0011497908640515381,6.467657770396353e-112,3.0438801978238055e-46,3.2349740637961795e-94,1.1755997428139394e-117,3.003266949210473e-34,1.883794951050936e-46,8.153234646548539e-132,5.061486681107656e-31,9.415323972450101e-82,7.355385711268817e-93,4.1122224662430965e-38,1.2805839402383453e-28,2.6001046804875226e-28,4.767887556677696e-36,1.2255201699886142e-144,2.8419638810547873e-20,2.8402895827576016e-113,5.853332761406998e-45,3.6849628515210114e-60,3.990503126686859e-113,2.474879907203552e-127,1.1444997299538429e-74,1.35969037539959e-117,8.466849260207417e-52,0.0009907468470823184,0.0011471113044254034,5.910723385707533e-55,2.567898252338456e-142,1.1653308027885145e-72,4.8060837868878406e-179,1.6796686573656174e-152
1.7794470969191306e-71,1.1019643131954441e-8,0.0008258406852731186,2.205015253333368e-13,2.2821059161824586e-66,1.2734917049516465e-6,0.0023887184602814746,0.006447254511748319,0.017877161734554836,0.046523711546281946,0.08948152405497276,0.04963382135945903,0.041942675347836564,0.02289845039186656,0.006895587598741698,0.009753231397275438,0.0076120314462660345,1.2125611318253878e-10,0.006878614274534319,3.580369954020584e-14,0.0014902366038580027,0.006760664627207772,0.008226357949091571,0.006480977340362576,0.007429881467316824,0.006241550793278121,0.002750974043552367,0.006629826334761536,0.016895364802635468,0.008555892390092424,0.0029625324755091615,3.5841258818446716e-12,0.01463377367986952,0.014892874732166547,0.0398396759972364,0.0882479962504271,0.077510142296032,0.097932728004117,0.1098441072067694,0.08507178135770865,0.006031465289755849,0.00550330179681202,0.0019197346317629891,0.0032501796742677247,0.007332928669896632,0.0023927460885952573,1.736653406322593e-5,0.004722809285478549,0.006801144105643846,0.004973837396485152,0.007078808606537984,0.0012977229449230604,0.0032128420146416876,0.003324573844300672,0.0001239288781112368,0.0035357860267190267,1.1349079217311976e-10,3.965239072125013e-13,0.0032942934702380675,8.337369596431503e-12,7.51960565788165e-6,5.621334466129126e-30,0.0008492704868872099,0.0013314067491649532,6.553387068170769e-16,0.0032223123615704205,1.767146024679666e-19,8.99129286079794e-15,9.771181739322168e-5,0.0022384033812747595,2.9861658099222417e-19,1.7504707361310876e-16,2.0412728672359497e-27,4.541711614650639e-9,9.85553404649983e-37,3.932778163731932e-20,2.389992039065862e-13,1.7778774506432718e-11,0.00039175221657358777,1.6230743151995762e-12,0.002125699512920995,1.6117327792152104e-12,1.1037772651948631e-15,3.889853509392289e-19,7.497940276408069e-19,0.003259264829107805,3.9615328043514416e-26,0.0010059986272113106,0.0033369083204054122,0.001079840073093282,5.512140319002969e-11,0.000689093026874906,0.003994088332431031,7.623497878095689e-22,1.0863348735670028e-8,1.3066659883142223e-15,1.1727828279888876e-24,1.3959604222700759e-64,3.004443184213764e-25,3.153201774641201e-89
0.0,2.038417867735854e-271,1.3124334326265498e-230,1.2322266838089968e-190,4.714307526570218e-148,2.725654637440344e-89,2.1559713420066627e-188,9.840957116553625e-156,1.2170428522639151e-151,5.414126001225043e-104,1.7389495954901249e-118,1.9649458196916947e-110,2.080488451801885e-77,4.0897914908529605e-137,2.4223913952353347e-92,9.025668111970018e-143,2.5395334774104785e-104,1.7887197608681084e-135,1.3432473944198641e-68,1.370620218729494e-76,5.72462845182789e-117,2.1870279897544576e-63,0.0011631064215652668,2.1846449522646624e-101,1.8612323805551345e-99,8.720084429094085e-90,0.001667153768299058,6.061323916873197e-45,3.5171881313598375e-70,1.2967352606658598e-108,1.5984194853050103e-78,6.61152017454216e-70,1.593671022609727e-63,9.113253688420415e-47,1.4276750804913735e-65,5.3284886254725e-38,2.0640085852684885e-53,1.01323618333012e-18,8.121771724766012e-18,9.380634590504739e-47,1.207926937595729e-49,4.715418423045686e-53,1.867506079794497e-16,0.0014077338078708212,0.002022304206911931,1.4676704825835703e-25,1.0606454020742663e-25,2.3859362442185795e-33,1.0205710617206702e-34,5.216105269639932e-17,2.693991267038601e-41,1.2916658629480481e-26,0.0024829943509618105,2.6767320772241786e-11,8.853155472248235e-39,2.519064691665235e-32,2.510539637055569e-29,0.037633967944636755,0.3641405300895132,0.37422868776776863,0.15094188501304717,3.243824273796947e-5,0.007414257617869465,0.008002900340818303,7.347737129111591e-10,0.004819619860179019,0.00022827709906632912,1.1147516353630968e-16,5.525236398949655e-13,0.006348520623385948,0.009325530427231494,0.008087982165434684,0.004536776473647384,0.010426404139727183,0.001883689756856518,1.6629850112556128e-35,5.828031816850238e-76,2.4303484509499184e-38,2.148182252954933e-43,1.930466583356689e-22,2.1898666208191343e-49,4.103769772144357e-40,3.5097856486044693e-60,2.5922957042865886e-9,6.887243477535061e-63,2.556599614496992e-48,2.970567305808486e-15,4.0230766406645707e-51,2.3743683571205402e-63,6.694948946668392e-14,3.5765916951797116e-27,0.001812758797266963,1.5838462574380068e-38,1.1614197311315366e-77,0.0013924777307447627,1.1193022180689436e-60,1.4840222786119045e-84,5.155810783698341e-100,1.2613137068929573e-138,2.703860809420919e-160
1.49123216672347e-154,2.983353622628052e-124,6.951257639414296e-98,3.8421509820747437e-113,1.2438033757963066e-102,2.0594799285858757e-45,1.8549619981097704e-44,8.06479928732182e-7,1.7483710571719391e-13,2.62302207803218e-38,3.631235653847815e-33,4.370299024795002e-41,6.571456074896393e-13,2.2808410290947176e-7,8.432872273597895e-45,2.0181521651748907e-8,2.2409941024364398e-32,7.61590427318487e-27,0.0009995580952625461,0.08521481886086228,0.27948707157096975,0.309006866100219,0.2245084776604297,0.03754686024210655,0.0023531488299577707,2.646552802013928e-5,2.752881123771242e-10,0.0016503808127779705,0.005828420018074537,0.009678240252589612,0.0015192068663595101,0.0018045043092523709,0.0024805611387516357,0.0015583383045551604,6.775832878772827e-5,3.787005359047631e-12,8.744582388824576e-42,4.929862371434947e-38,0.002520679290913585,0.00091742319959868,0.0010919253046618325,0.005112449168019346,0.006236156249299171,0.0035878906685958313,0.005258591770276195,0.0009436877367456437,0.0033493818102787163,0.0006259717950045502,2.684714200558635e-21,7.532094555450861e-30,4.962651258179773e-79,1.3137529225192445e-80,1.409887541892129e-76,8.93580121842851e-45,5.4370654748050015e-89,1.4130431713347458e-83,9.270222992005023e-98,2.3285131992615863e-112,3.4630052656659705e-142,1.970860207743203e-70,0.0004943388770725181,1.6173258740275173e-92,3.19592566432922e-43,2.1626002563750998e-64,9.174202458895868e-88,2.3118879563775376e-62,2.9875563162309522e-109,4.684533002589917e-47,3.060154859387446e-107,1.8042883910662185e-82,2.9723365555077093e-40,1.6519713899141949e-77,0.0016031821514721416,7.098916537475645e-93,0.0014518294883554244,1.7170361621207973e-129,3.376179067425429e-36,1.1472787102804712e-13,0.0012262439361936002,1.2220967450184396e-81,5.250162637793156e-85,1.4570033580577218e-65,1.5265468990495729e-43,1.4105973929139043e-59,2.1553987143330883e-46,2.878761218897361e-85,5.2129578625063864e-107,1.7157667023674883e-52,4.4926474035065335e-102,2.1169759012313528e-39,0.0005825688593967013,0.0006358478566023785,0.0006300998929621671,1.3916884775525661e-123,3.0611811288091677e-93,3.4557142820633406e-64,1.2360075604303127e-122,1.8238158715533215e-88,2.5416046583572053e-118,1.7690546278171485e-186
1.5968299233542638e-140,5.0645842738530165e-115,4.186907981928207e-59,1.0041765763360502e-86,6.33656981581146e-130,1.2491851762825814e-69,2.5696198166078924e-12,1.2788624426976194e-18,3.260561886501803e-41,2.7282088332676326e-35,1.944008281113021e-30,0.004106176267923832,1.0161985274060832e-6,2.8139868697045656e-21,1.524601020525243e-11,6.637503484014628e-36,0.0035181581198314906,3.079120119221431e-33,3.47798117272013e-14,5.591054133325539e-26,1.2698045712269982e-7,0.005122042796837999,0.006624654735842388,0.010456936877078112,0.005056212852328864,1.9033614318331279e-6,0.002341874171153257,7.86025126122878e-9,3.5857785018267155e-6,4.232443902326596e-9,0.02921036655335358,0.054799618965423146,0.09096444244240698,0.06272564618557885,0.1074300752799666,0.07891038235370809,0.05216015414131987,0.027729606572476483,0.02422929354948529,0.06644702412138123,0.030768317195891924,0.016358176111041907,0.05033899405163222,0.03250252440589253,0.03267985822078729,0.023144184097313343,0.028063933892984276,0.007725990127488624,0.044944474507250295,0.03570497290668027,0.010024976736143585,0.012761728681432482,0.0009544896062643987,0.014983471485067077,0.00944133470797028,3.086731674539932e-18,2.7894131827662544e-24,8.45980323043362e-9,4.277376042704774e-21,4.848272791878617e-17,1.3066172946666625e-12,3.3126990092238095e-15,1.2210742160680934e-15,4.513781637974382e-11,0.00689486377806031,1.7238733221890386e-10,8.239359838789693e-7,3.150827729185694e-21,3.3815300116760167e-10,0.004954510515514814,3.055397829090704e-21,3.680348210251119e-5,0.0021311099212587294,2.344418206192039e-20,2.7354003931292492e-9,0.0020473973517200405,5.279595652892408e-42,2.2311070410414425e-44,1.3976523437975117e-24,2.303822356000197e-6,1.5453215453709578e-28,5.12379303119112e-12,2.804222112124051e-5,4.8420425993771986e-12,1.2165732704135463e-25,1.4165664417002168e-29,1.8929195122539226e-21,4.741622350584336e-51,1.9417815977203365e-9,0.001667394118530133,6.683661425810746e-41,4.226360977290801e-25,1.0388712350609475e-27,5.945159867921906e-56,1.1332936701779437e-14,2.5277705665803546e-29,1.0388133657837542e-38,3.1055362616255024e-67,5.488788903494529e-94,4.974634951623225e-35
2.0733616483431863e-297,4.7956477054414374e-242,7.1400341817590454e-127,5.369432838851389e-220,1.2430083181697692e-166,3.3749241585083585e-65,1.7540586271930075e-94,2.357118887689903e-96,6.703734877362153e-64,1.7763153051568854e-65,9.527365551529171e-19,1.2860059527445005e-37,1.8179106535402875e-40,5.754018222709323e-34,3.223547925921793e-58,1.6376011492610188e-104,1.8546995762261474e-64,0.0004796719629380326,4.78499248085798e-93,0.000825864010173649,1.5625787461274676e-27,1.2008403326402716e-46,1.2782877581145962e-77,2.2527865946585103e-64,1.7117707117260925e-68,1.5183400955147469e-50,1.1808048734663006e-51,1.325874645068074e-48,6.314720372419509e-26,2.9904870486431656e-20,7.552661499784994e-19,5.024139406197669e-67,5.274435285692614e-7,3.031035636957379e-26,4.77534327607843e-22,1.1784348688002147e-42,8.916564628517826e-9,1.6147100638899766e-58,3.92223778351138e-14,1.1080093136073485e-19,1.3399303267336215e-10,1.4928610435651717e-29,0.0010034474139679881,6.826661992921175e-14,0.00017709641402973588,8.916125181830853e-15,2.8829350986728632e-9,5.279022701742432e-11,0.0030516026285083955,1.6563409603215655e-12,0.001840940472880443,3.648882673690287e-10,7.947790504442484e-7,1.920936347408245e-12,2.893324919618445e-16,5.718058239425607e-14,0.0011489750275515164,0.005864812429041999,0.0013459967647243345,0.0012410398615698669,0.0005957826253384808,0.005265525808509357,1.240951892709849e-5,0.00883012986193486,0.009658346926475601,0.004865595267165036,0.0068078530876037975,7.881738917711497e-5,0.012296309434746945,0.01772964972858597,0.02268273764040329,0.06720190218638897,0.06533057588889937,0.09269244805842551,0.09828973316546032,0.11554446568899612,0.10101377396474129,0.10979087116979835,0.08456151312845717,0.07096345286414504,0.03441612688759544,0.0076399582715041565,0.0019075282083716929,0.0025555705153321546,0.014756113141938,1.265498498808589e-6,0.00030792509579833814,4.312791784937272e-8,1.308848817932409e-5,0.006690418973659628,0.006982628846375196,0.003748333658813152,0.004328004877755258,0.0007435973705901814,1.5582182489939445e-6,0.004715163852354695,7.894198366985265e-18,1.2237397928865041e-22,3.19541927826489e-26,4.4273524616590526e-33
0.0012704390881171977,0.0026015554518423103,0.010550022187300834,0.14591360456190638,0.20166429550767911,0.11006703840955163,0.09423771544483821,0.0857735546967395,0.06030898878200324,0.0493994366511634,0.02988504410094235,0.054354766979730844,0.05882981663051308,0.04171801893616324,0.008067919908343544,0.009168470364709108,0.00358025809863069,0.006153898521290963,2.907687663643831e-11,0.004699094298129184,5.109837764545501e-14,3.4363778578638175e-19,4.1266301023673197e-16,2.388486978063634e-8,2.8183419112549147e-11,2.0731110583495913e-9,1.3762984477157097e-44,2.4844369145595507e-40,2.5068480135074237e-8,0.002860232290624121,2.2827567514436026e-11,1.54714546077168e-42,1.7483964409692681e-25,0.0007113682431758586,0.0020418322130031515,8.269308997459051e-31,2.1212328323472866e-37,1.849403855775522e-50,0.0004919432138576899,1.2902142528994184e-47,5.233313927979737e-20,1.9466528352273852e-42,2.933924079124485e-39,8.416823838522492e-30,0.000648571386189173,1.2763927120855543e-57,3.591003498568437e-37,1.7668061188956371e-43,0.00037054311031235146,1.9276103761931664e-19,1.1335489650616568e-39,5.799752663182615e-87,3.0457394991695e-29,0.0011976749007284217,1.6666073672718458e-83,0.0009606979771496528,9.649533493093357e-127,7.719358527056561e-110,1.832849980881122e-64,0.00010160904588641755,2.6377641725690127e-55,0.0008270674691985537,0.0008762741630903818,0.0012804020702521946,1.367781855033661e-27,2.4887302882022385e-14,0.0004563422134910209,0.0006661017321218475,7.484987585246174e-77,2.6883509649469976e-68,2.2788410185911372e-97,1.6805747887546405e-101,0.0010834424623864301,7.037277624215424e-66,4.2220053818646994e-54,0.0006031394102608571,9.697023434993835e-33,5.0857385027624584e-11,0.0012167797471108132,0.0009694099458192096,8.060537615059111e-49,0.00010949747705289248,8.742506271602555e-31,1.3037506135384964e-77,1.1100924564870623e-94,2.5671861125861057e-71,1.3159957464680168e-17,2.947320016519106e-59,1.5476667520631067e-43,1.4414520531915722e-82,0.0017485075411118195,0.0005760256030821259,3.247391803555122e-112,5.279185943105449e-88,1.0386323145967607e-91,0.0008638137453230042,0.0010947342616944703,2.4867865993347274e-56,1.1772257554937374e-134,1.934054876514784e-101
7.043707201148264e-244,1.6108378706045422e-229,1.0058816160926038e-174,1.1261104115382341e-203,1.835818793445596e-70,4.774646159300938e-93,4.544123636670134e-145,6.091621429973474e-113,5.217592936195758e-145,4.855153354562987e-74,1.7679987179875026e-77,2.0490632568708744e-84,5.8881929383299525e-65,1.3812932205783766e-76,6.194425072758964e-87,0.005830072029255036,0.0019603587611292913,1.3556328033550785e-100,1.9884838167697422e-72,2.831666911960882e-79,1.6541693578896748e-30,3.0391271158955644e-73,1.8432224067803412e-57,3.47831995490466e-53,8.56587569106557e-87,3.7441377738172826e-36,1.27602725392263e-53,3.239108053592624e-58,0.0015966255657226666,5.598268934802544e-64,8.212754745087807e-39,5.435700754627273e-71,2.6722190990992285e-54,1.4309557419681274e-14,0.004364243491124647,1.7209016621770666e-45,0.004849332286354424,3.7080463666847083e-28,2.9699352009692347e-15,3.1501497059387996e-45,8.312622172301393e-50,0.0024722046595655766,1.3993092239404634e-22,0.0071896677225561445,3.8438786762498175e-39,1.543414482101541e-22,0.041860785644129074,0.14386778040898124,0.23212608115240177,0.22531555405694606,0.1594285213245085,0.010531568947383694,0.021238817526915393,0.005672267094384805,0.0039906642303165745,0.004849059206758969,0.0027320010422389445,0.012299988850005734,0.010532921089088751,1.8220363602529737e-12,0.01814662526618756,0.002164004184551989,0.0035539843566312936,4.3243505810874844e-17,4.1445474559912756e-5,0.015118407783303573,0.010861781237487716,1.9715457410931287e-14,0.002000759986357078,0.008186840539073453,0.014666445963138845,1.5831949141304192e-27,1.9695222309668583e-23,5.244390237946403e-47,0.0009047413461816062,8.896503401502572e-46,0.006497183371927541,0.007722727918758066,0.0021143631217534196,1.0394844244407318e-51,2.878847288442515e-19,0.002261960289635049,0.0015412194661540619,2.7443243560257262e-55,1.0729097351584573e-38,2.4689504237092984e-49,2.0129157543215014e-44,1.4690848694851386e-27,1.158176964803037e-31,8.377955177982288e-72,3.3577460658131047e-15,2.0181795086333806e-71,4.378326521739766e-65,6.561735068195671e-58,1.0299619259225266e-62,0.0015089946026694042,5.960973928643677e-21,4.576169311479581e-121,1.1499911198874286e-50,1.3414481171345483e-117
6.859384514404399e-205,6.374136679765357e-112,4.7938931677535106e-91,1.1754418509687367e-99,3.866113195771978e-122,1.084523636402059e-33,1.4213694056583915e-34,2.070967806541033e-7,4.0336414438361945e-32,3.9626539634757475e-35,1.2970591016733576e-15,8.989981902410174e-40,1.9816833108967184e-11,0.006125535556424751,2.021266826518943e-30,2.0042472774338987e-24,1.2767286346388397e-9,2.8858822554065245e-33,0.0005616898682764993,7.312770080406664e-9,1.4199124705012187e-17,0.0067307465769779985,0.014788262208985886,0.009603662180269913,0.010406077876238765,0.004968498149475183,0.018727677142628057,0.01582400956429016,0.02572880232671787,0.025306700662504348,0.007900765458004182,0.029161679652120694,0.022735208863937813,0.032820493425489185,0.030550628689148433,0.03431150457560551,0.04399587252327113,0.06907438232423975,0.05648136574529082,0.044667669346672566,0.03036111610284376,0.01860812716374475,0.041757080387397956,0.04701327351963853,0.02451451974285439,0.03659986046029278,0.04928930469004003,0.048658690921068344,0.04355767975889218,0.051603945619667274,0.028647710635692773,0.021085029838354283,0.010573325158918123,6.768184739827334e-7,0.0010620767667642145,4.0054057101205294e-19,0.004832161634959709,3.014183087141746e-47,6.518612992602942e-5,1.9405053134855712e-17,1.0350545045895943e-8,0.00446198661704853,0.0002037509541335751,4.92573434772243e-7,3.0387371834615553e-26,8.230386694313827e-12,0.005786741249221529,1.6621235655890172e-15,9.930633100235413e-27,0.0024261157049557244,2.9933712474957126e-10,0.0003508659504169861,1.575411864011823e-35,0.0030471505810533562,8.527052292537804e-23,7.544584451415301e-34,4.251431659879919e-40,4.319643500543471e-10,0.003414607897199228,0.002054335129591375,0.003035527363549816,0.0008508868746488803,6.130666650576999e-17,1.524083780252428e-51,6.259768518293842e-11,4.088831464983127e-32,5.657562099134222e-44,7.130438655606766e-46,1.637998656646477e-14,0.0035983131489750945,4.053297895807213e-40,1.4645630132843905e-58,1.5307485382459007e-31,2.1116934652762167e-62,3.513383915766545e-72,0.0020680010308822007,3.022365513334217e-66,9.3144577073053e-71,3.996952336215584e-114,6.104808320187421e-122
1.0532190649147883e-87,4.156552155831173e-87,1.1531251390441883e-27,2.798244089277975e-68,9.293244449657323e-102,7.279056399940628e-36,3.2800766932215355e-49,0.0026892702549492806,0.0011575818068218118,5.019966981529245e-26,2.0914945086321806e-30,0.004784143302829748,0.007411097324833138,0.002805404111593598,1.2051803006547183e-16,5.127338298811351e-28,3.550385524025426e-13,5.243947867414356e-10,0.0015665051205164913,8.126591949326986e-28,3.085805593572132e-13,0.001457925598260829,8.446667363830255e-49,2.16999133863879e-9,7.360727112070302e-29,3.774779707842529e-34,0.008078303141279306,0.0016110984646622362,0.005699004829843335,0.0022448109511347,0.009741091203003241,9.846523782946107e-5,9.915733843179488e-7,0.004389351859026346,0.0026575060999384096,1.9352155801991737e-10,0.004531595462740396,5.743579801837762e-23,0.010546792021747523,0.024368781921196757,0.020490777932650656,0.027837379943004878,0.00931121933012336,0.018544347102527774,0.01898340295203506,0.016611724888539462,0.017588057929204585,0.00834909509411658,0.03221747502278602,0.013004373620749379,0.022554680945350517,2.281446566379158e-16,3.9096298873972134e-11,0.006226125871293083,0.012038222369071554,0.01049805872293532,0.0008193070993887007,0.0026872945429738354,0.00017724578584005349,0.011362034909696494,0.010520109088843415,0.0032148423608109678,0.013527222014122172,0.009749192606781773,0.019791822956276038,0.007541005118399827,0.017823259326079158,0.026637766140183136,0.031504779834605326,0.012014361791155401,0.010508121339197605,0.026451999628525538,0.01581367104966806,0.01674124014718805,0.024706158972524265,0.022716076272443736,0.030584767428991428,0.01520490562517711,0.02119876363199413,0.03504898198151151,0.022952204542948332,0.024010516729158812,0.03336061716176283,0.02553656908042888,0.030999338004094743,0.027499978576867146,0.030677349888098074,0.011359062852643745,0.00756403805331895,0.012539248971699724,0.013613202211861727,0.013408048189868576,2.465197112093108e-8,0.019846309951060383,0.004512189537096154,0.005624224423500003,5.748146367462874e-5,1.1199190564636012e-9,2.2069145862746105e-15,1.402046068357839e-28
3.2957342979417594e-208,8.190597007257245e-132,6.690665114925735e-135,6.022317224143399e-150,5.161014708014573e-151,0.0019552684133290004,3.509327655052997e-38,3.9975128754283177e-22,0.0008775984395365924,2.130873225810159e-39,7.449296036407899e-51,0.0033139168295534755,8.031845450542284e-68,2.3897655674092567e-59,9.800988092190997e-102,5.864753086384426e-64,1.1889581297110498e-42,4.3442548316307715e-29,4.960811241320163e-60,5.2021429163617155e-78,0.0073505056768119,5.4396024579576334e-61,4.589230322841501e-79,0.005988146823639087,5.0174150426750255e-12,0.0029264931597722406,0.00224802161811423,4.166428961518323e-63,5.5419043052995763e-42,1.8312566657209058e-75,0.0021474797015425292,5.086080282087987e-35,1.0344458068964416e-20,2.1762998528890666e-42,1.3247067958730313e-17,5.2831052824724345e-53,3.373359885630573e-18,3.680207409032838e-52,0.004346628450970275,3.567507418674333e-13,5.459693749943899e-42,0.000299250952797971,0.010604966845690207,0.007026242686228721,1.1204188768193597e-13,5.0181141727669554e-29,0.002748952468301383,9.596302825821858e-19,4.682334806384063e-28,4.939350357320329e-48,0.002161937939327564,1.2337544609272159e-14,0.001274954906265143,4.5040191215454984e-51,7.643414533210395e-22,4.11060117364749e-20,1.6835578023074266e-36,8.38415217580888e-20,3.4535310897293463e-31,3.1697392965824443e-25,6.310020994542713e-16,1.3487869765415929e-27,8.106257743251315e-21,5.377306507138611e-8,1.5913723620336084e-7,3.268342892221153e-16,9.970283321013506e-21,7.643076479070015e-28,5.876207576985121e-9,2.389684634411677e-5,2.0225509121411352e-17,1.8999287467887514e-14,1.1067055802424579e-10,0.004951297950797873,0.009740849682247562,1.6024427805069937e-16,4.378947057792478e-16,3.2686968261024616e-6,1.7158257842864647e-12,2.2897840633282668e-10,0.0038729725852443206,1.2448099710865731e-26,0.008123304792158342,8.546046452702082e-12,0.023129453453604277,1.9064198849071883e-8,2.1239717035388195e-6,3.134768059029447e-9,0.005102355437197589,2.5262385599126424e-5,0.008270615479202086,3.963772951920163e-10,0.03106321840560466,0.06294340842635664,0.2318619241882867,0.19818747707970516,0.24055300603582042,0.0658974072594383,0.050977530320787556,2.0353912167730867e-8
6.356205879480401e-247,1.712910597083467e-198,2.3201084747750768e-234,6.40204492476552e-185,9.531965092526342e-120,3.965390215910138e-160,5.250055448690323e-171,7.372614858685564e-141,3.90418445219355e-74,8.559385040207683e-106,2.2651618717259663e-49,4.496111612833271e-107,7.411566748659948e-117,6.304440832799611e-124,2.978657137448598e-109,1.9625213992228915e-122,3.101134957834742e-113,8.156308742464971e-115,3.662837517170915e-88,1.833774729584201e-71,3.977525424396382e-70,1.0532442641268192e-47,9.210986711832957e-47,1.5931237125270235e-62,3.9240811599975835e-123,2.8644724837867086e-99,4.289803975729601e-52,1.2482433264487412e-17,1.9565592039613536e-40,9.516435724370346e-66,6.569165968779482e-92,0.0009254439738010122,2.3690280110132203e-37,4.69757991255768e-49,2.079792291413012e-63,4.0721796337076183e-35,6.508297249977852e-42,1.2933641254439945e-33,1.493340969865696e-12,4.297010228038968e-26,9.013899837223173e-25,3.2057653583863376e-54,4.357580755865071e-19,6.7905685782003445e-6,7.018626873421351e-56,4.309372920403454e-28,0.00073902005752858,1.5123025504700364e-38,2.3528570036628924e-43,6.068472972891942e-26,9.596288082185242e-6,4.978748883286614e-10,3.911200407125191e-13,3.573972005725434e-35,0.0013347644699467024,0.15425908254908766,0.34661665823367116,0.3012751165895997,0.03349658996930923,1.432775105651893e-23,2.707338921988827e-19,0.012827241080849875,0.016936986642300204,0.020882199693443418,0.008158422884316374,0.0052962599904270834,0.009117489221410273,0.01789387475160753,0.010201232120820851,0.013990134222793564,0.018777136635079374,0.016923910015499533,0.0006084791263937716,0.0016870858760337178,0.00045211558336797204,0.0029123564001290896,1.0471984720278724e-78,2.652082230979234e-35,0.0021299352209548073,5.658416837043829e-20,3.965062856929404e-68,0.0011994936523078176,4.573616645819875e-41,2.2579844343845582e-57,1.1779316579703557e-47,0.0013425645877164648,4.468137154791298e-70,1.9131555862304832e-17,8.215052022104543e-34,8.049229589013636e-47,2.882447417411553e-9,2.9299714259184756e-48,6.839932620822879e-34,3.9753791210698063e-78,1.6172064154988082e-8,4.067310966688652e-11,2.843520217120289e-79,3.81789463281167e-127,4.778973148042425e-127,4.252729246835526e-127
2.1638531248414447e-75,3.013017963888675e-63,0.0017451183928605726,2.887848264293871e-116,1.2596253550048292e-145,5.511758615963476e-79,0.0005102730338928275,0.0004341787035925908,1.0677816478726207e-58,9.746911959396078e-36,1.2233798847316761e-17,1.102396504489814e-21,1.075655022622695e-67,0.09182923293843798,0.2511854243593876,0.2998119050851821,0.24089745009581132,0.02049633816242628,0.005184819512118552,0.0010067818023660811,0.0027682120619980303,0.005153112645508384,0.0010970062820800154,0.002826252871061868,0.00904447504345126,0.0005705718064512716,0.0015032885972528108,0.00183173599545102,2.7842950082699964e-5,9.21795903219372e-10,0.002702151210001088,0.0006822462057512132,0.0011912001757028192,1.3046033511075883e-5,0.0006970521499031243,0.002349842914247016,1.1674824967357797e-5,0.0014907136454057812,0.0009354047675799805,0.011702391460184586,0.004334969825198543,0.012042891376287432,0.004179195925739486,0.0030166908808487774,0.0026920660536151717,0.0049283209703598375,0.002133915569195472,2.045306961228736e-45,2.146961557312148e-10,9.693489397944716e-9,0.0005889606132456819,2.67354881606485e-46,0.0005806618147698341,4.640742876628553e-106,4.77688388942033e-37,7.091697132331507e-126,3.7110718762627503e-54,6.585879555848039e-91,1.7861362507356455e-75,4.0476870942069635e-160,0.0005755094100053506,0.000551173508461081,1.1132601888624434e-82,8.36850008002073e-56,2.4165517986029483e-57,0.0011382149777814882,7.725995650582127e-90,1.0566259707366524e-71,1.3007180166487676e-153,9.347668095698309e-92,2.2038603563176135e-87,8.077646640391417e-40,7.605124180170434e-105,0.0020977077855726754,3.4899556144690043e-126,3.512642121719309e-33,7.458339898312907e-169,0.0008912680506661185,4.890749951077081e-188,8.235429359580367e-90,5.001440149164845e-60,5.699312760034863e-31,2.9032958249841552e-36,1.5021249755615407e-113,6.313811866854315e-100,1.2255976691764277e-136,3.445505076124106e-58,1.2386798187874943e-154,8.062065410472329e-67,1.9181973335820524e-138,0.0005486986816045246,8.917018698027023e-158,3.882369099116916e-125,4.079188895084517e-136,5.617071873117933e-173,3.4792519956242603e-38,5.182826941121574e-177,2.001156011955252e-203,1.506168060425723e-230,1.4158909980698773e-185
0.0,1.637561312542064e-244,2.678737014206989e-149,8.764560840241696e-270,2.289321837849039e-184,3.539066005563074e-109,2.0897178879921437e-127,1.1667776992627904e-100,6.975000434445825e-92,2.2252675314039667e-123,1.810289542202164e-52,2.959004420784735e-78,5.3596643113648405e-98,1.7382073112508683e-86,3.935211534059263e-167,1.1067996237894208e-120,2.9243078631661053e-108,3.80579586246007e-24,0.0005966467288285452,5.019638245326672e-97,5.117054914050322e-32,9.655279842543818e-54,5.467332505014646e-168,3.41203664409013e-81,5.124066247678402e-48,9.493909618996346e-115,3.346963669118919e-58,1.1402421922342648e-67,8.592421307575151e-60,2.1378888640170414e-94,2.1447779090582434e-42,1.4126572595188623e-84,5.906364393822857e-6,2.1943984346057277e-39,6.815553239143861e-16,5.566469345223879e-9,1.9396319938682202e-56,1.2518517009603228e-73,7.473545687991263e-55,1.4338908505002543e-44,1.1305004064767284e-56,5.1939669560058565e-48,2.2238648646038235e-38,7.994203476975692e-18,7.548978528576976e-43,1.494162513246543e-60,0.00039716278279691524,0.0006250870894262876,9.365125256013682e-50,1.0685046117104088e-51,7.235592220183022e-10,0.00035092129494255234,8.658693312703965e-16,4.038458385130452e-8,1.668277470441859e-24,1.794089739461786e-56,0.0002803394398182441,7.593638379686755e-8,0.0012362153969207373,2.1959471679448202e-33,8.04881720055191e-21,2.67137650297594e-35,0.001009983687392813,6.03601450245873e-11,0.00032344927574654264,0.0024540099675458104,1.7797960360660956e-5,6.610434108651136e-6,0.001772642664568125,0.001634527799120063,0.0012563515524102546,0.00108895971446705,0.0018854990010699656,6.900612191913712e-14,1.0811116267139932e-17,0.00013894846844862425,0.005898127836556793,0.0022446748130715874,0.006925304829854841,3.97712127625677e-9,0.0014808995487882754,0.0011835535577972647,0.004575733372705677,0.012435395409132372,0.009461853936728793,0.01954512866971838,0.044206834228798855,0.05836900414585621,0.0907736635761477,0.1153763431013942,0.12891754196065908,0.137916011579103,0.1311083672119165,0.11151978328295016,0.06191485683292363,0.027306171616783233,0.010397212052952553,0.0033623521652470273,7.975383325018416e-20,3.5468541331644316e-19
7.029141557306283e-142,6.030278336369475e-141,4.834646762293992e-173,4.684948461645579e-153,6.301723978083782e-127,9.299152923853936e-53,1.6819498327222091e-26,1.1528447361406352e-51,3.832666181573475e-29,1.7324816188075755e-11,8.707658950052062e-15,2.250722693266881e-14,1.8571705981435153e-15,8.888153552291674e-9,2.2969210206969486e-75,0.0009135250175348663,1.534216550303345e-17,0.0007278442208602479,1.2990164951543688e-19,1.3455352602478253e-68,9.453441220196593e-56,0.0023459263977404503,0.07884435440692104,0.2872333149140916,0.3065340142554327,0.23230056627185228,0.01638475916107653,1.4801588143484718e-10,0.0015865780082107612,0.004710319624808049,0.02538456030137846,0.012035822346512461,0.0016484934613157328,1.265840489214341e-7,0.0020018599092070464,6.130812588311737e-78,6.181088546368014e-17,6.718089782177136e-48,2.5253962808517983e-68,1.1441304852963737e-8,0.003921213167656762,4.10021242964261e-71,0.003591748651563818,0.005067055324969712,0.0035387041473355966,0.0017674790907158582,7.27561209911709e-46,0.002750130669347875,1.3742564014904454e-112,0.000294383414664923,0.0009070166126100816,1.1537093441327647e-118,1.9296974509013924e-119,0.0009045161257646323,1.6471536233171222e-95,1.927026699619536e-114,3.2594515624841498e-170,3.3161590596190736e-110,7.238381646059063e-148,3.3362462891716754e-43,0.0008079248680851619,1.3620374249947332e-15,1.5089206720424684e-10,0.0008059632280528197,2.366712016136761e-70,1.2223411118816043e-110,2.210514951285242e-132,4.311425007360418e-73,6.003978913023548e-19,4.77219023549913e-177,4.6046418808764545e-112,1.3577278678233842e-113,4.616957723458623e-47,2.0772692021300376e-75,3.0975279734568654e-74,7.664862353106496e-148,4.14693335260638e-129,2.0610302344216035e-68,2.361036632540521e-15,2.9792219014281626e-113,9.8835298809564e-114,8.687473339884615e-23,0.0008330550611070587,1.3179165779488326e-169,1.6098676762194063e-51,5.8282445829331976e-127,4.605999833469941e-75,0.001414300725694829,3.099729466846906e-113,7.860411565734537e-27,7.14091112313802e-32,3.252023098295622e-36,1.866565202695146e-86,8.53262349067486e-146,3.4491483667134543e-16,5.970282033915164e-11,0.0007444233260087488,5.940814504343283e-158,2.6367921808639767e-162,1.1450906538048656e-204
8.106878125255666e-272,1.6918858980893959e-209,7.013831371512999e-109,2.5286233770084447e-202,1.1125535693170754e-213,6.377948107949297e-67,1.4154827596342568e-67,2.132135500213098e-36,7.628025301237713e-69,2.2083178536354463e-75,6.0591180045649e-64,6.576461141945931e-44,6.429498317950595e-94,3.7106926414589146e-87,9.00839093992262e-153,1.0972710063859572e-152,1.035325428916584e-128,0.0008680578912903246,6.365532684616268e-47,1.6063077937507123e-114,8.409516753595506e-60,9.391501310161045e-58,2.110075843120644e-115,8.439710683977925e-9,6.297459275311826e-30,7.19791079024413e-54,6.203138910740107e-21,1.1847583726626633e-79,1.289043770327198e-43,4.948324593398241e-114,1.4142904345848118e-28,1.649905947754593e-67,3.7293464525525676e-46,1.909209154172684e-46,0.0013357090169965856,3.3042944036005496e-41,8.868703316029055e-59,1.847711419735678e-72,6.019778756668257e-24,0.0011687201375173073,1.38210294292526e-54,0.00016098693472362132,5.18515980079809e-35,2.151723003977736e-21,4.6076335274578315e-37,9.54734365412479e-34,1.6962189546424097e-34,0.0029712373715892206,8.92464167342034e-29,3.24133314699932e-38,9.162247592121558e-22,0.0011045590039125018,2.8576232939110284e-28,7.441162007247707e-42,9.293427084460727e-29,1.4600551789069668e-42,2.7436780475144627e-47,2.447048860974309e-25,1.2874669650542833e-12,2.308190166779252e-37,1.5922238375386608e-20,3.819695478627716e-24,7.172650749909512e-31,0.0002312101662164902,1.701515674393847e-7,3.0439059982247222e-33,0.0034210430426260398,1.4941964774105517e-32,4.7213268008483106e-26,2.6216990067177936e-21,0.001238392598722046,8.557658751455888e-16,2.176576429605664e-17,0.003232778211870611,0.003926318688127459,3.845565264966626e-17,1.3635507763409116e-7,2.6660379049910146e-24,0.000619459370471777,0.0004878737751659293,1.5934614025853281e-15,1.0486418067473422e-28,0.001425810087429374,1.6833315888177604e-6,4.502572377523147e-8,0.006229648772942715,0.006718685170563321,0.0012230748136810542,0.004672963353079778,0.002260613934801981,0.00367278376763584,0.01153132373394264,0.03284832660815971,0.03312354312029658,0.06015152479891237,0.0742243899908869,0.11302634854521544,0.17849562888560477,0.22392789630972249,0.22569904859293685
2.246464095519842e-97,1.1206132836703291e-99,5.166534100307416e-75,2.780752907298304e-79,5.428961585367654e-84,1.5149150051835416e-62,2.0100404420236247e-57,2.4084934239931685e-56,2.0226190114473137e-17,3.557601106479926e-25,6.461221686330278e-75,3.6400628174727836e-23,2.1817467928774497e-19,3.650695591005309e-22,1.367378995134001e-17,4.1528581346328345e-35,0.0036774162515328234,1.761597851526077e-19,0.001436551212529036,0.002234825080937412,0.006230635600161309,1.3752757626025643e-21,0.00396475660946765,0.002166158719400228,5.8238956134963007e-5,0.0034459284131525846,1.5355654541415435e-9,0.014477465076764097,0.015370588668150649,0.012541726311893707,0.015805511628959774,0.016851267720656263,0.02580949514404666,0.032454466622824356,0.029870267213731583,0.058365093781498976,0.043657692895388005,0.045035819297868374,0.06854749125376072,0.028519995168477176,0.052009794437231596,0.021325412255150143,0.03664618716284838,0.031115215814607647,0.030512211082880023,0.040533438454625086,0.038299027042080803,0.06583956554606785,0.04985429397239599,0.045326689632178126,0.033252535444345956,0.020467658228845963,0.01615865100368325,0.014384180975686006,0.008146084115360965,0.005185590900795529,0.007343691050758686,0.011831506804919201,0.007939879703334898,0.005768919386037474,1.0608306855493844e-14,1.1262912504310685e-24,0.004525907326009369,0.004764079540275049,5.68643969572572e-16,3.915283615684687e-10,0.0020715810456544614,0.0023771433877451784,5.458447463241607e-20,0.0034397749761429443,0.002287863683753496,4.009742145038577e-15,0.004181773237200269,1.0439290082032448e-16,3.2384867748457184e-6,1.951177372183927e-7,7.412124558408774e-44,4.516087093668841e-37,1.5383970927920792e-28,2.1632369318013586e-53,3.6534481745916053e-19,6.822014336671066e-35,1.1949105741709096e-19,4.469749816527322e-37,1.381749234663248e-31,1.6166487245263727e-44,0.0012953595076652927,1.1074630880174319e-14,0.0019336518898611231,1.795898821770549e-34,4.706379100576332e-47,0.0006575052328905226,5.7363856160205235e-18,7.252394087037361e-65,1.0391295547795828e-25,3.714532245750398e-68,1.331778425937689e-82,7.725766817686346e-98,9.89732511413606e-67,6.958789271242877e-169
0.0,0.0,2.5929861931101437e-151,4.108388743e-315,2.25980065222513e-230,3.743342749153207e-41,4.281106183691136e-195,9.23702127175654e-174,4.3584502943548585e-147,4.728383492009504e-169,0.0003949407430969564,2.3716980897088018e-160,9.321423545901924e-68,1.6563879410221037e-81,6.425898408221512e-195,2.1487021007284847e-132,2.3705962731148063e-131,7.552509324112713e-38,5.212885814109366e-112,3.306241043160026e-62,3.252684654718122e-81,3.014627971035019e-97,2.525507124041972e-129,1.3249648376833487e-160,7.528033045095374e-113,4.212063845142782e-155,4.9251915682638125e-43,4.816743910224575e-100,6.259421713026927e-94,3.60812931480317e-144,0.0008351940259438453,1.6147769026708983e-80,5.572040081813223e-8,5.995431319382857e-28,1.0553774404855639e-12,1.2181425656642023e-19,3.4817002211514675e-39,2.4637564479608623e-111,5.785065063034629e-62,6.3270283253307884e-15,0.0008705827922409408,1.2196755030738531e-53,0.00138303201530463,0.00019875603262113777,2.7218470220816633e-6,8.556667820987737e-35,6.752663292168996e-8,1.1302162079036327e-39,8.297291042925027e-20,9.56227407153042e-16,0.0015286790126595355,6.512583280910491e-33,1.7573687976678908e-14,7.284980119453438e-30,0.00034248812982732473,5.762713518393719e-42,5.90557348034551e-38,3.3181204942942342e-22,2.5177553775194412e-12,0.0005801090948521496,0.0020512767726165006,2.164275284591671e-27,8.070785250354344e-10,1.7474172017253637e-16,1.2263753628792259e-11,1.0211342695975031e-5,1.9671565577650735e-10,0.0017719679563867094,8.449080245379097e-23,5.958638556842214e-5,3.9831292162615385e-16,2.0190348057570915e-9,3.556088562383521e-5,3.2986505489244875e-10,4.0002332230228164e-7,1.0293609659646424e-10,0.0010888719327934897,0.00044872097815321354,0.00028315004288887146,0.04067224292856724,0.060666146695245476,0.1302570624335239,0.09838882434345608,0.09302283111792009,0.1636565143299126,0.11068670417720851,0.09990947175046082,0.10433414521907915,0.05668720544434939,0.005975746843155156,0.016003177407898448,0.00768924910346789,4.4227960106585254e-5,0.0001197016590537583,6.6092377243318844e-21,1.0902831358082321e-12,3.718527275938648e-7,1.4986253037138595e-47,1.0495202821622531e-30,6.329350230947288e-13
1.8338185175733322e-153,2.8313491984294496e-124,1.2714154895605217e-68,5.665470013600096e-110,1.7105430866683294e-149,5.012286469503085e-64,3.5738695982057578e-28,1.7689985880036278e-11,4.6734024430569923e-48,3.811507057024142e-54,2.68609285414055e-32,1.0491556147674788e-27,2.2167667696495895e-16,1.2634408935537004e-34,2.5577063586299224e-57,2.0710645840754944e-40,0.05419226613887747,0.29663539758379326,0.312948743254936,0.21811071735890183,0.02211511811505395,0.0020207383491513647,6.543103256415344e-7,4.457818634682534e-19,0.006374869512571955,0.007899622702285017,0.004783639992633063,0.0051962753763269915,0.0032675983613254665,0.0010222175657276593,0.0037038875899711647,0.00036463643259378734,9.876091451074164e-18,1.4066829416126778e-21,1.8939567165309859e-19,0.0020183835821110324,0.0006794499500616762,9.752227281321924e-25,0.0012996652119296305,0.005927060547385273,0.010398165793642672,0.008710691807031753,0.006574541152432248,0.013277408312638362,0.006316203212515987,0.0035667013385327503,0.00026941848036982215,4.1851198816202346e-66,1.6570190842388396e-18,3.362317545260412e-40,1.759102248167453e-37,7.016048448344385e-94,1.2272773525954022e-86,1.793846588976869e-63,0.001180585514014675,1.1514055781091377e-22,1.4118035325849352e-63,1.6637392466546214e-92,4.903458970915111e-146,2.069706327570548e-75,0.0005433553759212039,3.000359638360411e-107,3.9216062236453376e-31,2.18683784144865e-55,1.7765414908417568e-90,1.5822276062721396e-59,4.678366072234967e-64,4.66929249420517e-80,3.082374676638739e-95,6.635079465132816e-84,2.5902374322807854e-96,1.4315791217670173e-80,1.652520892417376e-55,1.7549442783597744e-107,1.671297989671245e-33,5.444799955115225e-101,3.444294113687489e-144,2.931291605116494e-47,1.7787622210186461e-62,1.0286384402362111e-102,2.0832661342272181e-106,0.0006019870592480909,2.6994759484830464e-49,3.670692678544481e-42,1.8308916057390543e-94,4.32428440201096e-131,1.6349658321033255e-112,2.884071260250765e-105,4.284023175597638e-98,3.323103025772503e-61,2.1109582983506563e-32,2.0405406994444557e-99,2.7739026685110957e-68,1.437875790364982e-123,9.274560889967842e-121,4.785421820179713e-31,1.2820896552474342e-145,4.838513401956078e-194,1.0420144598079491e-186,5.0258597395296796e-166
1.7810138741036608e-237,1.0667757259324403e-194,3.7187915535741104e-221,7.711443331743091e-176,1.091017779514067e-120,0.0006996237313196119,2.6694818819486245e-115,2.01428286055027e-96,3.123213047602227e-109,1.3989320648870494e-85,4.469941430721225e-116,9.121937089426781e-46,0.0005187247433791977,7.482816733542374e-66,1.676318971406715e-16,1.0592703333645749e-94,1.0352416459139146e-11,5.625535019772495e-61,1.2720114471842782e-10,0.0014772276004468413,1.3586974039926046e-48,4.956818012234025e-38,3.5603342023235236e-29,1.0108678080700725e-59,6.984463874969587e-21,4.473156609426596e-52,0.002854085456006945,8.386652245784097e-52,2.141905890075966e-50,8.214232495405893e-62,9.678967717011691e-49,6.245897786746493e-36,7.761488616304351e-28,1.7603008212765663e-43,5.126231570894081e-25,2.4691381855209018e-5,6.43122126922728e-42,3.4031073421568964e-18,1.6905972658170357e-5,0.0025652007181183227,1.3007653458546564e-23,1.4386722020833483e-6,2.603690308024779e-6,2.2933409497579816e-23,2.0484990832801093e-5,1.5105274289524356e-35,8.9058708174643e-30,6.559061279199978e-20,3.275806631407465e-21,0.005634312129110934,1.409076277755267e-24,1.6003128388943057e-24,1.7448894838752043e-16,0.0011947833249668213,4.3698723208867603e-20,1.032980452554521e-12,4.717133469009897e-12,4.2862265084007496e-19,8.064888194391416e-13,0.02044209257942341,0.19249170367954152,0.2967420415915979,0.1955565765764643,0.11835738117110613,0.06390038192419802,0.01281391322797545,2.501004618705294e-10,0.0018130975137400575,0.0024911655234461224,0.0006216549493357692,0.014590217963557032,0.01676120140042135,0.01894734645854895,0.0005793954718567159,0.005995900910184555,2.637562428619005e-26,6.7121066657033e-41,9.425385611043537e-9,1.8238483208097756e-13,3.663698839087948e-26,5.98540376207591e-8,0.0055256052137859476,0.004021978697160202,5.707779031873785e-12,8.887376562771676e-21,1.2112984025639857e-55,0.005998632765900568,2.8939616270968208e-27,6.807696893356297e-39,0.004622705816074385,1.0458276096502225e-35,5.1230832951087965e-6,0.0027117313916572485,2.9092511735168644e-32,1.0199161506799786e-16,1.1804899433198423e-19,2.6233109726030353e-61,2.6548852379471314e-50,3.8058886183431656e-87,1.0004703942953266e-89
1.0,0.0,0.0,0.0,0.0,0.0,0.0,0.0,0.0,0.0,0.0,0.0,0.0,0.0,0.0,0.0,0.0,0.0,0.0,0.0,0.0,0.0,0.0,0.0,0.0,0.0,0.0,0.0,0.0,0.0
0.05854386,0.06167502,0.04730867,0.062446944,0.052462853,0.05630562,0.07080987,0.052950222,0.049648397,0.03981426,0.030802662,0.18344834,0.09277635,0.040392224,0.051827814,0.027566113,0.050361875,0.038779162,0.057631902,0.054215923,0.059389625,0.053965993,0.06609313,0.042196672,0.034238603,0.07213043,0.15165487,0.06501955,0.11829812,0.04060026,0.05586389,0.053345084,0.39802474,0.039664075,0.068407625,0.054681733,0.02679694,0.047867242,0.06321454,0.040825546,0.04176681,0.10233323,0.038318664,0.039336573,0.07819966,0.037751608,0.038987257,0.054440115,0.07997343,0.301608,0.039160483,0.045138657,0.08192182,0.04140581,0.06405375,0.054933533,0.025393857,0.10915495,0.03856118,0.0750488,0.040184345,0.025012765,0.097204104,0.033204205,0.046785317,0.086548746,0.04328882,0.04625583,0.06957598,0.02908412,0.13169102,0.04841861,0.03706314,0.07355351,0.089382395,0.035650752,0.041099507,0.060166758,0.039499283,0.055207986,0.055495434,0.025838206,0.032182213,0.051092744,0.060912933,0.06723645,0.23594613,0.04269251,0.026218519,0.024355076,0.04901063,0.053686015,0.043870527,0.07660523,0.08404449,0.05689389,0.045742013,0.03806639,0.039982475,0.0445003
0.04328882:36,0.05689389:64,0.032182213:10,0.03981426:25,0.10233323:92,0.09277635:90,0.024355076:1,0.02679694:6,0.038987257:20,0.03706314:14,0.10915495:93,0.038318664:17,0.027566113:7,0.04060026:29,0.04901063:46,0.060912933:69,0.0750488:82,0.05854386:66,0.053345084:53,0.03806639:16,0.301608:99,0.040392224:28,0.08404449:87,0.06723645:76,0.055207986:60,0.06321454:72,0.068407625:77,0.039982475:26,0.089382395:89,0.097204104:91,0.040184345:27,0.025012765:2,0.030802662:9,0.050361875:48,0.18344834:97,0.041099507:31,0.0445003:38,0.047867242:44,0.035650752:13,0.07819966:84,0.059389625:67,0.05630562:63,0.051827814:50,0.025838206:4,0.07080987:79,0.06167502:70,0.08192182:86,0.39802474:100,0.07355351:81,0.13169102:95,0.039160483:21,0.051092744:49,0.06609313:75,0.043870527:37,0.037751608:15,0.042196672:34,0.039664075:24,0.053686015:54,0.04269251:35,0.033204205:11,0.034238603:12,0.04176681:33,0.052950222:52,0.039336573:22,0.04730867:43,0.15165487:96,0.054681733:58,0.046785317:42,0.04625583:41,0.04841861:45,0.045138657:39,0.05586389:62,0.054440115:57,0.11829812:94,0.055495434:61,0.07660523:83,0.040825546:30,0.052462853:51,0.060166758:68,0.025393857:3,0.03856118:18,0.054933533:59,0.039499283:23,0.045742013:40,0.06501955:74,0.04140581:32,0.07213043:80,0.07997343:85,0.086548746:88,0.02908412:8,0.026218519:5,0.049648397:47,0.062446944:71,0.038779162:19,0.06405375:73,0.23594613:98,0.054215923:56,0.053965993:55,0.057631902:65,0.06957598:78
