20
0.6132290116613894,1.5387830794393537e-7,1.288816019728535e-7,8.4556257834552e-8,0.004065380693562139,0.008846852370816899,0.017164733369551405,0.02578091072972791,0.03948058309910427,0.14800168404398484,0.002101400385044594,0.006301821669659955,0.01338898853877688,0.005762811876264877,0.09567932626098039,3.280429427772843e-6,0.00021300972261265258,0.0019321766798054507,9.418585950796914e-12,0.01804766114370415
9.159158123162453e-8,0.4480859231439047,0.2689937738256194,3.966624961967333e-11,1.8609095566642015e-13,0.04631134352960616,6.902134825134354e-5,1.5309353831939995e-7,2.1773736548581918e-5,0.015130289476038217,9.711250159505927e-8,1.8351179130955135e-9,0.13995511762129967,1.468696757558294e-10,0.010300528734093924,7.062657472000085e-8,0.0012541650726430656,4.1108607607818305e-13,0.0001383737543192067,0.06973927531122874
2.930096600795152e-12,2.9449570478061045e-12,0.025249118008648035,0.022649867582468886,0.04307287585377503,0.008731326562357504,9.406215561304505e-19,8.371643828589789e-17,0.014237849563016197,6.30606548218289e-12,1.8698753143022405e-8,4.0404373798051504e-13,7.308947750538565e-8,1.2745654013443244e-6,4.985091031072591e-11,0.0024115736025314837,4.173765643011776e-11,0.020196572645810696,0.8634123879909401,3.7061732646035314e-5
9.269525192194951e-11,0.005944740933658553,4.6347432784057947e-11,0.33753082025142644,0.02700058254591295,2.1866841316052487e-7,4.36858057234658e-14,0.0038498036839565647,0.000337873091983928,0.006393084061089629,0.00037130784966335766,7.905411667432618e-6,5.55739907459564e-9,0.2857532514579031,0.005247615173193639,0.053898648485983976,2.2469919491542813e-22,0.2736128830285706,2.9415584835013326e-5,2.1844075256091665e-5
0.0026303187770532113,0.0001411840443815441,1.6406072237438528e-15,0.08949762925933048,0.5979876452527982,0.052981672246747546,7.616747558416613e-7,0.0010632012899785383,0.000171221113836302,0.005297447263183126,2.149470386469919e-10,1.3866645085027143e-20,0.0033069211677689008,0.028078274594929394,6.54730926411551e-12,0.0006451036132263488,0.0002495931432764947,0.21260367613699285,1.197366998578007e-7,0.005345230463545371
6.57386118874832e-8,1.497232088287828e-9,0.009586670913676048,0.031234469110452013,0.001522143607363587,0.06237188304319089,1.5419564460192266e-12,5.7679110634616975e-8,0.1173412422442617,6.643513262108326e-5,9.332016336412108e-5,1.0690247951262586e-5,7.616927853726846e-9,0.0018096765941748151,9.74900533066378e-6,0.000539795119895099,6.8978384525621745e-6,0.7599567358319141,0.015131361225006091,0.0003187973889214746
0.03258412127466376,1.2435124005448917e-5,0.0065365916490046335,0.0002552461150944418,0.0013584104348445258,0.0052014654857599,0.5196274516245566,0.2958636542930463,9.177814372083226e-11,0.006596601652738029,0.037112489349299366,4.381334697538464e-7,0.06037312199418376,6.312353260573248e-18,0.02400495475055402,1.1508917860356915e-7,0.004757783547669275,0.0009609869052092093,0.004754113238727625,1.9246216685955625e-8
0.0003364979915981567,3.7453963128699016e-5,0.0014314989577148432,3.078613735528896e-10,0.00038849879005804425,0.02030251195547491,0.1597905082472945,0.4937796595117356,0.0004852133824194379,0.0002693212280649588,0.2064874089922506,0.008101102993265018,0.07331350297227536,7.745661459897632e-7,0.022402222188136325,0.0030863420216642673,0.0031840520496234028,0.00020370618234158641,0.006396607293182371,3.116405764743294e-6
1.514600922834205e-6,7.658616809414005e-5,0.006017178483422726,0.014622165594692087,0.0017284619606451257,0.3065155045196008,2.720737141890918e-7,0.04000767111077674,0.1938836803465865,0.044189589682930276,0.16528090104428175,0.08044606531849308,0.00025611499123241483,0.02140873448855964,0.03253279778842507,0.047583839481648,0.00018264071656206286,0.010336579890686258,0.032240834485783736,0.002688867252942442
0.18442341827491718,7.190798423659144e-9,2.226210040555561e-13,1.2687946216072625e-12,5.550414042114782e-36,5.457989052976613e-5,0.20995672226451892,0.16925954465679333,2.0923386775669828e-8,0.28560970148553,0.015430330446613749,0.01851455611776605,0.02020938547619621,3.093542105486227e-6,0.08062722890432787,0.009006742281014214,0.006904429615788567,2.3569905300150124e-7,3.905966811225393e-20,3.229169163712858e-9
2.1311737845974247e-7,0.002608140506806532,7.874460321158942e-7,9.826600290500619e-7,3.0898385359925426e-8,0.08032224566854952,6.445201474165943e-5,0.24179160848035183,0.05993606379275336,1.9030784788008755e-6,0.3940490145590885,0.14367939572661448,0.02148567167519061,0.0021047691534895542,0.009867836472923615,0.03223711092775585,1.9371927791013138e-7,0.0015084869557863867,0.008933129244673979,0.0014079639016924743
0.07668812725078455,2.5863637090281178e-5,0.0015329401040588466,1.1680064341299728e-9,4.525487732304704e-12,0.003371859153659287,0.27732047987313063,0.2548747015210131,0.0003187244068827826,0.05924009241615458,0.00698831672270235,0.20916726872984653,0.04450835387476088,2.8151649081484794e-5,0.017453069657466024,0.03491972299651942,0.010140474232530727,1.919965143656435e-6,0.0006155987223225583,0.0028043339143204553
0.003004250746623469,7.833845720769095e-12,0.009365039639470949,1.9595792997469068e-7,0.0005666674685419574,0.2468506104553014,1.5111301215974308e-13,1.4393932459356908e-9,0.57039881945129,1.3773991564893312e-6,0.016548330137969063,0.018752693243789816,0.00022125768116926044,0.00022022001633753406,0.020041204460980754,0.01898346460334343,0.010934046234024586,0.02785438884013837,0.05625721422516652,2.1799138827285217e-7
3.5893763192398558e-9,0.43964401141566395,4.869406888551165e-5,4.3560498624632995e-9,3.5423566932582265e-9,0.00016707034281951874,0.006867984164449598,0.031214487218522196,1.1919622861701522e-5,0.009320988923197614,0.0008464512615472776,7.110674057589392e-5,6.099625708838003e-7,0.13643515296701578,0.004804339829952474,0.034666047070661836,1.8333657552774164e-14,9.766770164105969e-5,0.0010522030647322287,0.3347512541571013
2.4476530768345614e-9,7.62924300892348e-21,1.5592030995744276e-30,1.816822677403747e-10,1.0531548963908086e-20,2.076781517453164e-17,1.5876012210879128e-6,2.4746593720899755e-11,8.146522311502264e-10,0.0031062046201200217,6.784233607795002e-20,4.8799451446500235e-15,3.659152507949474e-15,8.867284999218453e-8,0.1096566536617973,3.537369698675583e-14,0.8872067067772618,4.968705495410931e-18,2.316462767641895e-24,2.875519797171734e-5
1.3178410818285485e-8,4.511022970482772e-5,0.020561115870346664,0.007368640848069846,0.0027753893933016257,0.0006892963772981385,1.6283527127686864e-10,0.0007341583038555431,0.028806283353059427,0.003528896463837421,0.0019624756078347664,9.753122523268211e-5,2.661778895621819e-7,0.6721370111554905,7.329076273436812e-5,0.14347401144604977,6.205581567655543e-8,0.0013374960674799343,0.100108702547246,0.016300248773507213
0.0024687228467309844,8.771453493512496e-11,0.0083504857588503,0.005668901494885008,0.003600916352563879,0.003117990662680058,0.19725918149687335,0.03269197385638864,0.03495556062697973,0.33587242767867515,0.0033821309061265493,0.04489715338725645,3.1552924106726854e-11,0.020282238516305968,0.28894656791186757,0.0002487822595684955,6.250436068842196e-5,0.0011888673299741482,0.0170028050146514,2.789419666435829e-6
0.0024203515550765414,0.01421632731764557,0.03525013257922306,0.0006476758760209224,0.002928870807295074,0.00705766554630696,0.0019046268243677706,0.018604032806400293,0.004167505227398422,0.009245107327693854,0.0009302152504563415,3.4127000465332044e-5,3.023183943127783e-7,0.38176675657956427,0.005510779316374367,0.04921967698595588,0.0001845352918894191,0.3161961711604068,0.05159347873137556,0.09812166149768936
1.9777273829859443e-5,6.065789395646574e-17,0.0006239185575525451,0.3644057629336681,0.18340468211247474,1.4652748767401964e-5,1.1888728898750968e-25,3.1312596008478593e-18,0.10787420910731012,0.004888556492895906,3.336541118831274e-10,1.2049741089264755e-11,1.3177173682709773e-8,3.546058789665501e-6,3.887470682489104e-6,8.321363682462844e-5,5.531544535155778e-17,0.04304503916265242,0.29562976594687174,2.974974802737133e-6
2.3816085456525503e-10,0.07217839892046339,0.2671896705057619,5.335199634834425e-6,0.019388987368443633,0.04903400530564093,0.0034426771882942503,0.0006478328988067956,0.01438235406619789,0.001459758092174299,0.00029196405620627366,3.780061719332848e-7,0.0007188819626640781,0.0045553774073896405,1.4952146810400212e-9,0.01179617432758571,5.4164090767521695e-12,0.014289437840500964,0.07317126730115356,0.4674474978141179
20,176
0.003851209712305284,0.0021915189995897963,0.018662229643892768,0.04041962429624089,0.06222374951102999,0.07326365103736668,0.1287262332581182,0.06196520258348152,0.047394296057985584,6.950501029511591e-6,1.0989067463449933e-7,0.0004901187449405787,0.038188330378791796,0.07808807088420568,0.026484239751549017,0.06897607914006368,0.057401230445882044,0.06720058638467015,0.05138814253288582,0.037423572448554085,0.0035001693464040643,0.011643364789921265,0.005148314479342193,4.458677075778109e-5,0.00032722813343319005,4.9406138044454876e-5,0.010503364187473272,1.6701787647677445e-9,0.01669586131423737,0.006360994680454473,1.7177142253053697e-15,6.081601798556679e-8,8.408046456071966e-7,0.0040283230759773515,0.015232270828529768,0.004609096843392106,7.068836945041338e-10,0.009431637329385414,0.005963285926209481,8.685170038198286e-11,0.011775982684131929,7.814550838724223e-16,1.3560727117637942e-47,1.8280369802971185e-11,1.9495920266044734e-13,8.81090640832041e-6,0.0005674097146182128,3.297465581034767e-10,0.0017974897946204551,2.5546340646432853e-14,1.9096113615235184e-15,4.762391246087511e-21,0.003296960963232834,8.030429541141816e-22,2.8446995913716303e-60,5.185494490901354e-32,9.556529841934533e-41,9.212227025207475e-31,8.041426147935289e-21,0.0001864459330201262,4.411316083487713e-28,0.0004113415247536188,7.031886992842751e-69,1.3100415893695117e-82,0.002325647873265182,1.5398631709651398e-69,2.0649587836475545e-34,7.712895170714468e-57,1.976333611432448e-80,4.210783725996586e-38,1.3407549724400664e-73,3.8323910936861385e-46,3.930584820739922e-64,2.256205438908075e-71,2.2811579634763014e-63,7.268316853170524e-69,1.5490464799642165e-28,0.005320928499677546,0.0019211313843385009,8.016062507907083e-31,0.0029161474779058894,3.836158293355212e-33,1.2561331132007932e-49,7.901608085332599e-24,3.674054937026657e-14,6.998143522751598e-71,0.0026863586862681172,1.2737050723397548e-77,3.434928624522335e-48,5.620940695349678e-53,9.92587439173798e-11,4.395369577019674e-54,3.7585293753064923e-28,7.902961549434212e-9,0.004599714063454017,0.0009496364839045182,1.657609934881343e-75,0.0020183348873577672,1.3402602658342963e-32,2.3781131463503173e-23,1.8629710155160632e-84,1.1781888664606924e-10,7.721068196805942e-163,8.282099522213809e-77,1.3265063508001533e-97,1.2257410451460952e-37,1.387225413250734e-78,5.173461907031868e-41,1.2203237388345196e-100,6.505399022828164e-35,1.0650742441528323e-181,5.526323310877136e-173,1.553935090677669e-66,1.4100735196814236e-151,5.28053944146591e-15,3.859849752358096e-77,1.6816944399964044e-203,7.55486111136944e-186,5.307705553969411e-193,1.962063996678636e-233,5.275139796585865e-72,8.139751361360125e-60,0.0,3.4191564007693402e-71,2.1644093619349414e-95,2.0326807448977305e-226,0.0,0.0013336965233122298,4.462771064095994e-194,9.790005392943392e-213,1.7007051313436728e-107,0.0,3.875353399404106e-65,0.0,6.398547831302037e-207,0.0,4.132511282800068e-138,2.935321381580823e-240,3.0854925469258893e-102,2.971444013355678e-122,2.901961050042095e-70,0.0,0.0,0.0,0.0,3.485918566857082e-192,0.0,2.30087403604842e-128,8.280115959964603e-176,0.0,1.0633375745e-314,1.121583511109862e-192,0.0,0.0,0.0,4.307677747014522e-153,0.0,0.0,0.0,9.867612765793596e-250,0.0,0.0,1.7826274058597538e-246,0.0,0.0,9.225903566036251e-263,0.0,0.0,0.0,0.0,0.0,0.0,1.23857e-319,0.0,0.0,0.0
1.0479070024027688e-67,1.1395186280336011e-67,3.7918790556422643e-44,3.518637590644134e-20,3.888176242193252e-11,0.0001594359275798358,0.15064125551261004,0.35033494382818964,0.2918154413371807,0.15534466786198345,0.03555206231909725,0.01006383998876568,3.5580222538331706e-47,9.067941801137639e-8,2.210337294104135e-31,5.7023464143290674e-24,2.2497583544439643e-32,1.814737415091932e-105,3.925545723866338e-145,2.293877760345218e-15,2.832473687582542e-10,1.8605149043671964e-27,8.263150285088875e-6,7.323989720594814e-47,5.278125517781345e-37,0.0007667961619428348,0.0007980915971079394,3.811531378983131e-138,7.120478119964952e-6,0.002004890217734014,0.0011065232105845282,1.6048245261897157e-11,2.417442398252226e-57,4.2016810736455157e-41,9.538820241987779e-21,1.1374918215438922e-50,1.404716854114044e-63,6.59416612341206e-41,0.0006382456290602957,1.0388410360420543e-36,2.5412913598674983e-50,5.0103584989803147e-14,5.779531614647771e-128,2.5935054222142645e-112,5.587098286020512e-6,3.47212625706896e-89,0.0003809271115017346,1.7422929530799784e-79,6.87345416339485e-54,5.036549849380052e-79,5.258259928658479e-128,3.849390312782215e-175,3.814674001123207e-49,1.5876240459078466e-56,4.0369397488139125e-219,3.847734822847409e-123,4.7883324152241073e-160,3.751529178928267e-79,6.059745614946984e-120,1.837953188653711e-150,2.368027182112003e-246,1.181113647508658e-221,3.1192082972545934e-181,2.025356842533e-312,1.5198741972172636e-222,4.2725496725227995e-287,1.044696080397826e-221,2.8138660403839e-134,2.0249395439976013e-193,1.208673904933272e-211,1.4110653144050292e-196,9.827027595340419e-190,1.7174203048808446e-281,0.0,8.44646483294022e-215,1.1593640188787045e-244,1.8921876264636335e-191,1.2340755535638636e-168,0.00037181755232325336,7.886645271488904e-238,1.301769937145097e-214,3.872164826239355e-126,4.9466846516931083e-244,4.037402886560578e-104,3.9737075778839995e-223,3.0575856900335694e-139,9.167080644826256e-159,9.233764862117106e-249,1.1418527251403047e-239,2.888617734487448e-139,4.9397213518551425e-203,1.6645578869772923e-147,1.4412819665356852e-174,1.3881859241518808e-90,3.6041509320179953e-127,1.2106691048266347e-40,3.28540451999012e-142,7.739217193063655e-168,2.0571478165308135e-213,6.922751443594132e-160,0.0,1.0047551264971174e-183,0.0,1.83e-321,0.0,3.805122000176165e-267,1.9656132035034607e-156,6.326686829480388e-207,2.790348628499934e-207,4.541218839203059e-158,0.0,0.0,5.275976404981438e-112,0.0,6.046058578335236e-279,0.0,0.0,0.0,0.0,0.0,0.0,0.0,0.0,0.0,0.0,0.0,0.0,0.0,0.0,0.0,0.0,0.0,0.0,0.0,0.0,0.0,0.0,0.0,0.0,0.0,0.0,0.0,0.0,0.0,0.0,0.0,0.0,0.0,0.0,0.0,0.0,0.0,0.0,0.0,0.0,0.0,0.0,0.0,0.0,0.0,0.0,0.0,0.0,0.0,0.0,0.0,0.0,0.0,0.0,0.0,0.0,0.0,0.0,0.0,0.0,0.0
1.8847300162893544e-51,5.93449492978165e-21,1.7573886398018648e-9,0.07869377367097469,0.22398674630870163,0.3597480042123911,0.22486455076821538,0.09874262219093749,0.005355526921964888,0.005527479015052931,1.78969677591425e-33,2.1972268154655568e-41,3.344248125269112e-15,2.5448489131530713e-42,6.6188352577542e-36,2.828606075321772e-75,2.2712362382515565e-81,5.313702302540532e-146,3.553933550113402e-102,3.092455048119375e-52,2.9045821317141537e-8,1.5655245013628952e-50,1.1045409534620657e-56,2.3065632803321217e-94,5.1778198968906465e-139,2.1055791681991012e-100,1.33735417458698e-39,0.00046164328724232826,8.43881427478259e-171,6.729320089551777e-100,7.45578562673376e-99,7.592351997769742e-29,3.2678672065950476e-159,4.3733188589030305e-127,1.9515663349324066e-106,0.00038358123950477406,1.4069584675711284e-106,1.0691090616941503e-57,1.1387800844291532e-126,3.455495339980347e-105,0.001633887810373296,2.4131926860959335e-42,0.0006021537714281495,3.080794204300222e-95,5.691352736266243e-136,3.318534262971908e-185,1.0635042360432504e-250,1.7523875384460187e-256,3.9018284357286484e-35,1.0163639593552761e-215,7.693664585735887e-233,0.0,1.2553269279082187e-98,7.775532989660671e-142,1.5356669228588355e-282,7.037572007e-315,6.692429315638872e-216,0.0,1.9292623533548713e-96,9.258193593911906e-250,0.0,9.209770951310406e-144,8.390893151681023e-95,0.0,1.2967524791812899e-165,4.028866238255088e-214,0.0,2.534814737940019e-252,6.815345509239151e-268,4.659107445717134e-284,0.0,1.198829006892015e-251,1.4978084010977308e-252,6.57423160619494e-154,0.0,0.0,1.113046432145011e-168,2.5239574054532764e-214,1.0024353827312196e-179,0.0,0.0,3.0501793635156216e-294,1.2873611627866268e-275,0.0,6.887413848842129e-233,2.1354415320126617e-263,2.6794081918318322e-292,0.0,0.0,5.63e-322,5.098076647549856e-94,1.2327408910363504e-110,0.0,6.844343942455504e-93,2.5550610456169625e-296,4.7722163134554605e-186,1.8e-321,7.556832715286024e-152,2.3026442097344475e-266,4.588544455802788e-219,0.0,0.0,0.0,0.0,0.0,0.0,0.0,0.0,1.6514488311330952e-298,2.0293246406345506e-270,0.0,0.0,0.0,0.0,0.0,0.0,0.0,0.0,0.0,0.0,0.0,0.0,0.0,0.0,0.0,0.0,0.0,0.0,0.0,0.0,0.0,0.0,0.0,0.0,0.0,0.0,0.0,0.0,0.0,0.0,0.0,0.0,0.0,0.0,0.0,0.0,0.0,0.0,0.0,0.0,0.0,0.0,0.0,0.0,0.0,0.0,0.0,0.0,0.0,0.0,0.0,0.0,0.0,0.0,0.0,0.0,0.0,0.0,0.0,0.0,0.0,0.0,0.0,0.0,0.0,0.0
1.9315864845740816e-25,1.4576694349407653e-7,0.847866417900817,0.007293902334573776,0.14260618343166612,9.586306707838825e-6,8.21246212683828e-15,8.973399128708346e-24,7.576129376509017e-61,1.558844202044985e-68,1.344741392216975e-108,2.0184319047114913e-16,2.0953098868751356e-75,8.667819314152209e-85,4.70074472841598e-49,3.366420283240878e-92,7.540414646077256e-15,2.2587806307213403e-62,9.341725883563406e-11,4.4172712628019815e-91,2.562606241070663e-61,2.25629723445341e-89,1.697124933423565e-5,0.0004949316942966323,0.0012160486501608184,2.055095094378959e-38,2.6947741592878856e-14,2.503165087704985e-124,1.5731070219446786e-135,3.737463889011759e-96,2.6486832358612534e-97,2.441740650528556e-116,1.359643233612796e-77,5.110709808276449e-63,2.413086369030485e-80,2.821598034158683e-33,1.3194469906442827e-5,2.166234425968504e-105,1.5682594274372573e-137,5.52841992088397e-33,6.862726195334066e-80,5.490303523496845e-83,4.9323254111034125e-34,3.958680520721698e-122,3.832115533612701e-143,8.62660469301764e-116,6.3498533377609875e-229,9.426166314689205e-152,3.135477230133081e-228,6.556710548023123e-132,3.434524172130046e-139,0.0,9.882568460439204e-109,5.241558870100791e-165,8.67156729077685e-149,4.565507010365148e-227,5.324992881403524e-160,1.3379048776184618e-145,1.9168754643415878e-194,2.3004447329203703e-189,1.0261269956711937e-237,2.464146687437835e-157,8.582096329017182e-200,8.569602481222242e-276,7.90348266371773e-285,6.000506787630857e-193,1.903032e-317,1.0512682386614676e-294,2.9352246741739676e-195,1.7771742179420052e-143,0.0,3.5874195960071517e-274,3.3625897340855375e-171,6.148345427612268e-181,5.388267352134009e-126,4.852131527445833e-143,3.072070898063529e-199,1.2957874585597218e-177,1.9380780155164813e-157,5.928006844447292e-224,8.649733393440768e-206,6.653863404467834e-198,9.92762046651742e-216,2.7828055736368204e-194,1.1896457931272576e-223,4.382520461378956e-238,6.433105808454618e-281,7.898310331374227e-204,4.376815965194113e-303,5.899101286179298e-191,9.556057451226492e-164,6.370818990116901e-210,7.056387771561432e-199,6.710490205860098e-234,8.455435122016231e-227,1.3303613388917664e-137,0.0,2.0999304706511166e-233,5.092457928488599e-160,3.4636873355272916e-145,3.421381263846818e-278,3.346365819885321e-269,0.0,0.0,0.0,0.0,0.0,0.0,0.0,0.00048261810213364023,0.0,0.0,0.0,0.0,4.1259255811326676e-151,0.0,0.0,0.0,0.0,0.0,0.0,0.0,0.0,0.0,0.0,0.0,0.0,0.0,0.0,0.0,0.0,0.0,0.0,0.0,0.0,0.0,0.0,0.0,0.0,0.0,2.8468528391692e-287,0.0,0.0,0.0,0.0,0.0,0.0,0.0,0.0,0.0,0.0,0.0,0.0,0.0,0.0,0.0,0.0,0.0,0.0,0.0,0.0,0.0,0.0,0.0,0.0,0.0,0.0,0.0,0.0,0.0,0.0,0.0,0.0,0.0,0.0,0.0
0.3642942645232556,0.3850038691805702,0.20409465814824476,0.04004236678750981,0.005545424497360623,1.4084871263919953e-17,2.3763819838494614e-32,1.1662048916677458e-33,5.896365319068445e-103,1.834244792635404e-113,4.177087134921888e-137,7.247027433806703e-45,3.39479563609995e-11,1.3384917889369313e-118,2.2728924351035284e-110,5.69710136603427e-114,6.458255730189572e-57,1.8478967273316817e-115,8.727408912064501e-62,1.0765515098119831e-123,5.038036645160134e-113,6.150405103286044e-17,7.923034184140903e-62,1.0522792919385965e-66,2.545603833684312e-54,0.000595287572546366,1.4556204089948379e-15,2.837074800436492e-175,2.1206544532223894e-172,1.0231177720279137e-115,3.2065414483152322e-133,4.9353276474054096e-138,4.291938588232146e-115,4.827358858339907e-88,5.422378087110418e-139,2.2902408599692103e-77,8.560014896586121e-82,1.9664394726484788e-147,3.9607033848528504e-166,0.0004241292565629827,7.081182376028136e-117,3.098308030133442e-138,3.221265341477357e-68,6.326413348200183e-177,2.814254720450332e-205,4.490287604147309e-143,1.2864625941348461e-264,6.211901356947904e-190,1.8984765558766266e-244,7.766788485413884e-185,1.0051344221672489e-142,0.0,2.5496833043872355e-130,4.753844875686945e-105,2.29160761990948e-105,5.78269853909311e-267,6.125140984099247e-213,1.3616641988686357e-217,1.5330672900343744e-199,2.679016607253735e-243,9.716008700825716e-299,2.437206786790001e-226,9.182228752157463e-242,1.0726394847712103e-281,2.4623915891614553e-261,1.7182144148923605e-218,0.0,0.0,3.111971473240659e-239,6.3938531691020765e-109,0.0,4.150865806176195e-266,3.1448724267883477e-252,2.633207978229153e-267,1.6531309192261715e-171,2.301853561166372e-270,2.3286526634519705e-206,3.5340626402752383e-218,1.142779095757044e-248,7.8e-321,3.5690957355846005e-286,6.5904598111054815e-279,6.2613760163405e-292,1.940003609935177e-269,1.2775397412811217e-253,6.669817280762676e-267,5.0e-324,7.31412288851181e-265,2.321538014744103e-309,4.3281559242882635e-203,1.193530498582367e-189,8.200642713932903e-189,2.8887118514064868e-232,2.2882885117816763e-260,6.281753202766036e-268,2.627881497594479e-113,0.0,1.540974858987124e-206,2.5203602745997257e-230,1.0779374727782901e-152,0.0,1.57997e-319,0.0,0.0,0.0,0.0,0.0,0.0,0.0,1.4135889687059693e-78,0.0,0.0,0.0,0.0,0.0,0.0,0.0,0.0,0.0,0.0,0.0,0.0,0.0,0.0,0.0,0.0,0.0,1.5770622333082324e-295,0.0,0.0,0.0,0.0,0.0,0.0,0.0,0.0,0.0,0.0,0.0,0.0,0.0,0.0,0.0,0.0,0.0,0.0,0.0,0.0,0.0,0.0,0.0,0.0,0.0,0.0,0.0,0.0,0.0,0.0,0.0,0.0,0.0,0.0,0.0,0.0,0.0,0.0,0.0,0.0,0.0,0.0,0.0,0.0,0.0,0.0,0.0,0.0
1.1737929009232323e-35,1.0374583825568709e-37,2.4368402270435705e-10,0.21941011954936093,0.34115196203876746,0.32969213058852065,0.10652482485314664,0.00119866498937744,1.699370557736942e-18,6.588493125316594e-36,9.950520960233608e-36,1.626512074391852e-25,0.0008031800538405655,1.077051198354569e-7,9.102073151254008e-44,1.1436239512172018e-22,1.5144793662050262e-44,5.1235610034352036e-61,1.682872732763712e-99,5.403405182754987e-7,5.3286256419801495e-20,6.66310483994398e-29,4.600718144137051e-20,3.6363318485212153e-26,1.0701838934167403e-50,1.31344752563896e-54,1.6828496870602663e-11,1.0712341898913527e-30,2.7958426005825933e-115,7.497556990725905e-36,4.8288221834762743e-26,1.9794560455408793e-34,4.5009695383854545e-101,1.0224875357625877e-65,4.2229222958169575e-33,4.0305954770988255e-44,2.5394408748398947e-37,9.71080839791783e-17,9.187096475722778e-65,4.1438219281451003e-44,0.0005255354575063705,9.390261418721016e-30,0.0006929341633292185,4.0947070037872296e-17,5.721363271271381e-101,4.115881713627558e-154,4.1975673430038655e-222,2.685253204975636e-197,4.8817592069139063e-73,2.6714203419107476e-116,6.585666684815381e-163,1.870971434083649e-249,1.3733046690571405e-75,1.1772024843459835e-114,2.4927396135592165e-213,1.0181205222391584e-203,1.8800551124601456e-119,7.468759803245154e-217,1.0459744022705888e-39,2.6241985867343956e-161,1.5628422931755268e-305,1.5631395795788427e-219,1.1925409927650664e-100,0.0,1.5640947815960173e-114,4.204469505079168e-171,1.346462654619216e-286,2.272360676230619e-233,1.417120017627094e-224,4.6513150631468116e-138,2.6160904858562796e-307,1.017994780652104e-222,1.2750971170456766e-186,3.013347039951136e-175,1.4455510750733667e-292,5.778423922024478e-290,5.281321476462852e-80,8.560574586404033e-146,7.500239777271758e-156,1.508895727363503e-231,9.929059914681803e-284,3.592702594201359e-225,1.542966077953789e-182,8.444988015122123e-242,3.690537584686132e-119,2.6873566606623618e-202,3.1154412399186088e-167,0.0,5.529720565425622e-289,2.0893289340148093e-243,3.9207260955538104e-61,1.8737029216099816e-182,7.757260206077852e-232,9.378807415846104e-36,1.01645522732736e-215,5.451561925339222e-90,4.46230376375219e-217,5.8417585631823255e-71,4.135488717825421e-185,1.4166212772724534e-124,0.0,1.5678341327183146e-281,0.0,0.0,0.0,0.0,0.0,0.0,1.28148158225723e-295,7.375678348952816e-130,0.0,0.0,5.005314994792e-311,0.0,0.0,0.0,0.0,0.0,0.0,0.0,7.493019209862853e-289,0.0,0.0,0.0,0.0,0.0,0.0,0.0,0.0,0.0,0.0,0.0,0.0,0.0,0.0,0.0,0.0,0.0,0.0,0.0,0.0,0.0,0.0,0.0,0.0,0.0,0.0,0.0,0.0,0.0,0.0,0.0,0.0,0.0,0.0,0.0,0.0,0.0,0.0,0.0,0.0,0.0,0.0,0.0,0.0,0.0,0.0,0.0,0.0,0.0,0.0,0.0,0.0,0.0,0.0,0.0
2.6203183313869564e-105,4.418379116939316e-86,1.1237711172104153e-70,1.0147069204882506e-24,1.5995495251870968e-30,3.485374644466469e-11,3.161574141164031e-11,3.2210866852188056e-8,5.8477996448044224e-5,0.12747582660994408,0.2534889445155352,0.3045007165160403,0.17481854689930174,0.07618985342906792,0.020781441151657462,0.010697812077848569,5.170455789760445e-7,0.0019114894760546577,2.867294107961764e-30,0.0017033976151885363,4.45770880600955e-22,6.193843259233423e-9,1.3835479177386403e-11,0.005099556468843771,1.9099917266872397e-5,0.0026702090375419272,3.4967376730625925e-12,5.734972741603778e-19,0.0018713024623972915,0.0013752166980646877,5.674991419294234e-10,0.00020637730255537525,7.593779384147395e-22,0.0021229399621601054,3.2531807896126277e-24,0.004383163443587496,5.280330322807591e-17,3.1747533395911438e-6,0.0004336238154010421,1.4910840181888609e-6,5.8842289457807e-7,0.0032269142125510254,2.4179209509565603e-30,0.0002811167929741625,0.001343377076038079,2.9940483160370173e-50,9.84075892085503e-21,1.4391526615110706e-22,2.349685839278873e-34,9.235593708065871e-5,0.000958940203656401,0.0006602236495587077,4.495596574148999e-23,4.815333060876183e-66,2.891137408606553e-45,1.9474766418784215e-29,1.7083792338216144e-42,2.5215119738144196e-56,8.281202743834635e-67,0.0007609908236212355,9.672062216297936e-101,2.0241091331334146e-48,5.608639909076642e-73,1.3432133059710069e-86,4.2784321730529015e-50,1.8179381850951232e-20,8.640413833601038e-68,4.779988218308524e-78,1.0629785166782632e-39,2.5551698184852225e-20,1.8368642347921335e-103,3.2899725078124243e-63,3.596939183088806e-89,4.531483110691827e-75,1.803566223173246e-171,0.001709229162662763,1.5643433290998668e-79,1.2109485490326562e-63,2.5390839416335596e-65,1.3574759451490196e-48,9.951456484185731e-55,1.8587758301587006e-19,1.605742219785348e-76,2.7621570995159594e-30,4.6250662380029876e-116,1.2293465584431037e-49,4.1893732179061354e-71,4.172476840517361e-96,2.71480354272796e-57,2.293254966186432e-52,0.00048697747320350436,4.170518201500827e-105,1.7017569683194736e-51,4.138855634564665e-102,9.514673609112197e-44,5.917738272047581e-32,5.335313234873991e-105,0.0006660689119061251,6.584358441557389e-32,5.902145329683876e-143,1.6913727139406802e-164,9.153543593940052e-63,4.80429433776685e-133,3.5559125551273976e-72,7.734755846484723e-75,4.106981739136457e-35,6.439253623758987e-98,5.174222179229662e-134,5.790229388082655e-159,5.1041611752671105e-132,6.946777844117065e-174,1.3468877199348136e-161,9.131738714941909e-62,5.714083810524409e-79,3.227780640802193e-99,9.412971403507109e-92,7.091965896395449e-217,1.0833203667927916e-189,1.3155242520568108e-164,6.54199179526016e-269,1.3174326242133598e-167,3.8475541987386105e-119,0.0,5.758655719863154e-126,1.0373308298627025e-192,3.1788703835262216e-246,0.0,4.0994173614809115e-145,8.715956308030336e-194,8.121774604850624e-215,2.0178720415168875e-209,0.0,2.093158587772247e-158,0.0,2.1275138507372587e-195,0.0,2.9411183587912323e-210,1.4979584722773778e-216,7.28578831339773e-191,5.305163835084641e-212,2.3403015347934288e-186,0.0,0.0,0.0,0.0,4.213931282807704e-207,0.0,7.980268312561158e-176,3.3555315018585774e-241,0.0,0.0,1.216728892616357e-202,0.0,0.0,0.0,1.1784332046663413e-115,0.0,0.0,0.0,1.4897878166189686e-227,0.0,0.0,3.859898587662871e-267,0.0,0.0,1.9702488547289518e-264,0.0,5.85179440788946e-252,0.0,0.0,0.0,0.0,0.0,0.0,0.0,0.0
1.1110179839990134e-74,5.797614318907357e-93,4.101296090286584e-64,1.504308684317839e-14,7.82888619392513e-17,8.442079795701898e-11,0.0029270907716116685,0.17107440447928693,0.3844271305708282,0.3014624541972461,0.12234958878625536,0.002025444465317867,1.97700400635461e-15,1.5349839837747448e-15,2.0846901684434014e-8,0.0001965687868155988,7.732046041209775e-11,1.9547258204793546e-7,2.5415306589100872e-58,0.0022761582629632917,1.517946066914587e-7,0.0029807151257307722,3.2696850336270113e-5,5.628401742716147e-14,0.002512812877758374,0.0007258038425844444,0.0007555830065448965,2.79245085098422e-36,1.018915831441575e-5,0.0005853311073946695,0.0003900073510831078,0.0017497124176457017,0.0003971481276484073,1.0449866606132344e-12,0.0009302730618276565,4.6925656126328164e-20,3.113515920889972e-28,7.706693739147492e-5,1.772319707754337e-13,0.0009984255771025932,3.8220144398830597e-16,1.462194273392363e-13,3.1939457578826657e-59,0.0005384518953779873,1.3166404308029563e-18,1.1151148638117701e-73,1.4080671309450303e-19,5.569824514740379e-31,4.383290740630072e-41,2.0578524266204197e-8,1.3790940263380196e-13,4.785961309438945e-50,3.106741824572699e-18,5.885400777366103e-56,1.648394428906611e-127,8.277343434950028e-70,5.9100062425607695e-68,0.0001558656476948944,2.4136245576663577e-88,1.0336785775286277e-55,3.2121440044499816e-121,5.752094164148666e-86,3.057449972370266e-116,3.12818912421334e-140,1.5330902257626672e-71,6.90159416729234e-83,5.018421453116474e-84,8.331875159699798e-99,3.817599991109765e-54,2.706432076412574e-77,1.5360624819016245e-135,5.1849319607408267e-110,5.643317265553242e-167,3.904602181610471e-108,2.2997130681191127e-166,1.4683497976535048e-64,1.1823376656422804e-96,8.773829406436827e-78,4.723382945111021e-52,9.448952093124482e-72,4.3454696934657806e-85,0.0004206783868879699,1.7340363962220672e-98,9.452413812845237e-9,4.508324743289514e-129,2.6638227910627524e-38,1.2436366223066906e-94,1.4358418237023322e-143,3.596069012041551e-125,3.5859005427338065e-58,1.0574028300355113e-38,6.986888659551766e-131,1.763871643877592e-101,5.339605065255682e-80,1.2112523746657443e-89,6.969440329322574e-57,6.204764085843531e-129,8.881088878450436e-34,1.6779463081487877e-72,4.552759593885442e-126,5.051300199532681e-228,4.9472777317413824e-111,4.083819523506768e-256,3.750148703511831e-98,6.951728764471533e-150,1.5193086074720186e-96,1.6513303115779921e-109,3.113092532456606e-137,1.8861483474586588e-171,1.3804318893489388e-148,2.2216412520714108e-294,4.967916337880243e-276,4.626848899173578e-49,2.2685060639825217e-170,8.6186627124467e-118,5.838888234164908e-147,0.0,3.395987569598711e-280,1.6639705368187143e-284,0.0,5.148941367501736e-227,3.842465476757775e-160,0.0,1.4297763229396352e-196,1.4878820600774653e-233,6.03e-321,0.0,4.360456531157948e-260,2.279153735608472e-308,0.0,4.522734643883076e-262,0.0,2.4871300828382576e-200,0.0,0.0,0.0,1.2179675825565583e-247,0.0,1.1781106138394502e-242,1.6711458461820742e-262,6.587025739293642e-230,0.0,0.0,0.0,0.0,0.0,0.0,4.26244513512629e-269,0.0,0.0,0.0,0.0,0.0,0.0,0.0,6.176733191035866e-243,0.0,0.0,0.0,0.0,0.0,0.0,0.0,0.0,0.0,0.0,0.0,0.0,0.0,0.0,0.0,0.0,0.0,0.0,0.0,0.0
3.1791757252613193e-35,8.612532482645703e-30,4.045469348548984e-14,0.03728302778890874,0.3593493103216721,0.5435243768470942,0.05325940493740029,7.772389665901664e-7,5.299491256379921e-16,2.8378452136481324e-28,1.914102233024272e-40,0.0018610172188632604,3.2156910494580466e-20,4.767931662207072e-19,1.4402376943198835e-29,4.63913655310549e-23,7.028676175922524e-19,3.911184628169268e-34,3.39102313104266e-55,2.0382355274379482e-14,4.71765805450326e-20,2.31947927011402e-34,1.2585400358310843e-7,3.339321394049098e-8,8.887830632139302e-23,1.700489811794632e-22,1.770512424352624e-10,7.305418821345987e-34,2.4965987869150956e-49,4.647606025593892e-39,3.6367603126748572e-40,5.450754861822483e-10,2.593779440160468e-20,1.0134122823751424e-33,5.543915750171945e-14,3.64292555876833e-12,0.0029447560934895193,0.0011694440565386509,6.428116260103273e-39,2.3285954229351826e-27,9.825652476541373e-31,2.3807151039572224e-25,1.060418897039144e-37,0.0006077255239625965,9.537328064685084e-23,8.307398183721677e-32,5.2710148053564456e-95,5.941279830821603e-55,4.247192867570386e-70,2.636135711100113e-49,1.2115055087340648e-74,2.2597072664351173e-91,9.988271597703207e-35,1.35433942912467e-93,2.086465766931915e-94,3.968322416884345e-78,9.486680753123648e-100,1.3610012529808924e-75,7.34447550093454e-66,5.036948053486939e-34,7.319111201217263e-119,6.30201683378583e-113,1.4859465811090643e-72,5.614081201639473e-191,5.611555713953123e-146,2.2265611606494698e-79,1.8075841081933477e-147,1.0317846181104485e-184,1.7764121586710653e-146,1.4040692580952844e-69,1.749862668222713e-182,1.4451333695127114e-142,9.962417191500421e-113,5.184852637828225e-100,6.9041290819757694e-71,8.669215315206805e-162,3.192261555530532e-129,8.813735046788978e-59,4.143009283707958e-47,1.146771232368816e-90,1.053524958670907e-139,4.3371205681042595e-84,7.793530624726015e-135,1.5501329439329047e-90,1.170444531338712e-87,5.320264746555755e-133,3.303556369576989e-124,2.8994593933761453e-127,7.546304870686312e-164,3.688989127490554e-103,1.6694191005190227e-45,1.7814945548809303e-98,1.7021781298933593e-84,9.479334427245909e-42,1.148610180015725e-100,1.739790827555881e-31,7.361166206659261e-186,1.0321307509364234e-49,1.0976520380441128e-121,8.440811592112077e-44,1.6613421904506935e-170,3.3473531108035037e-132,4.60994470290296e-310,7.186059580369006e-244,5.980468622580529e-264,1.1301272179822585e-267,6.66267572950193e-184,1.1787496223718582e-183,9.082025565939218e-206,2.9599222499304513e-28,1.1269619623686211e-280,3.349905620488997e-263,2.1888847168846563e-208,3.061028873852446e-299,1.4502939582939034e-74,4.2976663884350105e-291,0.0,1.7189425461404224e-239,1.3936590123753752e-276,0.0,1.0595958645993799e-146,3.446877378469269e-220,0.0,2.994472604738174e-206,7.974785689347286e-221,0.0,0.0,2.72762552737879e-298,1.4912762705532901e-282,9.43509453868722e-309,2.2971510577087743e-307,0.0,3.730463876110184e-287,0.0,0.0,0.0,1.4403885756937283e-224,5.0e-324,7.465865180126344e-265,2.6403461159241555e-282,1.2172046767566586e-238,0.0,0.0,0.0,0.0,1.6490153622903829e-295,0.0,1.7043456598444648e-259,0.0,0.0,2.2748336370440834e-307,8.386936283452e-311,0.0,0.0,0.0,1.11578702437049e-309,0.0,0.0,0.0,0.0,0.0,0.0,0.0,0.0,0.0,0.0,0.0,0.0,0.0,0.0,0.0,0.0,0.0,0.0,0.0,0.0
4.4679422952138775e-43,1.7324005939298263e-13,4.061692973946681e-12,0.00498631539672901,0.0007982350339878489,0.007398676785175844,3.4077933974170164e-7,0.001423249087801223,0.04718165462752131,0.049525587681633364,0.0730425336262091,0.02681773286564516,0.026526195820203814,0.017121581546980458,0.0665718245389753,0.026365934746858777,0.03251994619172575,0.004971739101471474,0.011517945430233994,0.014304522984180633,0.03426166317574648,0.019441325672001027,0.035947617645589174,0.03840973090006957,0.021184679727190705,0.023278617714060108,0.036573690705335,0.02984502004116815,0.01394965661012845,0.025588587029109752,0.03624154178505185,0.006403386586503074,0.0237651035398672,0.03317912251099824,0.010527476110391423,0.015357291336299095,0.03576067924783439,0.008059148191872735,0.009156746521459517,0.026253290057396135,0.010632815004620712,0.017020086880095462,0.0004839922614119244,4.770519976160335e-13,2.6944085695626632e-5,0.009878712534111803,0.013424187279362924,0.0025938068203598193,0.011811640877972557,0.008653532243305014,0.005154037362965216,8.146491604219489e-28,0.0029270020889306126,0.0026681230659792356,0.004644100577637292,0.00014778340457208844,1.1460317222168424e-10,6.6932759392512215e-6,7.610927280837918e-14,4.542691371368384e-14,1.2843178099645993e-20,2.468339338765858e-10,3.372923841133363e-37,1.5543463972665967e-44,1.6427408080276903e-12,9.219315716812629e-14,1.1163448913110635e-35,5.364956105798326e-44,1.0824219328519409e-49,2.8950554941684488e-6,9.881308049236914e-52,2.4650296519011277e-31,2.381126714141878e-35,6.122184433852006e-44,9.20525641508138e-28,1.519665455446288e-11,2.0178571685084684e-11,4.8012718281569583e-26,5.467829331510682e-15,1.8743912630461417e-6,4.62502500461572e-30,4.586083500942851e-11,1.81683692867854e-43,6.787624276144375e-10,4.163855191810632e-46,4.032387442800734e-12,4.172190119111657e-18,1.7809003648104473e-46,7.317505616150452e-15,0.006875824875785167,4.505320178082842e-34,7.291149748966564e-23,0.006029669706519326,4.207144054636495e-7,8.872138970055011e-12,0.002755946038714267,3.1356279206502033e-31,1.980350543977375e-27,4.40480557295437e-10,3.8375702300945757e-22,1.349607689249965e-76,1.8095168630226432e-28,5.841295871784286e-99,8.598713375610897e-42,5.544985873948194e-38,5.6105103423229185e-34,6.399854359751838e-33,4.972890175172873e-34,8.499463198910329e-70,1.5185207123254935e-6,2.0164829254388296e-80,1.3169294769166272e-44,8.554551008177215e-63,1.703261115482272e-48,3.4133880688688406e-23,3.386052838334147e-49,3.786514986006324e-124,6.3140356553038296e-176,2.990688479572249e-55,7.598053119970654e-173,2.2859118032288077e-74,1.2199253364811e-39,0.0,1.0766945110296695e-27,8.017588466954929e-94,2.2419003273695673e-193,0.0,4.69288998940784e-40,3.9167657799477285e-75,3.064087441159454e-88,5.05508550274013e-125,0.0,2.7984858292468e-68,0.0,3.2002465593635226e-85,0.0,2.5821437857485485e-99,1.46680350154455e-93,8.103104048986549e-99,1.1722786833089937e-91,3.6998498664530333e-67,0.0,0.0,0.0,0.0,4.989421476648801e-87,0.0,1.7650647221915068e-62,5.249802138445876e-127,0.0,9.168647573240746e-245,3.7615947125656434e-84,0.0,0.0,0.0,6.662370266688669e-56,0.0,0.0,0.0,4.102572493859888e-89,0.0,0.0,2.0102193346230788e-161,0.0,0.0,1.2779006001451878e-147,0.0,7.115139904805644e-124,0.0,0.0,3.2372980332358183e-246,0.0,3.575955024126008e-253,0.0,6.751647845460486e-264,0.0
3.067431382510611e-54,6.292019365154148e-67,4.507720923884644e-44,4.216835862310313e-9,3.2980298642266783e-7,0.05712949578073225,0.5877010530394235,0.29780476551043733,0.056218763002412075,1.545583888289892e-9,1.0224238133747693e-13,3.8913712784263117e-10,1.8727696714444673e-44,4.38669124458288e-22,2.828416540763948e-10,2.1883503925101486e-8,2.939176551658188e-11,2.6527015960215423e-19,9.229850358976332e-85,5.813501780463432e-7,4.395495084188848e-5,6.518934188683151e-23,2.178362671918072e-9,2.57576905269182e-16,2.88303376037869e-9,2.7985865931103203e-14,0.00013686265343440778,8.266868845212179e-59,0.00041863021163229705,2.3987617073521784e-11,1.5809038303843394e-5,2.36463183553361e-13,2.747198925983413e-7,6.890760865109258e-28,4.7396275542958694e-5,1.6055566609398584e-37,1.119072489151058e-34,2.86667134219114e-20,1.9787869630716127e-38,1.914111000563578e-20,1.0413091446210868e-29,5.617389107907837e-22,2.547028682819876e-111,2.3779059841812297e-24,0.0004820502311371294,1.5515011694441134e-41,8.839784165103894e-35,1.3206709091447305e-60,4.81609992813009e-45,1.3371879356571796e-38,6.84389592903309e-66,1.2843386269201076e-91,2.1031671256838664e-27,6.27548868536982e-101,2.6175867711247245e-218,6.194860476775767e-106,5.038766511270425e-94,8.151115784648413e-18,3.5937056672423095e-139,1.4945776604968182e-88,2.2205323091895006e-199,2.301295365367725e-131,3.1706942851381522e-145,1.5701079157116913e-238,9.574761311671328e-125,5.98037284023075e-134,1.57357059843713e-135,2.1482836002863223e-148,1.8185053726991508e-182,7.667859254857208e-190,6.891801368722595e-247,6.227232660903281e-171,5.060349994952098e-221,1.383411014397081e-174,2.1401667988849116e-166,1.0530904229566859e-173,4.1798183338114586e-142,2.5782428138996842e-79,1.0821610320381276e-50,1.0097248047839092e-147,4.1912009602380403e-141,1.2209443296246696e-20,3.032377361348742e-163,3.351362409228668e-27,4.077453903873571e-140,1.981878678346198e-133,1.269112346014313e-124,2.3703005204826882e-232,7.028481407378155e-217,9.453779626714919e-59,1.3771988359632408e-94,5.415762884667797e-132,1.0845163094240749e-155,9.285364267938332e-47,6.729241852943188e-149,8.838687744504787e-75,1.4896199768333497e-147,4.203405622129154e-81,4.141561080773063e-149,1.4312405328748826e-135,0.0,9.189462302561512e-196,0.0,8.022054902539488e-222,1.228804582040475e-275,4.59965652359764e-228,1.0392214194828024e-225,3.348141847811924e-251,6.974993485812631e-283,5.6933470776511826e-129,0.0,0.0,1.6860607833131686e-135,0.0,4.518329560404955e-210,0.0,0.0,0.0,0.0,0.0,6.264163403213429e-283,5.87299634038212e-179,0.0,0.0,0.0,0.0,0.0,0.0,0.0,0.0,0.0,0.0,0.0,0.0,0.0,0.0,0.0,0.0,0.0,0.0,0.0,0.0,0.0,0.0,0.0,0.0,0.0,0.0,0.0,0.0,0.0,0.0,0.0,0.0,0.0,0.0,0.0,0.0,0.0,0.0,0.0,0.0,0.0,0.0,0.0,0.0,0.0,0.0,0.0,0.0,0.0,0.0,0.0,0.0,0.0,0.0
1.5920419432799155e-20,5.179725472001167e-32,5.0454336569867854e-26,4.7636296802585034e-11,0.045386396899564446,0.054186455764446834,0.31678732965462814,0.42790729196704724,0.05694041800459808,0.0004578982391928954,2.464157393987647e-9,9.862002514148631e-15,8.879062411741655e-17,6.396766279065583e-9,0.000998782358573016,5.972380578263546e-10,0.015438816417527968,5.990674973896067e-19,1.27553635877595e-30,0.007446709319563658,2.0137356988153116e-11,3.690492313261253e-14,0.0006055938906048725,3.742905350477475e-8,0.0069750457356866045,8.281673812295646e-5,3.5230462179758676e-8,5.884217459918976e-30,2.7615680389088086e-8,0.006151750391811924,1.924752401791292e-12,0.007163814314425537,0.01644949759044915,0.00498644248275747,1.3110178351203138e-21,1.5903208241203227e-23,4.16720800430769e-7,0.003350765075993121,0.003328259735978703,1.0353202549257723e-7,4.466845078802861e-12,9.878899870116676e-22,0.0009985634745021382,1.085348381195392e-9,0.004654104575242419,0.0009129406731628213,5.24762851057946e-8,0.005155832389116267,1.6003367048684084e-26,1.3093237105558645e-11,9.341148056772497e-28,2.547871141160434e-45,0.0034725884026919228,5.122494975758738e-30,8.548841902316376e-48,0.00036067529258733974,1.8327410916101908e-45,0.0011822781684013208,8.825187477456964e-44,0.003256907939381851,7.455966783580138e-65,2.8483975897618135e-30,2.521313719637329e-75,5.4513833455928445e-101,6.465205299357949e-54,3.1587893573323914e-63,1.6494590959406957e-60,1.7415475613356844e-95,5.387469966395312e-73,7.140384976976637e-8,9.24857181029559e-123,7.237922401878265e-80,2.4825658010846335e-75,2.649838019623101e-103,5.827062325347223e-98,1.0880058885314887e-74,7.240627368495325e-54,6.089794638343152e-38,7.751198558441016e-32,7.640837041704815e-54,7.823153831605003e-44,5.214321209090552e-14,2.2795313293017916e-85,0.0016980834718382882,1.5341205917505543e-45,0.0020172471468323044,1.1900181198124194e-33,1.217630599383644e-161,5.166890185703998e-55,3.609151943396905e-30,0.0016459388462464004,2.0351433211314838e-49,9.39851121770549e-49,4.24157269713709e-25,4.792501174140425e-21,3.1337975114021632e-30,2.3570411909564927e-82,6.474005640940641e-58,4.111833560626098e-65,1.9077421269291938e-66,2.1665458933916608e-146,4.6067597749240293e-94,4.077357769216465e-199,1.4425568458828893e-128,4.37972634331469e-141,8.225609540288974e-152,4.599086748952118e-118,1.5038359178911374e-123,8.856560039479787e-174,9.548853926666024e-41,3.368746123420053e-198,1.0414322246041738e-188,4.340134469984558e-56,1.8832499558620906e-103,1.0828308342858688e-77,8.516991660729648e-182,2.0861851067608594e-241,5.042678761639224e-225,2.0445847294805579e-168,1.0857685e-317,6.182585352836213e-129,1.1848164095542112e-115,0.0,1.2139100653623814e-128,9.411755324045973e-183,0.0,0.0,5.045343683972242e-94,7.032063607957172e-214,9.412763706836383e-232,1.8545351439523656e-172,0.0,3.766525411098175e-138,0.0,3.430228598418209e-188,0.0,1.8655810565940595e-231,2.370466038765537e-247,3.9434876992841952e-233,2.1780846397344647e-227,4.778144804719314e-202,0.0,0.0,0.0,0.0,3.2119108575521024e-222,0.0,6.939376500962359e-197,7.072331663476699e-275,0.0,0.0,6.305879839003865e-200,0.0,0.0,0.0,2.91995966001802e-156,0.0,0.0,0.0,1.4047600509988013e-221,0.0,0.0,1.8295091378211023e-301,0.0,0.0,3.00861797333e-312,0.0,7.01e-320,0.0,0.0,0.0,0.0,0.0,0.0,0.0,0.0
2.3827792861995355e-34,1.2185194863433114e-85,6.884182383687362e-15,5.101694673470394e-10,0.0008872724613687679,0.19977266904105603,0.339829322448334,0.2780821022067411,0.13692081854922755,0.004097290103161395,0.0012373261215955303,7.31875484920902e-7,1.9169060405827693e-34,6.744004283213236e-5,8.151979393416498e-34,3.0705229561577045e-13,5.841193220822438e-10,0.00023624208559703096,7.854601334505205e-70,3.012819915810574e-5,0.005751195240624441,0.003825588730481712,0.006980163768800473,0.0021197376477468206,0.001320397655074319,1.4987137225216813e-34,0.0005775942558129085,0.004063670184964374,3.103624300763383e-42,0.002562725728725229,0.0002996786013828863,1.0364466947519315e-54,7.729513039176898e-34,1.0426600628081093e-29,0.0023138405943000854,7.644802801059478e-57,4.181729670773027e-17,4.088230808914146e-47,3.5851669795438224e-17,0.002566400861813526,8.200885843104405e-5,0.0018366764953520278,3.6766376829966353e-50,0.0011405926653985092,1.5431405089389132e-38,6.0453864558296005e-65,4.2767300179201845e-83,3.698205390074735e-69,0.0012006834220288838,5.871994207039511e-79,5.352639352914797e-98,1.1475949489331857e-58,3.0640989144428705e-22,1.8065529755721073e-90,8.656329839435394e-111,1.1338227030455268e-61,1.566092103115166e-54,1.0725571323461316e-91,1.6510057373672716e-47,6.120769595163804e-44,5.1941775667480076e-95,3.638064004084042e-111,3.076378652051263e-103,3.6564670801658264e-146,0.000987971130226246,7.477053190997736e-113,2.7333195574748216e-85,1.3774569943263439e-103,4.610661690209727e-112,1.0294307834715451e-91,5.0016098513721905e-99,2.4515562234494092e-85,9.475563114049042e-132,6.977040165615374e-117,6.902123071616189e-181,1.3676627179728764e-103,3.3530537190464994e-56,1.2036673005777958e-92,5.723462375900766e-37,2.1801258257070074e-85,2.0545267048255146e-89,1.5502511162370222e-95,4.8873186865038875e-56,9.226565464175461e-130,1.3217285870201512e-36,4.141851182300034e-122,4.6619688157492235e-96,1.100896090548531e-130,6.092904832001264e-154,1.2251480787523302e-120,1.1088039764095251e-20,1.5670706939668086e-77,6.064905963744027e-162,0.0012090958810355246,8.082361000011974e-100,2.3791769382715816e-40,2.8658137519498306e-74,6.340486416720331e-7,2.1485526170670153e-89,6.009200803142424e-84,2.4196249117043324e-181,1.7991550152155905e-116,6.829013349273533e-297,6.459204220720456e-63,1.5134150483162262e-144,1.1656416412729693e-89,3.5087464634234455e-47,3.6429088475459925e-85,9.563583726853274e-92,3.0180854794644115e-110,2.009939079460486e-304,0.0,5.991114444152738e-96,1.789051443126646e-269,1.4322396818509061e-77,2.2953947549134824e-103,1.0177662514559729e-296,0.0,0.0,0.0,6.100847233922612e-185,9.136183881457408e-132,0.0,1.5819250843623648e-227,9.507771571082823e-191,1.0669129548329022e-255,0.0,1.2392346542507599e-245,0.0,0.0,3.458184236864115e-189,0.0,5.971556127615092e-150,0.0,0.0,0.0,3.388774072724802e-181,0.0,5.6272130043594236e-182,1.7088513085557158e-191,6.3421625337400126e-186,0.0,0.0,0.0,0.0,0.0,0.0,6.752786889484496e-228,9.018749019936748e-283,0.0,0.0,0.0,0.0,0.0,0.0,3.366116103159611e-271,0.0,0.0,0.0,0.0,0.0,0.0,0.0,0.0,0.0,0.0,0.0,0.0,0.0,0.0,0.0,0.0,0.0,0.0,0.0,0.0
8.446454715352889e-46,1.68101523424466e-21,6.34544914042329e-9,0.03945968736479124,0.15183362922178856,0.38031709284046394,0.2581792085779271,0.12518762586981802,0.042127099990849404,0.0002902192162029406,5.029053738722622e-24,0.0004204549033503536,1.5141180979163135e-66,1.718813473506728e-56,2.8062843355684333e-5,7.338392033572004e-21,1.1539755898919993e-20,3.35085137367386e-45,2.9866720345977176e-91,4.6217008271796494e-18,8.010879580112034e-24,2.8472243874221523e-80,2.3918189481609473e-11,4.107485322462499e-16,5.570192688141424e-30,0.0005219498328464861,0.0009041384526045316,2.7068308612155038e-89,0.00073063693682286,6.713178781612063e-54,7.252987380858423e-35,1.8432126409379219e-65,4.1337547104680566e-52,3.855810993405387e-51,6.973538607910293e-23,2.409677341210321e-15,1.875798086430376e-7,7.518225831749538e-44,5.598434936088095e-47,9.305434029171755e-45,7.559897838005592e-120,2.089450582885536e-31,4.927765066532573e-130,2.30557388803331e-118,2.211549091256467e-88,4.963190827757623e-59,2.2525282166133867e-153,1.9298672371924533e-101,5.162222837022651e-176,1.6709115581665958e-103,6.124482004897629e-133,1.9192288650404553e-211,1.4524497671689256e-82,7.84327084539035e-52,6.358499429266626e-168,1.0677179147014134e-177,7.894765416602844e-145,5.946179842950544e-68,5.547199379646398e-159,1.1260491962006727e-137,3.94677972061475e-179,7.49851379808303e-135,5.920425927957395e-225,1.91772442980509e-217,1.8899199665943466e-216,3.2917814435483503e-131,2.0513119973753216e-241,8.826321705871269e-261,1.0697760810602778e-157,4.731327333889065e-140,1.6100996e-316,2.7056138030281857e-208,1.826628800046559e-128,6.336681735502149e-201,2.9289045091706273e-103,6.459849666053989e-136,3.321881665733226e-220,1.1450542123437102e-145,1.7336389122315117e-99,1.0869269285041426e-184,3.6367566938090945e-165,1.069495582865659e-164,5.417961625460405e-191,1.752040531320689e-121,2.0669496319027516e-143,3.0284526762631013e-147,1.2652676346123153e-181,2.6187855972075446e-144,1.5851603676238033e-233,4.003272674644743e-103,2.9084695911796183e-243,7.676691165315847e-235,3.1235959823922e-125,1.8827950185188547e-232,6.420487467824816e-171,1.2013680415660077e-83,0.0,1.1884987058078703e-188,1.7052553354365647e-135,4.32359792197975e-81,0.0,1.2589255035656876e-172,0.0,0.0,0.0,1.51861e-318,5.134550456556245e-251,4.782809486088297e-270,0.0,3.2962571726967023e-28,0.0,0.0,0.0,0.0,8.47137139444079e-133,0.0,0.0,0.0,0.0,0.0,2.8970482169476744e-294,0.0,0.0,2.6628679384653048e-225,0.0,0.0,0.0,0.0,0.0,0.0,0.0,0.0,0.0,0.0,0.0,0.0,0.0,0.0,0.0,0.0,0.0,0.0,0.0,0.0,0.0,0.0,0.0,0.0,0.0,0.0,0.0,0.0,0.0,0.0,0.0,0.0,0.0,0.0,0.0,0.0,0.0,0.0,0.0,0.0,0.0,0.0,0.0,0.0,0.0,0.0,0.0,0.0,0.0,0.0,0.0,0.0
9.050622215187174e-96,7.608488888977803e-5,7.197353987700019e-14,0.002103334008688884,1.3802136842416578e-5,3.3099910535701686e-9,2.191217497037508e-25,3.324041700949668e-23,6.7300536218980876e-15,7.032476366760837e-12,4.842207914737761e-11,2.1299988410296717e-7,0.012289796068622119,0.006250136331802836,0.00019048338932996104,0.01989671094071153,0.002627522011424143,0.01862609454569285,0.015509215222534055,0.005502444586135599,0.007595795753184315,0.013693571164904822,7.084099106361375e-5,0.009406067223048603,2.6430906751344734e-10,1.927940834602881e-7,0.011215251811797113,0.008249549260283952,0.018034403504968207,0.00835930183735511,0.0034390916176138997,0.01930187638100696,0.01582199240417281,0.00247791053337065,0.013673730907633267,0.010867179532091108,0.01459467272834703,0.005205501106892999,0.014575259662129473,0.0004119165620786091,0.011978126915521458,0.005792807322872383,0.0076317352640560806,0.008292977431083419,0.008468052317422488,0.009851203665449235,0.006720134653734385,0.0054221161682377885,0.007119699615170717,0.009096493315254028,0.017530194083197854,0.006874302956060411,0.004748938892598881,0.011410708558343967,0.01312652259639123,0.007646644359647679,0.01667620248407731,0.010602293074466997,0.008969548783256877,0.023830306616344818,0.014626877950645153,0.015311873882116014,0.013843513404936388,0.018113640692681884,0.020621898298055115,0.016586705323999876,0.014444035197090938,0.014306123060428907,0.01523964146490846,0.012212119688851834,0.010592324519201692,0.017862803699078784,0.013290366798735144,0.00437201190520714,0.006481824627937464,0.018291403706491294,0.007807702134355771,0.00829953649109889,1.6636793914684322e-10,0.0034197422904761452,0.018520004523262308,0.011977247565072506,8.328961146225646e-30,0.014661683354790712,0.009557876775116677,0.008641595745359457,0.008144704597358285,0.013236238692584494,0.011857628603381425,0.003521167982315215,0.003530812012387338,0.014839680998434093,0.007465701988558547,0.017679337945118456,0.004351039143781038,1.4300006348913836e-8,0.00043417093949039623,0.013705829019332328,0.012811947273127143,0.002870160371646393,0.008814104883364258,0.01473892012822572,2.9230417246812634e-48,0.0032230058026432944,0.0075839579563218,2.933076186453887e-6,0.004421676076342765,0.0073692762654599875,0.004300669134105707,0.004411934770169218,0.005895488421644578,0.0014738920254475883,0.0029477840508951767,0.0015691495278997475,0.003015109121437576,0.0015805633939346714,3.0045475596938047e-24,2.492884351294135e-165,0.0029477840508951767,1.668311826472325e-74,1.2282276848892834e-6,0.008843352152685531,0.0,2.1265214529839417e-20,1.121365237607844e-58,1.9264895904606024e-50,0.0,4.528408673525822e-33,0.004421676076342766,0.0015494457549888026,1.0422653803356986e-59,0.0,1.4100803653395383e-27,0.0,0.0029477840508951767,0.0,0.0014738920254475883,0.0014738920254475883,4.311573107041792e-25,0.0015450327194583265,1.8918862300951826e-7,0.0,0.0,0.0,0.0,0.001780771752323039,0.0,0.003001516368707634,0.004421676076342766,0.0,6.1963806204700515e-87,0.0014738920254475883,0.0,0.0,0.0,0.0014738920254475888,0.0,0.0,0.0,0.0014738920254475883,0.0,0.0,1.346184652843965e-60,0.0,0.0,0.0014738920254475883,0.0,0.0014738920254475883,0.0,0.0,0.0014738920254475883,0.0,4.314203305608894e-98,0.0,1.0859132775812883e-99,0.0
7.029236437602021e-62,5.976527782217858e-22,4.205389111900392e-11,0.002455432297124435,0.6312165906233144,0.19962256159281971,0.16118948766643137,2.902724918558184e-6,3.0241820300539155e-16,9.768210894744898e-32,6.0267965198176865e-34,4.493220093933275e-15,1.9877148537397544e-25,0.0016911651497350843,1.350344898359173e-41,0.0028616017726186107,1.5353184614822138e-6,1.9676104487856035e-27,1.5842416993240226e-66,1.229980662257599e-10,5.875323151255655e-7,7.896659182558261e-55,2.471677965798767e-12,5.844364124381715e-12,1.245680167555349e-27,3.740200785575185e-11,8.366825845501864e-12,2.931496216273904e-70,5.278766354530665e-40,2.1780134682870388e-44,2.150200026734157e-41,3.965347385589669e-36,3.3904847543505885e-31,8.116884591297036e-38,3.300474648839478e-23,0.0005892681923790924,0.0003688669107161751,9.668032657092115e-18,1.2598554075430185e-59,1.9102739202587785e-61,5.6811107117533066e-36,6.634428935960906e-44,2.982429386405666e-66,2.4608767777314288e-14,1.1002816128133837e-42,7.317797729508376e-51,2.8822994788851892e-117,2.1677431672831056e-87,3.703813205839935e-101,2.0354394268917272e-66,3.61365946763161e-115,2.421675782591765e-143,1.3299627263837337e-55,1.4296823274652699e-67,1.9232102670397476e-160,3.0325779997212287e-103,2.4243946288144535e-128,6.96880090354948e-79,6.696373042324032e-118,1.0520489274934706e-47,7.137741737277608e-173,1.9629639059983532e-142,1.4229998435018246e-63,1.3938480800545767e-223,1.873908781762588e-153,6.255406393264004e-83,6.561421133786151e-147,1.0028676224824146e-224,1.20203344704144e-142,5.823693404215986e-105,8.316941484909832e-232,4.490151823590045e-179,6.5473263336518105e-130,6.0085550430070064e-71,4.159511785820817e-130,1.226201378711078e-183,6.734936362469625e-145,5.695959516795927e-105,3.56034770773709e-73,1.9157742770821692e-79,1.5595652618584e-155,2.0947439030354573e-107,4.874350740809976e-100,3.049126973612809e-104,4.1290559677921117e-32,2.746835155149984e-150,1.7920908997876705e-115,6.0672977130352985e-201,3.3625013719721926e-162,4.662149743880289e-109,9.117442072382891e-53,2.832708896458854e-116,1.3128749174534544e-104,6.535325314691144e-59,1.5445538232003035e-102,1.3735713104389228e-56,9.481905141191064e-208,1.2520769001598498e-98,1.282238075151788e-119,3.952508080627545e-90,8.574687063232278e-209,5.224397251190108e-171,0.0,1.667745441640086e-265,2.29208e-318,1.9427382404613236e-262,2.317048618802699e-230,3.071052124447401e-253,1.236472197417957e-258,2.1975413379398542e-30,0.0,0.0,5.323640264564856e-232,2.40797e-317,9.269397973584208e-144,2.47099831484895e-296,0.0,2.714549225573559e-292,0.0,0.0,6.789897288923553e-195,5.082040921297234e-263,0.0,2.2858355971807472e-213,4.2502354601424965e-300,0.0,0.0,0.0,0.0,0.0,2.893251880983426e-300,0.0,3.211090213169517e-267,0.0,0.0,0.0,9.91796663209016e-282,0.0,1.1275e-320,0.0,1.2580863e-317,0.0,0.0,0.0,0.0,0.0,0.0,0.0,0.0,0.0,0.0,0.0,0.0,0.0,0.0,0.0,0.0,0.0,0.0,0.0,0.0,0.0,0.0,0.0,0.0,0.0,0.0,0.0,0.0,0.0,0.0,0.0,0.0,0.0,0.0,0.0
1.2572234324338002e-20,4.558916486955e-36,8.049095489814585e-5,2.2343191578754206e-11,3.535561126290089e-13,1.28535213046494e-17,1.4289792819345146e-18,3.417295011013587e-22,3.024161894296126e-15,2.1975123310324467e-16,1.3678668360828995e-11,1.4230591565946439e-8,0.020428742628889333,0.021086665176851305,0.03247156335236029,0.0015478982690015806,0.006365046151928647,0.005059852006445023,0.013404799162804314,0.0071871740375344575,0.0017421430627705943,0.01851449041634306,0.01748402528553162,0.013577325865512043,0.010929690346157634,0.012936729960255558,1.5686714879569956e-9,0.0028002185300585415,0.006980250910368925,2.441616038145833e-13,0.0007794525998969713,0.017897537839658605,0.006595086251020397,1.2737446103611857e-5,0.007486985534955959,0.00901504315270114,0.011023023761414483,0.012543944065176024,0.025880201071161454,0.006533011361645157,7.677158551769849e-6,0.012241072097435924,0.024525992408574275,0.01587448095807586,0.007714344575020144,0.0026408053825292604,1.0984261885825307e-8,0.014333415593056243,0.011127520093121937,0.01167630658624569,0.012206519208310819,0.010764623383182554,0.012388755314417901,0.009387848880984288,0.001999598450770869,0.008478515591922876,0.008786206431998284,0.007187010136342264,0.024593181749721405,0.020506876617676337,0.01402556548794362,0.009754529189530832,0.016392249567546664,0.008824427605510637,0.016221881740546215,0.008880042389094747,0.017307959129829586,0.017452556984762346,0.014928439872696465,0.008826945803374528,0.013619675872981659,0.013723455228548204,0.003064120083740891,0.021686880929802945,0.0040213534004228104,0.0047020248378204215,0.01808463494267406,0.010045505052424051,0.019447456761242904,0.014956227100794849,0.0004860167707109627,0.008620429562413148,0.01390809158616984,0.009410328199623171,0.005432210620149343,0.0015345328707926846,0.01316780470774885,0.006211559236751152,0.004566314703745871,0.009248647556210073,0.008747438882221509,0.004530385095403005,1.4562614621317199e-6,8.498318295180288e-7,0.0072689910989757,0.01708305038052845,0.013452872864714607,0.0013147423436554316,0.008201762450417776,0.02171619586172982,3.066512135085051e-5,9.380295995973603e-25,0.003090687019148853,0.008983497078257853,0.0013204472334093656,0.009268985791301166,1.1326983688788996e-44,1.927750475044283e-7,0.0016722166383863555,4.420628149622106e-6,8.354288780356966e-8,9.521883004396295e-149,3.638683403311429e-105,0.002990811614023426,0.0014747546475636648,0.001433500915881801,0.00463603052872328,0.0015453435095744265,3.620639818942576e-37,0.003090687019148853,0.004634742758894587,1.8430837174456216e-32,0.0,0.0015453435095744265,0.00463603052872328,0.0015453435095744265,0.0,0.001592267524157077,3.3723601635952973e-159,0.003011470588396268,0.003090687019148853,0.0,0.0015453435095744265,0.0,2.2844083241163466e-116,0.0,1.12428241222133e-55,1.5839697261197072e-199,0.004636030528723279,0.003016097559501883,0.0015451451494465438,0.0,0.0,0.0,0.0,0.002768930346367524,0.0,0.0014890063511176159,1.112654031622102e-31,0.0,0.003090687019148853,1.0905029064498252e-90,0.0,0.0,0.0,1.307303933729085e-45,0.0,0.0,0.0,2.149303916741015e-237,0.0,0.0,0.0015453435095744265,0.0,0.0,1.146908071146463e-91,0.0,2.0191967824181096e-289,0.0,0.0,3.083571070787477e-137,0.0,0.0015453435095744265,0.0,0.0015453435095744265,0.0
5.5874685445382875e-40,0.0009426219826652677,0.028903303602315106,0.613683016727524,0.27240128789609463,0.08144055375730207,0.002113254368891098,2.1482947067520287e-13,1.517185097624218e-33,9.60783807521696e-50,2.6783051616146166e-71,2.145043965293406e-7,1.4047042467045339e-38,1.0039103683235538e-57,2.3038436654713255e-61,1.1504066298517437e-48,1.109899714998878e-21,1.1586040498423472e-35,4.5622292660960345e-67,5.550144640324164e-28,6.042306030657879e-57,4.338756497909207e-32,0.0005155076763605973,1.167893027760826e-10,8.027798547673476e-14,7.333293219825409e-11,1.6277296837836678e-9,8.549538985983652e-123,2.4888254270925353e-80,4.2875197525118457e-82,7.881147522428473e-48,5.3983005898995225e-73,2.6349484821417284e-42,1.1898127537586689e-42,4.7542984974539127e-42,9.938083736575249e-35,2.3766630377170161e-7,2.2791312451063983e-46,1.1506110004988875e-90,2.685730770979598e-47,4.04251416549045e-51,6.608908184103677e-65,4.420894623935994e-18,2.17193255612084e-54,1.9551183306501219e-90,4.6731305879713285e-79,7.624865525281182e-181,3.840161479261141e-129,1.2155876184630346e-201,4.3680917836542824e-111,1.5490539162604418e-114,7.030668650494418e-267,1.8393097171590108e-103,4.413892986801868e-121,1.4162427620513131e-176,1.542426389977225e-201,2.9749742398235936e-159,2.3782981301029012e-132,2.4588410839923353e-151,1.6127054121345568e-139,1.4192585326462164e-195,8.73724935716258e-200,3.133730419512871e-161,1.572374767353264e-210,1.3891257547272724e-234,7.689591096950067e-136,3.092201512741803e-285,3.0e-323,1.1670594731394796e-174,1.1871839661169927e-114,1.99963e-319,9.770087730063008e-226,1.0431707051817168e-188,2.9399844265104206e-187,2.335145568279104e-122,7.477825498942482e-172,2.1175807577399347e-214,4.9535498129760675e-154,1.6511345783343923e-154,4.058911513252641e-198,2.4747199755583966e-199,2.3031354275034724e-161,4.723283989753566e-239,6.118594154509881e-147,2.6198213262445794e-206,9.623761150017855e-198,4.1126829952081953e-209,4.6656138381525774e-197,3.74518100792282e-229,5.873910660724599e-135,3.74252230568534e-197,6.296087045200334e-231,3.798876344493521e-156,6.578097712677762e-171,3.7703119251228025e-231,3.3393526310090037e-90,0.0,9.357653686002308e-194,9.14453498425865e-181,2.0895920803026343e-101,0.0,2.4129019663422196e-244,0.0,0.0,0.0,5.34e-322,0.0,0.0,0.0,2.4174004148478224e-27,0.0,0.0,0.0,0.0,8.610029868758559e-151,0.0,0.0,0.0,0.0,0.0,5.63e-322,0.0,0.0,0.0,0.0,0.0,0.0,0.0,0.0,0.0,0.0,0.0,0.0,0.0,0.0,0.0,0.0,0.0,0.0,0.0,0.0,0.0,0.0,0.0,0.0,0.0,0.0,0.0,0.0,0.0,0.0,0.0,0.0,0.0,0.0,0.0,0.0,0.0,0.0,0.0,0.0,0.0,0.0,0.0,0.0,0.0,0.0,0.0,0.0,0.0,0.0,0.0,0.0,0.0,0.0,0.0
1.738229720786128e-21,0.024322714971176024,0.32294885464852147,0.3583426898374924,0.2648939772379866,0.026995043568981632,4.834000167973393e-6,1.7316484974549029e-13,7.769081626321481e-50,1.0452682463944692e-54,6.185499033877975e-110,7.499714490095525e-25,0.0006958538141363324,1.029429195710664e-59,0.00012000278992958833,1.380581453768506e-78,4.1967477943163e-14,1.0048793432203156e-82,0.00033983715684947493,6.773701172936458e-83,0.0007642506276620009,2.837873284260408e-107,2.048721552431543e-56,3.5615257928981222e-56,9.112335647880041e-156,8.630833773315832e-21,1.0699147324151433e-87,1.611794774469357e-103,6.572554027485154e-184,9.776288152454236e-124,3.1558521591895004e-120,8.484069863881153e-71,1.2689596808354232e-78,1.0196285775052796e-46,2.2636883229839844e-103,0.0005719413468814867,9.243303116258585e-66,9.068189778541859e-106,3.47205738644642e-143,4.169393969767497e-82,6.421233338417891e-33,1.4222481528279548e-157,2.044840244374045e-21,1.6570163300830118e-93,1.1269227616302e-171,1.5883240851750458e-161,1.3135089689623385e-199,5.592816522037186e-148,1.123391569571759e-162,1.1514693127930956e-104,1.029893373581465e-159,1.3399278246146624e-267,3.838094795303036e-127,1.2066678758181777e-56,1.9618582400841842e-126,4.762355696478871e-169,8.593754342622479e-210,4.04711476196562e-182,1.3748219805875496e-188,1.618544034166142e-163,1.8666921687729746e-243,2.4142962221376795e-134,6.077834190513409e-130,1.122588866989326e-283,1.0563100793400293e-231,3.789547296806757e-207,1.6565533417476697e-298,5.962515880570143e-252,2.065418732437394e-211,2.1716905064769084e-182,1.6883032576563933e-297,2.7471665252669086e-261,3.6715536333066826e-203,2.2178383428594115e-158,1.3665553906960127e-130,5.492698473675794e-276,1.0580353578668191e-197,4.0151769766700978e-202,9.104365430934102e-200,8.886297973679495e-254,1.1876934991598028e-235,1.4612045687972058e-248,2.0239383147994718e-245,5.217223043137909e-193,6.071084469361071e-254,1.301536937327491e-190,2.974239636052267e-246,2.391699340198087e-249,4.482890358496323e-249,1.183708112501178e-182,2.2452484644437587e-128,1.594820255469889e-137,2.5130541875487623e-149,1.7533133333794282e-144,1.1737740535130741e-188,1.0849592518326698e-138,1.7463010052833105e-248,2.6147776713702606e-199,6.108666454105056e-221,1.3617741854601311e-129,2.5433761943200977e-271,3.372151477228957e-240,0.0,0.0,0.0,1.3032169329448929e-306,3.29932102259526e-310,2.9826941993639448e-304,0.0,2.8136187588941015e-65,0.0,0.0,5.6244e-320,0.0,4.2601361131988233e-190,0.0,0.0,0.0,0.0,0.0,0.0,0.0,0.0,1.465308531960128e-308,0.0,0.0,0.0,0.0,0.0,0.0,0.0,0.0,0.0,0.0,0.0,0.0,0.0,0.0,0.0,0.0,0.0,0.0,0.0,0.0,0.0,0.0,0.0,0.0,0.0,0.0,0.0,0.0,0.0,0.0,0.0,0.0,0.0,0.0,0.0,0.0,0.0,0.0,0.0,0.0,0.0,0.0,0.0,0.0,0.0,0.0,0.0,0.0,0.0,0.0,0.0,0.0
3.100379842300071e-69,3.753733104810812e-41,1.0335808740264302e-23,1.2416365108498565e-8,0.028267600818781893,0.4700945181928055,0.3455791925380415,0.1535893639727239,1.1696829535047516e-8,7.900228402727564e-14,1.4918175693483714e-17,2.5278731808314956e-25,3.5106204250068836e-40,1.390520504716491e-21,4.3919011726835716e-64,2.184200916622634e-15,9.7766296503956e-9,8.459142550110185e-63,2.125795647892822e-120,0.0006753408615433294,3.265136292129202e-7,2.673554216661999e-51,0.0005213665975385311,8.069925788364922e-43,3.6584310953523093e-65,6.3551207356015195e-6,1.7934603694540705e-5,1.147404413305217e-134,3.28073771359595e-15,1.0452535255761375e-21,2.0063535410516518e-20,0.0007795104987895823,4.528992418703579e-67,2.8513792239735154e-83,0.0004684563497330252,2.0311288513760426e-13,1.5048270901279584e-31,3.65038174452775e-44,2.478075621766262e-49,1.534165839794263e-76,1.8467387838455583e-65,4.187138959573881e-11,8.442010120782264e-91,6.424063079428554e-139,3.8399944235928315e-24,3.1716950765041466e-79,1.0976964266698116e-90,7.791414931936791e-142,2.3415662011553155e-105,3.3449610409330937e-134,1.9700664296770247e-138,6.116624727950014e-211,9.616316270151121e-56,3.3436769285282014e-48,9.372028045630052e-258,1.4477998293955189e-161,4.630651192207662e-207,4.5987810085627425e-98,4.2279739644114965e-151,2.2647146349524538e-160,9.313528146047e-312,6.914404387601143e-232,4.911456066770464e-168,0.0,1.0612683191920971e-215,1.9598001460742045e-182,6.588911426114537e-259,6.431055431445984e-183,1.6596428663673988e-195,1.3369569143086883e-198,2.8745013928788065e-266,9.048437099026833e-225,5.5590466833212245e-182,2.7671533520861415e-259,9.480396755174878e-232,1.4549509270166517e-282,1.5283628472474958e-216,6.624935533716718e-216,6.123446693146003e-33,6.3138950576529605e-257,5.111830110401719e-248,3.907158608794791e-174,1.4264858773587176e-168,5.378124656666457e-125,2.4879019868660867e-121,4.036497026172544e-95,2.832182387364101e-181,0.0,5.197102629426693e-268,7.998262318824063e-86,2.3003324299316478e-157,2.9520664186470963e-180,1.7093523949608086e-143,3.175702790890772e-126,7.294698327230069e-129,1.639740345869497e-49,1.1958428547223281e-187,1.4633891850842242e-188,3.054668744044293e-226,7.692094400225305e-156,9.360014e-318,0.0,0.0,0.0,0.0,0.0,0.0,0.0,7.0e-323,4.793860389599275e-100,0.0,0.0,6.459424360554592e-254,0.0,0.0,0.0,0.0,0.0,0.0,0.0,0.0,0.0,0.0,0.0,0.0,0.0,0.0,0.0,0.0,0.0,0.0,0.0,0.0,0.0,0.0,0.0,0.0,0.0,0.0,0.0,0.0,0.0,0.0,0.0,0.0,0.0,0.0,0.0,0.0,0.0,0.0,0.0,0.0,0.0,0.0,0.0,0.0,0.0,0.0,0.0,0.0,0.0,0.0,0.0,0.0,0.0,0.0,0.0,0.0,0.0,0.0,0.0,0.0,0.0,0.0,0.0
1.0,0.0,0.0,0.0,0.0,0.0,0.0,0.0,0.0,0.0,0.0,0.0,0.0,0.0,0.0,0.0,0.0,0.0,0.0,0.0
0.55259013,0.27258033,0.44718075,0.8384307,0.6441206,0.77579063,0.117443785,0.84893435,0.6576185,0.11265869,0.19257243,0.6270816,0.6984707,0.8134469,0.40270823,0.107453845,0.2474596,0.5814051,0.25257733,0.72496593,0.8998062,0.47251472,0.2821202,0.6702716,0.38743904,0.33723405,0.042409208,0.5677903,0.80704033,0.6878855,0.037430305,0.3773044,0.6624993,0.49226072,0.6193078,0.44228983,0.7077782,0.65259933,0.48195833,1.0,0.39269868,0.22751015,0.52207667,0.14225622,0.018192517,0.8587735,0.10268355,0.15239619,0.00797974,0.4275041,0.23239604,0.52796286,0.54281205,0.12237156,0.092416674,0.7412663,0.17767957,0.46255183,0.087441914,0.3223551,0.46730772,0.18747166,0.34758767,0.45758063,0.9639995,0.21747798,0.43764997,0.0623071,0.25750425,0.3723098,0.31270522,0.35235113,0.2372489,0.60757285,0.76359797,0.35767195,0.1575553,0.4171907,0.5779314,0.90123934,0.18239926,0.06731425,0.751739,0.5923476,0.43297434,0.05731488,0.91410094,0.26263335,0.67704064,0.71727043,0.29759645,0.30220026,0.16245188,0.022645678,0.33273733,0.3275316,0.12761497,0.7676244,0.20728022,0.28751537,0.5727451,0.047350932,0.17244963,0.08250174,0.86351234,0.7704166,0.6826948,0.21220244,0.24276567,0.54703796,0.50743544,0.09734253,0.6943205,0.077432886,0.13755757,0.36747387,0.3826854,0.012674428,0.40737692,0.53726864,0.3973427,0.6381875,0.3177169,0.5621711,0.7265754,0.14728196,0.5975644,0.6234129,0.19745483,0.53247833,0.4127545,0.2675985,0.73344505,0.7020912,0.05232358,0.9521085,0.2776687,0.027611028,0.4523932,0.80263126,0.13262407,0.61213744,0.5118343,0.7363743,0.6318964,0.22256379,0.47782502,0.49722114,0.71316445,0.9926132,0.6029301,0.88695484,0.7997687,0.5026347,0.36230072,0.16752169,0.58718526,0.55724514,0.75759137,0.7910339,0.82493985,0.07237678,0.6681329,0.03263376,0.5170924,0.7809286,0.48664096,0.42287982,0.917663,0.9473914,0.2927081,0.64768296,0.3074019,0.94326204,0.3420809,0.2021809
0.60757285:121,0.092416674:18,0.13755757:27,0.64768296:129,0.05232358:10,0.3074019:61,0.9521085:173,0.751739:149,0.7809286:155,0.107453845:21,0.5779314:115,0.2474596:49,0.5975644:119,0.3973427:79,0.5814051:116,0.28751537:57,0.75759137:150,0.94326204:171,0.2776687:55,0.39269868:78,0.33273733:66,0.13262407:26,0.07237678:14,0.6681329:133,0.86351234:165,0.43297434:86,0.5727451:114,0.3223551:64,0.7676244:152,0.55259013:110,0.21220244:42,0.6193078:123,0.022645678:4,0.47782502:95,0.2821202:56,0.91410094:169,0.54703796:109,0.53247833:106,0.9639995:174,0.16245188:32,0.49226072:98,0.25750425:51,0.5026347:100,0.7363743:147,0.8384307:162,0.46730772:93,0.11265869:22,0.22256379:44,0.49722114:99,0.7265754:145,0.5621711:112,0.08250174:16,0.17244963:34,0.29759645:59,0.18239926:36,0.5677903:113,0.6270816:125,0.35767195:71,0.40737692:81,0.43764997:87,0.84893435:163,0.6381875:127,0.48664096:97,0.3275316:65,0.90123934:168,0.5170924:103,0.7077782:141,0.19257243:38,0.3773044:75,0.8134469:160,0.4523932:90,0.9926132:175,0.047350932:9,0.7704166:153,0.80263126:158,0.5118343:102,0.3177169:63,0.2372489:47,1.0:176,0.80704033:159,0.00797974:1,0.67704064:135,0.15239619:30,0.3826854:76,0.48195833:96,0.6318964:126,0.77579063:154,0.0623071:12,0.6441206:128,0.917663:170,0.018192517:3,0.09734253:19,0.50743544:101,0.40270823:80,0.55724514:111,0.2927081:58,0.73344505:146,0.26263335:52,0.077432886:15,0.7412663:148,0.82493985:161,0.14225622:28,0.117443785:23,0.6702716:134,0.54281205:108,0.31270522:62,0.46255183:92,0.24276567:48,0.72496593:144,0.042409208:8,0.1575553:31,0.36747387:73,0.6576185:131,0.4127545:82,0.8998062:167,0.45758063:91,0.6234129:124,0.44228983:88,0.037430305:7,0.03263376:6,0.58718526:117,0.36230072:72,0.6624993:132,0.5923476:118,0.6878855:137,0.44718075:89,0.76359797:151,0.14728196:29,0.4171907:83,0.18747166:37,0.16752169:33,0.38743904:77,0.05731488:11,0.12237156:24,0.17767957:35,0.3420809:68,0.6943205:138,0.27258033:54,0.8587735:164,0.2021809:40,0.25257733:50,0.53726864:107,0.6826948:136,0.47251472:94,0.027611028:5,0.087441914:17,0.34758767:69,0.23239604:46,0.30220026:60,0.3723098:74,0.71727043:143,0.88695484:166,0.6984707:139,0.9473914:172,0.22751015:45,0.20728022:41,0.6029301:120,0.71316445:142,0.21747798:43,0.42287982:84,0.7910339:156,0.012674428:2,0.06731425:13,0.52796286:105,0.2675985:53,0.35235113:70,0.7997687:157,0.65259933:130,0.52207667:104,0.4275041:85,0.10268355:20,0.12761497:25,0.19745483:39,0.61213744:122,0.33723405:67,0.7020912:140
