30
0.5234209006474239,1.9653179757507812e-7,2.870819997854036e-12,0.0008779922299313015,0.0020593003696136097,5.764763731503702e-14,2.151415480386583e-46,1.7288724154786148e-14,5.797145476991772e-9,9.746559427407367e-18,4.8423165373812504e-5,6.291611020413281e-17,1.2874605354122634e-8,9.71388179284601e-13,2.938040198173008e-13,2.398876103548129e-14,0.0023535333771751046,0.06686601383285153,2.3313338130436958e-21,5.8463082821669475e-12,1.761079527225947e-14,0.35397324124936197,2.0878837658977617e-11,1.9890722823685293e-32,0.05040037982295881,3.344853506813384e-22,7.075753397496362e-11,1.737700708217389e-25,2.636859320557651e-14,1.3730821152262773e-18
0.0006228808436012593,6.096525588459572e-6,9.850955738136769e-12,6.517104974970078e-6,0.00644659492355477,1.567031960586215e-11,3.9345515096540236e-9,1.6765912412680084e-9,4.3110931006194434e-8,0.001972213832446431,0.002554287561939079,6.950804483439907e-10,0.42474016834728107,2.2877219845743296e-10,0.002803169661309445,0.0003497749245381824,0.43112110594559244,0.0018143286526738666,4.029244959111949e-10,0.0014737950725778517,1.1171508255687848e-8,0.004888803083330249,1.0955062797032004e-12,1.7261144013440827e-6,2.8450147481289014e-12,0.12011344904562506,4.2094626188171043e-7,4.2904329750513345e-8,0.0010597787604728348,2.478449968013782e-5
8.02515065424801e-9,0.42700978671784806,0.07695885165884013,0.028318384637401384,0.0004577409652533161,0.015834505296653,2.756640710831993e-18,0.012923396810759252,0.00019829516394062637,0.0055357525994860594,2.0407008902175398e-7,0.012537431434440138,1.1036164177340202e-8,0.08938703088461347,0.00043892953848491325,0.0016964949700499922,4.813890494203715e-5,0.0021792249236760645,0.0047602163963470214,1.8987517375143517e-6,0.0015138171052382391,0.00033518989180535163,3.5754396095731306e-12,0.034347832449200894,0.0007509774629192142,9.912060288709394e-7,0.014284211254615264,0.14802969494771195,0.051162544636180994,0.0712884382568469
1.7966479164753196e-10,0.04049806210914209,0.0024944877695126286,0.021101265950792192,0.04679120168897358,0.010237828916360483,2.81943012975878e-8,0.001756305771637896,0.0002970341071992643,0.002094750895670618,0.0018969398087129818,0.004117107372543598,0.00012126480623637438,0.002064352325166727,0.021123949873750117,0.16390884775823503,0.005377539285299508,0.010981615519287502,0.017505001124912992,0.0008794172111546536,0.020824518103365157,0.005848251654003729,3.27705197749737e-11,0.028707224896886745,1.5681008106284267e-8,0.0003327678531632319,0.0002571880922691522,0.32431097773667217,0.23539193860298177,0.031080116678325182
0.0071489281489564545,0.11278416723585534,0.008654175220237047,0.010322746352735978,0.00039130540820023733,0.008310509286382016,1.186510890951685e-7,0.0007650923604039711,0.20355763268994617,0.027936652839294817,0.00013464153261764415,0.004382779204225268,1.3701276939868575e-6,0.0006030121759988261,0.0686183856216487,0.003423303055653085,5.370683917532738e-6,7.454143897323258e-5,0.12578617490650482,0.027804985038481132,9.109805296481051e-6,0.0004017897770117076,3.3583922028179193e-9,0.18181899432036755,0.03588873752741913,0.01847251139696917,0.02368807438717853,0.002762347638883414,0.0987725105908645,0.027480029218802066
0.006517744857078402,0.0001170108205940318,0.27781123361061283,0.00018148258079614692,3.187352755639255e-8,0.24169298380753845,1.260843723522e-30,0.27043813175820375,0.013686413957388217,0.05497546844625364,0.0009976042115752593,0.0011512487004098765,3.733496347011563e-11,0.010013558371090268,0.0013289799879517218,2.258765226057601e-6,3.0629536707921893e-13,0.00029503978651384416,0.00022206508006219507,0.0016022732064526416,0.002528911554613985,0.004110393069036533,4.084482093843965e-12,0.09163332731986075,0.0063981519117827295,4.33933906939681e-9,0.007138370776093016,0.006955569173009604,4.7326059351642837e-5,0.00015441593391192957
1.1417773803015587e-8,9.382603084903592e-13,1.1514409544799283e-22,7.499485509559026e-7,2.2792650333013872e-22,2.7290565391943944e-13,0.9854996726987847,2.916725036834421e-20,4.50289502854701e-45,4.304446541303488e-6,1.365987814062539e-5,5.4423686646578676e-11,7.444817599369603e-9,1.0128749481349638e-20,0.003025755517382013,8.176133551184574e-31,9.82863104532082e-14,0.0009952870181414632,1.0306410702225552e-24,0.00042389026214030557,8.4770309479052e-28,0.004986871208123449,0.0003922044824156831,1.7633603602181232e-24,8.025096208496587e-21,0.0005035549643516789,2.8711562918923053e-5,6.738209108905935e-6,0.004118580884909651,1.6593696225155116e-13
0.003335171757361608,0.029167840855353594,0.00027817937519101506,2.9291320527872263e-6,0.006160588804725647,0.020177267567034297,0.0038861092186290524,0.01405728307082391,8.994474151627754e-5,0.002844937788208612,0.00581413885437551,0.00044895282884739514,0.10209711465922694,0.00038725309386329284,0.26226867620249367,4.5257337882616794e-5,0.06326906716023867,0.007530367421021024,0.045550674684083546,0.0026975805877929296,6.835318884133461e-7,0.00010999462789101302,2.2352864912141816e-10,1.4303820248064134e-8,7.475354752077884e-10,0.0726687145723343,0.0005882815416009123,2.1024335952453777e-7,0.026512515933932168,0.3300102491333869
0.000934270804750589,0.01528351854102726,0.00988237693002481,0.00010349967654481844,0.002930325314916378,0.012763534086594149,0.0012813110722507438,0.01607236983990824,0.497440129684356,0.0014525299221605202,0.002645789206434515,0.013332192110175254,3.316733140779057e-8,0.26455112538033493,0.0034328591220837592,7.210330966333539e-5,8.419160918544576e-6,0.0011160695867117449,0.0048567929317754055,5.25864026152395e-6,0.008060495034631023,0.040407863257882704,1.3548179163093147e-5,0.0010793710440667279,0.0001565416738050784,2.4919965711701507e-9,0.004695242496339576,0.00288512269779333,0.000866281672372592,0.09367102296372543
0.005872946661452036,0.009171852044545355,0.004879544766572259,4.3118568391343123e-8,0.002060761280206789,0.00796471513781401,8.353838207289289e-9,0.041750957951797285,0.014663727592798317,0.8119674529114781,0.033055463366917885,0.0001791513998766666,0.0001264930500600642,6.94604502291084e-5,0.003700537753133244,1.6264146278016567e-5,6.279482349818111e-7,0.00025296223325396223,2.3343163150088416e-6,0.0013865559537574923,2.7772801375760814e-6,0.0002088930929877191,0.02230246226057952,0.015812223361305357,0.012677930232432248,0.0005211457761012506,0.00135213154658037,0.00018318425215458443,0.007890097460912886,0.0019272942996811338
0.00024377536821881647,0.0012908041907057901,0.00980491946358937,5.65246203741608e-9,0.00045611925170433863,0.008976356042329287,3.3560131452334297e-9,0.07700234743227663,0.0013912439806758577,0.09350419425333432,0.3361192892346615,3.424796225318716e-5,1.718806823902386e-5,0.004299438104456492,0.14393927561687342,9.462656071191631e-8,0.009861627730818489,2.33543836799144e-5,1.6342035468177192e-8,0.18122330070677084,7.995384718703877e-7,0.00772294543098959,0.0009363685643589516,0.0008641174067024127,0.012254295644393471,0.014771385442299096,0.05518787415966817,0.003689816466378434,0.02046299775455723,0.015921797824522067
0.00034729643429832536,0.026259530521458477,0.27258596591623196,0.01113532080193045,3.8547041086461246e-7,0.007017099276832688,6.991214267369595e-11,4.080249609913404e-5,0.00027934702467226666,0.0001334034552868274,0.014039092433273084,0.03506204845633223,4.3029854086781013e-13,0.007381279296350503,6.341214737907831e-5,1.2445414825629133e-6,6.790376998861671e-11,0.0015811979993084243,0.007192605695941385,0.005070676528663217,0.013550926650593789,0.008215815577688142,1.0747128583872524e-5,0.2152916823326398,0.01098147436798322,2.0107423022794185e-9,0.15054552383609407,0.21251118080476425,0.0002440922381148929,0.00045784641859807616
9.644361421025985e-6,4.828083325830478e-8,0.025125916880212526,0.0008165927860569558,5.880326094261921e-5,0.13462361707080764,1.4941222243608274e-7,1.9302710528972755e-6,0.1292462615291044,1.9617893231649543e-5,7.29024304963354e-5,0.2954638036623529,3.9318401031344276e-7,0.007180473271426605,0.018182277431646788,0.004023265064824453,9.903223273462553e-11,0.00287542546834592,0.3084870313108764,0.004473359040342933,0.0019665564280992643,0.013534365010977746,1.2445200629490644e-8,0.007167677769144834,5.4932951604980776e-8,1.1908357924535168e-5,0.043233339917868305,3.399566923995553e-8,1.044647631448818e-5,0.0034140919566090036
2.370235363455913e-14,0.48198254464342083,0.01940181699720239,0.15052150315437293,3.874654698156276e-5,0.0038198492937848248,2.0003134535806197e-17,0.010355074906635548,0.027854491427807875,0.0018506363839697355,3.4386235556809144e-5,0.03903504708777736,1.388560822965142e-7,0.011755905520496907,9.700066324654018e-5,0.005378577393034231,0.003914533581524303,7.413511332042562e-8,0.050626317605977425,0.013962828078451298,0.0007164651866263038,4.468425761926757e-6,3.228332693935703e-11,0.004072212971303102,0.004387735277053666,6.2733719819469725e-6,0.0055588413994786786,0.04318027941902279,0.05012620414061411,0.0713180472644141
0.11310038484884771,0.00035092171305537215,0.0006193416871876576,3.343105652286889e-8,0.0003748412756401699,0.11092376650963649,4.338514312803108e-10,0.017065146876207363,0.038242920994339,0.20633558043550007,0.034052818980257055,0.00045644714119801787,8.397560630498894e-6,5.0928095793842826e-5,0.007645598040769928,4.048925520855954e-9,3.3341753768037073e-7,0.20170763794655464,3.424609102871966e-5,0.019012649745964158,2.0128575217565413e-9,0.17595399676870954,1.189229407754694e-7,4.9777983173380466e-8,0.0018889476391737835,9.478490719521648e-5,0.06734364739389412,0.0002485922285582666,0.0003679324816970202,0.004119928593008783
6.583045765176122e-14,0.0001653514608230679,0.30593071453880155,0.07916981842108264,0.00044650433756318034,0.07573877240260676,7.921304912646933e-8,0.003269591500639546,0.0012851454205824822,2.013040555358911e-5,0.017233630476972215,0.04526202751559369,5.432003043870865e-9,0.30455398473082385,0.046079715472370046,0.0015518368699207357,1.634274003940853e-9,5.7397649103956985e-5,0.0036045054768053604,0.012268186107186664,0.03176562340249844,0.00616463860819073,1.751413456323224e-16,0.05162052427594796,0.002134831267113319,4.037949561197206e-5,0.008528130493246435,0.0007714441174207216,0.0015916885954390138,0.0007453406787097641
1.0268441167402826e-12,1.261835667086353e-5,1.1843668271417138e-5,0.005326005407648817,0.016692972894569256,0.0027187797219244227,1.9032244328700938e-10,2.1986529207221014e-10,3.555395055079168e-5,0.005130102281321592,0.0003091481039933575,0.0005394928550709326,0.30208491598305104,1.5148102476632311e-6,0.003958977956365453,0.1810094883332166,0.034067190283349244,0.0028811619341819095,0.08054832591591359,0.00929395925743802,0.0004108840274485141,0.008121556707002762,1.606813793702188e-7,0.00016790742406794384,0.0025895346717635407,0.3429891840814274,8.50321670974476e-9,0.0006046687515534425,8.942474371927199e-5,0.0004046182834216419
0.01738096594521663,3.5433538160843696e-7,2.2868471696689538e-6,3.6243529594608914e-10,6.88045379436399e-6,0.006019370456510378,0.0013401864916947638,0.08143007817231664,0.002480030861393604,0.00018234833539820583,0.36070444987743244,5.42627211089039e-6,0.0050287671962510735,0.002008393615539628,0.00012687914307939652,0.00017633520083827425,0.004818703725965192,0.0007072332715985818,0.002093760981621056,0.3733901944953329,9.56775825478677e-10,0.0023610931549704925,0.04369576104004058,2.0329348925507806e-6,0.05786030412751794,0.00021235110667871317,0.020847521440599363,4.393125766852956e-10,0.016807866556810776,0.00031042220132064795
1.2622981622903636e-8,0.0003411425424057714,0.19460753879158196,0.005325995668888287,1.2878234137956808e-8,0.004790879798781708,0.00017014729117748314,0.0007226218854600328,0.02162795492427199,2.9525710524955654e-6,0.0007708220263956719,0.06612894981965642,1.0595458500473502e-14,0.460437440850802,7.700420568116614e-7,4.928691974602852e-8,7.905454437340954e-15,0.00016799775031357597,2.3410501549332605e-5,0.029636946868639873,0.177261138824071,0.002076934149003065,0.021536310885406654,0.00569186821823802,9.393439141823773e-5,4.5575999601023575e-12,0.008482164133891044,8.573686335062967e-5,4.5561615972013374e-8,1.6220847260242603e-5
0.1560750893517857,2.5637899787342505e-7,0.0008793796726039248,4.4514870952771634e-8,2.575328698064327e-6,3.0994852555018786e-6,0.0060666278532317775,0.0005957739614838854,2.03922896258858e-6,1.9727362825258352e-5,0.025550151576333818,1.856094319771343e-5,1.4605569831647534e-5,2.7870362573591106e-7,0.0010535330254478866,7.361463461239323e-11,0.007484424372868203,0.004704105608346795,2.0895382135076965e-8,6.124562614380772e-5,0.0005923467323708972,0.7967522295333992,3.2468700896743586e-5,7.278144811812108e-7,1.223228169747168e-6,8.540812252664239e-7,7.522408352733491e-5,1.7538169979723003e-10,1.1399807614939804e-7,1.327211896387534e-5
0.006440255802455981,0.20608842628109456,0.00020756202430991156,0.25859968548601336,0.0011238180945389686,6.6189644385091e-5,1.3859716393207386e-11,0.0016977041126900907,1.2537606540502875e-8,3.0068348198599183e-5,0.0021062247429467114,0.008209233814980128,1.2426598225622103e-8,0.011654260042737839,9.016674740178246e-5,0.051710699908445325,0.00015081933581961035,0.015296209956235929,0.00016799956190997314,9.249069091776345e-6,0.22045013709228023,2.7935650278073128e-5,2.97450087105268e-14,0.00013303510748294953,0.014194774628643308,7.735663263477277e-7,0.0032568296499520893,0.09944425993853025,0.0968343502943848,0.0020093061207720844
0.0994665349191369,7.227415023074485e-23,1.8092541147083593e-8,3.7706770602609373e-13,0.0011141351521486193,0.0007041928651469588,2.5166813872231296e-7,0.004729064111614007,6.015555230674839e-7,7.066544973081746e-5,0.057956589532521356,1.679796355663687e-7,0.002325965911502918,7.548368029481823e-7,1.130535252580244e-5,0.0006245547434489603,3.4449581726336815e-19,0.5404820197639534,0.0015787399655538704,1.8280587035475913e-6,0.003197080465340103,0.08972731127406457,0.0272980014352728,6.7389304494348886e-9,0.15195363753423544,2.7208495535502535e-14,0.018756572593037844,6.920954154111747e-15,7.887135311676114e-14,5.846015355827708e-17
3.2595124237186676e-17,0.0035841104614641093,2.0164497644018467e-5,2.6993562497290394e-10,7.273826860304109e-12,4.669535689116552e-6,1.6569469242258322e-27,8.42309560534548e-7,0.018774278632126648,0.10009279056475327,0.002408595662961551,2.3217541108952907e-9,8.467968357338497e-13,8.428642637258499e-9,2.3619903626991674e-7,6.2083954297095535e-18,5.1819122571777e-12,1.430103059596769e-7,2.770209076426131e-13,9.848222997129047e-6,0.0037414196258079456,0.014551898041234947,0.824070166929148,5.13573776532006e-9,0.021106254963760625,0.0008183315617099819,0.010802853367189304,1.077636899115243e-5,2.114698810575588e-6,4.891771590272563e-7
2.3197278411863448e-10,0.016013231743501808,0.015759795889532684,0.06975952271110647,0.16396569142154488,0.0005395418626263901,1.0731662222814423e-10,7.128571010037186e-5,1.2055184883949043e-5,2.9402982335043975e-7,2.5918515156077357e-6,0.053816717021860236,4.449560223876704e-5,0.013566816797160017,0.021962637742433726,0.4507381451041601,0.12311891006818758,1.1182429356561017e-5,0.011458168867607784,0.005592822068671537,0.022512106554520735,0.0010321265689508354,1.5353166793738312e-14,2.0301271321317492e-5,2.4734637816389037e-6,0.008522455341828628,0.0004924140271298393,0.0034018768372371814,0.007595367736158405,0.009986971753454733
0.019502244752025364,0.008576196046511345,0.0002572489613359594,9.05259877293655e-13,4.5375595747677646e-8,0.00017123105603240125,8.354787357124359e-18,0.0029496856413543547,1.4595408594676883e-5,0.15664156715608202,0.06672877153761146,0.01992810388342703,0.0012435947574066044,4.786666250134897e-9,4.408042461692842e-6,7.026469028593172e-11,0.005811906620998342,1.0404129425387078e-5,8.431531135612104e-7,0.15119084820666015,4.15227379461675e-14,0.016780257908387598,0.09306949467432764,2.777209673786192e-6,0.42985850158831684,3.0002935377364197e-9,5.001013793507233e-6,1.3357609726559485e-6,2.0365535010100673e-6,0.02724889270421966
0.005301720901665888,0.0018047041202494118,0.029632740783734474,0.12133375337589407,0.004158074692516459,0.07763230551173862,6.672522869056613e-5,2.3676474071149e-6,0.00016651464519482187,4.24755819604696e-6,0.00967491492500978,0.23113836413817854,3.2913906831068046e-8,8.493421688228006e-5,0.004198644611561802,0.005859773695825385,2.2332120182645993e-5,0.0009189893650808436,0.19429375530425683,0.010298993500891914,0.12274688192079909,2.8558906516466675e-7,1.7166138559343004e-15,0.11507745688474738,0.006227401101774808,0.02934981379632492,7.774227065027515e-6,4.25059640479995e-5,0.021907126706164248,0.008046864552945196
1.1166174127810265e-10,0.019725102404362805,0.0010616857968473333,0.0006486583118226935,0.0013029058362813207,0.046390483693216154,1.0912468796634497e-29,0.4491028767833351,0.002964191064835195,0.0157482850879503,0.0005826737607035484,0.008055347784945082,1.5038711740031573e-5,0.0005356035537872972,0.0026520805123358645,0.0034885820434512166,4.11120056297003e-7,3.4069820324571775e-5,0.00794912606193125,0.000606221501487623,0.00028810728143173546,0.03959367738045639,5.613691904310112e-10,0.029202692864603964,0.045914482287453456,0.00019064026672090055,0.011968117816005175,0.00349089205335657,0.11685372311931153,0.1916343224082157
3.3083050202507607e-12,0.0023957727313022336,8.146488754518647e-10,0.00011881034951287869,0.05105990969999951,3.10212555778904e-8,4.95428029021883e-10,1.2265832499399458e-6,4.600145375487665e-6,2.4664999572143994e-8,7.607385306011598e-6,1.1364431388281438e-7,0.0010262802097802735,5.2502144589639516e-9,1.4728886248397991e-5,0.000499233210959465,0.7973976845845074,6.992267563564788e-5,3.321539263056041e-6,1.4809207052580547e-8,2.1368154487757646e-6,1.8574188570578059e-6,0.006235866218067334,7.479146625447944e-6,0.00022327073454931343,0.02539745431441104,2.6495808436434943e-9,0.0015806357938788437,0.1136400279793492,0.00031198022471593125
0.0001293587547775111,0.014021980715835939,1.5509377061729208e-5,0.012000217613765254,0.26680175373574244,1.0537995494413398e-5,0.023349272560681825,1.5069032606673926e-7,4.7838508352530005e-5,5.602564002151746e-10,7.108971019168198e-5,5.3842517007403635e-6,0.091842070957923,0.0003869530039053996,0.005745270706663738,0.0646787313018405,0.07027283306114594,1.7068544168995343e-5,0.0005414570138364142,6.993898623034917e-6,1.099251106491111e-5,0.001142064905362999,6.055952318733835e-16,9.261737782399457e-5,1.5094274516371e-9,0.39197018386365795,9.761373974290029e-8,0.0007262165056162659,0.03533009672718726,0.02078325602382529
0.0056081657507608485,0.0006241553498833917,1.2874971553643203e-5,9.044723210415794e-5,0.07011361262082481,0.00045280198219287187,2.223387476746216e-10,0.0007736323514206981,0.031095959655511683,0.030153728113154126,0.05307415544417754,0.00016282451226509826,0.2727162658419668,4.447448603817127e-5,0.08480058296228457,0.06860460929959693,0.0007866980153548428,0.00020870226285697112,0.00197271969781785,0.051881228531141466,1.5774458439696034e-7,0.003208413217233306,2.8757131512263877e-8,6.0692525938134096e-5,2.0952884401088654e-9,0.23706559152419987,0.0005751556710991308,3.04548568657858e-6,0.08527746298124333,0.0006318106943501492
30,50
1.0805546528965622e-54,7.3955165111170205e-28,1.4710091932801988e-47,5.263062422731737e-39,1.0226151804975282e-12,0.0017856672970512073,3.0660272440301843e-30,7.749452342972367e-29,1.2371980739410972e-63,5.975913105210768e-70,9.607973156991067e-78,1.7190820519559754e-32,1.5378842355298053e-41,2.863890252609859e-48,3.5622005648640957e-10,3.135513541073793e-55,1.0609192384049244e-49,1.5658056748003788e-49,3.5178873485671417e-32,7.123639870564308e-49,1.867569840971105e-5,1.1359820071229999e-45,6.337690299560686e-42,1.62311722029421e-31,2.305667720500504e-33,0.001353859178500171,2.2568823988361555e-40,3.2627411331763836e-14,2.474037143857205e-15,1.1298674606985101e-34,5.097323592796496e-19,0.0014502142438151324,2.7970549570757866e-23,4.349472948394844e-32,8.350022277089559e-13,1.1074157195812593e-29,6.9986636529305184e-12,2.1985262520825544e-18,2.4911049356850844e-13,1.3834388152016654e-8,4.99983524595162e-13,7.26005534254491e-5,0.007792128308634444,3.7616155239308006e-15,0.004292869163443742,0.0005422791526581477,0.01390889761463372,0.01825540640347563,0.2923918512661506,0.6581355369195496
0.03394220240005358,0.04583762747600973,0.12017087947998838,0.10996402073863787,0.11447992703691698,0.10931607242929743,0.09816896382066853,0.06570283200684278,0.03210228622894009,0.08784200162754084,0.0253896594707624,0.03714460921432957,0.0375461318963125,0.0018418771516850174,0.011198931894354315,0.020321499486516067,0.03300890468397729,0.00015648924464254453,0.0007164327223593497,0.0010159132278874854,0.00028724177762153735,0.0010768059043078748,0.003392897763991002,1.0676471664259092e-7,1.65312240854165e-6,1.1858239900564027e-11,7.78566630452282e-12,2.3303261263155696e-5,5.6370365764575527e-14,2.3168027681701827e-7,4.2106474922185864e-16,1.5263655305030785e-14,0.002034809865161945,4.81674815515375e-43,3.236472049974631e-30,3.5912747779899685e-27,1.992171725567427e-41,0.0005857871162258081,5.3032045241366405e-11,6.767417335900205e-15,0.0026568604573136132,1.2098869156860588e-22,0.0032332191872150562,1.4997019665363455e-14,2.428544507969631e-8,0.0008395878554578302,1.9361464424572962e-10,2.0845448794599293e-7,3.816053086268942e-52,4.945219069998739e-52
6.960972027495283e-52,4.9733266832116925e-42,1.658527388693948e-21,1.06192221687214e-18,5.961796318234311e-10,5.2038654111074235e-6,4.414424998423432e-6,1.6975133559992572e-7,7.32972442385309e-9,5.4033348240350506e-8,5.331964377939213e-6,8.28464105207213e-6,0.0064824617116085136,0.002102756078296917,0.0009169482689725328,0.06603962323732086,0.09135607197858849,0.11030377517031073,0.06452868912498831,0.10067226518725089,0.010203621814358904,0.07107311873278696,0.035102493170419656,0.01821703164540072,0.11722970967029621,0.10129211663599177,0.0007682718849772726,0.09283869802525212,0.033921606527749865,0.02459740605732547,0.03609343718736019,0.005433300160834889,0.002514995310236151,0.0024220716092248754,4.603317545263144e-9,0.0017914574665197115,2.377164960452126e-10,3.058887676584607e-5,3.7475162112701287e-6,3.590609695167379e-9,6.593835091825417e-8,3.055761666894138e-7,0.0006657566982075497,2.574392315210002e-8,0.0028008811423091175,4.946474144288485e-14,2.5174564127387863e-5,0.0004877509440095906,6.0301305735774226e-5,1.8366917146337544e-23
4.314512495453663e-27,5.879598342604195e-24,3.158437681475693e-8,3.0968156427896187e-9,0.006390350675065389,0.0013865990651327838,0.0020984390100780015,0.020593161799270093,0.04277446909451619,0.12732879981973166,0.07366559466638355,0.25682833574837477,0.07285055432911722,0.013569965179773057,0.09542245386638354,0.014516259462303373,0.019012173556688803,0.011942695640256712,0.030392125220343007,0.04839728299989554,0.07389301020272085,0.029481201089786496,0.021834419863992222,0.014340172153711523,0.00024315086398369882,0.008473845275884186,4.0785664960056634e-8,0.00011141618239497065,2.6113333326854086e-6,6.3942676780446034e-9,2.945756431360424e-11,0.004341987230038401,8.845597683591339e-14,2.784058700953546e-20,2.8292996920813446e-9,1.215096236204446e-16,1.6760057379095585e-25,1.2296910642393307e-10,1.2364924472875372e-14,1.0257206306906383e-22,0.0030432176016958325,3.4180217455061473e-20,4.603987094810479e-12,2.5074197258873527e-11,0.007065592263042894,3.0217991622287366e-8,7.154804452607119e-10,1.5077628076842166e-20,3.717255189934742e-33,1.2070925371760774e-44
2.7193733399497753e-10,7.69394475326896e-12,0.0007985276611409138,0.0001617082053322918,0.04843571306121997,0.18612736985253378,0.11672433613563686,4.286293275489532e-5,5.275512937367865e-5,0.0059173375021796745,0.08815772545027202,0.04580091808979602,0.004359417058789974,0.042333661406306344,0.010662693988147611,0.007392432300127572,0.12891754693668034,0.16199181273474977,0.002746417292970493,0.07286943204414953,0.04961134499565197,5.717149134585168e-5,0.0015729570031387157,0.0002101220791579206,0.0011209391088329139,0.014822677629416576,0.0005479628199914675,8.202982569370416e-6,0.00020658046945440148,3.334172446443516e-8,8.951038450034158e-10,1.552887959153546e-8,4.823446711631794e-9,1.1063035113672773e-22,1.5985924297341008e-6,9.869868649383857e-13,2.3719958592553754e-11,6.608853037870483e-14,6.929996415721804e-7,9.461701430247424e-8,3.204794139519692e-5,1.345554725944017e-10,0.00038158408527439814,0.0014137731912920778,1.8585341447899227e-5,0.006500941838666305,3.0033082876513917e-12,3.344495845233288e-18,3.5963473602364076e-59,5.611978794764447e-31
1.1201829835433251e-46,2.996434178449216e-25,1.296564252022996e-22,6.807376720832937e-22,1.849109756929346e-8,6.573015030629075e-7,2.882865430031242e-8,2.3154197869582764e-12,6.480311897023333e-6,1.5174890460642941e-5,1.2649515241709802e-7,4.2219719209218414e-10,9.188293369423476e-5,0.00037703584417381403,0.009836264116941083,0.0023920434424908378,2.395523941126153e-5,0.020617791549484548,0.06340902612835023,0.0022972898999124042,0.0007728547077084276,0.04859989075687077,0.057260195139407714,0.15347118165925394,0.01634510183142716,0.05668012902618347,0.0033500589182577293,0.07110224805567746,0.1246816745784384,0.06215211271733394,0.02204142388353532,0.13823246345191825,0.012867206394010892,0.00026677542598059484,3.166423444549063e-6,0.0341952770123564,0.0013345437118552062,0.014740817498630746,0.02485125947610789,0.005160806369989557,1.0399982824607073e-6,6.0335593516229806e-5,0.035249686294463865,7.719196807467238e-8,0.0013971727823690575,0.0006585624216507872,0.01454662245842524,2.470455339452957e-15,2.0730773197087287e-7,0.0009093330154653529
0.2711461733354133,0.13268159995521672,0.10383234716214447,0.11535891745516091,0.09404146258875896,0.047890344218806266,0.03410570626535901,0.034370160868577145,0.033090687644203545,0.033148989898588124,0.03296584235754154,0.02030953175153644,0.01730891147539559,0.007104328732483667,0.005857074129756878,0.004037931290900599,0.0021049689827704935,0.0019305133618062612,0.0014203609421619716,0.0009670020499490067,0.001063711297231634,0.00048343503112622757,0.001387863171261544,1.2572663641714122e-194,6.277582207716509e-171,2.0681541592891372e-164,2.31221073884836e-195,6.276222086459198e-182,1.1041504720575195e-178,6.29330348526336e-178,3.1604074250074416e-152,0.0004655048670367404,1.227352399427613e-144,1.913941904936862e-129,0.00046276737436176137,0.00045879457408726844,6.916011454741925e-159,2.212613647195832e-224,3.950019580424362e-245,3.685636885296661e-136,0.000649110813248787,2.0435280296364862e-154,3.5039799883743426e-160,0.0004683325704330075,0.0008876258346821597,5.518500697498175e-203,6.52948116142715e-143,1.3467949634082193e-158,3.1106377334199538e-232,2.5127774526731587e-168
1.0722230478964254e-22,3.1267204720779504e-7,0.00010121225175788459,7.094722990066389e-7,0.0002485761560537311,0.0012981390224099444,0.00046366871779249095,0.00019116300848755113,7.508228592930029e-8,0.02513954030492789,0.03940402771786529,0.00023117141535990024,0.019382948930689183,0.04569933799119626,0.13580720463774212,0.02386914017969367,0.06987496825415156,0.07262573260311173,0.03624712163483798,0.07805362641324155,0.07838946282461116,0.014821428646694881,0.025255978575312463,0.060700350610295474,0.07009166346282829,0.02631574479176446,0.016682206108671698,0.03382504975534507,0.02170485851924171,0.0004783522932733093,0.0026841730375062344,2.762189968883686e-5,1.1218124478733483e-7,4.542866950497699e-6,0.0140658194319197,3.995092385082593e-8,0.007016269267746493,4.718560140126284e-5,0.03149590545595905,0.0068116739283427,0.00458885102715884,0.0001105901846788957,0.004709081465762818,0.012099645413076246,0.013607073860002792,1.6843834893784582e-7,0.0027413168944907893,0.0030861570408078926,2.357319267484584e-32,1.8657943056110284e-29
3.557440934701247e-38,3.152655583468027e-33,8.022120627684238e-31,1.6363988155223768e-21,7.181010308539471e-10,1.1530974904009774e-7,1.913624544760531e-9,4.48698237520105e-12,1.3145497421087864e-13,0.004372523217292826,7.226473424916143e-7,0.017668499135130605,1.78626651512218e-10,0.0005548190436843937,0.0002555996102356497,0.032264589059166605,0.0012151421551910733,0.022257552839619475,0.020272017282261093,0.01584462834997623,0.0102535505942261,6.874529949279067e-7,0.02840121270126487,0.0025933652718799854,0.08695617769387148,0.0669253489554295,0.06332614367576991,0.07375673265367617,0.04763972186120914,0.03815379811859987,0.10106767634235762,0.05873116388053812,0.06707292200310924,0.05225897557726408,0.06248644918805611,0.01090375940771021,0.031346841100292774,0.0001318325968118822,3.7399164520388536e-5,1.7914870807949837e-6,0.00024232484445563807,0.02124824134396384,0.00011724994809895154,0.00015630627978415073,0.022410756152469846,0.030420353437621877,4.574269315215045e-6,2.5680863755845267e-8,3.177919001387721e-18,0.008648406852143497
3.0034706835022237e-55,0.00020217406415020756,1.4887873354737202e-19,4.7196973369046705e-28,3.1400192288631407e-34,0.0003100073539987839,0.0010600980318050874,1.6224424160876048e-8,0.0011503345601410046,0.0005546969479231141,2.347353814239017e-15,0.001804354989887826,0.000367515427198713,0.0022634325095425515,0.0008645916322075654,0.00353721012414099,0.009612640965501316,0.006461365303067377,0.00736988896986431,0.0113003812281202,0.010799405462833755,0.011868333714509158,0.018142008593550352,0.021107466045821546,0.020732004753300733,0.02825629102877259,0.04075823755971172,0.037515163754704386,0.046540179737197436,0.05776677969145215,0.06427068096191861,0.07359763555828715,0.07754123989718043,0.09691207033737728,0.09039146789662597,0.07990516977960793,0.06191104376263815,0.05442866580681877,0.026441995689141365,0.0081331013457251,0.0036086465940377973,0.006496780263582057,0.0009964051109409057,0.004844383121790089,0.007178878006943629,0.002993622691061671,3.6345024935437424e-6,7.322920897450365e-19,1.5371316423870225e-27,1.0461698298100615e-69
1.1446120976579225e-42,2.286220848466486e-5,0.0005317013059451069,0.0024798624956782977,0.0012035972264268341,0.005515092176768359,0.0029075612090458877,9.503564388075783e-12,0.002292861645204808,0.00705725393895234,0.0028981368805904876,0.0012343104003868885,0.0008864359718477993,0.00535945860580556,3.18938419267766e-8,0.010465123331369067,9.074534847600862e-7,0.0009626299311972915,0.007350195857324141,3.469089794586333e-5,0.0005901313653652018,0.0023687318393393313,0.017788455557018034,0.003394781458603299,0.010259124493244193,0.010785657398116861,0.03502227089007923,0.02322737715021096,0.0331156493391189,0.04735513345524569,0.07222886005416976,0.06459538082440366,0.059936805842356236,0.0623374591832338,0.06604837524662327,0.07004930563504481,0.08859881268174205,0.07779371694439546,0.0854689877037718,0.07451779241934858,0.03431424311072866,0.0031884808180679043,0.00016159420968008125,0.005629964798004559,1.6486882574013067e-5,1.420111512775643e-6,2.2869578524844663e-6,1.9034463419774819e-10,6.4592338752953865e-18,3.857861048119347e-24
5.957570250638906e-49,2.4968222910519116e-37,3.600947654696331e-17,2.5765382571682887e-19,5.408254738768134e-7,2.970020781620816e-9,4.55558532227989e-6,3.554966468907166e-8,0.0011427421425959617,0.0006029222059999941,5.9382792819670966e-6,8.565843830925487e-7,0.002419484376933408,0.00013741402763522707,0.07915178343963908,0.002457626393578556,0.07179045729413054,0.0519021477190694,0.08644288507699353,0.07815840816947402,0.03913578918693128,0.05244473816291622,0.05754247020848109,0.07908222647505272,0.09105645149287454,0.09899837250911643,0.12107399842540083,0.014080190916872041,0.034129438566937516,7.614796176766672e-7,0.029528022434387506,0.00015855131740902113,0.0052595400018412815,2.267563953410238e-5,1.2171748648710903e-11,4.957687013552694e-13,1.9781251236402943e-9,4.022562820846277e-17,5.382986958791015e-10,3.736983342342319e-9,5.586819004061582e-13,3.303517274237044e-13,1.962361462280153e-9,4.678011702095914e-5,7.674531571357411e-10,1.9554306916924908e-11,0.003221743903737356,2.0389845104464096e-25,2.1528855071346538e-26,4.395053403303888e-7
0.012419557301539885,0.05263355134666506,0.083501597044002,0.10751373014922581,0.061990663131622464,0.06264765892490028,0.08333061303297118,0.07263978868458894,8.557448904889718e-5,0.051290062272688744,0.018494020761647613,0.04818657089727991,0.040574190443707234,0.038434084327951784,0.043478171493994855,0.012153980679469578,0.039700609091680085,0.02259225792951682,0.0189427629887328,0.03187361919793141,0.015349024971016591,0.023377487328271444,0.0013320256081755313,0.01472633264443588,0.0063222956913554255,0.008707813809822405,0.005351734529437876,9.500888134096794e-8,8.014131041425192e-9,0.003192042122401173,0.0004856522772910306,1.9742970724383702e-8,0.00045717534113619,9.824605719392772e-18,2.6881657116236972e-6,5.370093164599384e-31,9.147394376195361e-14,5.286998029094251e-25,2.721755582438562e-19,1.2160416416093815e-10,0.0067411683598445835,0.0033790665633617917,7.363292947934407e-9,1.0115350384930639e-7,0.0005464376257582702,0.004310531273075584,0.0032271761124135004,8.051982850199466e-6,4.3045357709557735e-76,4.501228964566518e-30
2.069733017317175e-39,6.238416937111209e-35,4.620969117763524e-20,1.0316643130652726e-17,2.9486886349936605e-8,8.341090437285878e-5,0.011184311626979002,1.3211013919610744e-8,1.5972007657332163e-10,3.5944146723072108e-9,7.5917734851754495e-6,0.0011710573640825778,0.0007345256074191311,0.054377033122233874,0.04587662768741188,0.09438677101725125,0.030856881066654795,0.04770797651993639,0.06335076524566695,0.03318749851738618,0.10544666050938872,0.07233517218233368,0.08732978697811924,0.11014549805384785,0.011829850544585354,0.0008354649187285936,0.0832874460744448,0.005338370471495145,0.058505636754176214,0.029990465790051296,0.005295196480993903,0.017940667357275498,0.012756727438055273,0.007020920214160723,2.9218742622222008e-8,0.00013297225091174958,1.1465841540882123e-12,0.003064967594080298,2.8236819577600412e-6,5.088935316323584e-12,0.0027809163755541013,0.0011967340281239434,2.1032632320233843e-5,3.5278832308080274e-7,0.0011158871002471022,1.1015688985466465e-6,0.0006776943408444767,8.213555986798538e-6,4.5481261223069905e-15,1.491418519765605e-5
1.158005003094249e-12,0.008455005231697217,2.93373931351703e-6,2.7197975197310265e-11,0.00023668678805850287,6.303246017011718e-9,5.772082671846345e-7,0.02433103249284083,0.013348714969274172,0.008554397314778372,0.0011994062903711302,0.020914868425577972,2.5354611400067654e-6,0.016798376097999813,0.026074123790336735,0.03181217747541912,0.02008562942964287,0.022265920380968522,0.021638653872507647,0.018298447607409295,0.03274302254295619,0.025804697699760747,0.04323493771657892,0.027516786680728607,0.04951140933271184,0.05772936090246156,0.03803816792626833,0.02315794611906906,0.028050088509119272,0.03759538908561485,0.021573733445025174,0.0017365028572072449,0.01239270897317958,0.0009752739442168254,0.004968429263688381,0.003671183294494621,0.0003012598831195837,4.1481800208536777e-10,0.004255563629126247,3.5359453131423793e-6,0.035461938986701726,0.030931550842638638,0.022218774544576304,0.04755599937712149,0.05733138924941262,0.09218559414968427,0.03868083528629553,0.02835442649090632,1.1150638603883353e-17,4.631722961918716e-19
5.903899629407558e-13,8.04281114697066e-14,1.6838249592622108e-9,2.2163190663607503e-6,0.004941607114927672,0.004745525767556696,0.000624386323515372,0.009714813093271633,0.0010607365567097233,0.0037589861803281315,0.051891188142044575,0.16399689858773206,0.15983173987387436,0.1687744378045693,0.10109505472015809,0.10915252639070148,0.027767865558323963,0.01996546328285996,0.06098641026298327,0.022203043522755143,0.0035488319512440806,0.00026850214625822363,0.05399354257964496,0.022103609593968402,0.0011578133462552308,0.00023740190196657786,0.002024329089332936,0.00238393916402336,0.000492924149227441,3.667657617955111e-5,0.00029723935272180373,0.0010357245829376593,8.183576407605162e-8,2.6729758534912825e-18,1.1148518935951706e-5,7.386918834034636e-24,1.5267105152643716e-32,3.3879377452868816e-33,4.1197919765208836e-19,6.873463642452952e-11,8.457408638006637e-7,4.659773663956825e-7,3.0399931710978877e-9,3.731856438388096e-8,9.14207703265532e-13,0.0018939818792294062,2.6215153686088962e-17,1.7322153514730264e-19,3.3695672393200696e-75,2.1078238675370165e-35
0.18669513376134317,0.24555778285230778,0.2675152533117944,0.08743301494949689,0.06252438231770607,0.04047398101824926,0.03369666570188473,0.0023171552544994805,0.016056374029816314,0.03444249536793944,0.014056509291372954,0.002341988224164029,1.8420080870094158e-8,4.0022562608245616e-7,0.0034117744098846525,1.2511365782499605e-7,4.911112336296263e-10,3.949941619296661e-7,2.986844838225703e-10,1.2668060985559938e-5,7.980892279450577e-12,6.71840922877036e-17,4.312584006060936e-18,7.938605017736965e-15,2.922478038603012e-10,3.153058245533089e-13,8.280697474719002e-22,2.63317135044557e-28,8.387562071859253e-27,1.3981229416845722e-22,3.680779263519463e-36,1.3269350186993995e-27,1.3435113581934335e-38,1.4132506105900587e-50,1.7767808042380468e-12,1.1650636571517756e-18,1.3601213194471617e-39,4.91229635470207e-7,3.275364955082387e-20,0.0011221374055418105,3.961042423507714e-16,0.0007580653033891974,1.4750215035915713e-9,6.497635625095714e-5,1.0817843314594008e-7,0.0015181016546316347,6.528002407678864e-35,3.33315035004448e-33,4.5713642723361956e-92,5.319596480660725e-41
3.797532744333335e-41,7.660650717137195e-45,1.2535461209404213e-13,0.002757479606982773,2.555969184908768e-13,7.680027977967206e-14,3.4735236754516877e-26,0.0018453605648425897,0.0018022162757730267,9.1137869331315e-13,3.532628546825033e-21,0.003035221049543128,0.001882798563669111,1.1152296756045489e-7,0.007791219674404312,0.001715585754225727,1.1854727436361139e-37,0.0029212699357973613,0.003527142134316904,5.608982592456766e-16,0.004759030423672167,7.925429595632854e-7,8.151496010542427e-5,0.0030252865950352228,0.0018675944168941552,0.010512067922465852,0.0015219913444854034,0.012923688423064674,0.012628561934410323,0.00972406889466822,0.006923607233127806,0.0020584690960524627,0.016162827086836588,0.014094406553003832,0.04590311241982474,0.02358408140566733,0.050290358586834574,0.045634612605045116,0.03857451007208046,0.03814234697097112,0.054963427753562326,0.0007658559897372639,0.03472228132142662,0.0720942140798041,0.13457342525890878,0.150126094460297,0.14788607001564735,0.0385029947361624,0.00048502796781832127,0.00018927384553873522
7.464892019419842e-34,5.46255700775829e-23,3.6758157653908695e-21,1.6503076267206378e-16,0.004847189616363157,1.4265268970721876e-10,6.514527418953488e-8,1.11890945082129e-6,0.001512366927163689,2.91513906323058e-6,1.6313431923068262e-9,6.827819712497269e-6,0.006405994841884898,0.0354626476339348,0.05009300246338505,0.03569931882298171,0.0533258786477966,0.045589445563892515,0.010190455031802811,0.12199437579660351,0.15000952450196992,0.09890115323406111,0.07867425642594246,0.01605889138642568,0.06397588815394491,0.030913978980920704,0.033370171008270604,0.05200544714576322,0.012507751903975383,0.05900681792749177,0.000893744648851601,0.001825137361184145,0.028345813481494345,0.00017091695484086855,0.0016145265792123153,7.284663742832789e-16,2.3550271845084792e-11,2.6608938964075563e-14,1.2111518213019778e-10,5.818165713649926e-7,3.3585274892868413e-13,3.895233054908203e-6,3.5225034795457234e-10,1.2882939756924297e-9,6.461615717110156e-10,0.00658988642642019,9.69898958204813e-14,1.8118083266834872e-15,2.0289849233938375e-45,1.0264465499293356e-8
0.0039788852442803925,1.4202929941839237e-15,0.0031886301365834564,0.002435456947364093,1.516798218452306e-16,2.3905114442518232e-45,0.00200263077227122,1.9714651026978662e-14,2.1484336151570336e-34,2.2184094214200666e-13,3.748253429888936e-24,0.0007696914153103939,1.9879134991892118e-7,1.2204910020753176e-10,6.901418513338813e-7,5.29165184169844e-26,2.314594680537664e-5,0.0013716085922666006,0.0011190843457519707,0.004978205633645042,0.0024210602507726874,0.004635460252668068,0.004893517646339273,3.545706370868745e-22,0.002805451665455413,0.003921708683473223,4.2367181119311363e-19,0.006664084340468504,0.005082687181715246,7.664687904852971e-5,0.007900977760818695,0.02128311496457557,0.013989266460929886,0.028104138576806523,0.029862178829076623,0.04320319940415542,0.021579087777883067,0.04295829950215309,0.03604404786838726,0.08180627496354236,0.05637662531520188,0.04396772648348068,0.0672076877924718,0.05798413524806199,0.10467439122465408,0.10694455143724883,0.12818764315280612,0.057557470513530454,3.37734376200231e-7,1.2650742680959167e-13
2.4185403809924747e-33,9.009928488575285e-24,2.16404353753252e-15,4.299655144004828e-15,0.0010557200608454125,0.003631281646486315,0.029422373524845682,0.0007246246755684872,2.4379512700984713e-5,0.006255176569279718,0.041922095500398784,0.1210373140026797,0.328933298827651,0.10541104042558264,0.012651053567938199,0.0026296610193290606,0.0030377873848410407,0.04663063232124605,0.038953878109840974,0.02442129370876756,0.009396780493578711,0.011786546757683519,0.04457448144691028,0.1439942727936775,0.010917403851816691,0.008040204400007406,0.003095472764700286,0.0010516535475368347,5.8238705456784755e-6,6.949961839155522e-6,1.1325048554140901e-9,1.266867038878442e-7,2.287514967666162e-9,0.00016178418337286127,2.9947829504965713e-6,5.244156496710556e-15,2.5908637912790288e-17,2.826032070353722e-9,3.5091762305942953e-15,1.1764145753090078e-17,3.643984847719159e-6,6.0663756864938926e-21,5.085807728971075e-12,3.060442246731432e-11,0.00018569692693774824,3.45399900920352e-5,6.417040204805334e-9,9.697576548806557e-27,9.312140209910851e-36,1.1179617887776816e-16
4.243651504966213e-22,1.9517892154036073e-20,9.803155545488724e-10,3.6092185683173934e-27,5.990226404284299e-21,8.93224192355196e-24,3.3259142417848977e-37,1.6038696714120137e-5,1.5543891777121695e-36,2.5023094862973004e-37,1.860306044217287e-32,1.3387774506244716e-20,8.833435022361511e-24,4.2003844738941924e-18,6.794901661102491e-10,1.8594495744045336e-11,1.1109043845414906e-31,3.630680099277539e-20,4.506433409879045e-23,7.74361197693947e-23,1.1022781196076137e-17,3.0287327365131637e-13,5.426897047847203e-26,2.410690254233352e-21,1.7381547633353684e-19,6.037630845465405e-17,2.907382995628562e-17,0.0029119068259463995,0.0003063139903811429,1.6737311740480707e-19,9.973652888013238e-6,4.1881659742254e-15,8.70938528580139e-9,1.0092621431238866e-17,1.028705098547731e-5,8.457555174049956e-8,5.2851746213172895e-8,9.730044489049246e-10,2.430637795341935e-10,0.0013908690806634764,2.6511093591191664e-9,1.0558065959116443e-8,0.00043011347203192465,0.0026170496661744977,0.05768563259794344,0.14719766076866556,0.19773127599056237,0.30649901749201547,0.25892228286842944,0.02427141560596424
8.736725076438997e-97,1.512965736183662e-40,5.325414078946327e-55,0.0005483742584090067,1.489445568095585e-67,8.773172417687482e-74,1.3925809935327166e-83,9.28569761100399e-40,1.0244282419780786e-48,4.108631751302616e-57,1.0413020737334977e-63,3.3215943911418262e-62,4.292639854256673e-62,2.940098905032363e-19,1.18752976227998e-77,0.0009625207077977358,3.516094135104821e-8,1.585178525207579e-44,6.696038963230087e-43,0.0005032100333218893,1.2614662258059018e-31,7.265434969448596e-35,1.3018864758437283e-22,5.262465217604748e-43,9.583044184851285e-31,1.191133033120869e-12,2.7605320680334386e-23,0.005567616969425155,0.00019545962519742724,0.005069092482018934,0.00305119788362223,0.009619382284234715,0.014175969126715732,0.027165142876784024,0.044184556396649394,0.08307437963589151,0.10872848729266171,0.14699312386646365,0.18765711360176002,0.17870401415576156,0.11935896100272173,0.02118475033292059,0.008530248463587142,0.005046776121970602,0.016915816529908166,0.0064486977989778,0.002413896556631475,0.0024180377066224264,0.001201064432102583,0.00028207469571017154
2.314624808686053e-29,4.8604320264314254e-20,9.527776854007113e-10,4.576595928648515e-12,0.00019678293300751757,0.011266573736473183,7.089446649583296e-7,0.003609281254597721,0.0020206675657402457,0.034199441568692826,9.443095778553718e-5,0.030607482307004698,0.14451743671680592,0.23175454478624957,0.1461244013792415,0.15573649431687808,0.10040233620861766,0.021350283756496426,0.09653825773245717,0.00918605773580586,0.001248999188560501,0.005735165808670147,0.00034773883088517164,1.0793416859241394e-5,0.0002732166457339281,3.0126237440360213e-5,7.30782827793305e-7,4.528722734107713e-6,2.0001301083298532e-8,1.0761924653332486e-7,3.071319760734446e-11,6.323612408115419e-7,7.430112011788573e-6,1.1043730913514232e-12,3.794872329426548e-18,1.7101821331001104e-19,1.4419944524758454e-23,4.4973398773932216e-11,3.007266034667634e-12,8.706081692929834e-17,0.004720313578574441,2.719703552618551e-21,1.0629447645287396e-5,1.0398370027701548e-12,4.501160397200813e-12,1.3029903569877327e-8,4.37127315260726e-6,1.6412516964231904e-21,1.048207920590758e-24,2.5530321567212557e-25
1.9375955047534561e-69,2.0345205214477538e-33,0.00037310538043798785,4.473769816010707e-15,1.4995118317113385e-14,1.3849217417968772e-32,6.092181544492679e-6,2.726597655284113e-29,2.7395359600918005e-10,1.1487838140620715e-17,9.593455996206425e-28,8.200247807548444e-5,1.3710590156592428e-15,0.0013608267142113995,1.8194581738664933e-16,5.093752951601093e-18,6.631504035462453e-13,4.2834589764964484e-14,4.534610066643107e-15,9.487756620036959e-21,1.75123114605298e-12,0.001363870549206828,2.0140687028389974e-15,7.403698135247426e-6,3.2194340664574695e-6,2.0867293955612384e-17,2.2296862851425464e-16,0.00360493419543437,5.094537632670574e-11,2.340694922438428e-5,0.004283614212529524,4.018754461682056e-9,1.3032247233504855e-5,3.1043609014683256e-12,0.0017508679376315977,0.0003198595455218381,6.689562330146649e-5,0.023159734003891274,0.020354612199944517,0.10009745924910765,0.1269445866458279,0.25356966138627307,0.16389161299154392,0.20576889188366984,0.08819764476487443,0.0014962886659454734,0.00027361471724646864,0.0029859873291505894,7.644986868585195e-7,6.168040670013317e-9
0.00029063360331494796,0.011777074825203872,0.003610464299422535,0.043198805153965285,0.06039466073388125,0.06005610412338966,0.06629937781027292,0.11145090516091609,0.20878276548378363,0.12111994782689492,0.145504412302224,0.007867015733752905,0.01468212133928437,0.007489071371981542,0.018141605949636208,0.0627680319657495,0.007593342302926136,0.009294438991792357,0.007236834771881472,0.0006683346980570366,0.001279529224268889,0.01010258526287581,0.004237467176121507,0.001618527476360822,0.011237658229008707,0.0003068729285361448,2.897507543543681e-6,4.947952257454541e-8,4.1340805223190795e-7,5.992923338008408e-6,5.134599451771015e-11,8.103897552011867e-8,0.0006205517780314209,1.8434190573577944e-23,0.0023357729303590713,1.6026223867376217e-31,3.746162378424362e-26,4.81022145292245e-28,3.644481971762363e-24,2.2974359056360972e-5,1.7871989561206525e-17,2.676106050486643e-6,7.306018404098458e-12,3.124809042870616e-12,3.283965037712088e-10,8.86785854479157e-10,4.466089066200814e-10,3.917848493275766e-24,3.655242697729208e-90,1.295430440293048e-43
6.306940035761446e-34,8.592463082441293e-20,4.1432431626080173e-16,6.00442622282267e-12,6.16236760821573e-8,5.569448412086132e-6,1.9604886343730108e-7,1.9815067606113974e-8,1.490068089900462e-7,5.677116216551928e-7,1.0350804642384278e-6,1.5357501836266894e-5,9.55860229473256e-7,0.020363900918632622,9.741057589580202e-5,0.004067381520529132,0.009142625793576801,0.011178212468560213,0.0009281323412872007,2.9193151117148593e-5,0.07152550261107271,0.19763600626110103,0.14686973051733326,0.051131480336937755,0.008599997864797657,0.11779485706056603,0.04076663599798334,0.03843133210885813,0.0003064506906218391,0.12560135049065,0.0013473644312743962,0.01266263236690932,6.140492880985369e-5,0.00042842704012325975,5.758620303540341e-8,0.020484141656827732,0.011846605452385525,0.004103313153240574,0.0004888040621645586,0.04564659530932479,8.500305943156332e-6,0.0029423137426384982,0.0006548656119705756,0.026808959303084273,0.026910284550921613,1.4318175210739965e-6,9.713707972800002e-8,3.1439475944049666e-9,0.0010431594015761151,6.692618554904393e-5
0.0035690896995320054,0.050965136945578665,0.021469502732763712,0.016302139119809444,0.03249562933864377,0.013540981734408108,0.024260843666798156,0.06966351944927537,0.15417355710436467,0.05885235167616364,0.14079986655847332,0.08730705369811341,0.054585227021285945,0.08469171445059064,0.06551603685304067,0.018022248665838354,0.006646225391917637,0.011111609124528667,0.023023000855838534,0.013924810971909538,0.025376350351957306,0.0011433531210674986,0.004677609063008185,6.629118881280941e-11,4.735254665202696e-5,1.039181599721462e-7,1.1222064191402319e-11,0.00029853015492636446,1.5539766683665432e-8,6.307271515167068e-5,4.49020621527317e-20,4.881605304917717e-20,3.549565800887357e-5,9.645370093484251e-42,2.742324348103711e-14,5.344068410234824e-35,9.761128832888046e-49,4.503657698695463e-7,8.996972114949603e-21,0.00320236641510856,0.002983878658885044,3.6080513641279547e-9,5.244010763743e-7,1.2435423942626906e-26,3.958621030329275e-16,0.0079693526749211,0.0032809956710737075,5.4252471264108156e-33,1.615592672070141e-61,2.1586973400031304e-70
1.2101813106078345e-8,0.009392538015809422,0.007851007633780155,0.15527586017338485,0.08775728756861856,0.11692525374860127,0.05407622107978747,0.2697840368328883,0.1779583892158851,0.026931179706034838,0.04837010512345774,0.03044918513154306,0.00015655711669819328,0.0018385854393103212,0.0014467906399117307,0.0007918542000518737,5.97458799187042e-5,0.000882256116787036,5.939310147781237e-6,0.00022281068030723827,8.949104370475589e-6,9.006889351317915e-8,1.7106194587606701e-9,1.3239617263821176e-12,2.33460412443677e-9,1.057715652583838e-5,1.0894918393330589e-13,3.3182510204255784e-14,4.3333668298514534e-17,1.3031323675511489e-16,2.447257338596645e-26,5.117466081432002e-19,1.5184994794967873e-25,1.0906750711574937e-30,1.9460426726555312e-13,4.335471811140926e-16,1.2153909165498764e-35,0.00028740039012617273,7.127151410098471e-13,6.33983554878906e-13,8.00096552471223e-9,7.051152724244152e-7,3.225342443241621e-8,0.00789768714599911,0.0007053817726704781,0.0009135492287833269,2.9905797346516677e-16,2.5837797447612847e-19,6.844083765264682e-70,5.796158891747105e-53
1.826925382832229e-13,4.180325824300381e-11,0.004907998120436248,0.057094270326675335,0.0779538353027333,0.03301702756010347,0.09121077379835821,0.015696601506594906,0.08654076371529944,0.0646449754119774,0.1254794232311336,0.11159046524115422,0.0986962809904445,0.06281781038158671,0.0005131000554314261,0.0008705243251703928,0.023875107014925546,0.0046622927519619165,0.03786244099010315,0.019048733018369693,0.0026896964813141514,0.038081422935429377,0.0032233407085432726,0.0032161980197325767,0.00012578107039092263,1.0625880980638405e-5,1.2887581109267663e-7,7.00089556714657e-8,3.421110853997372e-11,1.5460001709018384e-7,1.401297040400707e-14,1.8528776726286636e-6,1.754741461316221e-11,5.218034749425483e-25,5.423638927591972e-7,4.602162779450206e-14,9.491231765183937e-21,0.001184324864139278,8.565095730834262e-10,9.375660889573384e-15,0.003305286617400115,1.3089764982995582e-17,2.584828357910547e-9,0.00039185247971116553,0.01321615941773887,0.009832194419041538,0.0054066124575799495,0.0012385588953675371,5.503367202086553e-40,0.0015927697486701018
1.0,0.0,0.0,0.0,0.0,0.0,0.0,0.0,0.0,0.0,0.0,0.0,0.0,0.0,0.0,0.0,0.0,0.0,0.0,0.0,0.0,0.0,0.0,0.0,0.0,0.0,0.0,0.0,0.0,0.0
0.041615367,0.04554458,0.014887837,0.026434954,0.016634524,0.050909676,0.017988153,0.01428405,0.009820221,0.011185361,0.034427125,0.031462025,0.007105588,0.082065254,0.03624933,0.056035046,0.015498669,0.022144997,0.14582843,0.028114747,0.020213012,0.012912782,0.025015991,0.019755445,0.02374638,0.26302934,0.3793903,0.01216498,0.1115488,0.02068529,0.021163935,0.029126221,0.06410989,0.03286335,0.016077735,0.018423086,0.01930067,0.030207925,0.027219769,0.03855908,0.024373591,0.017136134,0.022649368,0.02317547,0.017572584,0.021655984,0.018862281,0.0136501845,0.19751987,0.025697025
0.01428405:7,0.016077735:10,0.011185361:3,0.041615367:40,0.009820221:2,0.0136501845:6,0.015498669:9,0.026434954:30,0.01930067:17,0.018423086:15,0.050909676:42,0.06410989:44,0.018862281:16,0.014887837:8,0.021163935:21,0.03624933:38,0.03286335:36,0.02068529:20,0.01216498:4,0.031462025:35,0.04554458:41,0.02374638:26,0.082065254:45,0.024373591:27,0.007105588:1,0.19751987:48,0.017572584:13,0.021655984:22,0.027219769:31,0.03855908:39,0.02317547:25,0.3793903:50,0.030207925:34,0.029126221:33,0.028114747:32,0.019755445:18,0.020213012:19,0.016634524:11,0.034427125:37,0.1115488:46,0.017988153:14,0.025015991:28,0.14582843:47,0.025697025:29,0.012912782:5,0.017136134:12,0.26302934:49,0.022144997:23,0.056035046:43,0.022649368:24
