40
0.23251936037903886,0.002500152460127708,0.004181672105511125,0.008595285033351092,6.283377990657876e-17,0.15644789872123444,0.000506363073407671,0.0031160603763687486,0.022869085028008468,0.0008973813034308611,0.01268516760818375,0.005294716131461855,5.5813016151347474e-5,0.07542702933604353,0.045240772830252095,0.019723006404002586,1.8820135523208143e-6,0.00018206631109048002,0.0007892902450366384,0.020708194262950612,0.0004753195649049414,0.001052668906348894,0.30672081528829426,0.00021135478524676716,5.424176219877417e-5,9.363622027959871e-6,3.765440119421754e-5,0.011507042117553575,1.7488314500557142e-9,0.006208391923755534,0.0005357131230135843,0.009696374006927628,0.00032660990993601543,0.04940610612969059,4.182941136332745e-5,0.0014165253932606624,0.0002582762381643913,0.00024963028124140005,4.588800192180832e-5,4.996744919977501e-6
0.0029138562779351946,0.6082873023153127,0.0010984287689815508,0.0017307621096226181,7.740149713849625e-36,0.006595248274193368,2.2188191545891837e-5,0.0043793850117942,0.00020144919899125235,1.8357614211771154e-6,0.00032523320890203556,0.0011793847891265622,0.36456225420788607,3.120937535107467e-5,0.00015465641488104725,0.0014330129434138163,1.1092695756994146e-6,1.0293314026396382e-6,0.0027295309592482424,4.1029377299376125e-5,2.0045397487664205e-5,0.00010333472966391669,3.295712454105224e-5,0.0003335292625243845,0.0012827798312678015,7.377984004823964e-15,0.0012613521241483913,5.571015902239452e-6,2.3606011205015014e-8,0.0005080600191693881,7.931195628987569e-7,7.337956810706301e-5,1.9270069927686606e-8,0.00011192842925836144,1.9853592928057165e-5,0.00022144128910016314,6.80180814109564e-8,0.00033548705922251863,4.707473198268662e-7,8.741972570362537e-12
2.3456777430472806e-6,3.9650807753275853e-7,0.0008148869349383685,1.4608394867152686e-5,1.1936269650831207e-9,0.001957257025376666,0.018786507369022182,1.6424212591668582e-7,0.08842044631140063,0.4453064852092749,6.628453758817996e-5,7.896194236294892e-10,2.754846082534258e-7,0.0009944142646844667,0.00026310607819668143,0.0006633368990208311,0.004250923328777538,0.20529490300493666,1.1402661813730515e-6,2.7657223692197836e-6,0.09645003039602323,0.0006750015852437543,0.00034692427968470235,0.00020673067102093686,0.0003779239916954258,0.0004056558004761218,0.0005533396504722777,0.0021299992011520985,1.6479093058262894e-5,0.02255546474150186,0.0070636359626238526,0.05881402256541765,7.669972099950082e-8,3.334297914627743e-5,2.1967408257449695e-5,8.895791752034285e-6,6.470712009844902e-5,0.011901710287337495,0.03085220451049232,0.0006816380223887483
0.5554236332867595,0.0019817155071105625,0.1048905460208516,0.09276327005630561,7.816154462050889e-35,0.001821431897146833,0.00100113703166355,0.021697731588908756,0.0030795757797969737,0.0007922296892713595,0.0008127771263251512,0.000691041629439298,0.007031033597531372,0.059665174348117994,0.03317246894383141,0.00304321061705019,0.0002942450311272665,9.673424867804898e-5,1.6560550241600975e-6,0.010445841464927138,2.682617688067337e-7,9.981442980730678e-6,0.0017861512810199767,0.0006951624813955274,9.090354933817673e-5,3.8626093609469745e-6,0.0002965823477200163,0.014405414736183465,0.00025221794261555804,1.9587501358088396e-6,0.0002830864004344705,0.004402452368988221,0.0017102301688613375,0.01957441804245711,4.55607193334079e-6,0.001133313062519347,5.6480224522931984e-6,0.05661318091764333,2.515122300384869e-5,6.399320753219962e-9
3.1335266942593007e-22,7.032739368994145e-48,1.368695594697477e-7,5.87446855830928e-20,0.4392676205362588,5.8788015260426056e-34,9.671243470628559e-41,3.353843993165681e-11,1.5185611979435175e-7,8.09604304979599e-14,1.0646886675047256e-33,1.85191317193888e-14,4.373540451869784e-52,2.8992068192349963e-10,6.699997978138459e-20,3.810554282353122e-42,1.340637344138278e-32,1.002471301411895e-7,0.009804753145528738,1.295824183175262e-17,0.04189984852022032,4.830450857927616e-26,5.7526265382793105e-52,6.394061291487849e-12,4.5578216316096007e-41,0.00893934768301463,1.9539303264256973e-17,1.8149352604998698e-33,1.0177606269487389e-7,6.74854585140612e-7,6.288991137113818e-31,8.011497660522037e-39,0.4964679369429063,4.545330487137838e-28,5.624501091342071e-29,9.51946091853801e-20,5.532805014595615e-35,9.166685619568183e-38,2.4752471456523117e-26,0.0036193272386612664
0.01263232682267201,0.00183419308672053,9.757820890846251e-6,0.05106410893460486,2.188126374792126e-5,0.01308903481259663,0.0009835980176329988,0.0031563913595926757,0.0018308463040546804,0.0008026207831030507,0.007465740911892197,0.007388721654136232,0.000130359288809751,0.5510201458152773,0.029109155544907422,0.00200303593654112,0.000734854766439405,2.462995566734402e-6,7.37598244096078e-10,0.21083999228159017,0.0021777656898219456,0.0001067556861313833,0.004659148926939495,6.53041179596166e-7,0.00012622927170878088,1.7618366419914845e-6,8.848191189240289e-5,0.0007926964691484169,1.7295781728794975e-7,0.0007211412891631864,0.001376900892533039,0.02339081377298942,4.931627723235954e-6,0.00028000991445959004,6.914139294656923e-7,0.06895041609763466,1.5972426883291426e-6,0.0030880118533946972,0.00011232591777629617,2.650480522053678e-7
0.0023504019505115104,0.002555851600801768,0.001746455838259178,0.00022184527159834798,2.5315895458289445e-5,0.008125276504769196,0.07941244681590115,4.803673471119602e-5,0.11548472602778703,0.000786134430961914,0.0666632178378024,0.001818217006144785,0.00023671202024610515,0.18804717217679937,0.012461123160983684,0.011624824761505167,2.930646300698873e-5,4.5508410462488716e-6,1.3106000532710548e-5,0.0008550406582129912,5.999017899453638e-6,0.0009593889238877151,0.0020532487472815983,5.97927012775396e-5,0.019383986975931272,0.0003169512047435096,0.00012523167588059057,0.007518250057726983,0.006293809351422557,0.003702851008281674,0.1512663202078175,0.16548226210759853,0.007741883637642964,0.0005425166566178973,0.002514246006899684,0.02095099368770949,0.02100993945583814,0.05792778676894572,0.03931120338010126,0.0003235764294559714
7.797617234424961e-7,9.941042225104123e-14,7.167314116275692e-5,2.801885620730248e-10,0.2148024480243802,1.4951235945198107e-6,0.0003238014556606161,1.2615148836906467e-7,0.014062392590180972,0.010133756268959297,5.03904991801429e-6,2.5357360162732465e-8,8.501203737326614e-14,2.188939492774674e-11,3.4861070602335086e-7,3.3831411039076405e-8,0.005241257997850205,0.05560820005967991,7.072445219934907e-6,3.5879911849469204e-11,0.48033217422602476,7.223938783919923e-7,6.745385624068324e-7,4.320221126675241e-9,1.2024287287740632e-7,0.00048531369001756746,2.185869733019483e-5,0.0011409235769287973,3.674513989873079e-5,0.0964922959965231,0.00024232856266712184,0.0002610717957116413,0.11950936456749689,0.0011008439991807384,8.341119603824923e-8,2.0884281551795207e-9,1.4450640940706361e-6,7.212699085936298e-6,5.494911769561735e-7,0.00010781529126695538
0.00034045274745734416,0.0016413404701397778,0.012828210613693589,0.0004485961886417313,4.417925063817054e-12,0.009097693111240882,0.008217611539818979,0.00029812543251274626,0.01254674253961325,0.3359918363569572,0.002427702209761423,0.007679558642554429,0.014749171440614923,0.0053669179054832965,0.006584104518017958,0.0006686558584195711,1.0298051525609812e-6,0.004637895815252458,0.004284885712316319,1.1301122815325552e-5,0.01183349864574829,0.00046318313083450934,3.952449838086016e-5,8.270796257314713e-5,0.08539584917400055,1.1763726437689546e-5,0.02430075227164766,0.011506441895262532,5.4731202944694745e-9,0.0038067509214819266,0.07860377077874676,0.029228206688366648,0.00014706643696335664,0.020000012847674248,0.016702859134096696,0.0003088223886501148,0.04699947788684011,0.06529436286267318,0.17736892807666915,8.418316495076822e-5
0.0014324921429744203,0.0031213487967216413,0.00017361885735091696,0.0010354016733694958,2.173103044167818e-15,0.0027865657636652547,0.0026127353551144363,0.0024114026318910998,0.01662637412281784,0.014080448444463685,0.0010809729194617378,0.002178844798999221,0.009535801173166814,0.09974463573623504,0.07577838156956035,0.008743362210482376,0.00340374257550349,0.08450107818217775,0.0002964073635958206,0.007513576659067633,0.02242544556290028,0.0009493272986319306,0.03969369615305442,5.128448516079405e-5,0.0035696224639374364,0.025690957697079405,0.0005017241322189014,0.0002810203442937142,3.0620274835048756e-7,0.006613314938686588,0.01714030866459044,0.011349578267203333,0.04116142732416647,0.05225598579145244,0.0054914716703538344,0.0007459953655491884,0.026322386704896568,0.00503975998551169,0.4033337151342609,0.00032548083668211504
0.011352608529615641,1.313719487786366e-5,0.00012003783718902839,0.004637802411806152,3.592380445129768e-6,0.0023325436693314465,0.0169611721279467,5.7211952989316535e-5,0.003142400349854419,0.004068291211020674,0.0015293793048828362,0.0007856813490514262,2.8378687689514063e-7,0.6886657551640869,0.010162283894962886,0.0030096831291971204,0.001801214527122041,3.5966754808548174e-6,8.786620483115156e-6,0.04608582615937295,1.823770741048433e-5,0.0011751127509480447,0.005049400726111295,1.4064781257821409e-6,0.002637238135422128,0.0008906235625199008,0.0033660236662207427,0.007674163906869802,6.14221147470583e-5,9.299979420867713e-5,0.038982104413336764,0.051436522166670426,0.0044149981253178575,0.044692537179488546,7.937961405303613e-5,0.0011669852791900653,0.005756735988679334,0.019046252941393362,0.018714768852643924,1.798320049432111e-6
1.2735210763199226e-6,1.4639380963030836e-5,0.0011102029876423449,2.153940026356552e-5,0.061590909445223684,0.00024027232149812433,6.886726219129708e-7,0.026707292060145823,0.0001453339094313685,0.00020192492585222293,0.0006048436772340039,2.469841716039029e-5,1.6409630176466994e-5,0.02460161034253806,8.241663543412186e-5,4.551535561678169e-7,0.03848919808958398,0.0075824104881925865,0.0002257807843559272,8.64608218308537e-5,0.03138753410098994,0.006654537407547514,2.752591197234765e-11,0.08034488763725696,0.0038387887259240137,4.544365976112958e-6,0.029164032261898183,9.427858469052408e-6,1.3055042207699287e-7,0.6031870550927374,0.005021328257206503,0.00031247595260600357,0.07424103324930661,2.1699048713627845e-7,0.002236487290945099,0.0015670790925457262,2.261748439091183e-6,2.676643082750567e-5,1.9884626525120207e-5,0.00023316766758292587
8.135764846223179e-5,0.33276849918324664,0.0038747872595400745,0.0007593153253625549,5.538219172458698e-36,0.006180833135617172,4.5523906863319056e-5,0.0018394077608973817,0.0007470815436890362,7.995786572952664e-7,9.758949700903312e-5,0.003358944578605996,0.643423643845855,1.5046240130849509e-5,9.727334630847181e-5,0.0004060056172837793,2.485823872817041e-6,4.614734964189621e-8,0.0019593698688673165,1.1300995450931793e-5,0.0001130980267692088,0.0006076609900882438,1.7732393473466485e-5,0.00019740200384534825,0.0013789139320194556,1.2496913486840338e-14,0.0008361024514377478,1.297768000156556e-5,3.81841745044166e-9,0.000663924886788624,2.461089256534336e-6,0.00024992336305550546,6.455613025024982e-8,4.804233967542045e-6,2.3459119392607593e-5,2.5198236357654513e-5,1.2226468042628277e-7,0.00019626938414410064,5.702648518465155e-7,2.2402554263270717e-12
0.04690560675410868,1.1294781850125578e-5,0.012174945244198144,0.001229755300031433,3.6347614276743187e-29,0.0002136444423573174,0.00033476532467565805,0.008721329596759125,0.0024298682625679175,0.0003921012507133934,0.0004397158504027327,6.59405779224024e-5,4.6827470006554195e-5,0.08951100437435591,0.13180995745147508,0.0004939310220200248,0.00044921657731424155,6.652731061745958e-8,6.352273039651807e-7,0.006536442061252567,8.348166134170342e-6,2.1430768671680377e-5,0.013499881504894708,0.0004301795555728728,0.00017393546140361633,3.6775319609149297e-6,8.321301353257681e-6,0.006285628724407933,0.00029205124432950144,2.525443182397928e-7,9.209534033593368e-6,0.0013229006322715523,2.1098716762197005e-6,0.6643332500329713,3.877667919036257e-6,9.576882547871794e-5,0.0008879882547532006,0.010844504571586326,9.624648265741507e-6,1.1061371525340562e-8
0.1532166321019817,8.221538389576312e-5,0.005690787483103338,0.0014728314961438827,4.1652552339043863e-16,0.006074920492103055,0.0036211486747163547,9.905397086705124e-5,0.0018697262584587441,0.0006854892393663246,0.0011183672146369346,0.00782531800419427,2.7603664843970225e-5,0.08414195425956518,0.09796086095672948,0.008672813163163645,0.00024053881358317925,0.00020441894197304941,0.0007265933936903392,0.0036923706831448687,0.00024863087469354823,0.00019416736681107847,0.182326093789349,0.0015505675065969578,0.006055657512677507,1.079796984432032e-5,0.0009038946158390019,0.03952302774682164,2.8604464576035665e-6,0.0002330684851432182,0.0005517645740748365,0.10732293523379892,0.00315978571158891,0.20350470419124495,1.8031856819647839e-6,0.0019091272554738001,0.00048018924717845664,0.07411645912933812,0.0004802248178448882,5.961433797389124e-7
0.05067471187481044,0.022071732929899317,0.0007552639571137501,0.02495681730405827,2.2968714231850252e-5,0.22261715882338617,0.0008068350207954895,0.002547299717956519,0.0009342750856521558,9.764922228872414e-5,0.07708809646065708,0.0001549988214671947,0.01586356129581168,0.1574642258374421,0.006721091878910392,0.011923037890930343,1.4928084199764899e-5,3.811899259290091e-6,4.288669482153873e-7,0.06429931187708643,0.0007140133338600495,0.00015566300109777324,0.001219545736212829,5.61615458230693e-5,0.0003134712561412215,3.95358227941933e-5,5.003038850063529e-7,0.002508567544521907,0.004887653936614091,0.0009137626662155708,0.059991592466748324,0.05198705764401532,1.991348212549825e-5,0.00021704626115499429,4.5273691583019663e-7,0.16105126745172196,3.545878501898915e-5,0.05679114173520322,7.852584710575286e-5,4.628799191839674e-7
7.145879797838428e-5,7.770011611702785e-5,0.007474219228988375,2.301996844952987e-6,0.028576352429172967,6.324657376096559e-7,0.0004944966072340366,0.1603738463842039,0.00029083544444883714,0.0015244968596029181,1.8481127086370652e-6,0.0459641907034123,9.739086587532984e-5,4.07842558363333e-5,0.000504286737329922,8.551054317406648e-6,0.5732853935240587,2.2889195044491902e-7,0.039779345951624856,1.599853300218994e-6,1.049570570341778e-5,0.06019830828477725,0.021558240374902924,0.006005878658216828,0.0001293346023223205,7.072845850547718e-14,0.004560540742098864,0.00896306210868211,8.267807066522802e-5,3.2840506813600945e-5,8.434463769592581e-6,4.22785907843935e-6,6.739603866787842e-11,0.011149720897066758,0.006788540231340984,3.3218033016491994e-7,0.013892005208430572,0.0010225639286434475,0.00021687464457032554,0.006805961184377238
0.00011231684490366877,2.7366479217689743e-7,0.00607480590719574,1.5991349026342742e-6,8.624029459344541e-15,0.02596143098835768,0.10117279261513248,0.0001774793194652048,1.8283378797182607e-6,4.0470638991169395e-5,0.011607022113120403,3.6809275184977384e-6,1.1833543201159975e-8,0.0011212360206093379,8.770956173836527e-5,0.0049808750234379634,1.2877074213684162e-5,0.041337619747542284,0.2325908996217929,7.799887592589857e-5,0.014319042279722655,0.010809093370032751,0.018337248734796533,2.0278149864129347e-5,0.054032439929429084,0.06208084059234336,8.128717963706968e-7,9.445777822100769e-5,1.582469088761963e-8,6.425976808361283e-5,0.09986435930717584,0.07742264974990617,6.046800681380019e-9,0.00011201744149042393,0.08189393568605083,6.751956048233288e-5,0.03460497707079939,0.03816974182527356,0.08013998255934655,0.0026033932026222006
2.7452324865631595e-6,7.359274526189918e-11,7.585133878569072e-8,4.1256274823251785e-7,0.0013857038684800004,1.693670953296992e-8,0.00044180508735557853,0.001775264476277759,0.00041744342328546016,7.062486257373322e-7,6.354597440225735e-7,0.39836338484076544,6.539257527501921e-13,0.013948780175391544,2.0098526961891444e-5,4.27328055053532e-5,0.05529999638744339,5.707715887483688e-12,0.00011279250154914372,3.714121903664454e-8,3.717314277669047e-9,0.029564881747029446,0.00016547540339869156,0.3982433933200261,0.050599796899242946,0.018221064943325826,4.546372000242147e-7,4.0595725945586176e-5,7.166157888332226e-16,0.003922201691879951,6.15524266590934e-6,1.4146471170783878e-5,4.0581238436554905e-10,0.0001519610368197983,0.024293062572905543,2.419349258883747e-7,0.00044209333975666525,4.033774747216703e-6,0.0004952522977126869,0.0020225532322780365
0.12353226472191123,0.00011278856048249748,0.006839527186164792,0.00016140880166675233,3.8534199565002773e-35,0.0007613661815385288,0.001359583994357972,0.0003031085255214992,0.010432873831118438,0.0003486313508382776,0.010209650627739129,2.8058030085237854e-5,1.52721717427072e-5,0.6145920047438975,0.10241166815152866,0.0010175382470401007,0.004639325925748964,4.861711830681655e-7,1.528790524041199e-7,0.016972928255734307,1.2528588029196003e-6,0.00018258147695765397,0.005088241976831107,5.954703403509233e-5,2.5650239645636953e-5,5.026810056219018e-5,2.7504873033346476e-7,0.05248097977176259,0.0006187884751768305,7.464258699379995e-9,8.13365415068785e-5,0.0036496384218658385,0.0003240914663218402,0.02785766254672447,2.2081976501157147e-5,0.0004274684080220098,0.0003358617356222365,0.014861464408079412,0.00019415776133881705,5.9299020886385306e-9
1.1145568112725207e-7,0.0003603523098407692,3.0311279213668525e-5,0.0005650060221071484,0.011115875122894412,1.561034477096242e-6,2.5925414401931973e-5,0.1276325780962143,2.2067821519805384e-6,0.0016881350062015717,1.400380014940319e-5,1.6909405523802052e-5,3.365720047194425e-6,0.0085491708735442,1.6029454469080704e-5,8.746259133100395e-8,0.023791968171526626,0.04258082949829363,0.1256816347413523,0.001109826848076939,0.0001583372551260726,0.0389576855858589,1.331788976460289e-8,0.03774929843024409,8.109653648234889e-5,0.028357973143289358,5.875307787002215e-5,9.844525013964006e-8,0.01825559375550274,4.51956561869382e-5,0.0008514335803033201,0.0002834309307855065,0.013213010321711493,1.9993507692670112e-7,0.001485053993119238,3.0355644449579604e-5,2.4921188927692532e-5,3.287310297141007e-5,0.11576376129202921,0.4014650263081667
3.0726335981856377e-7,8.433489041648613e-6,8.275188742378512e-6,3.416284548988212e-7,0.013084789104420631,1.9366651735764005e-7,6.926705831510424e-5,0.010559562219890505,1.4745163139673867e-5,7.751931244387572e-8,6.005979490595435e-6,2.3723979704260995e-6,9.204831681187105e-6,7.159784850937095e-5,4.8608165779187916e-5,8.213296035118584e-8,0.00215727380834783,4.449797564239376e-8,8.851492833908517e-6,1.7148916032543422e-6,3.3882981021832967e-9,0.639164648641806,3.000939630416561e-8,0.0002749634918199522,0.04653736603285682,0.25494338323582866,2.002039132476624e-6,6.797223571936168e-6,0.0049976139837610584,0.001370079269713108,5.087030015178859e-6,1.4233976719304101e-6,7.530654127181975e-6,4.797978355272664e-5,0.02085665644180824,7.544292307687273e-8,4.664492590090139e-5,8.240279808757354e-8,0.00014874138716365832,0.005537142869508334
0.004901400242971243,0.0006296701764639208,0.024239927018427126,0.010235411073622292,5.1022682126476725e-6,0.40787596157730843,0.002502295362158205,0.0001586921606036789,0.003550282501408703,3.648815066253576e-5,0.024066950992036675,0.004030499231680659,0.0017279133023549325,0.02293203490893347,0.0010576064455529346,0.018602987221481924,5.656828802657796e-6,2.4886780331043687e-5,0.0001393220133205581,0.010290380445917041,0.002105087250004333,1.2027905484810325e-5,0.0030504200693925077,9.73122015130825e-5,0.0002021544510159717,3.421471749947863e-5,1.5701368772145925e-6,0.029412714324279558,0.00023703137371647282,0.0008333797920411404,0.0025843867101539835,0.320916407104822,0.006306657938181518,0.00014229187797411093,1.4526226829049158e-5,0.020038082622253692,5.046989891044405e-5,0.07638527576956389,0.0005619724553208106,5.48471915289247e-7
1.1950109906824528e-6,0.00010726339155934354,0.0034194645644585113,3.6697023200692704e-7,0.010703636367942998,3.600845128614889e-5,0.00043106582064666456,0.35478430509917913,3.160628966781919e-6,1.008716313108026e-5,0.016972660585396676,0.009312405539039737,0.0002575785314487986,0.0003708946362531074,5.203417575004312e-6,2.4296535905473355e-6,0.1702416107259472,0.005626855187432724,0.0013553847278073665,5.990277108100744e-6,9.774253116589649e-5,0.0019157065805713658,6.468280686674254e-8,0.21859997165939427,0.04738911228186042,0.00537286960346582,0.0017761740133461397,1.678812781233413e-5,0.0013039637615732001,0.09572965774290762,0.02435707627654662,0.00219398836224417,1.2242835289245707e-5,0.0001580199369065259,0.02381689775426822,3.011849726519692e-5,0.0006112539723198662,0.0003306027205510752,0.0012149742224471381,0.001425207687265279
9.897156216271937e-5,0.003929005202905453,0.0005512526156453617,1.4825123136440782e-6,1.5556010661797604e-11,0.0006181331849712027,0.040827798794132966,5.572061852939933e-7,0.03033244673668397,0.0022657833377952227,0.009579711127892203,0.00022514034152220546,4.379590477659235e-5,0.009858908501277882,0.00082098062333371,0.00016262123329200233,1.541837848829159e-8,4.5502515210197285e-5,2.340594927809312e-6,1.6329354014240234e-5,6.20059698381352e-10,0.00042126347755388094,1.633417458348128e-5,7.558194733610326e-5,0.7946316658596133,0.007346353597888179,3.8411774241814285e-5,1.684661949013661e-5,4.069393817937905e-6,0.00013141611816811373,0.012653299767517973,0.005505747377948889,0.002130772449558973,0.001664934243642978,0.00970237516561411,0.00014167567744876455,0.05230192766693879,0.0021947609310664653,0.0069589056200522175,0.004682880734480774
1.3681377645578337e-12,2.1055828746119895e-14,3.0947888840583916e-12,2.3722880459022065e-8,1.0734661288777829e-5,3.6456396277150544e-5,1.7401571974273773e-7,0.009752433513627581,1.2936789699935831e-7,2.4507936061715194e-8,3.376199381491184e-5,1.1815076385232984e-5,4.2750548316708647e-13,0.006314243104088981,2.399939374658354e-9,1.6974922701024964e-9,2.7774966972672965e-8,1.6683664557590666e-11,5.24956130610405e-5,7.752826858976925e-9,4.141272783493346e-7,0.28030757076956586,5.748136518737387e-13,0.00024967189954967913,0.18033402647642374,0.4917316138120896,4.116316915251166e-6,7.811309855482314e-11,0.0045179721897088704,0.025277556100268505,0.0012705342105951134,4.716391510481621e-5,9.171526580116341e-7,5.3353861584427556e-12,2.9997295847226017e-6,2.2362276745497978e-9,6.697406553139227e-9,2.8144836510248117e-6,4.110678867496434e-6,3.617750028388344e-5
0.00010944583006190322,0.009751430173877222,0.0006363614236302758,0.006610902725478476,7.956944570580334e-10,7.921483542101124e-5,0.0007487902310454771,0.002931116615652583,0.0018018068003730335,0.01197925830870757,5.5751358630378346e-5,0.41417461421102136,0.08245196784067142,0.11608774264826387,0.014283512620218418,3.413371445929134e-5,0.09929138870542144,0.013010175180803758,0.0031553078175194883,0.012170967617110454,0.007813371817929725,0.006520073552294441,8.881746370843534e-5,0.000496751936913359,0.0011433281851114681,6.5748671071777276e-6,0.0037589117182520973,0.0054136380422646745,7.679501310135474e-5,0.03211731821774443,0.0008356815116548864,0.00012350048823919315,0.07757288323997698,0.058077978691175876,0.003617646793719374,0.003196922606190682,0.003925326391291603,0.0007576516435860899,0.0047404874147141726,0.00035245095096215145
0.00020861455238905678,0.00035510384283114977,0.24382380337545292,0.005998892273501104,1.2276262014624664e-7,0.01357317155661629,0.01523634786098002,4.634727398963593e-5,0.03467344265495317,0.015686115375219065,0.006678541420516207,0.00553053042253733,6.940472994635035e-5,0.005153210874442708,0.00605651107426189,0.00036936079018398286,0.005282227722943443,0.0011593745491351973,0.00025285072880201043,0.004485939346207678,0.012108772476245583,0.0004844394487960672,0.013534327247000356,0.003979968618818193,0.00564997109672926,0.00047942773134098803,0.0019622463608080327,0.058913074795718605,0.0008053630200406354,0.0014444265187051406,0.06781363387385254,0.03061946869949841,0.00044083067583032776,0.0008703893588266557,0.0009588276234988198,0.00018155403382960183,0.0023179786342022047,0.42945065962404816,0.0028392509360773014,0.0005054760386035813
0.0011431616383196872,1.7874679537407511e-19,7.140145961686824e-8,7.21767900566538e-9,0.00810952829875884,7.954704707117014e-6,4.562132792681039e-9,0.09560728428914651,2.767824901684518e-6,3.6327891159217295e-5,0.00029396239792627883,5.555153885009423e-10,5.529830587107712e-19,1.0739002112221313e-9,5.683444508320453e-6,7.048133194975584e-7,8.191330682801962e-10,0.0016001697417157143,0.0002055011245791037,0.003588434001992121,4.316731671564299e-5,0.0005311104567549974,0.003496763158187475,6.84495902537809e-9,0.01285300812855876,0.018496895781798865,9.86723804496985e-5,6.854022608584815e-5,0.798303761497935,0.009797762681994811,0.0011231023269901853,1.0399598681955556e-7,0.0007536416425675471,0.0022490485066385345,6.0950727425530325e-5,3.86972893059065e-5,0.00010531454397786381,6.666153560867722e-5,0.040416957854074516,0.0008942673031300549
1.1676601416565077e-8,1.8786068004862407e-10,3.1078848533969717e-6,0.005025077873048239,0.03507416818346258,5.619070065108672e-12,3.2099741629838663e-6,9.826445941476478e-6,6.129405225887952e-5,4.3686929430470454e-5,4.175667457359758e-9,2.803536731970793e-7,1.7731386803806976e-8,1.9276454145063732e-11,2.3002235388128757e-9,4.728040255090884e-12,0.01578662567757018,0.000938240450799198,0.7961080322440037,0.0004832558883046738,0.003150877970870475,0.0015712446711762822,4.5764231789396216e-10,1.6664167388793892e-7,0.03292639648133237,0.08522382817504064,5.603678522505087e-7,3.928318268694459e-5,1.44764344140565e-6,8.540909887038597e-9,3.0803192625887893e-7,1.4988722951628295e-8,0.0004005970971232505,3.810179065327639e-10,1.4611374958795305e-5,1.5340155015880501e-7,3.389387794391248e-7,9.084440582809114e-9,1.3684922445233942e-8,0.023133296825059258
0.05799717227128665,5.697925504295716e-5,0.0001736156276131252,0.0017338378214534795,7.783640385427468e-9,0.0005092739915187322,0.013892638252594564,4.793970988009028e-5,0.002254726160863701,0.03872910231037947,0.0035345282804218176,0.0007472309316235358,6.109849414360953e-6,0.5415141953220355,0.021762114797171828,0.0005514666576480906,0.0008606595692579159,7.0005877686591255e-6,0.00018020308695000236,0.0005751274750031407,3.5857191647206806e-7,8.824707924273958e-5,0.000669865414457343,2.191735957372191e-5,0.015453160461899965,0.0003311903220001392,0.0001442464554428956,0.003961302679307256,3.407662575351105e-6,4.26964839194334e-6,0.051000962487143225,0.027673772504852038,0.0009460785609065162,0.01065782173892594,0.05610188142840117,0.0008568605045630202,0.049964502286382106,0.02234257702604068,0.07456739000589672,7.625806051289556e-5
0.002412824949430341,6.428032422732425e-7,0.0001831258252210533,0.006633752607115713,0.003056579099202502,0.005750213879416813,0.024307996074310025,2.2207571648359392e-5,0.0006963169924964304,0.007355853526982305,0.0778398044068772,0.000846807798588311,6.175140987844507e-5,0.3633921700399397,0.0529361479311781,0.006920019100691227,0.002032772869710805,1.1752443192621503e-6,4.928764285127515e-8,0.18402298870936468,0.0005902696594671326,0.0005791230774066623,0.011761969520410148,8.359563567497008e-6,0.0008626035952517719,3.525780073027546e-6,0.00025105983617377403,0.017572259141346292,2.6530398246000198e-5,0.010176161005301488,0.05653621810395462,0.05781914276422491,0.00019419846457156294,0.003385055997701838,0.0001857297097797496,0.001985966066075258,0.0019085515532999617,0.07163487263987502,0.026043623720027664,1.5792759892052404e-6
2.3278727515322135e-27,2.664313936712132e-46,3.691782481680835e-8,1.500791495592946e-22,3.2137692917458553e-5,1.2971610187075488e-27,4.543194695770877e-25,0.015280410242427924,8.972209187748732e-13,2.283469050274507e-8,1.1063386810731411e-26,7.709181843575873e-12,8.459040125351007e-49,2.6003446109480528e-21,3.407094790049911e-26,4.077118854338388e-33,2.684847603978395e-27,0.01925113703526863,2.4078551232666875e-5,2.723631619999211e-17,0.8468135641340813,2.9207143654088153e-17,2.5789626675478615e-36,1.9423549480921956e-6,4.855190646094652e-16,1.045765480810873e-5,1.5546224147422823e-15,5.200588668293848e-26,2.3804106533520075e-6,0.01436259582474388,3.256819049038751e-25,8.62528220063924e-29,0.10372387059974392,3.6802763616580727e-35,3.9678163731693616e-17,1.541609920012488e-23,1.2082838442705153e-21,3.7606505078848554e-29,1.269820174884832e-19,0.0004973657380508777
0.011251250367289339,1.777461131222678e-7,0.00012571158598351692,6.923184621338273e-5,2.3578998103196756e-10,0.029693892035938068,0.08938797578104951,0.006059410793124268,0.01581970052127327,0.006216720205784061,0.0017598226028944384,0.004926276201108807,5.66815696577858e-6,0.014057944509327394,0.05029678727974007,0.12304790988954087,6.156050450235343e-6,3.241771867790651e-5,0.0005805195632127105,0.0005952747773973843,1.530816830583715e-5,0.0019915166796566513,0.2792020586370144,0.0035169525465157405,0.00038912334337813523,0.0006866791714386263,1.6441025289932228e-5,0.042082719717457626,1.7171645846912985e-8,0.0015797468748719528,0.0003690830521678855,0.09267740722621245,2.7738604040232896e-5,0.1528714819490944,0.002026493037925348,0.0001126571576968866,0.009162574301109104,0.059237047964738894,5.056939892915288e-5,5.1536104636757215e-5
0.0001347124220941007,4.0283530113135467e-7,0.0011207539998312837,5.792939059715305e-7,1.1876606182067296e-6,7.564342550899137e-5,0.002503930476894796,0.0007445069875929827,0.002650619396651959,0.000506770227534194,0.001604360824807819,0.01756712922666531,3.648616305858804e-6,0.0017184530704554026,0.0001773789817712918,0.0001955093003568929,0.003718196152451285,6.374361922783912e-7,0.0011066380953566482,1.6877482839853733e-5,2.0488537627899175e-7,0.017908439572724807,0.00032546294475975144,0.15521803289153482,0.1505697711116278,5.790023252087861e-5,0.03823258089201945,0.0166808695412306,0.005167496485743423,0.010878835959889952,0.0022498744379705997,0.0011037010771073465,1.1077275445320797e-5,0.0004709293620162785,0.3543677583130303,7.493508098948855e-6,0.0995841552049285,0.0016581108880772048,0.11161703622990961,4.2333272851979335e-5
0.1544482770342829,0.029166147842892384,0.0008958129682792029,0.06959172067026864,8.673173158582765e-28,0.0007212926875103498,0.0007862304869321132,4.575718663673547e-5,0.008547518446715203,0.00011810552794244171,0.016597919397601003,5.977654158959462e-5,0.040116666196471126,0.19898413227480605,0.20335243203325667,0.0009486494119948338,0.0018068270240613905,3.4502458397727236e-5,1.2685183632797036e-6,0.03423996898952487,1.0004099835399343e-7,2.0055963435643984e-5,0.008092172906584167,1.0911075621617283e-5,1.4635998414943172e-5,1.2194271080715603e-6,4.322548562082706e-6,0.004580679601191902,4.729550180376014e-6,4.1664052006342083e-10,0.000563388918369278,0.00951411270670271,0.00020310094464268916,0.13964894794053379,1.0929720970879174e-5,0.005800780897686867,0.00024762766510702457,0.070670578428879,0.0001486944632882812,5.087555236288809e-9
0.0030358198813808628,0.00014682145003129334,0.001504756137015602,0.0003250876665574186,3.996878171827145e-9,0.00026313781335785143,0.10777190512690323,0.00015992452453842619,0.011608238875234596,0.009836337033743174,0.0336383769803693,0.00010408330708731845,7.800540032328763e-5,0.005715359451328801,0.0010405140759595793,0.001388775671066812,5.582305644989181e-6,2.530746913356145e-7,9.579882325522924e-5,6.749129213711751e-5,4.4830552542581614e-8,0.00048136318461730387,0.009476842841157986,0.00035987153987927106,0.11754811845781622,2.532366633206764e-5,0.0021639760885510057,0.03314227009220947,4.076402140681363e-5,0.000192344583206521,0.10849732162407705,0.018015234795201455,0.0002159106983090523,0.0049756919038934045,0.08141439847517477,0.0004114007538409134,0.23788844971209896,0.0038690682336537836,0.20449336361967665,1.9679908405413543e-6
0.008594605848835974,3.852129884426152e-7,0.010515264061541857,0.031950021809020464,4.060196080610015e-7,0.001587405701329424,0.00692730950838942,0.004611367858933404,0.003985115589945802,0.01223965970811066,0.06367413155225314,0.0003221487718760106,3.839920071329376e-5,0.29357812961259044,0.08790341908742316,0.001152939066347517,0.00031124179679404776,1.0426688430120935e-5,2.733812726661982e-5,0.11615583967293054,2.0301965387126926e-5,0.00017512265728590417,0.022462994430692097,3.9099744295269446e-5,0.00034179685641845325,1.0213374361182404e-5,0.0007344485043672765,0.003399333647488763,6.014752357501134e-5,1.323946679994652e-5,0.03559370662761086,0.18790871936002093,0.0030035269086866215,0.0011843147142319562,8.232708211880763e-5,0.005210724926211214,0.00034780705715005655,0.09310585529576824,0.002720258537212172,5.064249897789674e-7
0.00316851259599115,0.0005517294297449596,2.3416258811259558e-5,7.576657211427618e-5,2.3830268429441288e-12,0.001182878292326957,0.005279873185644477,6.976016597905138e-5,0.00011520862103723177,0.0021853400130994708,0.00941453525708807,0.003053203859884565,0.0007527192508518662,0.013108510790345187,0.01876563356015227,4.247983538501375e-6,0.00019734658911955941,2.868296217919508e-7,0.0021039661979855135,0.0035546026414069796,1.6992975436371956e-8,0.008484542417111227,0.0014976433182576142,0.0011015656211369428,0.000642288460460317,3.1822342416763966e-7,0.0017972219360878287,0.037053837169108136,9.393316167638866e-5,2.5627035759362712e-5,0.012765155851175382,0.009060495255746556,0.00012034582847165021,0.017761666905842258,0.6614381487342782,3.23557395772363e-5,0.11714681054540209,0.0035156634325242313,0.06385355131766525,1.2739561935980906e-6
1.8985359214971754e-9,3.5877818386909265e-13,2.3389797490307455e-11,4.5258256240322085e-7,0.06382901382605408,4.073259844752318e-8,1.1407698111754013e-8,0.19433964074911184,4.899360213243875e-6,9.70805983952636e-7,1.2796390031304437e-7,0.1334440952977787,3.630654763015417e-14,0.0006767810270145484,4.80807171442358e-7,4.387901737874818e-11,0.034240602593917036,4.0964286404647373e-13,0.0030887579773573324,6.111047322262354e-8,2.1542797426577228e-7,0.09824899821818985,1.0171679620607497e-10,0.010106331726096818,0.002375639042078363,0.03792140367051708,0.008382665355412823,1.0037560685496707e-8,1.3676856985065215e-11,0.004737733077340293,1.6814793337822096e-7,6.89571675302594e-8,0.005102606527706132,2.2739353263368512e-7,0.06172798994387545,6.172397748038296e-8,1.9062598329395647e-5,1.9597817923341493e-8,0.006908474814771633,0.33484238541588046
40,44
0.9948871535640628,0.0018542872032017395,1.5878718384628783e-8,8.665329786784005e-6,8.790597699300998e-9,0.003249869149355596,6.906963521226008e-14,6.4050488235765e-12,2.084729114307886e-62,8.938309039858487e-17,4.262782866477895e-40,2.0707500350544668e-80,8.461669300186093e-71,2.8736421414187623e-65,9.893139031700325e-94,1.3625110165541118e-122,3.1833669241355756e-33,1.8884256965880663e-79,6.758153622138196e-175,7.780278360152767e-11,6.314551090370023e-95,1.6337797328183e-189,8.83928126214461e-117,9.645104361247386e-146,7.130937910538919e-215,7.812987604089508e-131,4.352504853089484e-162,0.0,2.62703329432647e-266,1.3963426193261614e-273,0.0,0.0,0.0,2.663054647193965e-293,0.0,0.0,0.0,0.0,0.0,0.0,0.0,0.0,0.0,0.0
0.9772939803511662,0.020447974266085283,0.0012382851614104761,0.0006971207209646439,0.0001326400385661993,2.1168932599269105e-19,2.5846727269316993e-13,1.1381224965028822e-41,2.5438059444133655e-109,2.3423932290322746e-37,1.4215033438635026e-104,6.547585387125381e-111,1.6746015881499882e-20,1.4667843894200634e-149,7.601029866105812e-144,6.266343154692862e-180,1.5269263108705654e-100,1.1115849072943613e-153,1.1880030571730512e-206,0.0001899994615487621,4.583389354444356e-141,1.0162581552180337e-225,2.673078621457661e-176,1.5524484352256052e-237,2.7948266607940874e-238,2.746648263774337e-138,2.2047099029679075e-143,0.0,0.0,0.0,0.0,0.0,0.0,0.0,0.0,0.0,0.0,0.0,0.0,0.0,0.0,0.0,0.0,0.0
0.0033838904930480573,0.053115922983596804,0.12356559152460647,0.22172063090007016,0.30470581755598264,0.1400766976851254,0.05104652404662879,0.03184954070190083,6.557718080822405e-8,9.818998966535916e-5,0.02565257587734553,3.881007478943079e-12,7.401209316364238e-16,2.795453003247852e-21,1.0987748619058457e-22,5.125575015312729e-13,0.014719168172616558,0.016325043547607932,2.4375001245315395e-26,3.3505296865451305e-25,0.004296850077091031,3.0928091702356875e-17,1.2285991571724269e-9,3.009846751611743e-14,0.0038784955149988917,0.005564994119511036,3.163235609245469e-87,9.999258948368043e-130,2.6108239767359763e-126,1.87567075060444e-83,7.066326327045271e-202,0.0,3.3422321926693947e-162,2.444282047258672e-243,0.0,0.0,0.0,1.463881655983238e-298,0.0,0.0,0.0,0.0,3.0e-323,0.0
0.9942340774674338,0.005389712883828253,0.0001966678702098064,0.00011487214871074553,6.21322974693295e-5,9.561669858418813e-8,2.299583428882128e-6,4.417862334178142e-11,1.4774979117719546e-74,4.230401837894114e-30,4.7170092252350954e-57,2.5498176497885245e-50,6.303476648109151e-19,9.786048414668905e-98,1.8269388050848827e-79,3.544961077742858e-98,3.016139843924886e-45,8.787087218180008e-85,9.584804472026454e-105,1.4208804182557198e-7,4.3872581512061256e-63,6.943430089784777e-124,3.299148460448543e-95,4.4849563958674563e-153,2.9328779310822e-155,7.833420559196052e-104,3.293021247738902e-72,0.0,1.0381613891113314e-255,2.1697269923049065e-195,0.0,0.0,0.0,4.869596495092501e-189,0.0,0.0,0.0,0.0,0.0,0.0,0.0,0.0,0.0,0.0
2.3013095329166096e-45,3.863702361975135e-21,2.4101906042019045e-21,3.763480733877744e-20,0.000255233370436978,4.604440164085456e-5,0.009904128220058263,0.0009257603273965877,1.7455340772753582e-10,0.0048930242848657796,0.004795219505912787,2.156962120859395e-9,0.009373013062825598,0.012518389090947596,0.06524733809607323,0.09102249701882816,0.12051104775834734,0.10116268684349455,0.09318841534264351,0.059658414178278114,0.05577511361221428,0.04608516146167613,0.04779341694495236,0.03794234862941781,0.05459519710177376,0.022117152724015345,0.024781508134136446,0.0237992194673668,0.014266713512982159,0.025782539155401157,0.010118130700736683,0.013882905699810958,0.007910661922821412,0.009916361214150685,0.001983272242830137,0.005949816728490412,0.007933088971320548,0.003966544485660274,0.001983272242830137,0.005949816728490411,0.0,0.0019832722428269355,0.001983272242830137,0.0
0.27812507374822776,0.7200565441121662,0.00018471494446206177,3.842760364922607e-9,8.73807383383577e-7,1.0666603441865133e-14,2.1472608834388328e-5,0.001596692800070067,3.4935443326578016e-90,6.685939626939563e-22,1.2558768354035411e-62,2.889676941278094e-16,2.6600136039224022e-14,4.1569805431472114e-91,4.4351623140951596e-74,2.482573312442703e-73,1.0560796018130272e-54,1.396963904445347e-70,1.2745311889279113e-185,1.4624136058239905e-5,3.873750552711992e-26,5.0921839048280275e-146,2.2673138868218244e-74,2.766508966048113e-125,7.40665094850059e-131,4.169644409457885e-135,1.759040721601893e-73,0.0,2.6057561220228384e-285,1.4175339026932797e-289,0.0,0.0,9.2e-322,6.451665572392669e-305,0.0,0.0,0.0,0.0,0.0,0.0,0.0,0.0,0.0,0.0
0.013707675088429313,0.9645891668314494,0.004949455857986514,0.000513527996870956,0.0002770210248933061,0.01494660079537024,0.0010165434786561102,8.892253265108113e-9,1.3686045453446385e-37,3.409098660697053e-11,1.2854942885123074e-16,5.34622964623057e-26,7.26597372719162e-54,8.039670170725029e-30,3.182672306521732e-56,8.550293362566484e-74,2.483920778000241e-46,4.2936590295847474e-45,1.958065766772005e-126,6.134508920859598e-51,5.678812702765569e-37,5.676969229276628e-80,8.477893117044249e-35,3.9532246593207377e-76,4.45570013873113e-83,4.267005778401688e-92,5.684008995292517e-75,2.124177676194644e-238,1.5893994485031757e-167,5.8567718998118786e-207,1.2251061266130857e-245,0.0,1.8246940031660958e-266,2.886700345662894e-205,0.0,0.0,0.0,0.0,0.0,0.0,0.0,0.0,0.0,0.0
8.477314940614053e-12,0.00114827514266877,0.002418607612405269,0.08019605378494263,0.10934315677693648,0.1546496557712491,0.08401865466654426,0.13975699260328728,0.09785811672294398,0.07741312178884475,0.057628231198689546,0.07753241829597074,0.04169366224399483,0.03786411073620413,1.4585671349974799e-6,3.985412156689062e-6,0.009409743027241638,0.012521085259004076,2.6516643898699946e-7,0.005538604220926282,0.007267600795505265,7.633268636137473e-8,2.190713865119526e-9,0.0022393354055404826,4.502340813277615e-33,4.213249005603067e-15,1.5884842661898611e-58,8.377559846632218e-122,1.0927536408733917e-22,1.1807329096629176e-56,1.3392611436168083e-136,9.063609948868063e-162,0.0014967862694882093,2.9015855344701e-55,8.764604446765996e-220,4.252565138745688e-87,1.2401966290268119e-60,1.0229087440790616e-165,1.7725457153205474e-229,5.846951728425737e-242,0.0,1.3113778976107737e-155,6.537180063251705e-137,0.0
0.013065772440292077,0.27454188931133344,0.6809518257239515,0.0009986468377184122,0.014439879723326006,0.00012895775704185994,0.0012144986160459394,0.012178681235096073,1.5959299524824264e-23,8.742394088096196e-17,1.1505369790261234e-8,1.0429488268159498e-18,2.2259615633644597e-41,8.979918914249239e-27,3.4261372971476492e-25,4.2961073037280246e-35,4.099573503336829e-19,1.0204337305875303e-24,1.526199074313572e-61,1.6061888554601564e-41,8.538671810421032e-10,1.678781697896944e-28,1.4975092604954069e-12,0.002479835994460263,2.0132028382377784e-30,2.717213866073277e-24,4.659452366602283e-64,4.986848377715877e-165,3.720190804597889e-111,1.6911683854344264e-70,1.6358860095798702e-226,0.0,2.85437521895014e-167,1.357403855838252e-234,0.0,0.0,0.0,0.0,0.0,0.0,0.0,0.0,5.0989903240948706e-304,0.0
0.04914025566357794,0.4090337158655272,0.22425385977565793,0.2080943269155808,0.04778333424477561,0.02893395466138743,2.613976232482695e-5,0.020973866082259318,9.948475924010508e-20,2.268729498936642e-8,8.173785322288382e-12,3.495439338308269e-24,1.3796433546908143e-30,1.6665623096626987e-23,9.176814949825138e-20,9.676975996998993e-24,7.673077486664801e-26,1.2861240293018292e-20,1.8927447821681176e-42,5.8054015884345635e-8,1.2579670261032706e-8,0.008730393271147902,1.2163070852231208e-21,3.370787371129069e-25,4.300346419272874e-15,3.695476997952867e-74,0.0030300604286018036,2.8812805720472802e-126,5.996973280846823e-96,1.0115008084996348e-30,1.5550001690218388e-180,1.1774958085406157e-293,1.4852681120193005e-169,1.627249364121075e-137,2.792161785770346e-286,1.251602168003261e-274,0.0,1.2485484677284432e-228,3.53e-321,0.0,0.0,0.0,2.019035241781618e-245,0.0
0.09100826791998966,0.9071870932650158,0.00012109962432723478,0.0005169650028212131,5.206245471800723e-5,8.795958633764004e-6,4.672596086530402e-5,0.0010589898136279241,1.759090351287089e-57,8.907004593637836e-35,2.554886642322155e-40,1.220997225395155e-15,7.684422813072198e-28,1.8667304117251782e-81,5.625662864030856e-52,6.685567231934858e-91,1.3894888061024782e-46,9.722986717798973e-53,1.6465257944479179e-144,4.916932203130473e-46,2.1301421094646802e-27,1.721765029678653e-115,2.366307562243835e-37,2.7234716952306215e-128,2.763124615485846e-119,5.419541083237195e-120,7.465501152091982e-66,0.0,1.1735939961928376e-207,5.1416450876441645e-263,9.0e-322,0.0,4.878254346704519e-267,1.0896428035116823e-182,0.0,0.0,0.0,0.0,0.0,0.0,0.0,0.0,0.0,0.0
3.02491529042048e-10,0.2901626246889258,0.42311162611664643,0.07916803861594203,0.071898335388728,0.02726732892600017,0.05575297647420761,0.028847079360467986,3.2459288534964213e-7,0.006837640338008098,0.016219839606159837,3.0813351507689556e-11,3.9413306649295155e-11,4.2224717497753766e-13,6.962145542343456e-21,0.0007341746252904048,8.645686754945011e-13,2.156450992261292e-22,4.05896620724612e-42,1.0892710118133748e-8,2.625206373662714e-20,2.3030007213411263e-14,2.7442937896725697e-22,5.01360772683345e-32,3.199021002950668e-75,3.000603699500341e-33,4.970961188727167e-80,1.2475293166976432e-195,3.513904727602687e-63,1.920280531210376e-110,3.985316322996104e-225,2.176540087341563e-296,5.241975636938374e-63,2.790546531565403e-106,0.0,6.660087120305287e-269,2.1362518734333134e-132,7.308795429502968e-239,0.0,1.660422202336732e-288,0.0,8.274928826977687e-284,6.40058755888706e-206,0.0
0.9914586204247462,0.0070255124079241366,0.000544883087907402,3.2581870653850975e-5,0.0004983129002044098,8.648867357510257e-20,2.046292703276031e-14,1.4124374063418064e-44,3.654801082951109e-103,8.732208284614625e-38,6.061819624104526e-108,4.1509349159041356e-117,3.632109758222846e-25,5.376249132712972e-137,3.3366785663000816e-152,5.086683518323697e-174,7.49953259581548e-96,4.409053210136537e-157,9.249419983966986e-201,0.0004400893085434275,5.459392750583748e-152,9.778990748264e-207,3.089916838763664e-181,6.956476641417755e-233,1.8815194687546523e-237,8.963073882724854e-132,4.6946340701666105e-114,0.0,0.0,0.0,0.0,0.0,0.0,0.0,0.0,0.0,0.0,0.0,0.0,0.0,0.0,0.0,0.0,0.0
0.978635429456536,0.018442377705475396,0.00027817392824629205,0.0020131604022475035,0.0004738348051967095,0.0001568026828219594,2.2100482152689867e-7,1.465456274473247e-11,4.01395378348928e-89,2.1021853734204123e-45,6.149309947412087e-44,4.603072495800196e-57,1.7057097864421186e-41,1.1041137305909853e-125,2.15675822834933e-89,5.688119523737503e-120,3.415114159246311e-24,1.24166493474189e-99,3.877635689895932e-133,4.505881495838305e-43,3.660301705895458e-82,9.491726446953075e-153,7.353847182874891e-112,6.256677830666855e-146,9.318741935634155e-195,8.078897353604311e-134,3.618407453790491e-83,0.0,6.533455360713951e-272,3.025066142384927e-244,0.0,0.0,0.0,0.0,0.0,0.0,0.0,0.0,0.0,0.0,0.0,0.0,0.0,0.0
0.9767413887667511,0.018235564247371185,2.068025261315621e-8,2.823793797917803e-5,1.1333720716180947e-5,0.0049834133761858706,3.263371436971704e-10,4.094440533827201e-8,3.0904399258846384e-54,7.954005443170892e-18,3.282601118829751e-34,6.206137496109817e-58,3.6252959893327905e-65,6.428354884412824e-62,4.4348456388913846e-79,2.1530995982122091e-116,1.3760259730761806e-15,6.362578250453598e-59,6.601769670735648e-138,3.668337373472455e-28,6.621463698060755e-73,2.9334727981054253e-130,2.4794102831949328e-86,3.8070396353215684e-137,1.305508815465352e-153,5.686851314420385e-129,1.1544610348793302e-89,1.18198294434e-312,1.8982418889541395e-296,2.1932582339820985e-219,0.0,0.0,0.0,8.742848650393923e-223,0.0,0.0,0.0,0.0,0.0,0.0,0.0,0.0,0.0,0.0
0.2938193973832419,0.7011664664119112,7.554545050842827e-5,0.0007451922075619668,2.7081338805459943e-8,4.696430936056315e-5,6.4819123742046215e-9,4.121720437459343e-16,2.231435498182311e-59,0.0041463999464134,2.7343367919563736e-42,1.8210666956644298e-32,1.7918781287314222e-55,1.3788092122071917e-66,2.8186528044118883e-81,6.217020543772666e-98,4.712944992937603e-46,1.3351735775530833e-72,2.6849062273450235e-185,7.277507952452782e-10,2.325576827036467e-43,2.887970310491375e-151,1.753160043936734e-77,5.633623223516749e-105,7.227558053026469e-161,8.531471766208901e-127,1.2917707655537555e-117,0.0,1.415794753311048e-289,3.0e-323,0.0,0.0,0.0,0.0,0.0,0.0,0.0,0.0,0.0,0.0,0.0,0.0,0.0,0.0
0.8090501417610864,0.1622747679466114,0.012416239306065417,4.0962943124106334e-8,0.005718980123578311,0.006289462168668085,0.00045024978625673285,9.175761262420206e-7,7.360857931274067e-5,1.2544867106568862e-15,2.324376475618619e-12,2.5989122398792644e-9,1.1216913235231871e-17,1.3617554338814452e-24,8.46439117391704e-37,6.720173149806296e-48,0.003725589188113322,3.5607565721057107e-45,3.6738253440406304e-65,6.51330251075094e-38,5.99184320134041e-41,3.3387053101411875e-58,8.02715818115781e-73,8.998063865341614e-69,2.0549981845121078e-58,7.203477795747132e-80,5.942011492899398e-16,2.747240216153377e-184,2.9033906793026023e-149,2.814761917574615e-87,5.5787759865940945e-161,3.3006494076193307e-249,7.203225990472774e-148,8.329131637578662e-145,0.0,6.996515159490573e-195,3.9788389272727567e-174,3.336391700491391e-228,0.0,0.0,0.0,6.336862755183959e-295,9.627403934360618e-193,0.0
2.5451020522383107e-5,0.007935615602005048,0.05158382655280352,0.2129904191701361,0.39882812510099175,0.07256524379725433,0.09986870518975242,0.03221628281376967,0.04281285030957553,8.483657477916751e-8,9.216308202180551e-10,1.3599902487696473e-17,1.1910543232558661e-20,0.035270665787594774,2.429554987175693e-13,0.0026153377273472446,3.3646659216576165e-19,0.01040848791546815,1.4270820125810467e-42,0.005534097230619082,3.2998943950328995e-15,0.0035244525634686046,4.590551118717861e-30,0.023820259786073668,9.367030794251069e-8,2.5576938280281056e-80,9.227405914127032e-67,4.2149900387812994e-67,1.1714392802243157e-138,3.8579408677889655e-12,6.757831557121208e-87,1.7549781039075175e-259,7.347353547080705e-157,5.269900237113874e-203,1.22179330565e-313,8.094852697741428e-270,0.0,1.0889447354296439e-230,2.1210321548730125e-302,0.0,0.0,1.0211807379964581e-281,1.1284826343202189e-197,0.0
0.013884077780964711,0.5196380764035944,0.18696912014970296,0.10538734836289534,0.09398237070471345,0.05133829326611572,0.0003490170504738679,0.017135778267318772,0.010406381321914465,5.009855437982645e-15,4.314269947128892e-35,2.6254948914865146e-32,1.9693891082678596e-22,2.6794861173078934e-9,2.1319093469680715e-45,9.583009837234293e-7,8.930913990036366e-15,3.550028044398237e-11,3.713938662761095e-106,4.623519400109317e-30,6.755306470058895e-23,1.09460837684562e-37,2.034337671363548e-81,0.0009085756763224255,5.007909465769803e-79,6.085199844933741e-134,2.670479650744674e-122,1.1031164731597966e-82,5.5123009990360826e-219,6.713323099519108e-124,5.901739419037137e-42,1.2488594262946e-311,3.492283483351552e-263,9.78278154570005e-164,0.0,2.7360981566846164e-210,1.359535016962272e-278,4.048390608407896e-185,0.0,0.0,0.0,0.0,1.5695181013218458e-276,0.0
0.9264664239148873,0.06914132039805312,0.00020228268875468322,0.002391885620177716,1.633419918816177e-5,6.6495285863581144e-9,5.0989914660070846e-6,0.0017766475379442808,1.2355306749055134e-88,5.448616319959975e-42,3.2593261184674516e-55,3.2485149585889906e-33,7.792120665863866e-20,1.9966137902926313e-121,8.43075957635988e-86,1.7871319786299104e-111,3.995632209409848e-67,1.4392994679792055e-85,1.312046476677023e-162,8.760077148986724e-40,2.907166457599396e-53,3.712190594994976e-156,1.6529601559368063e-91,1.3657415496890024e-171,1.9548198046371902e-160,1.779364527552246e-151,3.9835708917769006e-73,0.0,1.8031520552520447e-308,5.0095310347060375e-260,0.0,0.0,0.0,1.0164725060947251e-206,0.0,0.0,0.0,0.0,0.0,0.0,0.0,0.0,0.0,0.0
8.178539454915053e-26,2.2904736840196384e-9,0.03235954771317684,0.07380756844416578,0.09223484696988522,0.1427244656218635,0.12298704049435115,0.07735457025465028,0.10600012217885234,0.08866358479435595,0.08475594548028607,0.05626343662929595,0.0560127999208737,0.014780743618272368,0.011409974070116125,0.021276620599508148,2.394024591030995e-5,0.0035101936755795545,6.986687241873062e-21,0.006982941323584631,0.007584937220084038,2.2905302816642507e-13,1.1493621967468808e-34,1.6165204604069488e-11,6.237711931593223e-23,2.2237702875158684e-51,4.093070298756034e-59,2.9115192743454726e-8,2.6987287659948264e-101,8.698166770276753e-52,0.0012666893231273835,3.235621521393826e-138,6.14932326879295e-135,3.912328797905295e-56,4.772348339333842e-174,5.481499956237977e-128,1.6345756217103767e-180,1.4234573135812957e-126,1.9196947871360083e-167,1.2689407389436907e-181,0.0,1.0947178504798804e-158,8.144929819223794e-131,0.0
2.4886839856310247e-9,0.9663002448322269,0.018702306370409403,2.5858826056773725e-9,0.0033642087588883628,0.00230261410737075,0.004549482626863757,1.2135401982624019e-9,0.003805774119444351,1.87352570948311e-17,0.0005547877132678809,2.827526566121624e-13,0.00042057372321933006,1.519251179827814e-25,3.29462710962371e-35,2.3925093074439908e-35,7.296427607685007e-33,8.123039880940759e-33,3.740214853798228e-38,4.059427941042393e-44,1.271310560605895e-47,3.034097556192754e-77,1.7096812289940837e-58,1.4599197057796856e-9,4.591776886276309e-115,7.630153123312808e-117,1.732856852816555e-103,1.4443467765444925e-127,1.2703269778931767e-48,5.387228142159047e-153,5.653129688795505e-120,5.458661562038222e-271,9.500292060063083e-128,1.6471202972070185e-143,0.0,4.482865776770901e-203,3.316580053695814e-123,1.056671655873517e-256,0.0,0.0,0.0,0.0,4.067098466754835e-254,0.0
0.44453375349904733,0.5471985897194087,7.332515640311642e-5,0.004287599824873537,2.3089558248291708e-5,0.003851665439520003,3.115090287935175e-8,1.703199898349156e-11,2.1046871794818348e-19,3.1945634564047514e-5,1.5958037257650111e-21,2.3018536043232653e-54,1.5586242146299838e-81,2.9596887657361658e-33,2.868987802640661e-92,6.586893521318807e-89,1.8912825029645856e-48,1.3058385754573166e-71,4.161575038506928e-132,4.639612312153109e-34,1.1406228187446039e-69,1.4771760435895719e-134,6.252814143367523e-98,1.0808290631929137e-89,8.847894659402729e-113,5.540569364340524e-121,7.801826634173879e-146,0.0,1.2035784309316928e-295,2.798667388546653e-248,0.0,0.0,7.0944521656e-314,4.9685746558444016e-234,0.0,0.0,0.0,0.0,0.0,0.0,0.0,0.0,0.0,0.0
0.000795395841680158,0.8936280274778807,0.098473345351577,1.1954053324762708e-6,1.436939014570932e-9,5.671519305613237e-7,0.0002552531532239147,3.166443133843254e-6,1.6505284813488304e-14,2.84461760606194e-15,0.006843047738282638,1.0453742015936778e-16,4.215138097302679e-21,5.176714389157096e-18,2.0484998287831646e-39,1.4110019746567954e-36,1.9109999159032097e-31,5.9639955369045676e-40,1.992512752207643e-45,1.610179581670162e-51,5.394335275420275e-22,1.5813109284882445e-52,3.0709307906224588e-30,5.940471856187447e-51,7.748782473603401e-95,2.386812308039241e-78,2.6811827683450753e-97,5.163414077738124e-181,8.21718860330438e-54,2.551629548372831e-104,5.518330438220827e-201,0.0,1.1235937755726335e-112,4.1163376570551887e-168,0.0,5.170423183061852e-232,1.9794145363945145e-249,1.6287363768589377e-217,0.0,0.0,0.0,0.0,5.5560882915502e-310,0.0
0.015044984086558707,0.9489500028255665,0.01766479690831859,0.009814270883526644,0.006904264355823627,0.0013098653882572613,5.334050408538965e-6,3.2007959210473716e-13,0.00022186888292486566,5.856733881236602e-50,8.4612618294888e-5,4.28901269642471e-32,1.7538508239430268e-59,2.070372205542747e-64,1.856036705485475e-75,2.9209645753596402e-120,3.471803436399678e-86,2.5234512436518026e-87,3.952249843210404e-86,5.492105212369628e-147,7.39348178035719e-117,2.7868924209314294e-112,2.7771448581991427e-46,3.5254662235434075e-34,2.1698979263284165e-153,4.8812825432873685e-143,1.3966044356376737e-212,6.0557358914374125e-232,6.147540239920305e-215,2.05497957077008e-304,1.1693116798285209e-188,0.0,0.0,6.254881163982759e-260,0.0,0.0,0.0,0.0,0.0,0.0,0.0,0.0,0.0,0.0
1.6287449183912901e-19,0.004916891065199972,0.8270890333165634,0.11512727374019036,0.03606592913586738,0.012116883965697798,0.00022933898542119323,2.115692781714464e-6,4.673088635788598e-6,3.520061730383194e-5,1.0618280313450246e-12,9.285081235202848e-8,1.0561834229756458e-11,9.295061235285134e-9,0.0005363022521005535,2.806244847812035e-29,8.202676028274925e-40,3.88165024852118e-50,0.0019733758963495543,0.0009064698675159486,5.200199037878476e-44,6.651224500974297e-61,4.532920965385211e-46,0.0009964102188754933,8.962572880712126e-128,9.126373683393106e-139,2.2732384599125186e-148,4.506726831238984e-61,2.530846065744086e-59,3.668708881906898e-150,2.2460330476310334e-85,4.1978492147296056e-241,1.295514823112146e-149,1.911688228201689e-174,0.0,1.0278440550715295e-243,3.0801227081095537e-190,1.2910929573421783e-225,0.0,0.0,0.0,1.718389861738434e-278,7.456372979083169e-305,0.0
0.06404409490607964,0.37509265897095967,0.16031347324427697,0.04726702693964464,9.856725443861144e-8,0.014003647386580607,0.32433085473173673,0.014943524693010933,5.062658247676065e-13,1.219589776073645e-9,3.8186386089596386e-16,1.8996084808631665e-14,2.7082786015757367e-25,1.860324029583689e-25,1.1494263919923201e-21,5.586784615447858e-34,1.1843732565248772e-22,8.327156538195232e-40,3.418981844689834e-54,4.068445014148971e-26,2.2539922072619907e-23,2.774155401793812e-27,2.4154580342579555e-29,7.231651577329487e-46,8.213653814713254e-45,2.2241998969731503e-70,4.619340340896473e-6,1.1032407268263423e-148,5.9778156142608315e-86,1.672530566595167e-74,4.206106066187522e-172,7.317808347514857e-263,2.027382375697514e-125,6.041457693808439e-79,2.590386921597392e-250,5.745833678049054e-218,0.0,1.1475996870189305e-205,1.53926505016861e-295,3.280644976976574e-282,0.0,1.5524996403051144e-293,5.283772443748592e-221,0.0
0.22000374772458695,0.7105420421501117,0.02518053964021137,1.7314161233550322e-5,3.321420302430344e-6,0.0012234976404339741,0.042986993058928794,4.25227162653508e-5,2.2231031224017194e-20,6.03844174346646e-9,1.5449483832681053e-8,5.021607483362811e-18,3.7815203673657993e-45,1.1804968578826772e-24,4.9877641505216835e-39,8.413068435018226e-59,7.977227162803239e-17,2.223990668315792e-27,1.388248246919872e-70,1.1544296420774348e-38,5.340345461555309e-26,1.161781070483883e-61,1.3598571579499764e-34,3.730222352743304e-56,2.524066009316585e-59,2.261542614235188e-57,3.80997344403853e-66,1.340522987056058e-242,3.5729801545794113e-165,1.3399600885871938e-138,0.0,0.0,1.2137355076238906e-183,1.8515445122492436e-257,0.0,0.0,0.0,0.0,0.0,0.0,0.0,0.0,0.0,0.0
1.8665362755943996e-13,2.486279386149057e-15,0.037937521461180096,0.21911821002099488,0.06260273806685632,4.115522727822701e-7,0.3638103971555048,0.10777935042570266,0.04991893292244891,0.03618926866030091,0.0059501584865093325,0.07207323119490465,1.6007638269846126e-25,0.0265879076978076,8.231024648083969e-12,5.303710113767147e-6,0.005236142742690926,0.006692800817845373,1.3285443290235355e-40,1.673598156347134e-55,1.2733585296240693e-11,7.874063537498444e-38,0.006097625063713298,1.0637383209616632e-46,1.1390384126925093e-50,3.165544144317075e-61,1.3820938338625827e-95,3.7701096879370445e-77,1.5758051198243355e-120,5.564646137856039e-41,1.1746566695855674e-103,1.1540252766509698e-209,8.77378617152623e-140,5.609007260655153e-125,2.3907214432504487e-241,3.348053250352216e-132,1.4205567926134636e-199,9.685135193908317e-122,2.731054903293055e-266,3.6128605570077486e-301,0.0,8.341076801545845e-193,3.2776994304856244e-206,0.0
4.603135376515381e-11,0.0037825296504908233,0.02655824046546166,2.5892580491373356e-8,0.001451039513611766,0.0001345371034776896,0.0631665571770673,0.10753762963521855,0.1056843813898262,0.18880319622878236,0.11967513055371092,0.11977988200084742,0.10709336532981151,0.06887589302413602,0.06879182928418365,0.012799084733578773,0.004539254853149039,1.0887051430295367e-10,6.683624528765043e-7,2.531198788046459e-22,4.5418540724594693e-38,0.0013267546467085713,4.74364721191966e-38,2.300356268175239e-15,6.028116599996939e-49,1.2158670738276322e-46,2.0045912138785465e-69,2.784969744654061e-51,1.1371980264388597e-71,2.789815567763009e-95,1.475763797487357e-67,5.758358816171197e-141,3.917382695332835e-66,2.525784631518341e-94,3.893563616491901e-211,6.4623823941003815e-124,3.808067020953832e-72,1.1079238310097532e-181,1.1883963140137817e-220,2.4479504433636796e-220,0.0,9.394045713864742e-218,4.0992747751165593e-125,0.0
0.0201568090436904,0.9751804527968441,0.0033683304735966798,3.373548414163615e-5,0.00038674020560425845,9.498172008805104e-5,6.9152978361786594e-6,0.0005406642223997836,2.600592353018949e-44,1.7857169922912174e-29,1.1144404772618383e-24,2.4013655070970277e-18,1.392669627382281e-35,7.630177154313512e-59,3.644766386613344e-38,2.731969289064528e-69,1.3780773013375514e-33,3.566276360316738e-49,5.146236558830698e-122,4.5238640002367376e-65,1.0943918909422233e-21,2.895512205340123e-57,0.0002313707557988907,1.0759920501262834e-67,1.1305437395955059e-55,1.3345029322246376e-96,1.6390123689242314e-20,6.4433786856762945e-236,1.4732796936841038e-268,1.5020344664068038e-203,1.8627720014877296e-204,0.0,1.197694e-318,1.900226540625941e-243,0.0,0.0,0.0,0.0,0.0,0.0,0.0,0.0,0.0,0.0
0.01134056050091484,0.9882656621697405,0.0001660207329688585,1.1851803959346145e-6,1.5019362823429273e-5,7.595156545299302e-8,4.9186328412373605e-6,1.6513004791451076e-5,1.230792933195915e-50,4.146579871580395e-15,1.4775263313698572e-25,0.00019004436672964069,2.4054295832412224e-33,2.899145246203361e-47,6.401409336570134e-38,2.0879582174133944e-72,3.784018959160338e-37,2.0587296132926144e-31,1.003949615601149e-152,6.424847880878548e-25,9.722431555183785e-11,3.7288942028638594e-92,2.165260081762658e-22,2.990372116407889e-83,5.047236176497146e-91,2.1381115418354215e-111,1.9022912218738062e-52,1.1556283716365925e-305,7.748224094504381e-197,7.04939321786134e-192,2.478925555474376e-284,0.0,1.6612326354165764e-263,1.2840521713819238e-257,0.0,0.0,0.0,0.0,0.0,0.0,0.0,0.0,0.0,0.0
5.72920268191292e-56,3.715925990704966e-25,0.003197355032640805,5.7323425180312895e-18,6.324511714191181e-13,4.450035190547569e-9,0.0011397037821030192,0.006556310310045848,4.07227410659391e-11,0.0015197328498215308,0.019064989278684306,0.08339534874042041,0.10178395648943916,0.18798472066080515,0.19865040847662255,0.1067307943831018,0.052816980488736766,0.026537341633883254,0.05854736337786443,0.024129793490246215,0.017956412808829328,0.040609637409862516,0.015788653074588637,0.01603079903739657,0.0113983817455708,0.015443966676342388,0.003103472470969835,5.443615275388983e-38,0.005832037463776322,3.9700385678155473e-16,0.0017818358268542403,3.4095273744988756e-26,2.107675474915785e-45,6.187465873976872e-21,5.659979768113634e-42,6.017639346185351e-79,2.4564413115528664e-41,8.457976630993698e-47,5.041227376358425e-35,1.9509610888937563e-60,0.0,3.3543108393706926e-15,4.6643638157427374e-85,0.0
0.9895115268795187,0.0067974323575608776,2.7264258242780747e-7,3.210150235959295e-8,2.76421321862005e-7,0.0024460474683567247,2.860868585864794e-12,0.0012444121262323185,2.4742116727460746e-36,6.379755925662136e-14,1.2618392586743679e-20,2.550081258648086e-91,4.5751146654176273e-94,4.3211211034307675e-36,1.3686314441674291e-102,4.6223841824764484e-120,8.218532336634912e-23,2.566346358002964e-77,2.893185473573597e-159,7.176110753774585e-50,8.277429791759882e-111,1.2168391389650199e-131,2.3574480231594723e-127,1.9234449976872868e-134,5.157071927035214e-154,2.585118571399005e-134,4.308834218097177e-131,1.0747917538262e-309,1.0750519175289189e-285,7.0901935920267955e-233,0.0,0.0,0.0,0.0,0.0,0.0,0.0,0.0,0.0,0.0,0.0,0.0,0.0,0.0
0.3093866473542617,0.6853564258934213,2.1996693859147002e-5,5.914173355169386e-8,1.9453414899087544e-8,0.0001411363433891287,2.74389497275281e-7,8.847791194263065e-11,6.976135520036381e-18,4.510542396537966e-23,0.005093440641944606,6.659661316817168e-16,2.819789430848828e-34,7.842588391045978e-31,3.1978621009789887e-54,8.84198445846312e-63,4.448301187508859e-39,2.215567994766121e-65,2.551526088735252e-88,6.295220529667429e-130,6.297812669099664e-63,2.2653391581736413e-79,1.707697974752665e-36,3.251123751734389e-71,7.71355150183425e-114,3.2117759513960525e-131,2.0471417000899996e-161,1.1250811056701962e-207,8.071075932007506e-144,2.9086108526677856e-220,4.477336871035142e-197,0.0,2.0302389019928868e-227,3.76697087950782e-244,0.0,0.0,0.0,0.0,0.0,0.0,0.0,0.0,0.0,0.0
0.7950603472932396,0.060397736817029625,0.08761294747908684,4.6256171468616394e-10,0.040091884936114014,4.063149908354705e-10,3.6595539043802085e-5,0.01360291607453136,8.968880409312238e-101,1.109513183616602e-40,9.357287029184867e-58,2.086393032131685e-29,0.0031975709920779873,8.891482154114576e-122,1.1184354591390932e-75,1.0758696125033505e-93,1.0632266189914344e-66,4.625943611020875e-75,8.892033545797124e-194,2.4605766603634898e-20,4.149168755599449e-48,4.877283753955737e-162,1.7560728916275923e-80,2.619034728230087e-188,7.502122820448152e-179,3.267435287782795e-161,7.452932364902838e-77,0.0,1.0e-323,3.604132474e-315,0.0,0.0,0.0,7.046206927859454e-275,0.0,0.0,0.0,0.0,0.0,0.0,0.0,0.0,0.0,0.0
0.3224203086373786,0.6217794059563773,0.00029314927166617803,0.00013201225658098244,2.1008505248288915e-5,0.028073383005319603,0.02711954894464718,0.00016112631390410837,1.3468328505114663e-21,2.5157248574989496e-30,5.710887796892624e-8,2.4317098214924283e-28,3.757147436098575e-63,3.0656126751028555e-40,1.0614054360615393e-51,2.234909298600964e-83,2.914714792189216e-38,4.073384742500872e-61,6.961478347260199e-96,1.2455782685394207e-119,3.2057029827335094e-54,3.17049070647211e-51,3.1782832180436657e-21,1.2983115797872108e-55,1.0994597789394907e-64,2.1155466205407185e-98,2.2556398081828844e-105,2.497574693276346e-209,1.0887281305814755e-209,4.138240271129347e-207,8.745141366152555e-201,0.0,6.501031671807433e-270,6.699273571196468e-203,0.0,0.0,0.0,0.0,0.0,0.0,0.0,0.0,0.0,0.0
0.20211014188283136,0.7967105487146986,0.0007306814697709311,8.682252227767304e-6,0.00030716569508080886,0.00011116181010810565,2.105224620297688e-5,5.654638233591373e-7,1.293165533577976e-44,4.632526429810294e-10,1.77302571687548e-27,2.002635546256032e-12,4.857595414997552e-41,7.085386474726673e-55,1.6618725180986873e-45,7.729300436781053e-79,3.910166452449465e-39,5.153737105511889e-37,4.1044835326692766e-133,1.2538970166360057e-25,9.217322727644313e-23,3.3215825360064804e-57,9.476839595735296e-41,3.8795645219410994e-95,1.7910739631845875e-38,5.2607083334760215e-98,8.541565394006292e-16,9.836265532082729e-295,5.743579965467708e-293,1.046594700220064e-199,1.0807934596499407e-304,0.0,0.0,4.294050780427275e-223,0.0,0.0,0.0,0.0,0.0,0.0,0.0,0.0,0.0,0.0
0.25220778673438726,0.7432347321291646,0.001817676116988185,0.0001262869047268736,3.2182192392433634e-5,0.0011978891809729675,0.00013775755157962466,8.624976223887211e-8,2.1558136821969798e-27,2.6389288738922144e-22,2.84088823110083e-9,5.386941206563366e-24,1.1373904167412281e-42,6.62648475671295e-34,8.10865675579667e-34,1.505839989090254e-48,3.1000346814970394e-19,2.503457909279725e-60,5.973191116432829e-129,5.169159856916882e-53,1.412505614462859e-31,5.634600120764672e-29,0.0012456000991375826,9.329310625981334e-71,5.416023989175458e-54,1.2070232146480928e-118,3.0117799516780385e-52,5.477635324550353e-228,3.830789638495863e-216,2.1581281841742382e-179,5.8919991074801906e-154,0.0,4.266617218665361e-304,3.594743009031921e-251,0.0,0.0,0.0,0.0,0.0,0.0,0.0,0.0,0.0,0.0
0.0003696616738118485,0.3211722992939447,0.5744279818823208,0.06747896227525363,0.010353279067413443,6.48618985255227e-5,1.534948375680465e-6,0.017796517420108786,3.878928404639074e-6,7.025025416853477e-10,3.31331494648733e-14,7.645241082891913e-11,4.658336938976351e-7,3.485391729486072e-6,5.747717307050144e-19,3.739905194625716e-11,0.003957408464309319,0.0026198481503614973,5.351426340575945e-49,8.177234607283803e-32,3.416394271766795e-17,5.341273648791818e-29,0.0017498139553595226,1.8166499450262922e-20,2.043425511862763e-72,1.986130740253913e-93,1.3923303874550036e-108,4.752026674994937e-69,2.758447688834421e-80,2.977738198146344e-78,3.8288961044631227e-56,6.804829189396355e-194,7.759816200087814e-127,1.8734097248471285e-124,3.95153709752732e-292,1.269584537180488e-100,1.9458297048601158e-119,2.1418429340113293e-143,1.862854208544978e-283,1.8585913041925183e-278,0.0,1.2250009797741105e-271,1.1090096103908263e-156,0.0
1.0,0.0,0.0,0.0,0.0,0.0,0.0,0.0,0.0,0.0,0.0,0.0,0.0,0.0,0.0,0.0,0.0,0.0,0.0,0.0,0.0,0.0,0.0,0.0,0.0,0.0,0.0,0.0,0.0,0.0,0.0,0.0,0.0,0.0,0.0,0.0,0.0,0.0,0.0,0.0
0.47005853,0.4495861,0.1300325,0.19042367,0.7096113,0.6949521,0.32999218,0.66676116,0.089478336,0.735557,0.51049364,0.015175562,1.0,0.76691896,0.652018,0.048745017,0.59011686,0.5689078,0.3699127,0.48843965,0.20991611,0.26982012,0.40992454,0.28951025,0.63032943,0.34920815,0.7482989,0.8304719,0.30861726,0.026923586,0.81164664,0.22948687,0.86613667,0.6108641,0.14960453,0.79395777,0.52953136,0.24984248,0.17020337,0.55014086,0.3897259,0.43030673,0.06826767,0.11032241
0.34920815:18,0.652018:33,0.26982012:14,0.11032241:6,0.089478336:5,0.19042367:10,0.7482989:38,0.14960453:8,0.026923586:2,0.24984248:13,0.6949521:35,0.76691896:39,0.3699127:19,0.06826767:4,0.20991611:11,0.43030673:22,0.048745017:3,0.8304719:42,0.40992454:21,0.66676116:34,0.79395777:40,1.0:44,0.30861726:16,0.59011686:30,0.1300325:7,0.32999218:17,0.735557:37,0.3897259:20,0.52953136:27,0.48843965:25,0.47005853:24,0.51049364:26,0.7096113:36,0.22948687:12,0.55014086:28,0.63032943:32,0.6108641:31,0.4495861:23,0.015175562:1,0.17020337:9,0.81164664:41,0.86613667:43,0.5689078:29,0.28951025:15
