5
0.7881947502387439,0.08797991777615637,0.01934820728518883,0.01797412656679483,0.08650299813311615
0.08066950792172671,0.0473119255476123,0.05773064368574944,0.21822131639807427,0.5960666064468374
0.02533454871866275,0.12312114168961723,0.013129327572417752,0.7864204996194952,0.05199448239980728
0.013912888300535461,0.021352458319448025,0.28132357287021004,0.6299074816043788,0.05350359890542779
0.007680588668098643,0.8210899124745795,0.0930189195076107,0.007278394900492626,0.07093218444921862
5,31
8.150891057078878e-39,0.008795930501777639,0.05477415395387742,0.33277358102377497,0.09471922462082653,0.04208140260641892,0.03762202609342291,0.03549350129061717,0.04108482948690744,0.03802130850967041,0.026670434382030535,0.017034781534612315,0.019612183856337274,0.016670585936376218,0.03236059414763116,0.01765123325777826,0.025496225816790827,0.02451560174690901,0.01765123325777826,0.01568998511802512,0.012490920845930602,0.0156899849863732,0.014185100782386214,0.016670609187831406,0.008825616628889133,0.016748341239125383,0.010786864768642272,0.004903120349382851,0.0009806240698765703,0.0,0.0
1.5395911467402076e-16,0.0003010868892725587,0.8108964544680844,0.17518055115469397,0.003736816273948182,4.594077055515994e-6,1.3548589169256054e-5,0.0038170549802080483,0.001385435365126168,4.2437806703854715e-11,0.0023894752619594817,0.001075527851518547,2.0257335033125851e-7,1.5796116361987155e-8,1.0409075682980127e-10,6.558451019173499e-24,9.621138998263529e-32,3.575338245370543e-15,4.974542634431426e-22,6.124918252121482e-19,0.0001749500700459004,7.176160500513817e-11,0.0010242864311573745,1.5285739137981925e-19,1.0452097017308684e-27,4.938829128077127e-19,2.7018650167235046e-34,3.9883966892322034e-44,3.3114724130899238e-43,0.0,0.0
0.0032443698199321534,0.5545993828403379,0.4354662796385904,6.176881752500565e-10,7.336525629585729e-5,0.00046913066863608335,0.002386986735256419,0.000811799496241931,0.001149784871228676,0.00015001722413153366,0.0016475570376396093,4.327379121376977e-13,3.229845622455667e-15,5.696894751074644e-20,7.268417955356473e-22,6.620069826357745e-41,1.3603134174788648e-44,3.1243473944601024e-33,3.9423003299805155e-30,1.1318975446887987e-35,4.219788723948365e-25,2.5218748417615006e-28,2.88418142157886e-7,6.621028258172393e-25,1.2066672966738901e-48,1.0373754433524438e-6,3.4494977835657296e-41,5.885560698503771e-85,9.719928748635823e-85,0.0,0.0
0.007274718079429073,0.6449820176186745,0.34546711018030496,5.325571638324487e-11,0.00013728854886599517,0.0009428325327994828,0.00041874844084122353,8.40744079160042e-6,0.00021655154084297364,0.0002805294448197915,2.251612371310024e-5,2.0035577283283806e-18,1.5201222367235752e-17,2.167193848528925e-24,2.2919686295713227e-27,2.7537008245660806e-55,1.7363398496232124e-53,1.365162850865027e-43,4.6528986312237995e-32,1.16733482503198e-44,3.894365379246789e-31,2.4336858501962115e-37,7.40681975046708e-11,8.164870356271505e-22,3.5562136165595e-58,0.00024927992159350825,1.3549539769980875e-49,5.895029882346404e-107,3.300896443177911e-107,0.0,0.0
1.3493020543067624e-21,3.3314373699422643e-5,0.7848507924458685,0.21286174822117868,0.0016502213815763468,5.98144461818793e-11,1.814360041114069e-6,1.0197854642589775e-5,0.0005611387956301303,7.49516467286959e-11,1.7381047158662834e-5,1.3189286093628163e-5,1.208224982402604e-15,3.810551232973523e-11,4.113982847692305e-12,2.0597260281382694e-34,2.2355925737337122e-55,3.071675629723575e-25,1.1630546811631231e-23,1.2332964349158576e-31,1.705627569293178e-7,1.997325020458998e-11,3.1474340629217396e-8,5.348322830154357e-14,2.355834645266738e-41,1.4606038878022252e-26,2.2047945836539994e-56,4.9571195373819907e-73,1.5860075250047317e-75,0.0,0.0
1.0,0.0,0.0,0.0,0.0
3000,700,2300,2000,2500,2100,200,800,1100,600,4000,1800,1700,1300,1500,5000,4500,1000,400,1400,1600,300,100,900,3500,500,2400,1900,2200,1200,0
200:3,3000:27,1900:20,700:8,1000:11,1100:12,2200:23,0:1,5000:31,300:4,1200:13,2000:21,2500:26,3500:28,800:9,500:6,1800:19,900:10,2300:24,1300:14,2400:25,600:7,400:5,1400:15,1700:18,4000:29,2100:22,4500:30,1600:17,100:2,1500:16
