50
0.31041227387105347,5.817828149992994e-28,7.701240035778344e-7,1.7173280885379642e-13,2.5368416747635047e-72,2.927800878929438e-5,1.3424906440817944e-12,0.3319659623662016,1.1029470667067304e-12,4.981535547417651e-35,2.9204891545242556e-5,1.3249852759759145e-14,0.010754201003289549,1.2477018677881277e-71,0.0837659010589089,1.093462892967778e-9,3.383765183486226e-45,2.6548436652380253e-12,1.4784383138011522e-13,1.5630395122610565e-14,3.687205304627337e-15,3.6940250306283625e-53,0.006648121860380796,1.2317927013271994e-33,1.2862960750071738e-39,1.500995101280101e-20,8.474417113046896e-56,0.0004985258292758906,0.0005810258048301521,1.9323636170857065e-12,7.709577363787453e-5,4.353790873751078e-58,1.6544484019272433e-25,3.934559816018061e-11,0.0010339363052905611,0.014520457653279684,7.36425073512464e-9,0.00036442342327026514,1.4958204296380886e-9,3.1102683869126396e-58,0.03577798567053565,7.456090780708303e-16,0.007366113779718597,0.0005004728374550155,4.4203441829820435e-57,0.010835808485812665,6.593259377764175e-14,0.18483843125239,3.9268926118346256e-21,1.1718068058176304e-16
4.625805815507129e-21,6.036677795902756e-10,1.2485766232729361e-8,3.4172174324572412e-12,0.054818992898417865,1.7812805910628341e-12,5.8121646278492214e-24,2.8288201162615975e-12,1.8750987048337958e-10,8.928629891722421e-21,1.9662608670692197e-28,2.966478658447215e-12,9.866172677283135e-27,4.544493170006382e-12,7.967668490785122e-12,0.011816706412181011,9.431178101261742e-17,0.2790527315740026,0.07259105224821114,1.3698570622391446e-25,2.981188496082119e-5,1.1851935634916277e-22,0.0021891692334568814,1.507481461359689e-22,2.263081760612465e-23,1.4118872064175733e-35,4.623659481955471e-40,0.04921119381742551,1.782465503968245e-11,0.07870990271452671,2.9779043373039946e-38,2.6636503705896007e-12,1.3142248935044965e-25,5.618380367442308e-11,0.027918972674074623,0.41946344747245373,7.783816371275883e-5,4.325237693124043e-23,0.0041076644828741925,2.8267321426977813e-23,6.384775084827554e-29,8.773223492315155e-19,6.431564945411856e-16,1.8978790565665053e-32,1.5637773008336335e-16,3.8319289994324546e-11,9.426566643505232e-6,1.8914265429184168e-28,1.5014038327346576e-28,3.076441616464778e-6
5.091493916726691e-6,3.570969401974441e-30,0.03326672298546187,1.8706598276712992e-8,4.6170314946301e-24,2.4761736195521306e-9,4.853640948051341e-16,6.199268511406833e-9,3.9902174757857007e-10,5.0466530992372e-7,3.916887037351718e-15,8.772758452390453e-8,1.0697138600968288e-38,0.00019730644668675183,2.1246218727324903e-23,9.843162680682327e-10,2.9485313863164854e-15,0.5865105035120726,0.007778575175791811,0.01849879750269277,0.003885021857410216,2.781112434015928e-21,2.1694810661889067e-8,1.8372538268267556e-56,1.7473263399403715e-11,2.3602997496742605e-30,1.4435050939980289e-58,8.828212567586067e-5,5.080015414820044e-11,1.8719653051676635e-48,4.401589863499501e-24,0.00019887244800154222,1.7261652365213455e-14,1.1129176184554836e-7,6.094091230328357e-13,5.500262476749113e-5,0.00044008473348466193,1.0943489653762291e-10,4.427182697721988e-5,2.1942125290276325e-21,5.68503843886527e-22,4.543590008865555e-28,7.73305016802197e-16,5.782225691391335e-26,0.06748076374648161,1.5468103268063522e-7,5.203066218998448e-10,1.1135584355157032e-22,4.1205235951086033e-22,0.28154979399605096
0.029235784122141003,2.821312714648238e-37,2.944259747241797e-26,0.0005292570559752269,1.4135397304013392e-52,8.26865664485355e-9,4.407758652522903e-20,7.182623057364607e-7,0.35126511530305315,1.2007042728625184e-44,7.56849253751493e-33,6.510151334776497e-5,7.732371473299958e-36,1.311708259440798e-23,1.4885600064580493e-14,0.014975840258460858,2.527318742484369e-28,6.47118958223426e-18,2.3770793384114164e-14,3.5998275577836314e-51,8.231300112641015e-13,4.4213604993954734e-30,3.3923964727108096e-10,1.7821355831813926e-23,6.021799616991611e-9,1.4033939665200748e-20,1.44982167320851e-20,4.3391174667423305e-5,0.03969780604313486,1.6778491033621402e-27,5.187501503961936e-10,9.247452283492287e-25,4.576946621682029e-15,0.00013376013136618154,0.004119257361322745,1.937743829189423e-9,1.0665674266267114e-9,1.0862496813843757e-6,1.1706658145337466e-11,1.7340814704851273e-31,0.0002833086198147359,3.659727691469424e-10,0.55719050484378,3.6288840537598334e-5,1.502617326775856e-31,0.0023990139526180285,2.213034142233236e-10,2.3747499034059825e-5,3.3710058708368633e-22,1.6152742514363662e-11
5.370975783634009e-25,0.9981916289222719,1.0112839268776113e-11,2.510900235572497e-15,0.000396654002311332,2.958750601676962e-5,5.725582159403824e-25,2.5510113110125975e-13,9.535859512746523e-14,1.4855714600786636e-8,2.8854725847623325e-21,4.690727246080376e-16,1.0209629885981671e-17,8.361363461354023e-8,4.01397008075491e-26,1.8030594121932764e-10,6.974893635216781e-16,1.3794660092470746e-9,8.70278217361716e-16,5.130746624325305e-80,1.2085783781418427e-8,2.7058011727005784e-20,1.86518616877147e-12,9.82085714185603e-31,8.239703888823343e-19,2.1391458380244308e-24,1.4631240636577255e-49,8.872307786064916e-9,4.103279829373097e-14,4.0628513835106306e-22,1.9650913165441826e-42,3.645586338006506e-7,4.113441506801135e-22,3.097582123741146e-13,0.0013810787460534046,3.1841519594285175e-15,6.328864847395413e-13,8.031515576035345e-26,2.9942731273989677e-9,7.138178445459957e-22,9.994559130429946e-33,2.746103896371302e-28,2.4746862650081166e-19,1.090978066774948e-45,5.456642905098434e-7,1.3666646040513417e-14,1.652501687887045e-8,1.0850644832364025e-42,9.660517520988134e-19,8.058570937879525e-11
7.820880025551626e-9,3.068297963603198e-8,0.0005615831130361404,5.530260466816832e-6,0.011332596501740448,0.5799000731175568,2.8913101070115835e-14,4.22299117662046e-12,1.898606263362258e-9,0.006023872350055834,0.0003588478347848521,4.851678126645145e-6,3.2732539542046182e-21,1.701658372321264e-10,1.4589917903243348e-13,4.025052917285548e-13,5.608827101527006e-15,5.292005732568181e-5,0.009050848954760701,4.2039289917341846e-13,0.0005191658557982642,0.0006877295159521321,0.014598201388237416,1.20850359930982e-10,3.995942193983971e-10,0.0003624740093465944,4.623507649708487e-48,0.0030833442587477073,2.4118375967882974e-10,1.5957529562498538e-24,4.3965691231069715e-9,3.2477567436925666e-8,1.423626350271787e-16,8.478931067788012e-8,8.557517198721082e-9,0.0382359846741154,9.039001201574992e-5,4.628512006121836e-11,0.3110255915121877,0.0005115517522609709,1.7886887282045066e-12,5.883505992055562e-17,3.195001268095299e-13,5.746634360196504e-9,5.892970573785116e-7,2.4066939549241973e-11,0.02348625818331051,1.0339410659984755e-12,4.4905735638622044e-5,6.251255689818025e-5
8.685817987962329e-92,3.3921323101755254e-11,2.867940400865082e-11,2.9284598283626255e-30,3.514930204246154e-9,0.00016425428654093794,0.0013541885369151123,4.7372839213921146e-24,6.827629231181843e-43,1.3561782652434734e-17,7.397206281044749e-10,2.063206563152135e-40,1.5976078396246477e-85,1.4550517172664067e-36,7.151478324149135e-68,1.4548709559834033e-16,0.022304045730013943,3.687229868071429e-22,3.7705072639287833e-35,2.59656027658033e-55,2.1040743615990426e-26,1.1427451268241646e-5,4.585872385003382e-76,7.149314848502079e-52,0.001568345570303838,0.04607397150001,3.949566640942355e-68,8.630050524680886e-19,1.3763043725455124e-51,5.69465218365926e-25,1.897482892443845e-5,4.307067732141903e-33,0.854649251968336,8.402799712660966e-45,3.9471267751799085e-41,1.5555189539281824e-21,3.0309957442116683e-19,1.040059306539188e-31,1.4458205118174796e-21,1.2150148055676093e-6,1.4308860888299466e-54,1.4859641456784322e-29,4.828085021482319e-51,5.122107524209462e-45,1.8048751699681107e-27,1.2006145026050804e-32,1.399254171926485e-27,1.9877589906993776e-38,0.07385432079563017,1.239349306910171e-30
1.0082769350335855e-19,0.08197409519681666,2.1067700345871486e-17,6.0753995881988655e-9,2.4592102461763446e-16,0.0005452096566096012,0.0030833821660985203,0.10801632265383314,2.6437293476456032e-5,2.45098526735607e-8,3.0554955953643623e-16,5.608223497327516e-12,0.09005857361762055,9.250800022040598e-19,9.839038549180146e-15,3.2503229687894436e-19,2.2612079417537042e-18,2.3880733355755295e-8,2.48699834492307e-9,6.655149700613844e-14,2.647995181349287e-9,9.17670818704854e-14,0.001645571384580229,1.9186775803688082e-23,0.002409040248669547,2.1933672832102003e-5,3.6738446821187444e-69,6.17486682208354e-6,1.0586013454910903e-16,2.0878814459955774e-26,0.6677225964721335,1.415031221454132e-15,1.26768760762813e-8,2.7834292028837083e-15,1.038343314959365e-13,2.6553722590805183e-10,4.976306131381149e-9,1.897311594710414e-5,7.31739330796336e-12,1.592449878565112e-18,1.907976676348601e-7,0.00042768786149956445,6.202805856285327e-13,0.04143724091771182,6.384443116913234e-13,2.710101155489873e-9,1.0559399035629399e-5,0.0007544109849134915,0.0018415193736669585,7.580432306011964e-11
0.0002727006825290486,2.446728764815075e-23,8.455524157664333e-27,9.583981731510176e-8,1.1399888828871814e-39,5.646118037370825e-7,5.115166841866843e-10,1.6869897071326584e-6,0.10204654378886961,7.025539502056519e-38,4.007344005920032e-27,7.849474292145747e-9,1.4962406909397684e-25,1.5596376610198337e-23,4.671593930983932e-12,0.7124805061926098,2.789397661758847e-21,7.232145526223271e-20,1.6028303629028444e-10,1.379752687445899e-35,1.4719375882675225e-15,2.0268990249777314e-23,4.634802725840273e-8,1.2221961699258658e-34,1.6861840194274265e-5,2.7755969559914855e-15,2.7419738018806417e-5,3.1752392763834953e-6,4.5725498371600444e-5,2.235054220374324e-19,1.2511120278562634e-6,2.956108809693986e-23,1.1113363431231718e-9,1.0984360618913697e-7,6.176467893913655e-5,1.8608519630032524e-16,3.767762709862805e-14,0.0018973771466589458,1.3703959080377474e-13,2.0180412808976837e-24,0.009114233448178707,5.7608488246158545e-5,0.095184629855635,0.026421363750667008,1.7419369764124125e-28,9.483572629946884e-6,4.851435623484107e-9,0.05235683684512433,9.301371384978094e-14,7.188825778143153e-14
7.290874260940254e-23,2.0555368773825099e-10,1.773884589362372e-11,7.95227455027075e-5,1.3125895142510925e-10,4.516896975844556e-12,6.588087756015898e-27,6.703797467420975e-23,2.126610748552298e-9,0.0003288836222499575,3.5585413826898933e-29,5.5111838848130435e-6,0.0024122402651452044,0.0675606487139496,2.2752983176285136e-56,0.0019214587265310547,3.491223462860763e-18,0.012038011462362216,2.6915842308553715e-39,3.511086794300035e-63,0.017414366795578704,2.153638390178726e-24,5.2806359520262665e-40,1.4774842288359876e-36,3.826534299242159e-6,1.4931388384726696e-38,3.959288887417449e-61,2.74617025267832e-37,9.047918918561719e-18,4.143715612402649e-22,4.454118736349719e-45,0.8085026421415941,2.4490946749638873e-26,0.003614755608108302,3.813867806627712e-15,0.0013278278744924578,0.01536184885028301,8.028357708955591e-32,9.705835389246377e-15,4.000657669225026e-25,2.6746703776022623e-37,4.375379379755441e-35,1.1781071754304476e-23,1.2065010824781484e-42,0.06942842358394985,2.753298807798209e-24,1.162379044228431e-15,4.71968230627458e-45,6.535044389369306e-33,2.9406375113216815e-8
2.954428296909769e-16,1.0690522587195973e-16,0.33640302395540794,1.706161441072485e-12,2.0768713889454778e-9,0.0006048941692759063,3.2890925669897336e-29,5.341992165263048e-23,3.9376327576195215e-20,0.5223245482814306,3.434259486826168e-6,1.7549421004339363e-15,1.1074490154948369e-52,7.207049891094787e-8,7.449580560628686e-20,0.014008991590784446,6.753347925082645e-19,0.0051683701505693454,5.3244823076093155e-14,8.660470718633747e-15,3.051506748771427e-6,2.7710734951327914e-10,5.917475886436001e-10,3.329589985932592e-75,6.00509484992276e-16,4.762231154234492e-24,3.8404309268129914e-50,1.53873680613843e-13,9.12183046856248e-28,3.7032576396885064e-33,4.5398513282769435e-28,3.232654903218792e-5,1.0108959860141329e-26,1.893144363086321e-14,1.4073017822172798e-21,0.05780848110164833,0.030988142958940274,2.0646375515306572e-23,2.4267280558014256e-5,9.892406184952637e-9,1.5710301694060688e-25,1.519790982478331e-27,3.5450733834876374e-30,6.907664423323326e-32,0.0010254296087561668,0.03160424067847252,7.815109101068095e-9,3.22919155607461e-29,2.577271621460283e-20,7.051832043436872e-7
0.009297879997659455,1.9565882777612462e-57,3.575677489443617e-36,2.054374312773356e-6,9.260033553817543e-63,3.269405485989809e-13,1.1982715128002063e-24,1.2774684461831612e-9,2.9442617912916598e-5,1.0527833528482695e-61,1.0480365264737137e-42,5.80321422508918e-5,7.193121419440011e-63,1.2157791540732327e-40,3.473748388400584e-29,2.4484524075409376e-9,9.889194975239557e-27,6.628299197333577e-24,1.8738129794043665e-18,2.6600007273628442e-71,3.7297968530585735e-16,7.924545564465757e-46,2.555546999919353e-13,0.0017697465597925099,9.234092597306993e-15,5.581305247534175e-34,2.230582088923428e-41,0.0001026575021146502,0.056762275929771885,3.480340805571386e-36,1.7181694543411551e-16,8.51133929095962e-48,1.7755503935601763e-32,0.00880110049597812,0.1662256624460251,2.168234053943992e-7,7.088114055540066e-8,3.167832162508399e-8,3.0271394537363087e-16,9.56157945678223e-55,0.002719019471233848,0.00015273975093398038,0.7377920910816893,0.000813939094209241,2.7917874901054595e-59,3.0962288134348266e-9,5.916406532833208e-15,0.015473032330127132,8.124086337697453e-33,3.725744967434962e-13
1.985922597277673e-89,8.25236559769052e-68,7.994276369536404e-39,7.497202172447478e-47,1.8031194831544042e-130,7.454597973487634e-11,9.666776720121653e-97,2.639911935581481e-59,2.219093315028099e-44,3.554473721376341e-53,1.2178684337443972e-34,3.498013394404128e-70,2.4245016772486076e-306,2.0297704633632265e-115,1.6843895418965186e-98,7.9649013067884585e-25,1.753499364445195e-136,4.08641191378834e-54,7.66096967872419e-83,1.0403693079541513e-84,2.353826814931831e-54,9.911151923423528e-81,7.182486307384749e-82,2.3908355954453647e-27,0.37616046645243434,0.10978776278135645,5.706323675404062e-144,5.119956096393853e-96,3.0261529638972797e-47,3.2211059083897406e-17,2.018248845213963e-46,6.680994589435545e-94,1.1023889079653577e-56,5.522064942076757e-68,1.5790268044360036e-40,4.350164900701526e-28,2.7239422131910816e-39,1.6897012498130002e-54,1.1748296701017291e-27,2.1568835469369995e-92,7.76313882965866e-59,1.1763411577425204e-93,4.1990635045728586e-50,6.154076588990777e-95,7.553008814756977e-81,0.5140517703122348,1.7609306254483456e-28,7.29159687508256e-83,3.7942837920766036e-10,1.0656262381605848e-56
7.402675798920946e-17,1.5778207914653413e-10,3.592229993112807e-21,0.0030721084600533327,2.86918830474001e-8,8.8657491212883e-16,5.865243144243745e-18,1.5511552469807765e-21,8.443739286190278e-5,2.4834757730243995e-26,3.9417291140201696e-46,0.747295409031709,1.5008929835762735e-11,3.750451746209545e-6,6.981046571070266e-24,1.4586072885710408e-25,6.91496378072142e-8,5.73110766221576e-6,7.028064667859842e-26,3.757780226787142e-122,0.0038808337386505485,3.957761244147698e-30,9.028171341701554e-15,2.82325453045854e-57,7.86981974352309e-15,4.1026232175937223e-48,4.8222887665429416e-73,1.2473918949946414e-5,0.020197691012337024,1.4447194608088282e-7,1.3011202313483847e-37,3.09940334542254e-7,1.2465445793429565e-27,0.045155894003672446,3.1540352488544796e-7,1.7266457353784614e-14,4.0461185676503555e-6,5.610235338677878e-26,9.148159977156145e-15,2.2336975759336792e-29,1.3012846523387349e-17,0.03786858115006579,0.14241649137181817,3.977140390321567e-26,8.352979028084436e-12,7.354976412001384e-27,2.2158057877170865e-20,7.920423575173558e-23,1.500652436289733e-35,1.6844033912101241e-6
1.2826161453548644e-21,1.4636773759547373e-69,2.730871995362154e-15,3.3752687708444463e-32,7.190493512467497e-89,0.42281205350137235,1.2304678559582478e-38,5.599777411982219e-5,6.765498609824735e-35,1.2652009907966802e-78,8.766989819378885e-11,2.257074095192091e-33,2.5123781827030212e-36,5.670231726293371e-94,7.465878041154293e-5,1.2556071519566063e-19,4.0845391129807024e-32,6.972275042144622e-21,1.045118971726008e-16,0.07013118834751572,3.576277872412119e-23,7.238228033541749e-47,0.42957921187653486,1.9316148862697553e-39,3.773900561793598e-6,0.0059195021133268445,8.250523056624267e-10,0.0019707273456073876,3.2421580217635237e-33,3.5417912990312476e-26,6.551569350520436e-9,4.596496973777581e-83,0.011847181066950447,1.524355555935174e-27,4.434537844355049e-24,0.039791213210163164,1.4402290708805648e-16,0.017814483710612693,9.08527561549521e-10,3.3321350521487876e-41,2.3472125271505617e-31,2.352592186726078e-42,2.471767204299878e-35,1.2562800597070546e-23,1.588807553230388e-104,9.645960418015604e-16,1.3560874869550543e-31,1.8970999879777569e-19,2.5404190945480475e-16,1.595949947574862e-22
1.0127925217998254e-38,1.1636634779882939e-45,5.921808193614952e-43,1.6334783001273964e-20,1.682252756132966e-69,0.05980198096323801,1.0375053513706489e-75,4.706500764729011e-30,1.2378873676742748e-17,2.1246069093820573e-5,9.069412027942936e-25,4.915937008160098e-14,5.757152977275841e-39,0.02253283848785144,2.324031298623284e-6,0.07548721963569574,9.219425034353281e-74,1.0457390648948476e-50,4.483228400764918e-19,0.11476887763750776,7.00827487421167e-43,1.944444039965089e-51,1.4237265275618658e-11,0.42252889137867167,5.3948128987329e-10,0.009242334044818648,7.484636003164459e-72,1.7146971233871626e-19,0.010165622168559646,0.27088558724233935,7.325673622334769e-40,8.774750370307175e-5,4.290101439832978e-80,2.2933587528508686e-19,3.3530312716080615e-14,1.0720083577321885e-15,5.169757187816299e-21,3.054598754124558e-36,2.5251075688225173e-13,7.198315079989432e-52,2.2408641050292155e-28,3.667960999724063e-61,1.4543406007862073e-10,1.895703941865214e-82,0.014475330137733373,2.686565914991216e-26,6.1917803171665634e-40,4.267120922377178e-69,8.942345820074637e-37,3.5397111066996604e-25
5.646133169941298e-38,0.03268821602029824,3.115672862247941e-9,7.252613829501545e-16,5.734651248812569e-13,2.2911152027406182e-8,4.792917108484373e-12,1.4352734537079248e-32,3.242817281229939e-8,0.28755627942375805,4.455049051736193e-12,3.338676578004575e-24,1.06835777247455e-35,3.5633044971422036e-9,1.4538911837623903e-28,7.4958862197859645e-31,0.6370549275826748,2.5862160160035167e-13,2.436222474990066e-36,2.9377483210524774e-85,1.495607148623663e-15,0.00521562557187641,2.1148005690890418e-16,2.797658690877597e-20,2.0764408511869623e-22,7.419267869165604e-16,1.5574855320056106e-15,5.3224163906808635e-11,3.719712952392957e-31,4.992207517417478e-57,1.0570193211834677e-21,7.879416182042466e-9,6.646782242906071e-5,8.220292432144468e-20,2.740090954695271e-20,0.00013370303067029217,1.8824970605053412e-6,1.4824851873470923e-28,3.2306834638268435e-9,0.0050997794947641875,1.1173739191138962e-26,1.4674192731696406e-12,5.414856695664786e-31,8.779949165437626e-6,1.9083573556059917e-6,1.8648251703652562e-23,0.03217079401235766,1.5630428672536684e-6,1.394284360570879e-13,1.4049246785444908e-12
0.005472710303894499,2.9283456326349095e-30,7.751032748064647e-13,0.20546246174241814,4.907054616453165e-49,2.8845144790881456e-9,2.7176468124257547e-26,3.001069572828458e-8,0.03527165114497082,9.563152916345394e-20,1.1555176869135931e-27,0.5723860258991827,5.521587294306805e-33,0.0004887693549951794,2.571088354711658e-12,2.7958968408759084e-8,1.2535952705893749e-37,0.0031414107560113276,0.03612815606435292,2.09560086355003e-10,0.0032424320613940205,9.272243122497904e-34,0.00017851022164560703,1.270881276181109e-47,1.7289379964388344e-15,1.8310819989304614e-25,1.0422687519829828e-40,0.000959726319223401,4.214503936328701e-6,5.174580644110014e-36,7.8036681712538e-8,0.015553319548471965,2.0900389953651107e-26,0.11535391218670357,5.651508474591273e-6,1.1513895464408153e-7,7.894189418336701e-5,4.149336762137219e-9,9.056739571886432e-11,3.995585922780605e-34,6.583915362359959e-12,5.0590315778515835e-23,6.388681493074717e-8,1.4540935365013906e-11,1.4609414710962086e-6,8.158508550972452e-12,9.153460660450341e-6,9.077895111036075e-11,2.221897382019062e-22,0.006261169598505772
2.4611218007484585e-5,4.728709744233369e-16,0.04427494227256786,9.198412717782917e-6,1.2161711980101987e-47,9.041485034947574e-5,2.8282222672451295e-6,0.03330438837507982,3.0462102260016054e-10,5.01177133204989e-50,2.3035150613344402e-10,0.0007805919265460406,1.5845404490277337e-34,5.6492262640906815e-49,0.00010711994449603923,0.1148462103199487,5.450804108747831e-28,0.17132284304737333,1.927936621024819e-6,0.186286537360975,0.04834057134230878,8.094526121266244e-49,0.00803466390894299,1.721239589808068e-24,2.787030045526919e-26,3.9081697402371737e-22,9.690972177288429e-11,0.3628310260150249,2.6399724977002688e-8,0.00020123063926917478,8.014803595131441e-8,3.479895403279961e-39,0.008471610701612182,2.731264345995125e-5,3.0009179470492778e-6,4.442065399446851e-15,3.9696813341967155e-6,0.021006394381946944,3.9747326063359956e-13,4.394637017602888e-49,2.582276688471304e-7,2.1849188009459185e-19,4.852312878013426e-13,1.7399385729707597e-6,4.696365231000002e-57,1.0668602148044437e-5,1.8633389824573412e-10,1.5831743763706417e-5,1.6505752651498613e-16,2.1857276247927853e-12
1.0496777091474377e-9,9.392543754337406e-72,4.58866093029535e-72,1.1503647520795422e-77,7.395701653681988e-117,1.2362692296390395e-41,1.0516373960658062e-82,6.894379470551795e-84,5.029229508289795e-64,9.680543634580664e-112,3.8852523150861307e-79,1.0703564086316103e-112,7.4140980402438715e-28,6.7455773713093275e-108,8.63578476160664e-19,0.044596251545199965,1.628623014730108e-119,1.955152783785745e-71,0.06184176271086985,0.6442334420991603,1.2112438163086875e-79,9.365780940090578e-113,0.002079353531739787,0.06017801813269283,4.677352458686548e-7,4.502279381541182e-57,1.799099698455401e-46,0.15540268911691388,1.6475393378132418e-100,1.5117355481578963e-6,3.4813970324203284e-51,1.3622576690744774e-106,1.5987115827313397e-91,2.0538835568007562e-52,4.593916969250201e-61,2.612817885661925e-24,3.138618189971786e-57,2.5433692477986306e-32,4.199894657351047e-34,2.2474163441135104e-105,2.8462098514221224e-16,2.632688666296349e-32,1.544798940604066e-50,0.0316660745864089,6.184506347316113e-135,6.398583818378616e-32,4.561082053507018e-16,4.2775654190290484e-7,1.4317973577207433e-64,7.390543113022104e-39
9.21340425641547e-5,5.146211311615383e-42,1.0755491742210455e-22,0.0020101730596782707,1.7807973536732195e-49,2.2894376881051407e-9,8.552909728456675e-24,4.752308450329128e-6,0.024232303186593276,2.0293148620061728e-32,1.2849887042068415e-30,0.11555966854616515,7.506793201219872e-38,3.4683860325767557e-22,8.250252444392836e-25,6.810102584243521e-7,7.567012333351916e-27,1.3364260389492616e-11,2.795851748028557e-10,5.1685498755782e-41,9.893855170689503e-8,8.426777312273002e-39,1.5104502035465387e-8,9.579860495520462e-9,1.2719251567910054e-16,9.702118726819381e-27,4.1028523108493245e-49,0.0009312864402162949,0.4215059840506531,2.202928950656645e-35,2.9261712556278243e-13,3.171967302058469e-23,3.0288104286428057e-32,0.41520430914518464,0.0017978694607053121,1.0386874596381672e-5,3.811722466375757e-7,5.69947515655498e-6,1.4491363551211597e-10,1.7604891596721127e-44,5.22916684800601e-6,2.320532081195743e-11,0.0186293531156979,5.948524660852711e-6,1.6927012848402864e-26,3.333308284769491e-10,9.644335180415722e-11,1.8655143474420689e-6,7.030523360462056e-26,1.84810249006969e-6
2.1878306092612725e-25,3.865666627474861e-12,0.1416076563754048,1.5589925792076683e-17,1.291674410664315e-8,2.4108967350657128e-12,1.1046426006430298e-32,2.984458114268018e-30,1.380342508711419e-23,0.8423178289481443,0.0006075589763893622,1.1010132613712295e-17,1.2993643528148737e-34,9.046798536646077e-7,1.830768032613713e-19,6.638648852150995e-33,2.186330687650038e-8,1.3082718819248299e-12,1.6741355079748893e-32,1.323575004211671e-76,4.73222603366917e-13,3.77520554930387e-5,9.019406972076291e-6,2.812679788739978e-43,3.7639713555999728e-6,8.644199196749431e-21,0.005644694414803373,0.0069743950163669265,8.759995903700403e-29,1.6170109047876388e-62,9.876100596743604e-20,0.00040851489318312735,1.4949307404782931e-27,9.314837605625964e-18,3.7922046607533065e-15,3.0372254045898263e-21,7.131885784832808e-17,1.1761816850697443e-26,2.7996259979279106e-5,7.362469353500335e-5,1.190010723649829e-24,2.083463716825844e-20,1.629059000091836e-25,5.920080254085049e-7,0.0009437722689446069,4.606327517791694e-24,9.776405773408028e-18,0.0013418912434343003,3.608636340011015e-19,2.1368629663382095e-15
0.00032417319407645453,1.16579627850384e-23,3.3669038708846177e-6,2.9000934676360966e-24,2.0224797752759624e-53,0.37236882007679056,8.732514725170193e-11,4.622605887454907e-11,3.4454017294637854e-20,1.2293875494701775e-51,4.1627010096934493e-7,3.3116637430104614e-26,2.469056455755977e-15,2.9974656474385622e-46,0.0017742318260661068,1.1196041711530505e-27,4.4599191728423436e-52,1.5208336625358685e-5,3.8493867595829995e-7,0.08822940740401763,7.100679764382815e-12,4.6334092493835294e-51,0.3361389644702062,1.8075348340795132e-54,2.2216243322495327e-11,5.59825709857841e-13,2.5799872436135237e-12,0.1337653177521383,2.6685784375990495e-10,0.026230628983810275,0.009030016009694922,2.9368891683800226e-37,2.1642717465103013e-31,3.9198098972892755e-16,9.760778540658088e-13,0.00030141072599488585,4.4337005725046457e-14,9.737071002036087e-7,4.367567535300954e-9,5.267772832713137e-52,7.825854639956842e-8,6.135624081281169e-21,8.494091110998102e-9,3.632858450426496e-10,1.4391959446713995e-49,0.031816576430172085,1.2349700759545909e-14,1.1053266749834224e-8,2.427570120286271e-17,1.669831191340552e-16
3.2881745219437165e-43,1.0553160448519041e-48,5.448034780069437e-38,2.717374708865605e-42,1.3621203278026348e-90,0.004277444869188807,2.179841049142488e-57,5.320072418972376e-73,1.5851871752634846e-52,9.818702397346435e-76,6.42131441150321e-61,7.176271609399172e-41,3.2716914718827816e-42,1.497843645016082e-48,0.006861962825986479,3.230007869690376e-34,4.2542131346141e-12,3.0264983179459092e-46,1.8157237632382578e-21,8.440190015689323e-36,3.3787517711480383e-46,0.00011814034322300638,0.000348609792805284,0.583027874452364,0.000441018437852731,5.901914347195678e-47,8.84729247718854e-10,0.008551884083764632,1.518981240923262e-42,0.3557354398521494,3.8142755334417425e-72,1.6712790971384812e-58,1.3671996578868617e-13,9.956438281530801e-36,6.58194119340678e-48,0.0012605969628816218,1.0948571457335913e-24,4.200304489699188e-79,9.640425015470976e-6,0.006548142577378187,3.814791438364256e-72,8.541785472348008e-31,1.0196123003345182e-54,1.21316237489572e-135,8.827466104375215e-62,0.03281924448827011,6.957602190851621e-28,3.8860647640038295e-109,6.339783773386186e-38,1.7500764619245466e-26
1.0924943890536524e-33,5.460329532688547e-45,1.070811754902734e-44,2.8516588909014638e-9,4.303601507157824e-33,7.09112349125868e-11,1.7064974396012623e-33,1.1800403130576744e-37,1.7405203472130256e-30,2.512221876240388e-55,5.141375802585184e-21,0.010640767533927143,6.051096126664504e-54,3.2201849998315406e-97,0.2054209231460669,0.1593696339766099,6.651687802420802e-12,1.8159528475443465e-40,1.2998918485706776e-14,1.2884330808121148e-22,2.0856916754093865e-13,9.589027610899086e-10,1.7382206010509636e-9,7.123807979123967e-28,0.5234323977817275,1.0521737433068747e-34,3.2586648285079747e-7,4.593657016758743e-15,4.441803082247903e-50,0.027521803056136343,7.79403724623407e-42,3.679999322616625e-92,5.990818891334436e-6,1.7207512761752275e-9,1.252059930431175e-35,5.2484110896221554e-14,2.1939064468702615e-22,1.4289638240916652e-20,3.202650490573919e-30,0.02981846087752852,4.930602360503578e-28,0.04085066462612616,3.231355004478164e-38,4.378762898617556e-8,2.8316782151357105e-89,1.3756046023371797e-27,2.2605696790149554e-49,0.0029389811814991918,7.422858366649482e-29,1.9527967413090682e-29
1.181147808878881e-24,1.4601958651523188e-17,0.026714857936678247,1.5195475977473792e-23,5.964704980787572e-9,0.019324725099222475,1.3651741554065553e-29,5.518414835496037e-31,1.799544944573447e-18,4.433644577735253e-9,0.6436330485430635,1.7886533668728462e-30,8.981740288782503e-12,4.740126357212726e-23,7.507292680857895e-22,1.3354553931634547e-18,5.674708334305186e-10,3.468498839245512e-13,8.96295842467574e-12,1.8790271967784557e-73,1.8643977699765953e-18,0.025837001904925293,4.4107412673395635e-9,9.11908821160971e-64,2.0448075727753027e-35,9.32678920358656e-6,3.766078793665097e-35,0.0001923979285685408,4.3270566092721405e-32,6.69613595322013e-47,3.7473188972248055e-24,7.476009392511999e-20,4.151277423659623e-6,1.4345025087103206e-27,1.0563110171978748e-27,8.792775317826535e-11,3.33711091487014e-12,1.858553589030717e-28,2.6722328074178114e-8,0.2842843910330922,2.6894811725578355e-28,3.7121453948117133e-34,2.3146327702660723e-32,2.981612672623222e-21,3.4334316026479587e-15,4.743750018300533e-20,9.150518729700139e-11,2.6267736964902092e-33,5.718786575227376e-8,1.8645410476083054e-15
1.973914802465211e-48,7.650608023590003e-45,1.1772304018065626e-52,4.183778292841406e-53,0.23475250219925792,3.92176522827111e-11,7.076784345164086e-67,7.648326247192989e-48,3.8531947969176463e-60,2.224823148343767e-18,6.765409471887381e-46,2.936964940263561e-49,1.5515296081818218e-108,2.9279288792850787e-77,2.447226987873054e-26,0.2789692249557637,8.780115013124142e-30,7.49258678901837e-68,0.11354450543654762,0.19202115944269094,9.253049295963189e-59,7.68084791715792e-23,3.402545646557516e-33,7.511858246821987e-26,0.18071260792652205,2.6631821447376135e-36,3.3898702933510952e-106,1.0397254987268986e-24,1.5483381199715237e-51,1.288791002930313e-21,7.180462904009996e-45,4.3366195441138347e-63,5.50198039539077e-54,3.105387708225941e-50,3.306392676167403e-39,1.157140531673314e-47,1.9075261068301443e-67,5.702649298741707e-51,3.028548545048507e-35,2.838630836032007e-19,7.637651487201668e-61,1.4566811959604448e-82,2.7255442173037803e-53,4.737063416705628e-76,5.3040873017696114e-40,2.1768615220835685e-44,2.5593499456850283e-25,2.8396968540555648e-67,6.43645735720565e-37,1.562923501910116e-44
3.057898711675708e-5,1.79008505702693e-38,0.008572741483170618,5.0789178744549044e-20,6.155004080072656e-44,0.046039057878763376,0.01003811111357833,1.0334880309313978e-6,1.2628485786914932e-18,8.50504285913585e-52,1.7001004025733437e-5,4.7561557920934375e-28,0.00013403697499309237,1.3591051934010296e-50,0.070133250670117,3.5312998053541756e-20,6.128626112854943e-35,0.01010706567922986,8.684583830711136e-6,0.001511203044345252,7.630460049164343e-10,7.421284095367316e-43,0.46844054447446926,1.371142646977298e-59,3.937825249775309e-20,2.2880204888264108e-11,0.029696263141637393,0.17677951352200993,6.795194769435942e-8,4.811639341420784e-7,5.5319121175544835e-5,2.6754290460466325e-38,1.1043423061626545e-11,1.4077587553950414e-16,1.1100381715371323e-8,1.529102239480399e-6,3.062464213199713e-11,0.06719560088587197,3.870032463615564e-11,7.696312264148482e-44,0.0040886008871824815,3.27919306466922e-14,5.137233138471392e-6,0.000589660216745126,3.2583669045920234e-55,0.09239698016047371,8.931390798495036e-13,0.014157525264366666,3.779718200184961e-15,4.48658246874626e-16
0.00286056480806791,6.763857218280834e-42,7.67256105090099e-39,9.1973190336612e-17,2.3157993131216678e-48,1.3569232034496783e-11,2.07431424061822e-9,3.4269949424664714e-7,2.0700784855021505e-9,3.1181454975623057e-54,5.424911759390667e-32,5.017974504233662e-16,7.492846388662843e-34,2.8821636259903737e-49,1.4895821818388243e-9,4.5143413206607965e-7,6.077923345223354e-18,7.114786109621743e-31,3.905250763800954e-12,1.6982402665019255e-49,6.764915275397748e-26,8.503674817009286e-37,3.3562007048223027e-6,1.6236485888213797e-31,0.02328111370186411,2.132832812855831e-27,1.2579451007140134e-10,0.0024295499707023055,7.018344976205299e-7,4.579958104693208e-23,8.0854020395323e-11,1.5461630356901518e-51,2.2342177643051288e-18,1.9657957556166e-12,4.447015772526274e-6,3.0663680154487416e-20,7.74088751211404e-19,0.002139956003005583,7.642420995058957e-17,1.0970937216653355e-37,0.05597905324214567,0.009765157841329235,0.0090694283812167,0.0026141253493018692,6.1709805222330575e-55,0.006908979455757805,3.656147303500624e-18,0.8849427662019435,4.999937225697197e-24,7.861894046217892e-22
2.614408225789672e-9,4.021422827753405e-67,0.012186013807845642,4.2619146324724324e-20,1.8140159037752613e-93,0.10118686893217343,6.355284583178533e-56,3.2038097055958823e-52,1.998847037576047e-37,4.929788504202486e-93,8.500741830702348e-36,2.7953627230746566e-17,8.296780780846476e-39,5.1490037775991505e-95,0.5134506073287143,9.989245097933093e-18,1.7066738982606063e-46,6.202265490163455e-22,5.547817040574179e-6,3.208537040775126e-12,1.2881734095073672e-15,3.251907789961104e-51,0.09260071947559148,4.502524581686886e-25,0.19970713734503148,2.3456263713950677e-22,0.018361900947115983,0.05125777949846365,1.9972073126047628e-50,6.569466701496596e-17,1.2436881041150442e-32,8.346536254782559e-92,4.205577015588781e-39,2.436183792507298e-20,8.913048812718964e-40,1.6831049627603627e-25,2.051950336481606e-25,3.015501889905179e-28,1.3780190327833426e-13,1.2250149130046873e-43,9.271434674253068e-26,0.011243272135944666,2.303791303478892e-47,5.649130309081077e-24,8.505630364271074e-111,1.5009432284978257e-7,9.691082744869245e-20,7.350164060297739e-20,5.021439392908683e-38,1.0496758139426728e-27
4.535570492001877e-28,1.9687218571701705e-20,5.735779624749633e-17,1.4532040229344155e-22,4.9198981399320503e-23,0.0018450700848512544,1.3753936091090824e-6,2.602750864506723e-21,2.5267570361060234e-23,5.5918399429388405e-28,6.621279828048647e-11,8.677388506214444e-25,9.584535807047061e-11,3.3982462993448966e-46,2.780288671791553e-16,0.019285443869584362,8.088207085359247e-7,2.8787567573511494e-27,1.2355402496982323e-17,4.4852753406145025e-10,1.0839417126316971e-27,1.9402092393185243e-8,0.000840165185082064,1.3912990279133683e-23,9.641265154666911e-27,0.622246542649305,0.0006751585322307052,2.901119410158962e-12,8.692323730091685e-25,2.1812148167750987e-39,0.025248193787641985,4.580650539122088e-43,0.32947732350614956,2.6519465571934942e-27,1.4570734154301905e-21,0.00031132891890682914,1.373517287068379e-13,1.1721304089124035e-20,6.39788262938569e-12,3.0228735596978368e-6,7.599247499954627e-25,1.068224286625689e-15,1.0777441226695761e-23,2.1690346350989947e-23,5.0334912480370494e-37,1.0327638055628819e-14,4.1027613059756326e-15,2.227325412346781e-22,6.554635624073553e-5,6.874275396110567e-27
1.409209286134819e-16,6.672771545199531e-15,3.771994321869475e-20,0.003307655368413024,4.213314164253762e-6,1.2995608539334577e-14,1.3494636097504047e-27,7.21153531340965e-18,2.2154743745503154e-5,1.0713515846510605e-26,8.269194867451167e-45,0.7460906918714368,4.451212131582005e-7,0.02575527352466525,3.9376047412539517e-28,1.0157779558197817e-17,2.491504846638972e-14,1.215623357534195e-5,1.9317087652234282e-25,1.6322055270249865e-113,0.013293000342130785,4.5621603355581956e-29,1.2247712865525108e-12,1.4308285778625407e-56,9.44962750989923e-11,1.7747763063966245e-47,7.54204855005206e-76,8.888653377648327e-6,0.05113814779096006,0.0012038218132064424,1.9995991197673026e-34,0.00046240412078649124,6.573500307136164e-31,0.15790092675662692,1.9116345243054656e-7,2.2045846702376686e-13,5.37584503900098e-6,1.0372355647489027e-23,1.883089000048644e-13,3.4165358437752684e-29,9.860714105981385e-20,1.8427935845695427e-14,0.0007748652810938487,1.710481558110307e-27,2.413027266602254e-10,3.3633478119397925e-23,1.0874022110714794e-20,1.0495867381092412e-22,3.3510292580331924e-36,1.9787718617247237e-5
2.0452713686817996e-49,4.823521564144411e-13,2.2697350160033045e-5,8.6791777754014e-20,3.3148532187028364e-10,0.014121576370332093,8.116519301965633e-24,1.3576859819012865e-29,2.5563545234322415e-18,2.1079925543761826e-5,0.0025663169553779837,2.2001460329096054e-43,5.766541393930716e-28,8.041996976167687e-19,4.1645851240950255e-28,6.069122858020556e-20,0.005161030097000473,1.4651705021724653e-21,2.0953834632315607e-30,7.177602556439655e-73,3.393960298332512e-23,0.5552626865902538,3.4130798701347445e-17,0.0016720045027000358,5.042739923735417e-42,0.03928915858287603,1.6888042164971028e-24,0.004347654477040984,2.4125445518423142e-43,2.3087849530126273e-47,2.991392626352229e-29,7.261650014336843e-19,5.222304894280019e-5,1.676127994205088e-27,2.908670674065034e-35,2.879737885811165e-7,2.515654610762417e-7,1.594034608829403e-42,2.11379487726458e-9,0.3722759541357722,3.957423550248579e-56,6.441394499898759e-38,7.5931356446054695e-47,1.5118188613046947e-40,3.2217910661745013e-13,9.489586134503143e-18,0.005205387593463825,2.7019821624226125e-47,1.6882453177682398e-6,1.398838122455049e-10
0.2033893570683508,1.2111396630858774e-53,1.3015620807658812e-35,5.359665796532996e-11,5.475016889634116e-61,7.175166667278016e-14,5.102196550447406e-24,3.2372675872305076e-9,8.047409359077217e-8,5.9779793288358306e-55,5.91777798690576e-41,6.993233590052309e-10,1.7232001735315448e-32,3.923791985866555e-43,5.35331120955555e-16,2.13465779203669e-9,1.7801294868321546e-30,1.7859755865169806e-26,1.2269440384476629e-14,2.2089308802313837e-48,2.6152368122157538e-20,8.475945533556394e-49,7.411944521749619e-6,2.090201869577836e-18,1.5153662888203235e-13,3.0630925067364815e-34,4.5661023353862056e-30,0.03950803530966639,0.05715310761662567,5.7113349269681514e-30,8.115675647552488e-18,9.443205831530159e-47,8.235241680140352e-29,1.5760484702756622e-9,3.0362624353937696e-5,7.888654032941068e-14,1.1240226274805624e-14,1.0769538468963955e-9,1.5323042467956185e-19,3.1269408123643516e-50,0.0638013784174609,4.322531520002737e-12,0.6361052937561426,8.100730539095287e-8,1.1498892859244434e-51,4.731864726018353e-6,4.215122312698749e-17,1.5113425658629073e-7,7.285072751929535e-34,8.179716691081055e-19
7.32113836538025e-5,4.433769420500077e-43,1.0271113136394967e-40,4.0127507266177616e-23,2.386979436235247e-43,1.0745047314706229e-8,0.08230104746391843,1.4294862751511895e-5,1.4693593571434311e-15,5.361739358368481e-51,1.7592029196711825e-34,1.8901096734554144e-26,1.0365991938732969e-27,1.1121151628010582e-53,0.014382696861882515,0.00015254190456770274,2.329949202898259e-15,8.731050395098384e-39,8.943171269231228e-11,2.2990260667226753e-42,4.346086974747939e-33,2.875330967668911e-33,0.0020504069533236057,1.3333607948389084e-87,0.0020457112281519157,4.823812239853021e-25,0.008383091963176464,0.02334576100173895,5.057048108269299e-9,2.3346589946715025e-27,1.2451938028136879e-8,8.069816595224621e-56,1.3580567864341916e-11,1.59014079178806e-21,3.993182430835824e-8,1.1215186465009344e-34,3.18224362503675e-33,0.6031889425079552,3.438700802629377e-19,1.3370063099046127e-32,0.024734917629466214,0.009900936445965498,0.00045301432426737257,6.885300067526606e-5,1.823272735663579e-52,0.006315031521687563,2.4261500442574895e-24,0.22258947265794404,2.6536327682967612e-20,2.8566590330409398e-28
0.0002693677734876171,1.4688822164362583e-6,0.000571951968732231,1.3273126885789317e-7,3.7318832610217044e-23,3.9174305624514977e-7,1.14250178399308e-19,0.00019920294046903202,3.816921472485991e-9,8.160145544892467e-9,1.0397154940243521e-10,1.920873270016375e-8,1.5460223270756527e-22,1.3217415847985747e-6,5.239829032421739e-12,3.1945180569028644e-9,5.925700566432098e-19,6.632721910975049e-5,0.0030120282093544664,6.176904212913793e-14,0.00010025718640092788,3.1359411919822973e-9,0.9805688529100208,1.2633988925050211e-34,1.4391004528150344e-13,1.603185579739874e-13,3.839651211608612e-38,0.009701813907828644,3.807594273227933e-9,4.585946869913729e-23,1.1929538866084872e-10,6.926723893341334e-6,8.023378155204511e-21,1.6554663314883118e-6,1.0628553116471656e-7,5.625516702686197e-5,1.3091628626849065e-6,5.552179069061806e-6,0.003594860106265131,2.802771615584208e-10,2.7779662127622897e-12,1.2323357604805057e-21,1.0136408083175478e-10,9.300378741671454e-13,8.610275138718128e-9,2.0760034021632965e-13,1.2519160568841475e-7,3.2873988116612897e-13,1.8971479002261938e-10,0.0018400417652832954
4.4233477921354884e-5,3.7171172797987946e-45,1.0827447184431676e-22,0.28634715076965156,3.535885465244603e-62,1.0290530209372108e-11,1.1568941995884777e-36,8.597700239191926e-8,0.0009598990180684347,1.711203840954194e-27,1.6687636006301943e-32,0.02665008802831737,5.933274018317373e-58,3.4998259990595677e-12,3.258587672572615e-19,0.08098252479379796,1.3423074763923821e-40,2.7180322724335827e-11,1.2387436863941803e-11,1.925243576108303e-37,1.4497384200800286e-6,8.603459745609964e-45,0.14443739985512796,1.2455476115552474e-53,2.1234680565895043e-33,1.557708383613243e-36,8.352282742291494e-48,0.30456370619558465,0.03686238443045333,9.825588163932922e-56,2.079764588478466e-19,6.767562022734458e-13,1.2535383108602584e-43,0.11828754961117843,0.00023756499963173736,9.782213029981103e-9,2.198147609661901e-7,6.545571742542676e-8,1.0020970691272957e-6,8.147710507118012e-47,1.747010804635124e-11,2.7011689138188137e-27,0.0005588668671707217,1.7717420819384333e-19,1.38540082434121e-14,4.0194919513566156e-17,4.8158059418234945e-14,3.4952477549620915e-13,3.143770883483108e-34,6.579901599694049e-5
5.4989982235964974e-30,7.3319398145291e-23,5.578786363640856e-25,3.0298877060138324e-19,1.5571714956364197e-13,1.2054381755600261e-5,0.06683702291781997,3.1254222323331165e-8,1.3000085856364396e-13,1.7249822839849077e-29,1.669489103522975e-26,2.3847811339584236e-20,4.424121052351531e-21,2.529900603596741e-37,4.558519726757842e-30,1.1364432188921913e-13,9.767174290577056e-13,4.813286107991248e-27,8.880512253248146e-28,5.08317545396804e-30,2.025838201466119e-25,2.958059309947111e-20,1.1009583995973458e-19,1.788718444683655e-25,0.0008700835685451614,6.047233756403038e-11,7.686261538962535e-13,1.05809137607983e-22,3.0900742003312433e-24,1.327904829871496e-19,0.7966171264319709,9.223699799377852e-38,0.006294353377188417,3.992442121194195e-25,2.4318128704195574e-20,0.03990121792270056,2.9553206609949408e-12,2.4706852200319796e-7,2.4235372421671094e-14,6.2697824300662245e-19,2.5501972663004674e-18,0.0894675831427932,2.834507971506311e-21,2.75105803436168e-9,2.5732991811407564e-32,7.930116149138547e-8,1.1160750180153813e-14,1.723542963665652e-7,2.5462358263393747e-8,2.2332445090531866e-28
0.2416927777403034,0.051363698883525544,0.08957955824631017,1.548240424038983e-8,5.920732947918608e-13,2.167192838567611e-5,1.815413970631253e-15,3.865538594715234e-9,4.8940071667084905e-9,0.016948586674869603,1.0771491385690628e-8,4.884763138529793e-8,1.3900383690563669e-21,0.00013086347333212672,1.196461745080979e-10,1.2736372585200977e-8,2.8643997389027547e-16,4.2762773871279413e-7,0.2544728256209501,2.329863731940024e-17,4.366808993203492e-7,1.3057749614946275e-5,0.010361000833953886,1.5249697891446015e-35,0.05833263095312348,1.6884505912904911e-9,3.1969766924146176e-11,0.023632132701618663,7.843787542247293e-7,1.9617811396391335e-15,5.953103937125228e-14,0.0027498293636103845,1.756619788168094e-18,6.927322520665366e-6,4.3110525242952536e-7,0.1796566430998726,6.244040771475359e-6,6.837973873052378e-10,0.06879305658242467,1.572066622168192e-5,6.76064564302953e-12,3.7547731543401986e-20,2.838848685389194e-10,6.392444576934608e-13,4.036784541465651e-5,1.0926504679564297e-10,3.442101461927473e-5,9.656007226294887e-15,3.6947201214646554e-8,0.0021457689961866776
8.036623722550371e-32,1.7485158185245132e-12,0.0008398224993201733,4.146718679679675e-18,0.008648945355679727,1.6169057235006543e-10,6.608625246491873e-32,1.9795339675170023e-30,1.7689043042871868e-26,0.978837544625572,0.00012287217467986603,3.36873829870555e-19,1.366504705453563e-40,3.773714544928918e-7,3.550532031731239e-22,2.4423136616745887e-30,2.836868955620493e-8,2.4552796640625872e-12,2.649297089309564e-35,1.584270277070174e-74,1.9874473422794375e-12,6.3165172164202e-5,6.110649379166431e-10,7.131924832504545e-42,0.006977199123272942,3.2826167760915356e-22,4.714252605524492e-6,6.206413918783881e-6,1.096878616107861e-30,3.276498922989927e-50,3.348665684047749e-21,1.7211626942629158e-5,9.377458005173818e-29,1.0264834995627718e-19,3.665037222685648e-15,1.7209560221672667e-22,2.638277341606153e-17,1.9288476310564852e-27,0.00010545677637328146,0.002701037989368155,2.3704467228897738e-26,8.144521006601601e-23,1.416369991398198e-27,7.096812892634662e-9,0.0016730220755487217,1.6419406709560064e-15,1.1077795132231394e-18,2.3882978118537883e-6,6.047947981256275e-19,8.331656453991602e-13
1.542328914205359e-17,1.5098423502480487e-17,4.617190977229686e-21,3.1749225512715303e-16,3.773403204447422e-24,1.1454383601432238e-5,0.4115093585597615,0.0007847295756777575,3.2511803607298703e-12,3.609573153080838e-30,2.227274689606862e-26,1.1540511222023103e-18,1.182156111769915e-5,7.784497198541543e-34,9.421728371832566e-11,3.788621462516108e-16,1.087771524366406e-17,2.5114649712435034e-24,1.6045431923335137e-18,6.314996246652966e-21,8.238557041714346e-23,6.1981346365124554e-27,3.298483972419753e-7,3.2111751481829716e-36,1.1809230012739192e-9,2.634464530358435e-14,2.0021146546582333e-20,4.2858413881321957e-7,2.56419780915737e-12,1.8052766458041517e-20,0.00044941217874144016,8.173027657367072e-32,2.1797557957655215e-5,6.686398998374687e-20,1.05301807890303e-10,0.0003935251594838035,2.768513422976953e-12,0.032292105256318294,3.13910867778159e-14,5.687722688552565e-30,5.909845645742633e-8,0.2203272821734296,1.6193999247315422e-9,0.003945502401690124,2.139742693157934e-31,0.0030970404404869604,8.41836423984436e-11,0.3271551498544137,2.736594537105348e-10,1.3177652141324622e-23
7.380387469053923e-63,9.092630004516221e-30,4.0150128086971036e-36,1.6008751884223098e-46,2.385177386952817e-8,1.6405208539770944e-15,0.9987153806306067,1.104762313264524e-24,8.757658005419097e-40,2.486656035623549e-34,2.0307175434693618e-20,1.2890228805075166e-51,7.843480930591433e-51,5.762544585682659e-48,6.873025164054961e-66,8.756673317914359e-33,2.399065348524218e-5,1.6948054028508808e-40,1.3224169797567164e-57,2.3187095989195592e-61,1.647642081962236e-43,2.402821159094086e-15,6.02768695230144e-61,9.032348799909459e-64,1.0216551212550993e-20,2.3459738750858673e-13,1.9415648116069256e-36,2.6652339375959673e-51,9.767645109708709e-49,4.4680423799452155e-40,1.9644001313351373e-8,1.1259890263658913e-48,0.0012605852189819067,3.9419279852047544e-46,7.61374046640866e-40,9.06482872070676e-21,1.5240953992115351e-28,3.591957565703951e-23,9.05166702417642e-23,2.787273761872518e-15,5.099189793258378e-45,4.2616688121619316e-15,1.3050353218994758e-45,1.665922497025581e-29,2.369151132342516e-42,4.867257930614446e-41,2.0991803674255784e-37,2.367630139560762e-24,9.052560225406824e-13,5.16572661205494e-35
5.543597460031418e-7,8.200775309543614e-42,4.8878785038138126e-42,2.5889989119050866e-24,2.0097567680456865e-41,4.482277057471353e-10,0.0007911507545185803,2.2285067253750514e-6,1.9229229592746226e-15,2.427063448092356e-53,7.650987092045964e-33,7.623943616247109e-27,1.0217785745925572e-28,6.977867705321824e-55,0.00047132344138072174,1.1957226234648147e-6,3.166458748562808e-17,4.5546860173539175e-39,5.511074423096571e-13,8.620432770829372e-45,1.8097487392309177e-34,4.7232605534979636e-35,2.1274995534676163e-5,1.717346648280915e-72,0.0013466694554237258,7.397670359775565e-27,0.006537298100206217,0.002724952082148338,5.905538839616373e-10,2.8422211504417482e-27,6.563627616651247e-9,2.6544846255056536e-56,5.739212371975055e-13,4.783325278345854e-22,3.3177664403233694e-8,1.8059323050879754e-31,1.5952366734620382e-29,0.05889746175419847,1.843261469843807e-19,1.659600169013983e-34,0.0011179872021062872,0.41752262840966287,0.00015639661406777617,0.0011461230172241821,4.293234713821236e-55,0.00026729496911904413,4.5251469031911915e-22,0.5089954198341138,1.1693359337398756e-21,8.39869333164125e-30
5.489356207531672e-14,1.9761236059296425e-17,3.297961449920278e-31,4.942664174078369e-27,1.1411188893475205e-28,3.59269656297879e-11,0.9997512997504581,5.778192415961536e-17,5.378382783171349e-25,4.0846685736255984e-41,1.0630096056229442e-28,2.0934786350180226e-34,5.6718683622105894e-21,5.828601372392845e-48,1.054388789461505e-21,0.0002446282173315251,3.5598151420252005e-17,2.113233342143049e-33,6.104034969129683e-27,2.5226960961329495e-28,6.858677416163008e-35,3.196164530600202e-25,3.4069297149805625e-12,3.3435322549820067e-47,3.93477174450254e-15,5.811409303626836e-21,1.1435790240826706e-17,1.377812433562656e-11,5.171797407799638e-29,1.049860451648107e-29,1.2555812739497355e-14,6.686503808132251e-48,4.069913409106456e-6,1.1500755210018637e-27,7.434680401860696e-25,2.0038306825171922e-17,6.601237463329369e-26,3.353945127930657e-14,7.881778916347057e-18,2.6329993630471597e-24,2.210148027026339e-21,2.02748173029982e-9,2.526376091897035e-27,3.5908644660888655e-13,4.9679573583303436e-43,6.690376960331579e-16,3.772405722497616e-11,1.818458340901257e-14,4.564783125646817e-16,1.0724143650584968e-23
7.658124368239204e-20,9.869287601350917e-14,2.5902583604904955e-17,0.00010694531520298761,0.020784412456813287,1.6995593556147751e-13,3.656398176817365e-26,5.103853903286049e-21,8.525899615088242e-7,4.205017163644393e-20,1.231576537648294e-43,0.3912436124255142,0.05956808334865806,0.4072875876502614,1.8896460319163786e-30,9.164920153043231e-19,3.247835612706213e-9,0.000463231498073226,1.0859357681706235e-27,5.718248530538449e-117,0.05489533141730209,3.5863905680921044e-23,9.41692322171942e-15,1.0874949037561823e-50,1.0554332117235216e-8,8.107896472776833e-45,7.9604272991382e-80,8.443766286174813e-8,6.56577973550696e-5,0.0030182730769755164,6.676858164554769e-39,0.059788182133155086,1.2287536045887624e-27,0.0027117260657533145,2.6978756577650465e-8,7.770297540933625e-12,3.999628726770261e-5,2.4037483377778574e-26,6.968817347611128e-14,1.7476526101817603e-23,3.447241628549893e-21,2.896951038422643e-14,4.568266724438866e-6,3.2165412941144897e-27,1.6018182804616217e-7,1.1855403371951467e-21,3.3918098056583145e-20,1.2978371696887673e-24,2.7008324531366996e-34,2.1254262419816305e-5
1.547667767665226e-17,2.134603826085746e-20,2.149353994333146e-20,2.8893257616296356e-14,2.2267551463625853e-18,8.71233643550678e-8,2.4451940771682036e-7,5.199661507324263e-19,1.8095487931263162e-11,1.45758784640834e-17,4.366330659181754e-22,2.309425334284881e-15,6.478018673311347e-23,7.073569104145026e-36,5.770999454786531e-15,3.039295673622262e-28,3.5093334005067584e-21,3.739385439527884e-13,0.060575080052136826,0.09504700247430681,1.0881126358699755e-11,2.5832520765431314e-15,0.09934832534850832,0.09484457065300515,7.529424969227989e-17,1.8554431703072027e-12,2.513692781410003e-50,3.2022760292950917e-9,1.413231430993414e-32,4.4007885595961484e-27,1.470020649534407e-8,9.22021666042094e-32,3.651463953886371e-24,5.645526149453813e-16,9.999339560833491e-27,1.212601552130232e-10,1.871450535814915e-14,1.166609065163847e-16,1.4319450370379814e-11,1.2058256434786211e-14,6.25384217233339e-18,1.3922304239486818e-9,4.277308026999332e-30,2.047967784726795e-12,2.0041510472694774e-23,3.709122426697165e-10,0.6501835656186533,6.496078508439783e-17,1.0776828705560681e-15,1.1043760865643135e-6
2.7859130829677975e-14,2.6155328048420874e-8,6.418375142240627e-13,5.887406211829661e-16,2.727536853254768e-18,1.8794176900842956e-12,9.257937753357015e-28,3.3101698282137173e-9,1.1767178988524103e-14,1.2852674489590003e-20,5.997271548097702e-19,5.200928237540166e-15,6.978116174082797e-8,3.906653794275627e-17,1.392212314001482e-19,0.45061965823482125,1.185428849084804e-27,7.76472901291893e-15,2.6598411892095535e-11,4.7963613247468104e-33,8.102558818354997e-14,9.42379698765964e-18,3.9135126724242473e-13,5.5287780280548235e-25,1.632405724143003e-14,1.7078276374734184e-18,5.854470588366919e-32,3.6429764064809514e-11,2.7522978451931938e-15,2.3487039186758747e-15,5.719042010326538e-20,1.310391089913867e-16,4.5856071597005015e-27,3.002681839126149e-14,5.953149228899117e-12,7.482505392221348e-10,6.06581395794064e-13,1.9836378678809153e-15,3.5953698438880763e-9,2.4753939513112093e-18,1.061740987403299e-22,1.4625822598625432e-36,2.767279683792468e-20,5.9452930516183116e-24,1.7353356607867173e-20,6.387325068949832e-8,0.549380174227212,3.1586838201021943e-27,1.4090880273115044e-16,1.7475614171364645e-12
2.6412553422113423e-31,2.3115552893051326e-17,4.361091006808235e-34,1.8197663053845011e-31,1.2483170972265096e-13,2.3851436582057756e-7,0.9025858664840278,1.2524066807963441e-8,4.829314471156502e-19,8.9756051873476e-33,1.8461754375865494e-31,4.2120821341600756e-36,3.204353575583498e-21,1.4841710579485832e-34,1.6275459309972837e-36,1.0064873720697285e-10,1.7856496695240217e-14,6.943597010894326e-36,3.6355724956681324e-34,7.539108208136894e-38,1.1360624492254265e-35,9.551615258105348e-20,9.218274029669406e-27,2.876840358507043e-37,0.013057371957194554,4.595047008673934e-12,1.1489155665807549e-7,1.970758615429336e-27,1.8993366824971037e-29,1.5421591798920375e-19,0.07978742502166285,7.886649893471445e-36,3.588487983357175e-6,1.3912591446571368e-35,1.8879593130042705e-22,0.00020039992611295233,1.2622483308910869e-17,2.375803513367747e-6,8.547635454636085e-17,1.1175048992694937e-20,3.773721422414422e-21,0.00436007268466622,1.2600075094828933e-23,1.5565350950052733e-10,1.5081390578364573e-32,1.678721048061707e-17,5.010439641087149e-17,2.5325149238088867e-6,9.288855975629923e-10,6.404713708539999e-33
9.427824109383582e-42,4.819348077888378e-21,0.27155328677245577,2.2534998366861292e-17,5.954029136054544e-5,0.07277418869283331,9.466086338058902e-33,2.684505879612115e-33,8.952026653914183e-15,9.394839285164426e-9,0.0027245130754255465,2.650805855537592e-28,0.0264450259680041,3.8059055786424856e-31,8.184407561976272e-28,4.1829999672130385e-31,2.6520000855210216e-7,8.444858587331857e-14,1.2539804766869678e-32,3.1486915677176543e-85,1.7055421277585217e-17,0.06465814955581645,1.8120138720500934e-15,1.261699231320968e-27,3.157857586714458e-59,0.11308849020838718,2.3287608942007176e-32,2.7059110383910376e-9,1.1877691068930137e-41,1.904466393257633e-64,6.913785911062605e-27,5.23292901455008e-27,0.002160040008224399,1.1563075661040518e-25,1.6470571540200321e-31,0.005261014479338083,0.0007584474401833066,3.24739109402731e-39,4.6210946032957865e-8,0.4405165652275831,1.2575386615847694e-52,1.88584385843272e-47,1.8258802337223025e-44,3.187792907707607e-41,1.1102356757940363e-19,9.021610273336235e-25,4.3448329334066365e-11,3.9148285158093713e-50,4.1472391674271715e-7,1.222992175606443e-12
0.45967553680033196,9.099671662612233e-29,3.589209967531106e-14,0.003862263930941654,5.206347738676142e-53,2.858074497017637e-11,7.672081112922907e-29,1.3003217886282066e-9,0.005275989904523149,1.308064980518274e-25,2.4441742526536939e-29,0.012231402621295727,2.7711827973935795e-36,3.605763569115598e-8,1.8404622216780654e-12,1.5441162408761287e-9,1.0284262819593867e-39,0.07855298939431501,0.00031086726192996805,6.080752428874009e-8,0.0010993098281306202,5.006953041681348e-33,7.494350273268723e-6,4.824473827558465e-39,2.168782504105941e-12,3.342269235291395e-27,7.674141556791127e-39,0.010592464808178506,5.820188181117685e-5,2.723145855030089e-27,2.2421896373845368e-10,3.071210221092632e-8,4.1146259779087956e-27,0.4247927521469924,3.917392456415817e-6,2.3173307533139713e-6,0.003185523320509877,3.672938290353447e-9,2.7655267724301714e-10,2.8800102985020773e-33,2.6759505622735232e-11,2.0880886164591676e-23,2.8672229591785164e-8,1.2112505019212774e-14,2.394882796198374e-11,2.2687277367270932e-11,3.810055547939158e-9,4.268607657172225e-12,3.055415774842361e-24,0.00034880183955933013
50,31
0.0,9.139500152099886e-27,5.897356688624023e-6,0.9723217611882307,1.7612227282156015e-27,5.0063667657826745e-88,2.5442280794104572e-73,5.515608339281719e-53,9.999147546681701e-80,0.027672341455080587,1.4096248424921121e-46,1.7884617848595911e-66,8.306977627162175e-122,7.823163503412745e-68,1.4959881654624717e-99,1.632585896937916e-149,5.585216872709426e-228,0.0,4.1904426351672133e-178,6.980828973434871e-142,8.864293094457385e-196,1.8482842655608725e-128,2.8396361235095184e-43,3.335986288675499e-94,2.8053009574047777e-229,1.0253594841207417e-224,0.0,0.0,0.0,0.0,0.0
7.819006711994581e-71,0.80128775773821,0.06549708267021831,2.1818845306608747e-26,9.574994200395361e-50,2.0926603913982986e-20,0.08979392871735113,0.043421230711532074,7.271308659145985e-17,2.1603774038254947e-35,1.626885189703743e-10,1.8385922932968866e-95,7.6011981458130585e-180,4.7617576416347434e-71,1.9927026463157873e-120,2.7771140708625985e-126,4.0901393837863576e-130,3.129913108691049e-130,1.2626e-319,4.325694857641291e-107,1.757582208213571e-94,3.4959893476793933e-190,5.204702733845903e-133,1.5978361162163387e-212,1.4974423063116045e-179,2.0281910121256975e-250,2.0574445e-317,0.0,0.0,0.0,0.0
1.434118409459179e-83,2.3786189076157546e-9,0.9999999976213809,4.9895661491975284e-18,5.4434852487287136e-114,9.72364064119102e-148,1.0271901367779182e-122,3.1716884435797046e-97,2.180792003697438e-82,1.681864830111137e-44,4.544085474667123e-62,1.2502333657635572e-80,7.260784591332043e-220,2.7764478722236956e-196,1.0024479149571642e-229,2.6659284950387335e-163,1.4169712337258518e-273,3.2417407471273114e-186,0.0,5.685689294723028e-189,2.2680792540074423e-195,6.783290416e-314,2.34074589462093e-54,0.0,2.9666409153002955e-278,0.0,0.0,0.0,0.0,0.0,0.0
4.682728087708657e-129,2.3758495010169804e-13,0.9999999021430308,9.781801285298907e-8,5.096722161894378e-140,4.448567889111857e-175,4.8406022498575056e-150,5.415068919033236e-66,5.457534130763545e-107,3.8718847966790925e-11,2.4738762566085137e-19,2.0228637237481556e-23,4.476352685038325e-196,1.152790092277531e-282,2.28367711204164e-182,0.0,7.477045085819629e-193,5.680604500927235e-172,0.0,3.7832353118106484e-221,2.5850217464131385e-207,0.0,1.3519290257102456e-126,3.5288407577014448e-304,1.8244234777628e-310,0.0,0.0,0.0,0.0,0.0,0.0
1.1802242735993373e-33,0.9267957728947646,1.5397722494951452e-21,6.562399736783759e-36,1.0489817220054407e-34,1.76966801681902e-217,1.2642154574084507e-61,2.081457718680184e-69,0.07320422710523532,8.588257428003553e-81,7.426325181998961e-61,1.1739727857365162e-192,0.0,6.2606534940338185e-155,0.0,1.0073714885218095e-271,3.127556969137312e-131,0.0,0.0,4.139120142365421e-113,2.6388108841664607e-177,2.7631e-319,2.5785901815831102e-96,3.534642911787355e-223,2.618994597012876e-293,0.0,0.0,0.0,0.0,0.0,0.0
3.4506544735285313e-256,2.257283045531132e-6,0.9898940422996366,0.0003536754788018792,2.411293144169358e-30,4.738725176337779e-83,0.004204071121003098,2.713651543741318e-18,0.0006882945973731245,0.0035908745704634005,1.9830536700499197e-72,1.3704302969894475e-90,2.93317610798988e-104,1.6770320153476071e-50,6.718049323629073e-55,5.485736945167224e-93,1.0421881466337516e-114,1.1102636692281175e-199,8.008352352839765e-123,3.313596058463645e-57,8.206273791407196e-66,8.017987337266119e-148,0.0012667846496765662,2.3374324548031816e-212,7.742063820824526e-52,3.467305187545048e-217,1.3e-322,3.424643835771405e-266,0.0,0.0,0.0
1.0906291582740083e-28,0.9673310810146373,0.032668918985362436,7.246418341510565e-50,4.0233206904654926e-173,4.5924541089792614e-207,1.4386714823989098e-121,1.0458792616690667e-145,9.724012192476248e-132,2.1170202802299085e-59,2.7088523384773125e-133,7.357819006647936e-196,7.960775651411483e-268,1.6621673650409324e-244,0.0,0.0,0.0,0.0,0.0,8.332079430835825e-264,2.49757222301433e-310,0.0,1.9587399836642667e-103,0.0,0.0,0.0,0.0,0.0,0.0,0.0,0.0
0.0,5.6529340260161956e-67,0.9617445725073096,2.5815321388811915e-5,1.5795257145558128e-90,2.7861729908645603e-230,1.330544512170621e-158,1.1341852084238573e-42,6.539858514007019e-104,0.01705829513270681,0.021171317038594935,1.7966987628876066e-98,1.7079533389886398e-169,2.194857761288119e-168,1.5349626286763966e-200,8.076235989325633e-165,0.0,0.0,0.0,1.9983456854309892e-207,2.1719636044019484e-193,6.61727e-319,8.508500908371702e-120,2.70435369663922e-287,1.1848376606488714e-298,2.1930591767e-314,0.0,0.0,0.0,0.0,0.0
6.8045619247617394e-195,1.5142402407967681e-24,0.999945629157182,5.437084281809982e-5,3.2157411716468408e-65,1.0709733192743829e-152,1.3088042521906418e-156,1.7748357130697252e-43,1.992076562797495e-72,3.799214157728836e-23,1.5643665510991526e-24,4.3205517467802937e-39,1.4975224972083002e-123,1.3006257217118206e-198,5.546630490192918e-112,5.320642270236503e-303,1.4495753109617924e-147,1.4946901648008136e-233,2.2576266965591438e-292,1.571181435555335e-170,4.317729797475333e-153,0.0,1.003391982882181e-102,1.849620059731928e-198,7.860762370827363e-222,0.0,0.0,0.0,0.0,0.0,0.0
0.005151869395590487,0.9097792750159215,0.08354313388894836,3.6991777740578804e-112,4.728018507272443e-218,1.0358145955977693e-221,1.8317169383024634e-174,3.9184616466566117e-166,2.2431891409855486e-84,1.8345936746671088e-101,0.0015257216995398673,2.8802789782713128e-210,0.0,7.579487531353151e-305,4.155e-321,3.47475699440839e-288,0.0,7.4602943612214e-306,0.0,1.1422642758821121e-268,0.0,0.0,4.933267288445408e-193,1.5e-323,0.0,0.0,0.0,0.0,0.0,0.0,0.0
8.487885611677889e-90,2.0756428175924603e-7,0.999999770500601,9.58049498543811e-37,2.5770753298743067e-135,3.8220665975522404e-234,8.286989731857914e-163,8.167655995565912e-104,7.947889181374142e-120,2.42019633055251e-17,1.3376707955918825e-93,2.1808806339559904e-96,2.4208067003729374e-277,5.719828194012244e-208,6.08352689942256e-218,1.9932174386305724e-249,1.1468055712278899e-287,0.0,0.0,1.2010593938166635e-257,5.807447311818659e-291,0.0,2.1935117006087356e-8,0.0,3.495657821e-314,0.0,0.0,0.0,0.0,0.0,0.0
3.6038391429178426e-144,0.0006057982669432546,0.9957847360475932,2.549219605257796e-6,3.760891590235828e-210,1.1668198322563682e-253,6.772706194332714e-160,3.905387975881015e-79,1.1768658136277936e-142,8.19329341045538e-9,0.003606908272564836,1.834897912863537e-56,1.2394400308329364e-232,2.45651e-318,3.0223397634598063e-283,0.0,4.871691683561367e-289,2.770657242814098e-167,0.0,1.9848640848873255e-198,1.6750917076635473e-300,0.0,4.350714978095319e-174,0.0,0.0,0.0,0.0,0.0,0.0,0.0,0.0
4.037725098161043e-210,9.780698541646694e-23,3.00768230026739e-14,1.0301598596641804e-25,2.449930007280355e-22,3.54078268451743e-120,1.5484677212166745e-12,6.019552008487095e-27,5.30629882825778e-85,0.7157177192774618,1.1088151126914685e-51,0.1988203564097274,6.574078949649356e-134,2.468262038753266e-104,3.9051216525946433e-169,5.465047638256032e-242,6.27048545332722e-269,1.2784142560102226e-202,0.0,3.0211205808921996e-66,0.08546192431123227,1.3927134496147117e-118,8.05917816158249e-67,3.4685004871270797e-152,3.6103208969553355e-181,7.48226935707159e-259,4.0363927582648645e-285,0.0,0.0,0.0,0.0
0.006054827424767308,0.9673803796199338,0.026564792955298774,1.4313518170980951e-31,3.751271797745355e-197,3.5129249428470997e-221,7.338398839085562e-126,9.886399146886104e-95,1.3172139090679663e-185,1.1281854771948275e-73,6.078534256618003e-37,2.4305265797448717e-87,3.6099772231894386e-300,8.094101526124373e-172,4.2831062105190174e-192,5.217427180899708e-188,3.7921234078043706e-219,1.6962416645920986e-148,0.0,1.0471225321607012e-120,1.0624408063781378e-224,2.8863213184333392e-289,1.5872126047075522e-199,7.724781359992512e-272,1.8139311405467032e-303,0.0,0.0,0.0,0.0,0.0,0.0
0.0,1.3261269949784614e-116,4.9739566291768804e-12,0.43621713101860965,0.21455684287643495,8.105729738521854e-17,1.5740686607165412e-10,0.16006396754673938,0.061275901773248626,0.028611353242908234,3.3599861308443556e-8,1.002656069788704e-56,0.07880909921643393,1.495389146285513e-37,2.844013168432871e-90,7.405299819157483e-84,6.828419079998391e-49,4.860998331532191e-210,3.7636922515050667e-88,0.020465670563382835,1.0523766103414048e-40,1.5924621840224052e-97,9.090081353557158e-39,1.783130542937006e-221,2.9498035228030453e-43,1.1363575435747845e-135,1.2256562998694267e-223,2.377039758334415e-274,0.0,0.0,0.0
3.498671791234782e-281,1.6884171372041464e-16,1.1831671367929291e-40,8.29907975402251e-21,2.76927979581754e-6,0.04735200375122799,4.562983250289432e-34,0.10437395688395344,0.10471006659537904,0.2158376709154721,0.172461931575084,0.060564743174797556,0.11923821233457199,0.02639535656245137,0.008498678360906545,2.9376646601929306e-44,7.131356100457904e-29,1.3007020747384754e-79,0.011932468185987309,0.07293433423866863,0.02594237586032383,1.0112363497384866e-62,6.3907669018636475e-19,6.577535323069467e-33,0.029755432281380202,4.0368797324299606e-63,2.818223612423434e-54,2.336819724222994e-30,0.0,3.302313009559631e-170,0.0
0.20080587474123035,0.7991941246928581,5.659115728452011e-10,1.2376326563968105e-148,3.102682733164289e-184,0.0,8.176414710032683e-89,2.2971973909808115e-210,2.312267417286563e-103,1.5649261749124707e-137,7.277606662310417e-95,1.068297195974e-312,0.0,0.0,0.0,0.0,0.0,0.0,0.0,2.57475104584178e-309,0.0,0.0,3.298833031496005e-243,0.0,0.0,0.0,0.0,0.0,0.0,0.0,0.0
1.1263825430594295e-80,3.667339551893219e-8,0.9992505980400661,8.859445579219232e-7,8.760289073857949e-96,4.7271029836735515e-121,2.345113864566725e-131,1.2961834042909327e-103,4.262298393482423e-84,1.7042107612169716e-39,1.530976145702056e-19,0.0007484793419805992,6.600667533815267e-215,2.013944549231779e-177,1.4772993891182985e-168,1.3309126011147893e-192,1.1477388900770921e-248,5.532758355440083e-139,4.0365699342470847e-283,7.693671418086247e-83,4.6871868750631276e-166,0.0,2.8890807888549204e-81,0.0,2.675812639076628e-231,0.0,0.0,0.0,0.0,0.0,0.0
2.0121843706165585e-234,4.899622930272732e-15,2.2303578473862137e-11,0.9999999910481787,7.950675791790774e-17,1.1678190033116588e-40,7.397985595983552e-39,4.782343023090816e-38,2.961651194214663e-27,4.717406851215826e-28,1.4858688523378946e-20,6.327674963249795e-28,1.3904357712549216e-22,3.112237077633835e-77,8.929512836934966e-9,3.047862147406396e-90,1.1194067152651917e-68,3.559739544691533e-95,2.046951167897922e-146,1.2448381555377438e-121,2.3379785123684196e-58,6.272765688086384e-106,4.7143686959557726e-48,1.741746693990745e-70,6.063441963001173e-103,1.2171218851655733e-106,4.709016403708089e-204,0.0,0.0,0.0,0.0
0.0,1.793941566867146e-86,8.683122484960012e-37,0.03227522589132797,0.8204459873936688,0.11148252230111272,2.2645388435315797e-76,4.4641364670416857e-60,0.021327743832465454,3.3995630319779535e-21,0.00825879371138587,1.6526567609774796e-74,8.153273554025694e-11,9.906917878297938e-71,0.006209726788325838,7.659168516213382e-77,1.6639336422940814e-90,9.03818558531949e-92,1.3309664736146782e-83,3.4500017513447326e-100,8.265143471948364e-69,1.8048063663741005e-13,7.529276159853604e-82,4.152284042574541e-69,1.0842815760123886e-43,2.142178759671901e-99,2.042814551151974e-118,5.424808320829168e-193,0.0,0.0,0.0
1.3862510558039444e-69,3.022527356705269e-9,0.9999999968778767,9.9570643108845e-11,1.6847116040479054e-103,2.2631915252670472e-182,2.454894767955808e-124,4.945621519759353e-48,1.0763340397649286e-83,2.112821247854677e-26,2.524280681959176e-14,4.899711049990784e-37,1.884762117184827e-242,1.6627647182011115e-192,4.0161998445547925e-189,5.791224169179035e-203,7.602871924261357e-265,9.86553153069924e-141,2.8324283896650405e-269,3.763696878182702e-155,1.066011819502959e-235,0.0,6.850918597891495e-122,0.0,3.701883777776613e-247,0.0,0.0,0.0,0.0,0.0,0.0
2.547070564289301e-16,0.8427904350660392,0.15720956493396046,1.6522755316368528e-111,6.506871644079791e-249,2.866197004e-314,9.68975466252073e-177,6.353989694303194e-197,2.115977389068005e-148,2.094337644119243e-102,3.9001276242790435e-114,3.2733057862870165e-243,0.0,6.3947793128171525e-295,0.0,0.0,0.0,0.0,0.0,0.0,0.0,0.0,6.496133193783524e-137,0.0,0.0,0.0,0.0,0.0,0.0,0.0,0.0
0.0,9.568259101007087e-53,2.647415269921018e-5,0.9927458323653005,3.200379455511223e-5,2.971870844389132e-59,1.888908634597603e-37,2.021667039788191e-12,6.264945557710548e-10,1.321866503187519e-5,2.887308158786327e-19,1.0701851315530227e-74,9.000116331559173e-19,1.4430278733262514e-10,1.20165039244494e-56,6.663059346332132e-88,7.762824361046294e-120,2.676214509959649e-136,1.3241405226613763e-22,5.333928422948939e-93,2.020474998241824e-70,4.775929310020311e-153,0.007182470249594495,1.156372117707004e-176,5.529156472995306e-43,9.284956378736079e-119,8.637929744552225e-217,1.5781098016042284e-195,0.0,0.0,0.0
0.0,1.7099712409168583e-82,3.58709076416546e-88,1.039668124867152e-54,1.5936984748941463e-25,0.01405304249951058,6.9024120712902056e-71,5.3936861111028555e-59,3.5287856734870147e-48,6.451870526724713e-14,1.0792318068069156e-30,8.695435748441485e-25,0.00020274743450658704,0.0382949849038428,7.991201183595163e-47,0.09564297388234894,0.14523148088589724,0.09046764251409764,0.034323579695136344,0.054956288683086246,0.04346220221525599,0.07968192126718569,0.05900052703699091,0.0727840796423024,0.05755072254586589,0.048343703312688904,0.07304180553173646,0.059761477253238916,0.013280328278497537,0.019920492417746308,0.0
9.659555797523225e-255,3.1816662139249895e-65,9.593865632559943e-46,0.0006701282964031865,0.28404044179832255,0.3215174271510511,0.15509535860211635,0.060798047174674734,0.021134995839557903,1.008543596838636e-15,0.0008699256446887722,2.9166431840246046e-24,4.370853327134826e-26,2.8220010113671167e-49,3.0484435683460226e-11,1.8065107110340743e-82,9.709817447988169e-55,3.1594024756799642e-84,6.03018505937618e-34,9.568752578913979e-37,4.3685371121927304e-93,4.543355562501624e-93,0.09605387651362081,0.01052671905733307,0.049292950040440715,1.2985130515919167e-7,4.488871301551036e-136,8.06942067165298e-231,8.516091621487988e-183,0.0,0.0
6.427838386936871e-65,0.01759719194975929,0.9824028080502407,2.280753210467884e-45,2.4956870823498225e-145,1.7550572072727002e-267,7.819229338443255e-118,1.1380888935675028e-149,1.0844491696691482e-61,3.383951485643413e-64,7.452510642676891e-71,9.013884206184022e-228,7.296189652788988e-292,4.382858540444764e-115,3.469240571211514e-209,7.948754851506285e-241,8.148220121420269e-281,0.0,0.0,1.771140944755481e-293,0.0,0.0,1.7839372882041237e-49,0.0,0.0,0.0,0.0,0.0,0.0,0.0,0.0
2.4082388353405195e-180,8.586206791781675e-27,8.940734273375021e-7,1.062460039998951e-44,5.803958388511158e-34,1.5225769931828865e-28,9.130657463396189e-18,1.3959692791397274e-61,0.9999991029532179,5.073689577123965e-58,6.685734824411112e-51,2.9733548084934344e-9,1.9619154997446106e-34,4.388814139899168e-83,3.212661105820746e-76,0.0,1.0119572262849566e-172,3.9405752958954296e-288,1.0503402068727508e-234,3.7285775119618486e-119,8.571656529355766e-136,0.0,2.625094640998615e-97,3.9980455339000214e-234,2.7152637416739903e-148,6.061512080823232e-183,0.0,0.0,0.0,0.0,0.0
4.954219364141756e-259,2.1527294028532265e-54,1.4558218919518196e-8,0.9968641030363318,2.3031121692214644e-6,2.6924601215503213e-51,6.32241207930572e-42,4.027775801806222e-27,1.9167762623551262e-28,1.3449411362497732e-9,0.0001405973354309437,4.183871999684467e-112,4.501143458164903e-17,0.0029929806129042388,2.761293569439223e-22,2.1116719320023964e-133,3.2233480878227794e-119,2.6501119013555225e-61,3.865794874987836e-15,5.546333404008457e-75,1.6305129363069702e-92,2.4694743794706066e-172,9.674641918460404e-17,8.98563658375545e-110,1.441596974185396e-116,1.5353362284281875e-68,3.171078e-317,0.0,0.0,0.0,0.0
1.3312192081485334e-254,5.138450441698535e-13,0.9999976601345644,2.339864921894219e-6,4.274581615586731e-81,9.81882836173107e-211,6.613242735251731e-87,1.454949299937073e-120,7.287621926198051e-140,4.8798648903505616e-32,2.222812159329876e-49,4.706008463428892e-103,7.063517695433698e-240,6.524528545231776e-156,1.3751252060846364e-206,1.9003975245434488e-257,1.702176708130699e-256,6.8234750723531e-201,0.0,2.292798469414951e-148,7.624880495129612e-238,1.1040323556280949e-299,1.7999199802173307e-131,1.7456864e-316,5.466755124665687e-277,0.0,0.0,0.0,0.0,0.0,0.0
0.0,2.425514412973261e-100,1.3694878992481904e-27,0.03565213675756766,0.044938130034258145,0.08914074135649322,0.1493199130810389,0.024054097192288383,0.04817522223993836,2.6892977662366496e-23,0.05364119423809779,0.09417340168776145,0.04906184296132029,0.0821064574630173,0.07105524480337122,0.03718013350292759,0.011672718864176286,0.004093640735499485,0.05747705175847731,1.8981058904435923e-37,0.04797744201958713,7.536233165859667e-8,0.017390318841772858,6.245556902637673e-9,0.013421073076290344,0.06946915777822772,5.949802642605839e-50,5.846832338245027e-157,6.373006133312902e-98,0.0,0.0
7.84745427720212e-192,0.0009909208938440165,0.9990083228116576,2.158673845272852e-26,1.3848542063332658e-136,3.443160328206955e-206,9.834793965295145e-117,3.9163723712064485e-64,4.391840442651446e-84,7.562944983223146e-7,3.0821218480350755e-34,4.9129573226310977e-175,9.325465829826561e-210,3.411866344231889e-155,1.4626578901242923e-217,5.862051974330211e-274,4.9353561597023505e-272,0.0,0.0,8.586859279091705e-239,1.2875821793864042e-187,0.0,1.2508941257498186e-51,0.0,0.0,0.0,0.0,0.0,0.0,0.0,0.0
0.0008850381487904819,0.8006476415174228,0.1984673203337867,5.112794402452428e-36,3.0380795208334933e-233,1.6226128604404055e-186,1.2916237806236106e-144,5.700666600593545e-145,2.7400628397947164e-150,1.1874439684838635e-91,1.2893532133256343e-40,4.5678918858726195e-85,0.0,1.349115e-317,3.33138532284054e-224,4.163786583261834e-208,3.1666166619051978e-270,2.373926247313699e-168,0.0,7.341652873973578e-155,4.761996286020164e-262,1.2337e-320,1.014946855834769e-198,0.0,0.0,0.0,0.0,0.0,0.0,0.0,0.0
5.298148743338194e-28,0.9713640896143798,0.02863591038562016,4.0162659631802525e-137,3.928630300962057e-159,7.001103597281447e-215,4.488730137536121e-122,5.480941568418834e-200,8.102384053584563e-120,2.823981510481166e-139,4.482197203899958e-142,3.385772807473951e-286,0.0,8.627918322342598e-225,0.0,0.0,3.103243727672e-311,0.0,0.0,1.0370285508128012e-270,0.0,0.0,9.182198746101743e-174,0.0,0.0,0.0,0.0,0.0,0.0,0.0,0.0
3.974673132521272e-187,1.460436500799803e-10,0.6817658334086382,0.3098831361100786,4.802995181615555e-115,2.087867529841126e-158,1.0127607336684912e-137,2.7709026586424056e-99,2.4152453365595242e-105,0.008351030335195238,4.4363616144207224e-14,1.2045776253657028e-30,2.0356350818696313e-300,2.013957935437665e-246,3.319779720299778e-177,0.0,0.0,1.3387216364290824e-117,0.0,1.9238931788398325e-237,3.121405281982613e-305,0.0,1.2585138295607713e-139,0.0,1.7048165663e-314,0.0,0.0,0.0,0.0,0.0,0.0
6.648188530464309e-267,1.1197110009809097e-15,0.9846865020360993,0.015313497963899449,2.8430206168456786e-138,2.6935530109224147e-186,1.6397596224653912e-135,1.2367094930793237e-72,1.026597905761216e-102,1.039687112834668e-42,8.271907937338426e-56,3.06089461783253e-133,1.2342355559193026e-225,4.521515327124374e-231,3.8339046425216425e-247,3.999489471362536e-296,1.0206530960560182e-307,2.6161996589e-313,1.1e-322,7.562023476534118e-193,8.857793740483614e-239,4.077467790633191e-304,1.905326802153173e-92,0.0,0.0,0.0,0.0,0.0,0.0,0.0,0.0
2.309243653946835e-228,1.6935218023959525e-13,0.9086736797106434,0.023731367835800706,8.422464999232233e-6,0.008660818436366423,0.022876012418526534,1.7021876851422092e-59,1.193650405537989e-53,0.009451412903871007,1.4234255060991827e-28,8.192628193329985e-127,2.4452698832983587e-81,7.511595692925004e-64,0.013737935435692624,1.467731279521461e-82,2.214480513089696e-137,0.012860350793930627,1.3068382411299775e-89,1.9633645841691828e-137,8.133445797290624e-125,1.655643028361172e-153,2.7176672708481044e-78,2.994189108703121e-219,7.967829890439859e-159,1.1130104182961633e-151,0.0,0.0,0.0,0.0,0.0
6.3915332811720715e-56,1.5828070466511515e-7,0.9999998417192953,4.434396792935718e-20,3.265400846229568e-98,1.979977633873475e-127,7.110491212669176e-104,3.7555819709400306e-66,1.2383436596092155e-101,8.089437199484599e-39,1.261991430646618e-23,8.833800486821397e-60,1.3089942927459016e-215,9.333380389969849e-192,5.3640405054231706e-145,3.555038144330396e-225,1.4311816251254236e-210,2.2870245782769014e-63,1.5303877537237e-311,3.1663430800996308e-204,3.663476694007242e-206,0.0,1.1387619996032054e-130,1.0096483376898059e-280,9.178187207815886e-270,0.0,0.0,0.0,0.0,0.0,0.0
2.041263811942237e-285,1.4287179084524815e-12,0.850035314901313,0.14996468509725824,7.523351889643383e-93,1.0652267971298333e-132,8.642392977169742e-104,2.4381971452331052e-23,1.3064804866695415e-60,3.509323773773287e-36,2.2172007321710907e-22,1.5001259769358581e-84,2.1781713285281984e-139,1.9887661789574949e-165,7.436151523609198e-217,1.83492531898554e-289,2.6442033539443094e-264,0.0,0.0,1.3093561218494538e-192,8.366672653317824e-190,0.0,1.3615249513669682e-53,1.8697391959564858e-208,4.050308695231399e-216,1.2229999489808437e-275,0.0,0.0,0.0,0.0,0.0
1.9240679121504466e-283,8.9939231166344e-13,0.7776353472246019,0.15126712781318052,0.05490773798872847,0.006458729930381661,1.5073352905784246e-28,2.6101285860117277e-88,1.260001808435135e-81,0.009731057042207931,2.236130631218741e-91,1.1523928110042994e-31,1.7815762159365877e-117,2.809712566592936e-82,2.4959551431521296e-32,8.731075220094651e-174,3.636731435454049e-148,2.841460245430487e-105,1.3750937978554614e-210,2.8021099953357544e-89,5.706646629133871e-74,3.165741669652195e-239,4.279672243169688e-66,1.860107470025125e-168,3.6271798670006976e-220,1.0711360774999545e-246,6.293799244412078e-253,0.0,0.0,0.0,0.0
1.9341488541901467e-17,0.9830103854675081,0.016989614532492203,1.2758815447207063e-137,2.706489071659029e-197,3.570514136068273e-260,3.8541655282255976e-106,1.1003123981026099e-187,2.6912901882926533e-150,1.5483485461824673e-66,3.9150325666173734e-123,2.3997042121342746e-218,7.340308450665959e-291,4.620870385701208e-281,0.0,0.0,0.0,0.0,0.0,4.048944736760385e-235,0.0,0.0,7.749060248723304e-137,4.175583669316934e-265,0.0,0.0,0.0,0.0,0.0,0.0,0.0
3.388409148812428e-307,5.0001544659419044e-21,0.42107730542609884,0.5352326353752364,1.968676450916419e-76,2.604568536548121e-239,3.241868516535989e-135,4.798104043572301e-75,1.1497949361188001e-104,5.123048297305955e-25,0.043690059198664984,2.55575973046136e-199,1.796507602196331e-183,1.0946957996881939e-183,1.6440178700003057e-265,1.0909270979234167e-196,0.0,0.0,3.04053e-319,2.47e-321,2.481663268065933e-284,4.14823946972405e-257,9.72669352997679e-103,5.897337913800392e-255,0.0,0.0,0.0,0.0,0.0,0.0,0.0
3.907125835808145e-208,0.7391409916354605,0.26080657062036283,5.243774417671116e-5,2.091132852705219e-207,1.66539e-318,5.882452974649131e-137,5.3752629456882215e-166,4.630104590438134e-127,6.083933166165901e-61,4.837584661511564e-23,0.0,2.079167e-318,1.227819598156186e-284,0.0,0.0,0.0,0.0,0.0,1.045753026336746e-306,0.0,0.0,1.296367138742491e-183,4.854318786144027e-98,0.0,0.0,0.0,0.0,0.0,0.0,0.0
8.506915823458305e-243,0.011071979662007722,0.9623760186777245,0.02655200166026807,1.3231892937876425e-141,8.387403168112268e-207,6.918731487239943e-99,1.2034271764982246e-113,9.298848539896198e-134,9.71491879229975e-27,1.0024278139495556e-26,9.751983208002252e-139,1.760547862035056e-209,8.525042373650136e-209,4.911921467971628e-283,4.616251594190527e-305,0.0,0.0,0.0,1.90336108948918e-197,5.437841208689849e-293,0.0,5.282899111501692e-122,0.0,0.0,0.0,0.0,0.0,0.0,0.0,0.0
9.839862099947203e-228,7.957569409745486e-21,0.5899456671506246,0.4100543328493755,6.287241427407586e-69,4.419994004732974e-125,9.694639979807851e-54,6.00256670648519e-104,7.608487180661848e-92,2.2514282989208937e-46,8.425564265422629e-46,1.877491392175927e-169,1.1277352268540384e-73,2.277671374019368e-166,1.5206434582402906e-154,8.595739136197792e-173,1.2547555872368417e-192,0.0,3.6680334369574234e-225,3.727374472821497e-194,1.6020461375428075e-124,3.0992022179539424e-249,1.0511176636319409e-136,8.213150029262765e-85,5.079799296513366e-212,2.8488519486646197e-182,3.6682785961555976e-289,0.0,0.0,0.0,0.0
5.922720900834671e-8,0.9999853941155847,1.454665720608824e-5,7.534866338729549e-50,8.626959259949588e-246,8.028328174680947e-225,1.575528105238869e-130,3.382177274534892e-158,1.3151812464727412e-130,4.162553980658017e-93,1.9870127996610406e-39,3.08209261939819e-91,2.7702694251810837e-288,5.681069864115953e-274,1.1818037715304192e-274,7.477902760725918e-221,2.8641314606384617e-272,1.3332586380303693e-225,0.0,1.5309078843323735e-169,1.44873228711916e-309,0.0,3.3388159564367744e-158,0.0,0.0,0.0,0.0,0.0,0.0,0.0,0.0
0.0,1.7847434258190445e-54,0.6383196311304303,4.299223093956764e-10,0.1399162708156164,1.0223223496334611e-56,4.415429198467508e-67,1.021261588344126e-34,2.2690094257685625e-36,0.04226998695162469,0.1794941106724064,1.6991049736025239e-38,3.9758336817048235e-66,5.177247588621321e-30,2.61370166731636e-35,2.5384425079601393e-86,2.2445351449029057e-106,2.2865547189075026e-171,2.785285686892096e-88,1.8484573755659674e-114,3.9176890844760595e-119,6.019455297753208e-149,1.0749008898240268e-32,3.2372995737399976e-131,2.8710264024671267e-50,6.450794501946312e-152,2.170822824765423e-236,2.092350243899244e-239,2.033804713532952e-298,0.0,0.0
0.0,0.14652680797571155,0.6286762797175616,0.06952444245791686,1.260167142672638e-16,4.403766132959765e-29,1.0237926439286396e-90,0.10404857421920309,6.844198632246444e-43,4.3236152353686077e-7,8.112079077254108e-28,8.3020466889287e-86,2.769563037050113e-84,8.571780988578419e-63,0.00992646122532102,1.1045271633215469e-150,0.04129700204276214,7.86e-322,5.397010108062903e-190,9.475041847020232e-108,5.830255056324338e-27,3.5962797356264006e-177,7.63032398644138e-34,2.423072840735355e-116,3.486689205116736e-106,4.693453641508607e-179,4.22818293e-315,1.3309537287784434e-120,0.0,0.0,0.0
3.114779531498365e-221,0.0005071324628821366,0.999487795905409,5.0716317089439506e-6,7.550026121209836e-136,1.290820236353967e-221,2.1590457751154993e-167,1.9399814392501588e-79,1.4706526463672023e-104,5.457042991348273e-50,1.337418869497663e-27,2.690031049376028e-147,9.606904807261187e-244,1.4973668832101577e-268,0.0,4.684650200731358e-273,0.0,0.0,0.0,1.560872995164847e-305,1.227119e-317,0.0,1.9602942212016283e-109,1.8091372967393478e-213,0.0,0.0,0.0,0.0,0.0,0.0,0.0
6.493107541525811e-47,0.1975734242703696,0.8024265757296304,6.9436109533130485e-99,4.875888016773217e-94,1.9212358575454966e-298,1.3116438067028332e-101,7.739449308173173e-174,5.864132124471217e-124,3.62746181134471e-114,2.015192836815812e-133,1.1586859812097614e-289,5.292723752921857e-247,2.5411611336505005e-160,4.287643961304e-311,0.0,0.0,0.0,0.0,0.0,1.8016540753705992e-266,0.0,6.332030231157598e-109,0.0,0.0,0.0,0.0,0.0,0.0,0.0,0.0
6.276311603716076e-179,3.1925104159579e-16,0.7001221425969745,0.24736737110658805,4.0525375174781734e-62,1.732917262389611e-101,1.7963072490935344e-115,3.152929235018697e-126,2.5780403130790647e-122,3.803865230996056e-30,1.2594761844445365e-41,0.052510486296437,3.100043558799585e-252,8.0620982069792685e-199,1.7304954136225584e-145,2.398751978840975e-168,3.4211330433202345e-264,1.6715315412024677e-141,1.625e-321,2.6336871540432487e-155,5.409916289514158e-252,0.0,9.553382699824808e-99,0.0,4.253473216716304e-280,0.0,0.0,0.0,0.0,0.0,0.0
1.0,0.0,0.0,0.0,0.0,0.0,0.0,0.0,0.0,0.0,0.0,0.0,0.0,0.0,0.0,0.0,0.0,0.0,0.0,0.0,0.0,0.0,0.0,0.0,0.0,0.0,0.0,0.0,0.0,0.0,0.0,0.0,0.0,0.0,0.0,0.0,0.0,0.0,0.0,0.0,0.0,0.0,0.0,0.0,0.0,0.0,0.0,0.0,0.0,0.0
3000,700,2300,2000,2500,2100,200,800,1100,600,4000,1800,1700,1300,1500,5000,4500,1000,400,1400,1600,300,100,900,3500,500,2400,1900,2200,1200,0
200:3,3000:27,1900:20,700:8,1000:11,1100:12,2200:23,0:1,5000:31,300:4,1200:13,2000:21,2500:26,3500:28,800:9,500:6,1800:19,900:10,2300:24,1300:14,2400:25,600:7,400:5,1400:15,1700:18,4000:29,2100:22,4500:30,1600:17,100:2,1500:16
