40
0.8586372321431959,1.812697513983852e-59,0.050318048077902904,2.6242132047217543e-66,0.07473814411151511,3.6281227482296566e-61,4.020124487666189e-105,1.3926431547246042e-219,3.529216335300617e-113,0.0029520805947059196,8.468659444639995e-82,2.831935606831912e-229,9.373635116958362e-17,3.806968965342076e-5,8.515165779673351e-39,1.5881358266949526e-150,0.0027661234717410586,5.197498869951463e-26,2.84549043897639e-70,1.0852538373957201e-214,2.0461916461047902e-5,2.8509278797995665e-222,0.010529839733273408,1.2008935688723475e-72,6.956462524150719e-71,1.632153885108569e-49,1.6981075738618808e-34,7.898146591552118e-81,2.593419433467181e-10,4.650585166590113e-180,5.536548615844615e-46,2.100161326964376e-12,1.9663999824959207e-46,1.0909366032538669e-13,5.5451537696802096e-157,1.0582858919642515e-70,4.068000622479988e-89,2.25112392986334e-25,6.636295118401439e-56,2.126685879846751e-45
2.190165427545553e-9,0.0001470986779022248,3.6214426415842526e-5,0.08918861803340539,0.0013340265059624842,0.08726752490838213,3.6151131892417523e-7,0.03973919995505057,6.909145606249254e-6,0.015614755978301061,0.0064488565043919486,0.0030657015773733957,9.919688645209865e-9,6.982059496374489e-5,2.3218193551741697e-7,0.37342401433432243,4.818697489540243e-6,0.00033405372353466844,1.730464976704003e-7,8.606304272163813e-20,8.89706339842302e-6,0.007662929021096417,2.505554205267963e-23,4.950066496560765e-7,0.07273946686010355,1.4868321189750834e-22,2.542086705306976e-7,0.01248773259371451,1.312354547455792e-5,3.1479082910797732e-6,9.281786553549721e-7,1.0611945837528823e-18,0.0009913334612969898,0.00013543468887330923,0.158966357169819,1.8088150122862264e-7,0.04756404588554906,0.0787584966968937,3.1034937252598274e-6,0.003981681423579554
3.028011687405253e-10,5.507152538194137e-8,2.6789517269923425e-8,9.115979778362136e-6,2.7845382306441632e-6,1.7974351416046057e-10,1.3367546872466861e-15,6.684570764861332e-23,1.9949413393534482e-11,2.4072034476614942e-5,4.505126968575112e-11,1.1781713175161499e-15,1.6280782549619526e-5,3.48750808458674e-6,9.876927061408689e-7,1.8479699100773973e-6,0.2067879524913969,0.00010995871034220061,2.849191389602834e-10,6.527022440317969e-38,7.826218793688053e-6,9.909976052858646e-13,1.6378517769377003e-5,1.5754540621642025e-11,2.018727696072186e-6,1.692414781999808e-10,0.0006043046936381553,0.20228384132485375,1.6302180293903702e-5,2.397565066338486e-13,4.044984798235487e-11,0.09112685313068389,2.9307025534942895e-12,4.90895900220612e-8,6.602600565000011e-7,4.305720188931801e-12,0.0001636114280475743,0.49873280995795116,4.25561185029385e-8,8.873127960956134e-5
6.438239567973349e-5,0.023174930206727864,0.08247355785746899,0.5364345658056714,1.1740988866751849e-15,5.695690542973162e-7,6.893895090097802e-8,0.001182352667592621,2.907241182464253e-10,0.00015847495858407591,0.011199810118801926,0.0017645655110880495,1.8021223551658544e-8,5.00594696502557e-15,3.18451484896734e-10,1.529018083493513e-5,1.933357111982111e-5,4.581612293944582e-6,3.426507808947168e-13,1.0902348686924635e-28,2.5293525402315823e-17,0.025672332967185935,2.886833963497476e-13,4.374590933747212e-11,0.012588223125643129,1.7090705388081588e-23,7.254125456343064e-12,0.08223306814910918,1.3496951691328903e-15,0.0016588790991018743,5.1125729638770535e-8,5.672613539273284e-25,0.08807098250511988,8.604161398842052e-10,0.0030827668840891706,2.4689839444745657e-12,0.0632693644225685,0.03935734603543923,6.7017907970186265e-9,0.027574476045430885
3.437852943298176e-16,5.674064689575189e-10,1.7838134118412272e-6,2.8620868872434757e-8,0.30132603687162385,1.1498980869455236e-15,1.1339635519164167e-6,2.634038931490941e-28,9.20119350798971e-6,0.04623404532667999,6.908429241252576e-5,1.6900951409899038e-13,3.182983056852656e-8,0.11463974757342132,8.872057505547784e-6,4.004486104443043e-11,0.002562731584436916,3.3303160582298717e-6,0.00021767351131891444,2.8886351984686204e-79,0.5324260733837763,1.3554791434203492e-17,1.3644639114713267e-9,1.5584446202791462e-8,3.418891981429289e-7,8.85864348072574e-38,1.289292418777372e-5,1.649521921671366e-10,0.0020373363402787044,1.4818727262910956e-14,3.939753970528281e-11,0.00013659166213825566,1.2214158896278174e-7,0.00020403295033856575,7.006976956460368e-7,1.3882787830699375e-5,4.2747258326786566e-12,7.414667586752221e-12,9.429891561589115e-5,7.580136628150556e-9
8.016679813682693e-18,0.00011974580146663977,3.7184948374838503e-14,0.0008478418133694026,5.327927178306131e-25,4.637880057479112e-12,3.2187691334774575e-14,3.9376864869136e-9,5.877541389325246e-8,3.3562442948691324e-16,3.1335158777055137e-6,1.5364493107050452e-8,2.5027404857884825e-18,3.779112833265471e-26,1.996297420104436e-12,1.741989071483805e-5,1.4375351053551263e-14,1.2971422346534833e-25,1.1153090269501359e-13,9.379146171838248e-19,2.3143524238428927e-24,0.00018651856200858577,7.432002070516555e-5,3.927062103753591e-13,0.1112370658719327,5.237481607916162e-17,1.0479876058104383e-27,0.27216436403503164,7.670737405037725e-27,0.006014946466804286,1.4113482012508968e-9,9.17996802942144e-36,0.11427137246991939,3.1494285301966378e-18,6.112060012806429e-9,5.488660861061016e-13,2.078197742781626e-6,3.076532562763298e-5,1.4000413591005824e-10,0.49503034228002196
2.2786567720649086e-42,2.7090652732729602e-5,3.0984256314236673e-10,1.9234106734851588e-5,3.752385155214116e-5,1.1342595291081646e-5,0.03577366640237727,3.2987612156277553e-6,0.932634307636834,3.609046123130911e-7,0.0003175456241809653,2.766117679188596e-7,5.558547593785269e-11,6.790671180434239e-6,0.0001717935959285925,7.770410923628274e-8,0.001219493709496046,1.5491931734227004e-8,0.0005196873801766479,3.004999328867216e-23,1.1097659959281401e-5,0.00030002857065584396,9.735286811283385e-13,0.0014576772919069488,0.00037227335144177933,2.4075806242530586e-31,4.481660223491675e-16,0.00019845284651502423,9.973554798888465e-8,5.569234137651629e-9,2.959246401988143e-7,9.820134512638412e-21,0.00034162560757132726,0.0005322301765244759,1.4274195097057009e-5,0.008089136946183007,0.001278084621251682,0.014355243015564434,0.00024480673786556246,0.0020621616835179036
1.4586452482877454e-170,2.7730559138048014e-9,6.440982403415579e-48,6.2869626045339366e-9,5.110014283468057e-18,5.4385721311642226e-11,2.1662637957464124e-16,0.0006835290056063024,0.052285201754447445,4.5593714494178886e-24,3.5328677623988114e-15,0.8571031777582687,7.125818290904653e-21,1.6957720376954597e-19,3.665176324337779e-12,0.010059096042759827,8.463774837506872e-39,1.6641305475882896e-41,1.8554697949200258e-11,2.999141250282252e-19,2.2824502755556088e-17,0.009700125148465103,0.000800295662181177,7.172408672518113e-8,4.8510954273095215e-11,7.701370513680039e-17,2.9630578080792446e-29,0.052916370038130364,4.539114815083355e-20,9.646713703597929e-7,9.200402712847844e-10,9.519207037518304e-20,8.656158606965803e-8,5.390291860522181e-16,0.0009210432208209099,3.0174059874283942e-12,0.015385629399833362,0.00014232005947272517,2.0468666640520125e-6,3.197810957326955e-8
6.670976549866551e-29,2.735138710851987e-5,3.593094677061122e-7,1.7948193708100207e-5,0.20873340120414774,0.005116807322535687,0.20415967917467784,0.0003259146033247196,0.0060682245725316285,0.021546054301506336,4.00834931723477e-7,2.1020689449277883e-5,6.106803617229068e-9,0.0010626565574511585,1.2398644122724532e-5,2.858951950567847e-10,0.0005013319454649386,6.589907000138525e-6,0.000899408477069428,3.688142086395065e-16,0.15249706040333647,0.004273377737122865,0.01036303927211046,0.0002035349733924846,1.2184586550612251e-6,2.5348543271663403e-29,1.0504650087897097e-14,5.519360790847843e-6,0.0005736249222530855,4.0896314402621326e-10,2.564829506740607e-8,4.94055788209179e-17,1.0389887222857135e-5,0.3758373719498052,1.7612119933440678e-8,0.0009287963086170625,3.2208272046984995e-6,0.006643919998079254,2.6506610613819256e-5,0.00013282210421015445
3.724363646766835e-5,4.0941331918228563e-10,8.309140306144091e-5,7.978859314007448e-9,0.07198904989367981,5.2903133269639074e-17,3.63535101208265e-9,6.0842417259506345e-24,1.4463974724684775e-8,0.006329495469318442,8.438035960201742e-9,9.722011022124995e-12,3.049631638222431e-10,0.12402294396018722,0.0032103491164274358,4.631910834450776e-14,1.2698492218352036e-8,0.0038543413289465426,0.00984040291250387,7.884815167473653e-79,0.7301861343170515,1.3625024426359575e-11,1.441314016944221e-9,3.965606750173577e-6,8.060823018579234e-9,3.972806155694891e-48,0.0006947970916023855,3.6158724794689355e-13,0.04574183825046406,6.20565490972639e-12,1.6386269814331954e-11,3.276486565892105e-5,2.4033612925923386e-11,1.4643942226734286e-5,4.537755582906231e-9,0.0011359777085471856,8.782382604174532e-16,2.3270623915657627e-13,0.0028228958531059064,2.6044041849103516e-9
4.1374919010214543e-7,0.24160084764016482,0.0017050606734405488,0.011260601513257735,0.0001791214378687978,2.5633126122968388e-8,0.0678640557217442,3.025052139030016e-9,2.1253385910196832e-5,2.5868812628835e-5,0.0004715415921928438,5.6991236524964776e-8,7.230112074281978e-8,0.00017313646229416912,3.283817107878469e-6,0.0031049257037615114,7.113420297050802e-5,0.5179114484357569,5.69309761370727e-6,1.4787309592046302e-40,0.0006375887439480559,0.006015197772646663,2.0198023171935343e-13,2.37338562881441e-6,0.07859436012016935,3.685491644093397e-20,0.0008182308146993853,3.985474317131202e-8,3.263257227361685e-5,1.988393318533414e-5,1.6773057779113847e-7,3.3315334123453174e-11,0.0006088820720708704,0.0024205300700752886,1.0809980175075969e-5,3.165249058157703e-5,0.059808154089732814,0.0005052424035987892,4.979602592751225e-5,0.0060459137100103534
7.884183101355061e-245,0.0009490223989304374,4.650394531620194e-48,0.028509552834503578,5.9067706791065435e-52,0.008587080972854292,2.0611366304316856e-25,0.03894962692215062,5.47789761644573e-9,7.366954471496352e-58,3.882876567279054e-17,0.37382167658055515,0.005807449674917503,5.373590494276443e-52,6.9432675275350204e-6,0.022435731412219093,2.0752594013353039e-22,2.615132196044568e-83,2.8086152718262052e-21,0.02536951839039727,1.8939338128998265e-47,0.08194034681889284,5.920971234112706e-10,1.1599995969581354e-13,9.097892953308668e-6,9.025011619061127e-11,1.7731160952060157e-66,0.017962847824061927,9.334946524499452e-60,0.011001270328822036,3.577898945851535e-9,6.208648046619895e-61,3.611821604482256e-8,3.4888111115968775e-33,0.3688668338620915,4.219556125349031e-27,0.000723634764519612,0.012994768818076256,2.2287674809170858e-5,0.0020422637052418366
6.7994764156787724e-9,5.100775851256595e-6,0.0002311557385153415,0.1246415182696153,6.965995321276312e-11,1.4705269391164306e-8,5.1316782852180053e-11,1.4645456553546941e-19,8.194296403076433e-15,6.251640910559092e-11,5.998134032850164e-8,3.1328837258972273e-10,0.006035151701773038,1.7474055103309231e-10,1.91435833229489e-10,2.76606591909278e-9,0.3316598366404394,3.6210424539615346e-11,1.9126813925818604e-13,1.254561721824898e-26,2.7791388492176492e-11,0.137721569096583,2.353089960276723e-7,1.7031478234440609e-15,0.020497216302239087,4.491316557780313e-34,2.1566410088546833e-10,2.444164218518552e-6,2.766917664385878e-12,6.305328491974051e-11,3.788408260729731e-11,2.1355395113072954e-5,0.36786898749951824,2.794447620476395e-11,0.004472070931410231,2.9089926003009466e-13,0.0014654644547287422,0.00521243218334552,6.354015312675228e-7,0.0001647406092051056
0.01091051382864975,0.0004779261409484812,0.02680535308224213,0.00017812883537055387,0.005561640424726749,2.683377885548594e-13,8.926189445559336e-7,5.972875241036605e-17,4.514867533256391e-5,0.06544433061320007,5.160079514235536e-5,1.0736100916569464e-5,1.6254808418809052e-7,0.3096740596054252,0.07344208551574542,1.0072180624622274e-8,3.918367923140912e-6,0.0018894563805731616,0.03475601974357572,5.253156136622665e-81,0.38649154361095184,0.002028226642580952,0.0017639753432886912,8.293430603414314e-5,0.000764636801164997,4.1592236749430655e-45,7.073056820799038e-5,7.236147553832272e-6,0.05993526185679165,3.082025162412331e-8,1.0066920770917597e-8,0.011818887756543692,6.02032899545271e-7,0.0004638360349035059,4.3463134914671734e-5,0.004180678785775482,4.601794180977872e-10,8.478109777069105e-7,0.0030345676392252627,6.0546831584667466e-5
2.4482125173784606e-29,0.00012353357856105098,4.971401859555763e-13,0.0012256128863723272,0.00017286467413456857,8.910305113443791e-13,1.9709430837745106e-6,1.6346347457077128e-7,3.608139616578677e-7,0.07787077612654067,0.004630382959562273,0.0018036153030720234,6.478084244088477e-7,0.0007479075075557831,0.0043747515294534365,0.08286620181859973,0.0030012027855753063,0.023001886713013144,0.3683963998999026,4.643285208978088e-30,0.001076558956954746,0.0032101140745671606,0.012310481948714735,0.11381314096230939,0.019917314856557847,4.2028503569647976e-19,0.09782357468822155,0.05468461639942168,0.015245969553840248,4.0950325579321435e-12,1.202325945093246e-8,0.0495394011178153,4.011257160022938e-6,7.03049504572412e-6,6.405928802812761e-8,0.013981084474933726,0.0022824482332209194,0.04756406441918193,8.082844529706591e-5,0.00024100521743987982
3.636680022235409e-73,2.977655318046827e-6,6.7487266055965975e-25,3.980263212429941e-11,0.003921344587617068,4.592282583166595e-5,0.00040204593122754925,0.026063624973559178,8.313924791537747e-5,0.01931264197861369,0.019593897590136463,5.042797398142908e-6,1.894252713228119e-15,0.0004178309087577267,1.6660816737302182e-10,0.7573621373591646,1.8907364124868922e-14,1.0794414135914954e-11,3.826049001043675e-7,0.0009605319648965926,0.00029822807232815973,0.009340488248172836,5.53218212331926e-6,0.002779325634518712,0.04823446903719767,2.557111837763556e-40,2.2401946106843365e-13,0.0017087654582425707,1.6718076713933957e-5,0.011538510649576297,0.08304449944398352,0.00802026552453481,7.746465007001753e-9,7.254485312969558e-9,0.005129476633043307,0.0013589292335686644,0.0003485408521432553,4.713263969657267e-6,2.034808682575395e-9,1.133790308313328e-11
0.0007170716252681497,9.688197445246616e-8,0.07471638656789674,0.04166457439193466,3.1158004922986895e-13,3.7455824773234764e-6,1.1192826941212716e-10,2.1008818394126645e-18,9.20679634735929e-10,7.229172331020674e-10,6.207862855188617e-6,8.734511834846972e-10,0.08308515833588587,1.0479886870757537e-11,6.309239655401762e-9,9.26474006643851e-15,0.740316437556629,7.503365312927807e-8,2.976638232920297e-13,2.098339706515845e-33,2.625416113021612e-13,3.9556246673932345e-13,0.04091396442373262,5.148934281918364e-15,0.0063405084928878025,9.145991238633837e-35,4.851130821081679e-6,2.3470299457659838e-5,2.0384469541313636e-12,1.3208514967602777e-13,8.975657584688088e-9,0.00023980824861991263,0.010897089420497778,8.238066895461344e-11,1.1897149936303165e-6,1.776502662071535e-13,3.296453314515086e-7,0.00021525485132647365,5.970303055643213e-8,0.0008537022203623151
2.306515875794971e-26,0.13674960966167862,0.0005168133513528165,0.00037704433452753387,0.0010486482791511296,9.202901944593495e-12,2.5152692386303695e-17,5.0081498080315295e-40,0.007820765177740368,6.737599723949711e-7,3.291853242365284e-12,3.248718391110426e-30,0.07856176737070743,0.0019240886113857391,1.8573380385871727e-6,2.6295899418100926e-6,5.291115796454168e-5,1.947315388470021e-6,0.0813797245722278,6.690627007218049e-69,0.03159994285713821,2.2434643111508415e-25,8.949706307145584e-10,0.18148243809655687,0.06482081798566966,4.3933818805150554e-45,0.38548307344179933,1.2974156103433367e-6,0.002033458059992662,1.8464413270667607e-8,0.0010517252643124852,0.02249666782082357,2.041330536576434e-7,5.082253939086881e-5,0.0017554334104368436,2.4657489570142866e-5,0.0005600077393743943,3.7992544713671353e-6,2.165394091618025e-7,0.0001969380604343885
1.5595425963965772e-55,2.3668185513459582e-5,9.38112036964825e-13,5.585347061083059e-6,0.0005037419164852159,1.809032705030066e-7,0.0014375106731921105,0.00029613674410722794,0.00020658123478960026,0.0009963464590777137,4.54028009060028e-5,0.004879628241872003,1.1510677359518038e-10,0.00026665485082538374,6.890268051921432e-6,2.2832577406236265e-7,3.507088784780711e-5,1.939574023795801e-5,0.04324502030791105,3.135316653976893e-17,0.0006757838329224915,0.005004487733183482,2.4011547863261103e-5,0.8366787845117973,9.876009081970677e-5,3.281868960525762e-25,5.092608137738103e-13,0.0001829343007506693,5.2452431628931156e-5,6.673382286924712e-11,6.973221497677153e-9,1.0488341180053198e-12,2.246727875524315e-5,0.0005632400980933481,5.617009133510172e-7,0.10426214795578931,7.0554934220705304e-6,0.00041874521701248284,1.9764689938557795e-6,3.8541293572947184e-5
4.6805955470294604e-220,5.210592594596337e-25,1.5042485755836098e-39,1.2759763676692898e-19,0.00958489481666342,8.727815708162279e-7,2.780396989013949e-28,1.2193035182953756e-5,5.224759992302367e-64,5.570983613765766e-5,1.6643512104172223e-19,1.6425950078455381e-12,4.884241902359482e-41,0.0006111841359200575,5.839682118277478e-43,0.05486230417941129,3.2395919351032867e-29,3.4685541315804323e-10,1.750920165752123e-64,0.688234185469005,2.403955518525579e-6,0.14091326099163767,0.021206191356915663,1.8794891812927472e-48,0.028813875132455993,2.2174569959220076e-9,2.8910348617222525e-50,0.008715563975251943,8.030983121982148e-11,0.014486683676403279,4.564968513814765e-24,3.0534091833489005e-27,0.00023924291930072097,1.4365458374524325e-26,0.0005566675021520999,5.636069854404598e-45,0.03170474840065221,1.518955571155531e-8,3.074549479918044e-28,4.2451419071766943e-20
1.6440288330434777e-7,3.617514942071796e-5,3.5480685866623583e-6,3.295172340547603e-5,0.08394027762292161,1.7994997545213828e-14,1.8338424166590196e-8,3.1006260803227243e-19,2.705316816283757e-7,0.24241683019414978,3.172842663321442e-8,2.1215051951539874e-6,2.879885838411227e-9,0.4752654837989463,0.004870047986811125,5.367967278352597e-9,9.239864303960749e-6,0.0015172732646931352,0.09385173018435995,3.6555406288267627e-78,0.03203986469573063,1.0959279596569623e-7,0.0017174461205591398,0.00015754710971541195,6.882220645133411e-5,1.3296730499052845e-46,0.0005945619791371974,2.5537338084097032e-8,0.03210650786192983,5.891689937115885e-8,2.4056384274899802e-9,0.003856720182109174,3.400072115752973e-7,3.781064842077793e-5,0.006049456123182912,0.0005721295248741666,7.558758727541423e-12,7.820036536120264e-8,0.020845377475221614,6.968792779607316e-6
3.2499863877892055e-203,4.105979470623083e-9,1.833088611568664e-51,1.3123498414915063e-16,2.0539573731691523e-68,7.534335498264323e-16,4.823720849919352e-29,0.0005162597226811278,0.009022269306595419,9.28568702161655e-75,0.007819067486520156,0.18135828206701463,5.142211296299459e-25,9.764479980267038e-69,3.99772951871156e-10,0.13328583113066667,1.598266150155886e-26,8.347767379138187e-80,0.00012122044723488459,0.0509118513102359,8.582131176818144e-67,0.43501219597934127,1.5508759940757878e-16,0.018984206175883957,4.051180362496916e-8,0.007237741529783649,8.295331641477462e-69,2.2956210639949943e-14,2.002222026100145e-71,0.14787496814184625,1.7882415513055403e-5,2.2491789662375055e-88,4.4498871457919183e-17,1.8494825060349068e-38,0.00782891456448189,2.9528867992199133e-6,5.8294595613609775e-6,1.704860737259327e-7,1.1692748528001745e-12,3.11871017542693e-7
8.000741137398226e-101,3.6791537273709486e-9,1.7260069030543556e-6,1.3023812969590315e-10,1.3524989264937734e-43,3.890906227028357e-7,1.4778435619600639e-9,7.10813773003881e-5,6.232806369990919e-24,5.08678256548008e-43,4.785449353429865e-19,0.09930438089845789,9.81406214540436e-14,7.019906973610996e-39,6.273064752312728e-16,8.474206779900202e-10,4.774311969254858e-13,3.8478608137707573e-20,7.618999418018781e-13,7.1732563504555e-14,1.0560161383580767e-40,0.043949018606556915,1.3760438663163294e-9,8.581659469655238e-11,2.99949844722841e-8,6.635715275088387e-7,2.7686052737209363e-13,0.6233595842505786,7.085524235136173e-36,1.3418070267715293e-7,7.121245569970688e-13,1.0965117366155622e-28,0.23331147884375822,3.3009891318691348e-34,1.1726148156712686e-6,8.844635435882196e-10,1.2055288333550003e-9,3.2872653438724364e-7,3.8426219665518936e-14,2.1483113211186452e-9
4.537512788610359e-66,2.1589656304881694e-5,7.324556982177342e-11,8.931405294842336e-6,4.608300786166623e-5,0.0001607670844008722,0.15746745011944263,4.063712089019078e-9,0.00010212722940390186,1.1404252761587064e-6,8.397394312280867e-6,2.6953232393764346e-8,8.98035144675372e-13,9.355027875717942e-6,8.629383176432271e-6,1.8401399815100837e-10,1.7288802740587975e-5,1.7132885627020394e-5,0.03234152880340348,1.8315566697810224e-24,1.7238847105722655e-5,8.40682973964483e-8,1.2553850743526259e-17,0.11974228863130573,6.902900681242461e-5,3.512041448677248e-31,5.409306186900943e-18,0.015620118338594516,3.4622356704597325e-7,9.318375126069035e-9,5.0415031657434474e-8,8.489282639277953e-21,0.0390990447886863,0.0002538380870834225,9.743974710946303e-7,0.634336824674278,1.0731744778402944e-5,0.0002935569138535506,1.2797322704688719e-5,0.0003326147218323119
0.0041760773794017195,0.20116020520794345,7.277207390945743e-5,0.0012067848665770152,2.2201766185623608e-7,1.8158501954545052e-5,0.0004834999334817369,7.173054573876134e-10,0.00015818745147299406,1.4698717699214546e-7,0.14917174807451808,2.5563798410588634e-10,1.3863407788668932e-7,6.513167447883098e-7,5.954954756342253e-6,0.006085388275747243,1.2183258421321647e-6,0.005336365833728586,8.450448731544621e-8,8.08342206014663e-26,2.5955787340732293e-6,1.325754276515697e-5,1.1169807029704252e-18,1.3739650668174283e-6,0.5022824736182198,1.1590026724723642e-24,0.0020535024519821566,1.7867230761813522e-9,1.9686852686874e-8,5.823534988943655e-8,9.180380364002752e-7,5.546630617828923e-17,4.449611149406241e-5,4.2312836892861784e-5,4.649172467069345e-5,2.895271076962657e-6,0.06040611847294419,0.007461015416201847,6.955261485354136e-7,0.05976416842441516
1.1730154550783405e-187,6.76387957576345e-7,8.258948154116596e-20,0.10608030831467022,4.6395963389649785e-23,0.021313628648990182,0.008624428126158086,0.02067368740329199,3.1789974727768856e-8,4.915203852030329e-31,1.9306030912971126e-15,3.2036314607050955e-6,8.25536081572535e-12,1.7034608369360947e-14,1.8510456816444578e-25,0.018611907227285288,0.04967622493758094,2.4843249333105553e-8,8.616162763606404e-43,0.0991983251918642,0.009219157140964817,0.0035895277023764273,0.08455518231570107,6.096791498560514e-30,0.005654764670998827,8.056971056073524e-7,4.009494309378928e-42,0.12459715719356132,2.738325807700527e-13,0.33473408678799665,1.0994513131205694e-13,5.43644921297124e-7,5.7943275813130965e-5,1.2177510561743815e-14,4.7618023249537985e-8,2.2222333446936922e-23,3.8138003252580812e-6,0.111818607732996,7.077436251722139e-18,0.0015859159080628498
0.000782110864228853,9.191581839091826e-5,1.7267586770448572e-7,0.0029753402040736065,0.0003463690771029791,2.457685486380885e-11,0.0870725236697844,6.073448218325478e-31,8.123455732935991e-13,0.005133365662783817,1.0451746947374114e-11,1.2293615609730493e-17,9.749139208007798e-5,0.0007772531400423027,1.4078306607171876e-6,0.04265166405136143,0.0007250494636625144,7.839897095981971e-6,0.0004685269120804476,1.198246253433158e-35,0.0007653940887573514,1.3693904139252537e-5,6.587643547518322e-13,8.512644123930461e-8,0.38567293768119104,6.697607888592202e-44,3.23413636283695e-7,7.624085674117696e-18,6.985845208183691e-5,1.6249799793923597e-12,1.5908667761383133e-9,6.554944049576625e-8,0.00038678901293700966,5.678914465873106e-6,0.009288477782271775,0.00043716692834337386,0.12446734182631312,0.00043989381178055793,0.33729477484422743,2.6486375766165447e-5
2.3827342701139598e-232,2.9580126343063587e-24,6.912273903282122e-60,9.236867546120776e-18,3.195983700469052e-44,1.2502387082295833e-29,6.031926806911198e-45,1.8974472256143853e-26,7.02644304367995e-46,1.427369018957529e-48,2.1378531918903878e-38,3.156694291496252e-18,4.391801818950094e-43,4.1214482289628747e-45,7.219834085859124e-51,5.237524615601227e-17,4.654554664151989e-37,2.480602351304961e-38,1.2051635951394187e-61,9.937222443608968e-10,7.286606462260668e-42,4.0281550470003435e-12,2.5500732934309794e-30,7.129079967865405e-54,1.9046582136212202e-26,0.9648470644194017,6.137563437435989e-72,0.03515293431666921,1.3557839865844585e-49,2.6617897537684486e-10,3.0658648291730216e-31,4.210568573112582e-55,2.6015758203496537e-18,4.543792402762449e-43,1.0395729195278402e-19,1.2068971774550766e-51,9.693929179758373e-25,1.2035717879480722e-20,3.733615600140529e-41,6.276623059556758e-17
0.05465047726734629,2.2510314145252217e-5,0.0018761198121541648,0.00020484536111679778,0.04869802675521629,1.3950972825168212e-13,3.5344628857180927e-6,5.610504502011227e-17,4.165026124045845e-6,0.08382579172543095,1.203515978396235e-5,6.078653139446021e-7,1.6116819687792043e-7,0.060739253933090584,0.0006989265246706636,5.4676350633325625e-9,2.4691662463778206e-7,0.0013492746392302867,0.18753582994962437,4.700783723815994e-77,0.4025363384043712,0.0029440871265910863,0.0016175443800703847,0.00018635283958862506,0.002814279831010563,1.2966199806274539e-43,0.0021451628537740093,8.35241274445767e-6,0.04363967132939053,5.602977597945892e-7,1.7040075128069395e-7,0.000749038587668287,1.6553342792427999e-6,6.95469728266396e-5,0.00030278711735669267,0.040601257560505886,1.4837594474011207e-10,8.960842129681525e-7,0.06244168847359252,0.00031879749640049027
2.4276785608219036e-124,4.199259938076135e-6,4.68007288278597e-22,1.2719937739812753e-5,0.001091012386092357,3.0791565120284554e-14,0.05191866908868728,1.2747702481824947e-6,2.9381464388567006e-17,1.8344595209167374e-7,6.291923133065178e-16,0.07337696104821813,2.1448024484761646e-8,0.001149312942210972,2.743501455304375e-12,0.014130937899650618,2.2215801613951416e-7,6.023034671226408e-8,9.740253584568122e-5,0.08247210697062157,0.05667404665853143,0.11638587941885557,0.11376233933479647,9.436277904052178e-9,0.001106661287797668,6.056016208330272e-9,0.016818173772018812,0.039886990893843455,0.0004445465125690571,3.412985260131723e-8,2.4155723907625714e-11,2.8715025671917354e-16,5.095213822486182e-10,3.792428447654123e-8,0.0070481315614603695,5.488890509503632e-10,0.4051912651653028,0.01781221879069725,3.0349483468213815e-10,0.0006145735472675121
0.0093960115175173,0.0014101490066132387,1.255840494392645e-22,1.4145556921018812e-5,0.041791689805401135,6.554675205088861e-19,0.12326278482264869,2.2427623263345434e-24,0.020308340704666014,5.587954692773977e-5,0.01761163581193133,2.3830526360812733e-27,2.955232815818241e-12,0.02069676870184787,0.0001934411702133736,0.08159002803986294,1.526977787977052e-12,9.307567216417512e-5,0.07239930557796072,3.9623668097070404e-64,0.0995787077469347,3.839647311850659e-16,5.397547669315436e-16,0.0010764416782244209,0.30719805516906623,3.350045094081914e-29,0.001952772997910543,1.4641212112101162e-26,0.0121982557283584,2.43402509730784e-9,6.284458775014748e-7,0.05078140484486738,1.430338875027814e-7,0.0002611973871219427,1.6754157826747714e-9,0.13666905889105063,0.0007306028902063202,0.00016641292771396381,1.1065793662220662e-5,0.0005519924165186619
0.2776368029948128,1.6575933093070263e-11,0.03928247379632591,1.4864523339009288e-5,0.010337259272608973,0.049987914343179896,0.0983879179072713,3.649005102908193e-27,0.11146644161406258,0.21694545206152716,0.0003932403611163431,2.5859754678290236e-9,0.0015408583857959965,0.006428860390933615,2.7139219560524522e-5,9.997055133320356e-10,4.669842960351811e-5,1.6308147918414646e-5,1.2184227341517136e-10,6.656179525259377e-46,0.11280473118209075,1.451928271364648e-17,2.9575125285480606e-9,5.034525786294993e-12,5.330679905207416e-7,1.4182997674132018e-50,0.06995013331556443,1.7411099995249011e-16,0.00018566318037822432,4.482723888224109e-5,1.154923336632179e-9,2.3345369363396312e-7,1.3476948862526155e-8,0.0007210035119754554,8.814035628856742e-5,1.7434460344408781e-6,5.937723773799031e-18,1.6883320360564782e-14,0.003662542287135132,2.8196193375031146e-5
6.0672783218072e-43,0.33512417200191075,3.104561113498245e-11,0.0004475339685944614,1.6242736474746624e-25,1.867765857528502e-11,2.2838037988742778e-8,0.0013783191183664324,3.6748483593289856e-6,7.101863175655904e-23,1.6046464085620653e-5,0.030459125982369842,3.656007834349431e-15,2.094420659106712e-26,3.1942818071900387e-12,2.2895074082786897e-7,8.332944510723302e-14,2.351916114214261e-19,1.9870011144808735e-14,1.5037154474219672e-25,5.354335681494586e-26,0.012766076849885146,1.458725979579794e-11,1.6117192028596767e-12,2.735282263783715e-6,2.3584865420070726e-18,2.0509369514629802e-20,3.1099848004519104e-14,1.9664703681578037e-27,0.0023324542211603473,1.2184315310726234e-10,1.6722604876783842e-22,0.0016391965207243641,4.70355821828229e-14,7.971602468384612e-6,4.572617454480035e-13,0.35990807903454286,0.005169627486776185,1.6730532158089436e-9,0.2507447329650585
2.1565382052963918e-52,3.1093318933387244e-20,2.0914188940057157e-14,3.727705874042191e-16,0.5534939777683284,1.0953915257613784e-17,1.3413133564765132e-21,5.5045081250950484e-39,2.5191277511709217e-12,0.09422265637171552,1.9786679590030498e-17,4.0060176256619636e-53,1.4449422691587759e-5,0.010496335923376909,1.251289374681222e-9,4.771770165914141e-15,0.27715051121900325,3.724063450117662e-9,0.01705974461496655,8.712653745304772e-60,0.0040973980024890735,1.2285372642811973e-43,0.0006732554689459076,0.02569862435977681,1.8157748293508476e-16,3.370614427482723e-45,4.6361240152610064e-5,0.016204308097845597,0.0006788905315378083,2.996935589102924e-30,7.073985673376252e-17,2.834559050285608e-7,1.690554317198873e-17,0.0001624335104816896,7.124877470660377e-8,6.910480336594348e-7,2.737484970069008e-9,3.658010254229373e-14,1.8717989428501378e-13,3.6780423702452703e-13
1.3105692335665076e-118,0.0016881261061667135,6.388204272875231e-19,0.07471751876039233,0.004782612335448476,0.025791855834526922,3.0279477514647556e-11,0.166303369617032,1.1449253088036847e-10,1.0006968384440837e-6,0.00016813533104669575,0.05692262975740919,3.778011506619601e-8,8.925896679846245e-5,4.271850789744964e-13,0.3916272683338423,2.770644425490848e-14,5.479397652375839e-10,9.833857383657814e-15,1.0969382575274694e-16,5.157481170629942e-5,0.00010107738851829109,1.428378519166481e-10,2.1297272702332048e-11,0.0605232808179216,6.411029878368329e-26,7.894135536956645e-10,0.06059714224664354,5.668989458140396e-9,3.085843739822149e-6,4.561742664377286e-9,2.2213992576363217e-9,0.0019647837085826256,1.0946653044165361e-9,0.0426496475658967,9.051934700375113e-13,0.10352433592675747,0.008229487454547223,6.53012393146484e-8,0.00026369022040329584
9.837064371712207e-64,4.237084833285036e-5,5.491609840301182e-14,6.001361141059322e-6,1.4876730091026677e-5,1.931241761751555e-7,0.025376765867757844,0.0012678091030586033,0.18158992211095648,1.559574108367518e-5,0.00012382193241728157,2.196327809161776e-5,7.295385601675266e-12,5.311985578910806e-6,0.0005227807105655134,4.2761179606449306e-11,0.0007275221429628428,2.4608695269082076e-7,0.5694812176525182,2.4448382450400836e-23,0.0001023840412068556,0.0003085473510479539,8.949436537420341e-14,0.09162773781352311,3.381682870221766e-6,7.184638036285806e-33,1.945092067612159e-18,0.00017194646910267586,1.532176612282856e-5,2.2378532800632993e-8,3.658007061268879e-8,3.243865182812934e-19,0.01937799589863458,0.0019332105850036693,4.929096728563422e-7,0.0786344518320986,0.00635562719461052,0.020091055246636673,0.002015392179840404,0.0001659973451396802
1.2352794121590995e-66,3.176831365383864e-6,1.0755922465527574e-9,0.0014822499314985163,0.0011048145496555966,0.0026232662590145216,9.439580471121125e-6,0.03882438507938485,0.04076847000381956,4.325260283361358e-6,0.19007372742032025,0.002009872823993514,7.787432778723038e-8,0.00017839511757060373,3.02285206129322e-7,0.0003271839445134683,0.011139811820662452,0.007482780840036221,8.115301431646133e-8,0.0027584002163012996,0.000565930098354508,1.7256250018725248e-8,6.237530591905599e-10,1.3791435464420154e-5,0.070034650264104,6.109772042889777e-32,3.674214710966154e-16,3.568511727143731e-22,0.00031655573560008556,8.540468435933899e-8,0.0002126138617568243,0.043403473947069685,0.004102412146613518,0.0023301043786904665,0.4453433599212844,2.883582447112608e-6,0.00276850842385488,0.1321085928070261,5.764010670154173e-6,4.940353449267475e-7
1.4798410283861596e-50,3.069421871057349e-7,0.0002791683189332797,0.044403909679956007,3.976888436705419e-9,0.010439154094248998,0.006360509731179816,0.022543059112457454,1.6999601536782097e-10,0.013976335462964201,0.03643790871229759,0.007097796132843355,0.000343193049979419,3.6198504360854463e-9,8.324452242911264e-7,7.477763689599684e-5,0.0013072063766829255,4.21721323582957e-10,1.2571875261321529e-6,4.819293249433703e-5,1.936936062968066e-9,0.06904825785557078,0.04279789232385603,0.0005470256578091233,0.10241506239057582,1.4238536429549313e-27,0.017432524510495134,6.198384124834328e-10,6.050325120738174e-9,1.2147410695469165e-6,1.1349268691849741e-5,8.242661131750632e-6,0.30112661614419384,4.126099484751781e-9,0.026894958943052185,5.609968510767462e-7,0.0009314813443393271,0.29519937721824946,9.006194923443465e-8,0.0002717171446385244
1.829700409929515e-43,0.00011479313951947594,1.0037158786364008e-19,0.0028663548026230485,5.658576389952244e-6,9.892090462588586e-11,4.872558830334731e-9,1.146271771058214e-6,1.865639504124279e-5,0.01627742142723268,0.3304906353224952,9.651733473191122e-6,6.176607594889702e-5,1.753306453489817e-6,0.005495091279679393,0.00010846581609205027,3.063687620853258e-5,6.200640003378019e-7,0.13235476211476152,0.04741689545998463,4.646571307513793e-6,0.0685296062184876,0.11926110136571015,0.17927610956706733,0.00027999941739499494,1.0000438362903618e-17,1.0983069819855492e-5,0.0003182874430659899,0.00010925068234737477,1.4559495490828295e-14,4.246652064704998e-6,1.78701072940525e-5,3.128907176511317e-8,1.414995079505882e-7,4.894683704839661e-6,0.00037389227303530803,0.013945059731038238,0.0808562639799598,0.0004516845867574144,0.0013016172291961342
6.129435038546924e-21,6.561019395932113e-6,0.004684494242253974,0.2962462654771102,0.00010336630563934101,0.03709664317006119,4.386812055726155e-8,0.1052673187249724,2.0721647460718386e-7,0.1001495356950525,0.002196086987244122,0.015436017455757142,3.4999818981445885e-7,2.375226105182515e-5,3.79168644688673e-9,3.398379910726279e-5,0.1532859748018384,9.999604998381437e-5,1.9335220310913794e-12,3.11787720759821e-18,2.8867227430936546e-6,6.586477782005201e-5,5.5797500799701124e-8,2.172795285013017e-10,0.002632865678105933,1.4274277751239967e-24,8.249360254709791e-10,1.4131639696374983e-6,2.2146938910525604e-7,1.9310937591415641e-7,8.542786784900245e-9,4.0944763684085886e-18,0.006037765415649585,3.913969696781851e-6,0.10245728511149295,2.0419781621662505e-11,0.03482364706796926,0.12665407198953826,5.043071557069201e-8,0.012689154824737934
40,31
0.9799593961483589,0.014801934874597604,2.129282680497378e-44,1.6247368960564936e-72,4.024732267390958e-208,1.377207844608863e-209,0.0,2.809048506496295e-204,0.0,0.005238668977043569,0.0,0.0,0.0,3.3331288814741327e-220,0.0,0.0,0.0,0.0,0.0,0.0,0.0,5.330841879904837e-224,0.0,0.0,0.0,0.0,0.0,0.0,0.0,0.0,0.0
1.560941702761345e-128,7.390245800834055e-8,0.9276925883731965,0.02808325973420574,9.951515653653826e-12,0.02786938221622412,2.1287615592229196e-44,6.398445099339049e-23,0.016354695728403965,1.0408061255937172e-15,3.5559086686540754e-11,8.876358444854941e-113,2.1963055062385857e-40,7.22277486398271e-66,1.1949354377889635e-97,7.009327775610809e-64,3.3936064665081333e-172,1.1887086966790688e-126,6.971383857888993e-134,3.159064776355887e-129,2.553659026515918e-210,3.9980576182049324e-119,1.3880978522062824e-137,5.050973843181328e-41,1.4772212049848407e-147,1.6399912704067563e-178,0.0,0.0,0.0,0.0,0.0
7.487958729298651e-37,0.8482029131289291,0.15179708436394063,2.0872077516073822e-20,2.5071301716306728e-9,1.4600038658502713e-37,5.546547343205077e-55,7.936137772368205e-21,4.680702590308505e-67,7.157073171101125e-86,5.7298915480159504e-98,2.00075826610015e-88,9.950677115271954e-86,2.756994313813175e-173,2.190500423147456e-62,6.0504507445607435e-87,5.881747282782657e-138,7.125171929592515e-171,1.897334734220489e-145,5.415023231344762e-230,5.0796701209046335e-31,1.1779117409988382e-61,4.793256658888873e-175,1.0166923928750273e-132,1.0011066650731573e-295,2.3278465057508294e-244,0.0,0.0,0.0,0.0,0.0
4.5803864263858706e-74,3.0080255800531785e-8,0.932085081895793,5.9764611818893964e-6,0.06275629919547666,5.746555319077672e-10,1.823168097828511e-15,3.701816926041037e-10,7.967085538890526e-15,6.2350126354726606e-30,0.005152611422445654,1.2938233114859176e-53,1.8758757080386856e-24,1.3975817406422329e-78,2.498752838300078e-59,2.929732024091812e-43,1.4974687866619326e-93,2.114675176355724e-94,8.192631811744606e-75,1.4994259448642572e-97,3.671474459310858e-144,3.0434440606326083e-97,6.538797092577849e-74,8.279921886995133e-45,1.0755162805584228e-143,7.003143360230261e-64,0.0,0.0,0.0,0.0,0.0
0.00012008150333187503,0.9998799181928661,3.038021097811998e-10,7.722080356060182e-42,1.1278474747350336e-60,2.3515746027919304e-111,4.848435542234764e-217,8.384204905050901e-27,1.46619543421032e-124,3.2804896024462577e-199,1.065456676237197e-215,1.0354786714208361e-254,1.11497804922233e-294,0.0,0.0,1.5565233813333392e-265,0.0,0.0,0.0,6.196894975575418e-124,1.95535160158832e-135,1.5877753332633993e-60,0.0,0.0,0.0,0.0,0.0,0.0,0.0,0.0,0.0
9.0547806272837e-53,1.951029728758378e-18,0.23913495117114633,3.0369306648122808e-5,0.23855071686055385,1.2628535397418875e-11,0.4916387632223532,6.633572936304873e-8,0.002760436946787342,4.8581103751592665e-27,3.3123234641467553e-29,1.2235419592172744e-36,2.2200694356125506e-22,3.620380435327777e-56,1.376637264473718e-59,1.0082365223615941e-45,1.0084355121776545e-48,4.902729279435703e-70,2.504031481333521e-78,2.721597669018636e-44,2.8900604647429595e-118,2.0956664597909767e-109,1.7431111638003034e-34,2.6516388579703666e-77,1.0971087713106555e-118,0.027884696144153176,0.0,0.0,0.0,0.0,0.0
1.326077157487059e-172,3.145222862039292e-17,0.9999999999845807,9.646898726877084e-16,2.3587390623861437e-35,5.717805245664705e-30,1.5418349809383224e-11,4.1080663822438804e-78,2.45180750813381e-44,4.091994895678431e-34,9.242702697927471e-44,2.4155617574084798e-74,1.5043602109874243e-84,2.3072305725777404e-240,1.0756685750270041e-185,2.841863459874008e-140,5.123989007512421e-216,1.9515876717270456e-172,2.2092778697121347e-228,4.1908123022088787e-207,7.736035329964565e-262,1.5433679568736046e-189,1.2956959004801932e-207,1.7135695035462014e-203,4.05e-322,6.316427157221215e-200,0.0,0.0,0.0,0.0,0.0
9.750997575254199e-191,3.977170027379032e-7,1.0784336158747137e-10,0.02319721015862472,0.7759418160561786,0.0598231294294994,3.471454869628168e-13,0.08381294165902393,3.820061693357191e-11,6.523322508756928e-13,5.82455360687192e-100,8.413121520580399e-52,1.1893748430003784e-69,3.087374222853986e-99,4.095450887246966e-53,4.470288096814245e-61,0.024340305480220592,0.00972999725029428,1.9534633850169997e-111,7.595070480940999e-113,3.0240765057834234e-72,7.4423329097827985e-90,0.013330349718593029,0.009823852383519138,2.7189053035451955e-163,6.809707987558483e-82,0.0,0.0,0.0,0.0,0.0
3.2923738211608957e-22,4.115301663187785e-6,0.9995276053349125,0.00046827936342418527,1.2055019322554332e-58,1.4709258990748585e-20,4.135693056328355e-84,7.681860846002699e-106,3.1056091311365812e-83,9.666614195512428e-51,1.920710305666492e-110,2.228958373889044e-118,7.194279982761665e-126,3.015265817276249e-231,2.3749507094546506e-199,7.509472791810817e-200,1.0619558550580108e-274,9.558935565228076e-210,7.709869491677313e-243,5.681611561602946e-131,1.7980294855540888e-204,5.1495399100633145e-25,7.464570076086443e-229,6.587838823741925e-208,2.8e-322,2.3846467181589037e-213,0.0,0.0,0.0,0.0,0.0
0.14973608189042428,0.8494867585404663,8.942885374013651e-8,4.264461467721333e-57,4.9383325906673284e-58,4.709256692028736e-127,1.8347051564604645e-246,0.0007770701402557488,3.06771358653564e-70,6.043705446466441e-175,1.0372466517397028e-246,5.068274043139806e-260,2.7263143262979803e-258,0.0,0.0,0.0,0.0,0.0,9.3739352e-316,5.538138048029997e-197,3.684662282426764e-225,3.41403301538067e-97,1.9085685860196265e-291,0.0,0.0,0.0,0.0,0.0,0.0,0.0,0.0
5.314921465394445e-21,1.3496135166062841e-8,0.992528032430857,0.00747195407300781,4.585019300679063e-22,9.377907573370999e-24,1.8418998256390135e-37,4.5306376602639543e-35,5.6297312911153625e-21,5.071230315499265e-64,1.2247330760824098e-63,2.9450645153213468e-61,1.4940172784898993e-44,2.5671895661230475e-126,2.448623543458608e-72,1.0805924336924868e-75,8.28079778751827e-108,1.5417428897222685e-162,1.1314226786527344e-92,3.826387658795795e-63,2.1136837526027658e-125,6.609287986001056e-69,6.439611174839267e-77,3.5258508883715795e-102,3.7681851015612366e-226,2.9730590081650686e-114,0.0,0.0,0.0,0.0,0.0
8.600581775221609e-194,3.296398384257016e-16,8.240468655031876e-10,1.6101081292974216e-7,0.8763428883199852,0.11165467115031882,9.201156155767471e-10,0.012002277735850232,2.2360517059941926e-11,2.729607507878483e-20,2.546866788155965e-12,1.6365229834894007e-67,5.412936131599576e-64,8.344550556869882e-75,1.092229301901751e-15,4.216657577232831e-41,6.927399087471849e-34,3.764837582488799e-48,7.687188924882769e-104,1.6353832955197396e-139,1.66208643239312e-42,1.3375147812035445e-51,1.3961456087378637e-11,8.092220529558965e-70,1.0698328811258568e-128,2.123990036157048e-36,0.0,0.0,2.0357422067612163e-281,0.0,0.0
4.680799212377683e-41,0.7151478224454432,0.0019586599877806634,9.74738029805137e-5,0.2826969061542799,7.231360813187898e-5,3.76873003011458e-60,7.84130948566697e-8,8.015845806606085e-41,5.051483546326123e-86,3.699674894589469e-95,5.964765748784063e-89,2.8929628046604234e-78,4.050339706922334e-92,1.5378895038808164e-108,1.2523947047024942e-38,9.084365310200714e-131,1.6483726428745586e-136,3.44912117714364e-253,1.3193107776888572e-183,2.267820360090628e-230,2.6745588288957396e-5,6.361519750115518e-186,1.8852298156544208e-122,1.939141006292692e-282,1.0584286498770782e-70,0.0,0.0,0.0,0.0,0.0
4.8144205428788386e-5,0.9988690751295203,7.998764191334731e-8,2.0407212258892198e-51,1.2833049973083894e-72,1.0653030235029703e-122,9.307373334793194e-266,0.0010827006774089783,2.3934891891869668e-142,1.1838281598929961e-260,1.481137012487598e-259,3.800543762758319e-282,4.091755193612577e-301,6.898262618691595e-163,0.0,4.803531298992695e-232,0.0,0.0,0.0,1.5174769434161694e-154,2.7185076699102805e-174,2.088329016895717e-153,0.0,0.0,0.0,0.0,0.0,0.0,0.0,0.0,0.0
1.8343688954524893e-17,0.1531586594302989,0.8465042257515248,8.107211352396459e-16,4.438366189145516e-25,3.4582347882688667e-44,7.312578573384307e-83,0.0003371148181754136,5.541330221495288e-71,2.8190601395471677e-101,5.845986198293444e-83,7.1112171888719e-167,1.920295636135709e-82,1.0643071190371416e-75,7.594041669718811e-141,6.153737132693162e-129,8.777284540728587e-165,3.0764245482077875e-184,2.606271793609534e-274,6.37361453599586e-278,6.463779464565777e-303,7.050324638366973e-67,3.8789802177490205e-240,2.482468864043096e-231,0.0,7.164458186565912e-295,0.0,0.0,0.0,0.0,0.0
5.69251178810566e-68,0.002038362766961498,0.028590751991978455,0.9164183825373442,0.04519957146147261,9.411791140079463e-6,0.006638275652176023,0.00045447235092137647,0.0006507714480056859,1.4169908404433672e-21,1.1944448625795941e-57,1.8497798332498313e-105,2.121817536296726e-111,1.2137682556815857e-151,2.127130020482362e-27,2.341817662605203e-83,8.525574037657983e-118,2.5613522343666714e-53,6.686298753943805e-56,1.4705109169386855e-52,7.471172729405935e-191,1.876987224445791e-99,9.24887395917819e-33,5.335760865081478e-119,5.883280101462526e-183,7.672229991305923e-112,0.0,0.0,0.0,0.0,0.0
2.4666809866618714e-26,0.804096155044019,0.15707822161811247,0.03532916913699655,1.3377956062059505e-13,0.0034964542007382138,2.6066503637067236e-75,3.868754384668912e-20,3.552662283996492e-74,1.0921855001627632e-63,2.471155849046649e-122,8.318362267457206e-70,4.247571462415643e-90,2.020540469584335e-78,6.860528362835792e-131,1.4964323682635526e-66,4.833424322780883e-175,9.761393963321018e-164,1.2682683900035968e-237,1.0922601597676386e-206,5.439237360164279e-155,5.98814704192585e-87,1.9479578442188774e-233,3.2067290976690254e-136,6.4192876758870664e-226,2.534194891325943e-209,0.0,0.0,0.0,0.0,0.0
5.835265606716291e-44,0.9998720693064471,0.00012793069349558125,5.718835477118087e-14,1.7877551411844807e-32,2.644206404527227e-26,7.760302603921054e-65,3.1928291825128177e-19,4.573831796971652e-24,1.7500951154080826e-107,1.2970758290652704e-43,1.1407896829694752e-136,1.4699469288018815e-59,1.5645203587418454e-228,1.5286156415661887e-207,2.6757644514229266e-93,2.0268170323365818e-202,3.103371076531342e-215,0.0,1.0034727437794283e-157,0.0,5.369502473407942e-63,2.9712441930544676e-211,1.2160355352801196e-148,0.0,2.5306247731e-313,0.0,0.0,0.0,0.0,0.0
3.54969097389243e-56,0.04162770283354258,0.9583705490638235,8.769222440686895e-11,1.8671886924097968e-43,1.7480149418782977e-6,6.446975991665964e-78,1.8736109622810466e-64,1.0421687649129873e-22,2.1791652812947698e-47,7.716113767066887e-59,8.814347012499372e-163,4.1500764648972745e-57,5.125142780079112e-252,2.041160228654611e-226,9.5698658880277e-155,2.2201538573688992e-285,5.882967238002819e-247,9.865152089124985e-259,8.453246815138863e-218,1.409431522626423e-302,2.1115503787793202e-213,8.871827687800525e-305,7.358904712429744e-271,0.0,5.301861602375e-311,0.0,0.0,0.0,0.0,0.0
4.623586664518305e-238,1.739176672585376e-58,7.747756181125742e-60,1.9499618829581725e-6,3.888320143850863e-5,2.0701006907148857e-11,0.32370860238649907,0.3085013154810481,0.1742266691311134,0.07744469660455308,0.017746699381224643,0.009044098061336023,1.25618120222672e-42,2.1702236389405588e-23,4.7284643792594113e-57,5.33658936842868e-5,4.683293893892171e-32,0.03057549046490596,8.07883898370032e-49,0.023181565217848768,0.004011613944266838,2.938521034342432e-10,5.618462936412322e-30,7.379036447223094e-95,0.007846056703899856,0.02361899325174535,0.0,0.0,0.0,0.0,0.0
1.3051238848468206e-6,0.9998852888145103,0.00011340606159905321,1.221096641295703e-53,3.3669100765207592e-74,3.593442563408949e-105,1.1505825270693145e-183,5.904088300332612e-15,6.008314638378686e-128,9.813204088906406e-186,5.449683080487779e-156,4.0563883425631162e-230,3.892113782703592e-259,2.6884192577685517e-211,0.0,1.0145130252060913e-222,0.0,4.983337962813868e-308,0.0,1.1267671793888135e-240,1.0788186821412822e-240,4.041413847069541e-80,0.0,0.0,0.0,0.0,0.0,0.0,0.0,0.0,0.0
3.1311388824707056e-226,7.870160930908922e-14,1.1838786148230267e-25,6.109815929415005e-9,0.029170495959307662,0.7144796263191623,0.2307219504715376,0.0020676902820985334,8.201083095644404e-5,3.5507140235477084e-5,4.8802212194982085e-8,3.0686738781091135e-45,7.074527620350519e-32,0.0007099974604566688,1.4158141275118005e-41,2.590595357394486e-35,4.293561786541514e-32,5.52024325243023e-38,1.0954764247872603e-72,4.754668599754489e-62,9.386641269044396e-5,0.022638800211448127,3.407536757398848e-83,6.176739430047244e-50,4.532576276547416e-72,2.188497377324843e-102,0.0,0.0,0.0,0.0,0.0
8.747776571478412e-59,0.0002430931142556208,5.656940152111422e-7,0.35074599446149585,0.003891499849652093,0.30405470566248805,2.8761106214403237e-5,0.13802092971428317,4.524925261655e-26,0.03523785360733726,4.818885031971833e-39,9.254500588726214e-14,4.1616493363878934e-31,8.947500760247687e-58,0.014627342701325662,0.12158947495633722,1.8049569884194614e-14,3.747299463613977e-36,1.0401866495544463e-101,1.380509347313776e-99,0.031559779132484776,3.9487134737175174e-24,5.788449910486302e-47,7.012104561669728e-30,3.3058273460354403e-111,1.982005534873723e-90,0.0,0.0,0.0,0.0,0.0
3.172517349836778e-125,2.4184389366860058e-5,0.9868837244534396,0.0028715019075380745,1.2265024643505559e-23,0.006569924844660445,2.841364838470497e-58,2.0948721163074218e-72,1.0075759118454812e-24,0.0011854747179693465,1.395837877790039e-72,2.1163006902827383e-144,0.0024651896870255784,6.466541930895886e-240,1.2613154176188069e-220,2.124847704793479e-133,1.7901514084630778e-217,8.495453759278335e-180,1.5746464867774543e-187,1.960135703013094e-163,5.0293608e-316,8.38565338132651e-221,1.4279256548664694e-201,9.853203571957694e-267,0.0,2.1776362934839906e-271,0.0,0.0,0.0,0.0,0.0
3.543504274331312e-48,1.5930028507339347e-5,0.999297220768529,0.0006868464041869408,2.7524617328155945e-9,3.0051926402688314e-11,1.6025299456234077e-11,4.702645631513471e-25,2.37760433222555e-13,1.0320847402619428e-69,1.0023927436144666e-16,1.2874023665925952e-61,2.3772671847298044e-36,2.8812249260317744e-178,1.5261602652737933e-106,2.266240282542887e-47,2.3871863101011384e-122,1.6326753955167746e-157,2.165549888639832e-37,7.009110824211424e-43,5.6263813267862834e-182,2.095090590140905e-152,2.5452670463515694e-43,4.833899598359653e-203,2.662438800547213e-213,1.2446926074534117e-87,0.0,0.0,0.0,0.0,0.0
0.0,1.9905891865994827e-107,4.509302905192591e-39,2.1691994713139737e-35,1.4450156192469964e-5,0.050101410068654643,0.010525227076105915,2.270943811833898e-19,0.0958839352019003,0.06873929624877867,0.06284024649685263,0.06062505956550416,0.11426396238813656,0.08875808464958948,0.05206757972989887,0.10302314765931227,0.048957391297980185,0.016001026149046017,0.03416462074147495,0.037908779460156035,0.05778383181067634,0.028333592325815678,6.9950339079126524e-40,1.0729466623765065e-31,0.035456690916258325,0.027627715849817117,0.0,0.0,0.006923952207849368,0.0,0.0
3.3984424957286345e-56,0.9015118678570458,0.01663565721538979,7.159160212729794e-17,3.055323179177755e-20,0.0604088419917338,2.2129656443049376e-73,6.026794986208257e-39,0.021443632935830573,1.0431936422324298e-119,3.610611634857951e-74,2.4684960640131334e-127,2.955824752136391e-79,2.104629556079903e-150,1.1348019308713648e-146,7.686287722410663e-99,6.444709876638442e-198,6.085330923903282e-181,0.0,3.3659060033014215e-138,9.74029381649915e-246,1.1031890762139665e-104,2.9248582240281876e-150,4.2468637912372205e-174,0.0,1.4769685203652922e-183,0.0,0.0,0.0,0.0,0.0
0.0,1.1585846806383462e-30,1.5437590113551876e-37,8.297111269426647e-36,1.3654201899648408e-40,0.04455165919616634,0.022037116173805434,0.013173101086817055,0.05052598387456036,1.6199877634540198e-10,0.05688391167769482,0.13978183813403844,0.07615008887543225,0.07452048083868557,0.09836802431973693,0.020892550202790884,0.05678036742226118,0.06576720993793832,0.035948456336379477,0.06432444523776536,0.03540795299793427,0.020305993354658543,0.044655935982051455,0.040362466442148914,0.03956241774713581,3.155491362249685e-17,0.0,0.0,2.8125741919248893e-66,0.0,0.0
0.0009439217699836517,0.9990506774895792,5.365669713939553e-6,7.695383201275376e-47,1.388913021448525e-65,1.1308542647150175e-98,2.7794075787581147e-211,3.5070723341294434e-8,3.028150656785311e-108,1.7475314243647223e-189,1.0717762431605364e-177,3.504557874216309e-252,1.598893797552243e-210,9.407327167161298e-187,4.3183111775e-314,1.5067644452805384e-218,5.731888440496465e-286,2.31924102071055e-309,9.018640308537304e-303,1.0663171347860453e-240,1.298032355444334e-268,1.8193448057091547e-133,1.594498211531609e-276,0.0,0.0,1.8192e-319,0.0,0.0,0.0,0.0,0.0
6.005053382010297e-119,3.580235534597438e-44,5.422788177596586e-10,0.1481366533044555,0.4641505011106957,0.17221736376470353,3.379771228306643e-15,0.07614231005637896,0.030874584018351307,0.10847858719362855,9.504034670313233e-12,5.375996080146022e-47,1.1636210493784541e-43,4.0695719946493694e-27,9.396703478435261e-28,8.763472991437336e-19,8.065145594367281e-25,1.1830172612404272e-31,5.2947187810348224e-46,4.717513527678684e-42,2.863039963655963e-41,7.274776090167969e-66,5.4011000637277116e-55,5.376133973017613e-60,9.491315652653217e-87,1.0208072235144339e-47,0.0,0.0,0.0,0.0,0.0
0.015565859405025554,9.051477662948126e-9,0.7598709685712506,0.00026295628567190893,0.1730746317854125,1.89552347895121e-21,3.4293036923900334e-39,1.0800363967867806e-45,0.013233261357488866,6.186052734577744e-91,2.4142340715972385e-112,5.632830541776327e-86,8.167226710086615e-178,1.1985128260396525e-190,2.237849575889528e-98,1.1623869848792209e-138,8.362103789250415e-150,3.237554318278856e-153,0.010158791087365539,0.013906350811858863,5.3148839285793044e-216,6.124185921472744e-152,0.013927171644448438,7.383822756115914e-289,3.1910258462504017e-254,8.14999099176408e-133,0.0,0.0,0.0,0.0,0.0
3.0631471753467126e-17,0.9999999999978,2.1958496503843142e-12,4.1359874160853425e-15,1.2599911539352887e-36,5.851508864998249e-83,8.197374920308132e-82,7.929532729946169e-34,4.216452379632356e-34,5.212848955803261e-141,8.1883433948265e-151,2.1460614895680898e-60,1.4184457140698398e-126,1.4063075811222944e-174,4.8163061805663044e-213,8.602764235040248e-149,3.222489012009164e-191,6.285621630786688e-206,1.577677029744706e-168,9.3972920039926e-154,7.758460725203744e-210,8.067539117232808e-103,2.078332478601614e-171,4.899300511746526e-246,0.0,1.9788837297597468e-244,0.0,0.0,0.0,0.0,0.0
5.829985281652471e-43,6.541085333149902e-11,0.7027411403494032,3.999881952746367e-5,0.14497987225043418,0.059176195545369265,3.282041120722474e-16,0.04977180477482766,1.8387113912102977e-20,5.807092794966556e-26,1.1668226809635226e-25,0.02348767610935313,1.1066613497769995e-43,3.640673003786843e-42,1.472757391337688e-19,0.019803312085673902,1.3663941096998301e-41,1.0471740646593616e-83,1.7849447048950375e-73,1.919287272208275e-85,7.379189404725956e-158,1.4875242271334635e-93,1.9858562098675214e-66,3.0351692040698047e-86,1.8123425506404726e-153,2.6278570628246507e-78,0.0,0.0,0.0,0.0,0.0
2.5452871731837834e-16,0.9614573361138513,0.028765538187817002,5.002095836641437e-20,1.5704524361201796e-68,7.072404186035626e-37,2.1734307043089224e-47,1.215565494106557e-35,1.1212782486203412e-77,2.17515443931569e-83,4.010953751478114e-67,7.850863982571476e-158,4.228289598664473e-44,6.071062060946128e-243,2.9576018185308557e-175,4.7554144691206145e-148,1.4470368265651996e-206,3.94965115569662e-180,8.62773415227982e-197,3.2115768750725327e-229,0.0,0.009777125698331368,3.1001216210264896e-246,4.0079905030819026e-148,0.0,0.0,0.0,0.0,0.0,0.0,0.0
2.190662843278338e-114,5.98193214336274e-7,5.657520187716393e-5,0.6470860201431806,0.313758876893955,1.3214579788715266e-6,1.7902585029208173e-7,3.628464879288191e-14,0.0305569545195648,1.5254124434269242e-9,1.5746132449305414e-20,4.551209837611858e-88,4.5059561213994256e-54,1.4629773475872845e-106,0.0085394730389302,1.5661452969467902e-43,1.8132397006631708e-48,1.1803322517020582e-47,1.3134546199543021e-98,1.569872291195661e-88,1.576580655583757e-100,5.02665694249084e-77,3.312475815998818e-27,1.9251339410188493e-34,4.192980081970011e-161,4.589297610290935e-34,0.0,0.0,0.0,0.0,0.0
3.80208422688854e-116,1.2416362505909506e-5,0.9950875124141935,0.004900071221971227,2.7329918836094384e-31,1.3292492190725685e-12,4.306213387275326e-37,1.9525100624935326e-91,4.6111030636629957e-26,2.3614582761220394e-41,1.002189935900222e-55,8.485209085811444e-143,7.620897700749176e-66,3.905153384672876e-301,6.151260929875084e-256,1.0663089311909999e-181,1.331451094552893e-293,6.105413547020475e-280,2.5140835340075012e-244,1.2366286733604715e-195,0.0,2.139803633546206e-208,5.481817583112842e-230,2.7718069400460696e-284,0.0,0.0,0.0,0.0,0.0,0.0,0.0
1.6926128492003973e-76,1.6625041392925335e-12,0.07855362732292467,0.9214357033475037,1.629267216566802e-11,3.7922853764992606e-10,1.339721601422121e-13,4.798543825154069e-21,1.0510158890372504e-5,1.5877336358229302e-7,6.982970550812273e-19,1.161282846696153e-43,4.156404401317215e-49,3.372086616777732e-80,9.59400080646408e-39,1.9998051051641083e-54,9.50376301032241e-106,3.6737893454179064e-54,1.4502119691035294e-102,4.1770928673564476e-74,2.5359132643029648e-99,1.318020577198083e-63,5.682150791859182e-53,1.2410761213569166e-49,9.111676228795878e-146,3.959108511972213e-78,0.0,0.0,0.0,0.0,0.0
2.291286819270542e-51,6.402259821069805e-11,0.0618702071342595,0.9381290448703271,4.868227614469369e-7,2.605630255209358e-7,7.971721979958885e-12,5.9756519829254024e-21,3.9185960556693454e-23,8.978585527202931e-30,8.852695455235405e-36,2.678263949364801e-37,9.577535021257741e-58,9.531105832884841e-40,5.376319104416519e-10,2.481880279171761e-25,4.4349631615217254e-39,2.3910273791879615e-64,1.0859111329952578e-94,2.817962143462196e-83,3.074379782086412e-95,7.542722874681596e-75,9.762839235292942e-76,2.2863337277017329e-57,2.0379317734030848e-149,5.678378293302525e-56,0.0,0.0,0.0,0.0,0.0
9.689972583121455e-29,0.0009079239742280821,0.9990920760257717,3.4241238141278613e-18,2.0757241499966124e-29,4.1509731985624206e-36,9.040885168608104e-63,1.1913414664670293e-27,3.3781591112057656e-59,4.6912835707026956e-123,5.8240280985504355e-59,4.0524123166076456e-125,1.7711052735767747e-115,1.6991759002565276e-70,1.4367223756072084e-124,3.1682494623565437e-108,2.4063929618375174e-128,4.229085060321531e-152,9.3084795325316e-227,6.4685098557335734e-139,2.611774e-318,7.94525696553251e-72,3.220351032229327e-264,7.098994725716528e-194,0.0,0.0,0.0,0.0,0.0,0.0,0.0
1.9905666333572244e-72,1.863157483727719e-13,0.7687362694929827,0.10412564760730206,2.4728494728846967e-10,0.09441725383377275,1.0186029290706887e-40,1.396288084341752e-16,1.172822778536425e-13,0.03271824093909286,2.806077901749651e-21,3.6970133531500888e-87,1.3731432382177044e-53,2.5878792609437586e-6,3.099796939631985e-73,6.236206384572972e-40,8.829468195894158e-143,1.9358953897991046e-116,1.2216291576065514e-36,2.821614796545264e-130,2.204148515267073e-77,7.679425032519276e-77,3.720247403618511e-136,6.571952168628811e-44,3.227146366544528e-123,2.154402256654926e-58,0.0,0.0,0.0,0.0,0.0
1.0,0.0,0.0,0.0,0.0,0.0,0.0,0.0,0.0,0.0,0.0,0.0,0.0,0.0,0.0,0.0,0.0,0.0,0.0,0.0,0.0,0.0,0.0,0.0,0.0,0.0,0.0,0.0,0.0,0.0,0.0,0.0,0.0,0.0,0.0,0.0,0.0,0.0,0.0,0.0
3000,700,2300,2000,2500,2100,200,800,1100,600,4000,1800,1700,1300,1500,5000,4500,1000,400,1400,1600,300,100,900,3500,5500,500,2400,1900,2200,1200
200:2,3000:26,1900:19,1100:11,1000:10,700:7,2200:22,5000:30,300:3,1200:12,2000:20,2500:25,3500:27,800:8,500:5,1800:18,900:9,2300:23,1300:13,2400:24,5500:31,600:6,400:4,1400:14,1700:17,4000:28,2100:21,4500:29,1600:16,100:1,1500:15
