15
0.8651861230638698,0.007718382248789327,0.002052528106490632,1.7673377238339712e-6,9.782384645973468e-175,4.180291308018032e-15,1.054001274819898e-16,7.397934966234829e-76,0.10486944855531992,0.014163254852328713,0.006008495835473464,6.214529731815926e-149,1.5195651851131905e-85,1.1279116875461455e-30,3.113517703472342e-44
3.687649225733345e-178,0.03272552957096228,1.1728787138441128e-36,7.746458597990331e-40,0.014425105360938417,2.7244558364193252e-8,0.0728732816018302,0.8313988209695405,1.9070450181778254e-22,3.7410530725478096e-32,3.617254288283093e-32,0.04716325752744515,0.0014138611813363732,1.1654338857774822e-7,2.3845476399511517e-18
3.115965283077432e-5,0.00041449778895609213,0.27556444907395156,0.02247947891056672,2.2352992496192415e-65,0.01812216482060447,0.050596845301270434,7.896672164775678e-11,0.0037145774648037117,0.3210849296400725,0.16439295621506672,0.002455396627801913,0.0001791522455895114,0.13411844842114143,0.006845943758377558
5.804503783277813e-9,1.8043757181275044e-8,0.07573617992886593,0.002521684173297232,5.203115410063525e-35,0.03752602603842677,0.4120334760570942,0.03443959706256238,0.004382924880159546,0.02490494096404834,0.28428640745753675,0.045437784971003224,0.00013429330525970132,0.06174958824663988,0.01684707306684493
2.296816922213433e-190,2.379440211756638e-12,7.773316684028138e-20,1.2577773775351006e-25,0.697186195842453,2.1772763374480237e-9,0.0030150317333697213,0.03950981110097663,1.4204366562391446e-17,9.95123128629111e-15,6.210195481426867e-22,0.18312514542156746,0.0013207641956804435,0.00312437131549626,0.07271867821079055
0.006232962888504542,2.9986335073570796e-11,0.11140722618492992,0.04197473623928843,8.153875612552923e-10,0.030948099675034865,0.012252605651441352,7.179162347217719e-6,0.12747968069435675,0.005137519144917225,0.06466674859372706,2.9288887408863047e-7,5.548182331837552e-6,0.588037341785099,0.011850058063773861
0.00039920510519378166,0.010973570614444752,8.179940939034736e-6,0.0061249883614671805,0.001769515937301398,0.00641257743376762,0.7282383506063449,0.02885978722836276,0.053532191830614535,1.979183906590261e-7,0.0003797120054016932,0.02312686073898829,0.03305783917909957,0.00015562439870067207,0.10696139870098316
8.694639296343226e-136,0.43574404834848157,0.0029993206995823966,2.2780041662107542e-8,0.03636051535295118,0.003886397521400531,0.14307953699711434,2.9003320750251797e-6,0.024245868597560793,0.028195762547042078,3.429128796600992e-9,0.0007786515524932808,0.1818967906734774,6.285762246473927e-5,0.14274732354618627
0.0006371478772009841,0.024945044532969963,0.14186779737768312,0.5685668924500006,1.9348746636911502e-66,0.041119654141368464,0.018307780589534136,0.026714089918424784,0.0027407063329111117,0.14145935646906574,0.0023923765866066633,1.2691974498367104e-15,8.968021375095674e-16,0.01457264364068094,0.01667651008355152
6.385436116025464e-6,0.003617063732695817,0.3584848858664958,0.009249489082023053,4.598941257047834e-63,6.74980741384471e-5,0.0007688739173451923,1.1528185651795575e-8,0.045633178835083686,0.31027944427516435,0.25731118276506554,5.7231271086848175e-5,8.554946555965352e-5,0.014286476434296945,0.00015272931674298253
0.04399128830119461,1.544761372636252e-6,0.8406979331825903,0.006442009840544099,6.379337351767711e-69,0.02629322786915049,0.00017667959216231545,9.243342237290215e-10,0.007022260959319244,0.07103524514109116,0.0011879676796201118,4.506622974681027e-10,0.00014661742748670972,0.0030052208345152085,3.035956497844786e-9
1.3399059336147592e-143,0.0005582519832824722,5.367552768428873e-52,1.2550501441982334e-39,0.08345747848559587,0.04115617121230134,2.9107170147131376e-11,0.0900082255893726,1.819650407764924e-46,6.638028681426767e-51,1.197324486418258e-58,0.4372302086611525,0.21513473223998894,2.8410407740122393e-8,0.1324549033887914
1.648889847903757e-116,0.0424707118038198,0.0006563754647291769,0.009103738573455858,0.005670557665227465,0.010180451998884774,0.06286249162685326,0.012350482159831741,4.177529271384498e-12,0.006942855175356529,1.3010333057702258e-10,0.06570323801724093,0.5099812521167394,0.014477428407861325,0.2596004168557189
3.588993243806635e-19,0.004684578342813329,0.008646851384786663,0.00015479760953785381,4.5050365697635136e-7,0.08623395128121013,0.01113675164204326,0.0027195538297515587,0.013390910815631667,0.06705292916612908,0.007327286198774311,0.0006463167227184061,0.003493430374251526,0.7775197074689684,0.01699248465972698
1.2212708978102402e-52,0.0074070147062872335,8.347030495760371e-5,0.004705832920546054,0.0003495657568376588,0.06954677447301333,0.0937046103635853,0.004850609158371422,3.203563585102565e-5,7.051818742470843e-5,0.021684406498948077,0.018093565443120872,0.08472804538100004,0.013024414610157806,0.6817191365598988
15,31
0.9653407091873505,0.02149651158361887,0.00793140413710349,2.0211293773466567e-36,2.5867214876136135e-190,4.5872458384901316e-173,7.638056361345096e-242,1.881927919632319e-207,1.2181321658166568e-237,0.005231375091927035,6.517660776449953e-264,1.0391876318667584e-250,0.0,2.175750731203667e-196,1.0014580649515152e-257,0.0,0.0,1.5056431514790497e-276,0.0,7.547e-320,1.3287068746647906e-112,8.493173374968892e-181,0.0,2.9566061704447e-311,0.0,0.0,0.0,0.0,0.0,0.0,0.0
4.082690734267519e-108,1.1170708164872681e-36,5.4163091702538295e-27,0.028250541604072137,4.071303060775199e-6,1.931619989922366e-15,0.023501576019309748,0.006834719560022558,0.039790591841339276,4.333444399266712e-25,0.048156508835000264,0.10476021105879403,0.08773675792943064,0.07552944424777465,0.08173165550194363,0.12243060563702497,0.0724891193287545,0.04720304675033864,0.03233440483879219,0.04728315241166481,0.06378677261405348,5.6492708513299875e-27,0.04329581041233226,5.854288108681035e-10,0.027532059124674477,0.04134731575594607,0.0,0.0,0.0060016346402401236,0.0,0.0
2.3392766433474835e-7,0.9999537079992739,4.605806988918747e-5,6.650311368261701e-29,3.172843406156146e-12,5.8729977374069e-33,1.6624713244026678e-166,1.7061738219210716e-20,4.131961441590989e-81,2.3231936588520383e-142,3.4895617572425115e-176,5.8026653441219525e-123,2.586063272836955e-201,4.744277422324653e-192,1.2257033328602532e-258,2.2973556407328392e-147,7.771849447740703e-309,4.0002211121491095e-236,2.7532263370210043e-303,2.5466292691668284e-177,6.28756232485473e-195,2.9377137165139504e-83,9.75051463481303e-290,0.0,0.0,0.0,0.0,0.0,0.0,0.0,0.0
8.13111954463793e-20,0.9053510851254122,0.000821723694876688,0.06219073356534713,0.027297686537671544,0.0008746730109996632,3.2431194652594358e-74,1.8288110265959456e-29,0.0034640966724919114,1.391651429475076e-85,9.491399840540492e-68,1.393200663311381e-9,3.1846409791979266e-102,1.2034719326189427e-57,6.131323829910184e-110,7.229765875352655e-79,4.379860737025431e-122,8.118796256455979e-101,1.444010597086118e-153,9.88170050459434e-105,1.2672326019867236e-206,5.764119707040456e-46,7.808001535373803e-98,4.0582862638153805e-105,6.185572702923419e-176,3.5004858064081094e-163,0.0,0.0,0.0,0.0,0.0
7.983639905435228e-286,4.737279083962384e-28,3.794331321232639e-47,0.022495164817352455,0.03122974086487945,2.4267258195436755e-6,0.3329244397154312,0.31561934292989735,0.18458346201776002,0.09361935447210896,0.0195255782150719,1.1415458293648988e-23,3.3203408084278915e-42,1.858771423606924e-30,8.855769994542066e-24,2.2938360789036534e-47,2.1734650642515542e-59,1.498156656802224e-86,1.9985773387801757e-60,2.9024268643321474e-47,1.0103970802602117e-41,4.902416789223595e-7,1.6084523263185604e-75,1.115886012217594e-82,5.502265971173679e-48,6.0083407157975024e-71,0.0,0.0,1.598345107494192e-169,0.0,0.0
8.235512353748191e-14,0.011506295828533982,0.9804742451806648,0.003486685087279386,0.00010504917763676141,1.983382328649274e-6,1.105895708023554e-13,9.48629458003795e-41,0.002216381927253716,1.6265697037029387e-7,3.8119840011036396e-16,4.476547562451009e-27,1.68315921362017e-64,1.3178996540260653e-147,5.962818016818919e-144,1.9283037102169688e-86,7.157748693772127e-150,1.2763070591542647e-176,3.5842300433030253e-59,0.0022091967587292856,2.2220508408064988e-120,4.6859553702133964e-29,4.097432944331402e-13,2.025690824838433e-242,8.379992387660401e-237,1.2358267653266e-151,0.0,0.0,0.0,0.0,0.0
0.0008026133115771267,0.02757810662317929,0.7517574267863197,0.15716272730556136,0.032354529367098095,0.01761896178729362,0.006044834206163871,0.005172285535158187,4.678477343898879e-6,3.7519534447731355e-33,1.713051147682575e-6,2.77770198715102e-10,0.0001510386100767265,1.2630546519614046e-28,7.194501230444621e-11,0.0013510845893652352,1.202728408872933e-37,1.3535320890525698e-43,2.4291928925074304e-60,2.474836147813252e-47,1.3799078139071458e-85,1.774495825275551e-62,5.346086547478425e-31,1.0223159194372914e-19,8.366555320725246e-69,2.0298159348031974e-74,0.0,0.0,6.052043925186995e-215,0.0,0.0
9.566995829975578e-104,8.129571063258375e-37,0.025868410525674304,4.922393519771426e-11,8.837976009553428e-9,0.09409653436108112,0.04429735981148867,0.08818554109408859,0.1028778350263515,0.09647482153327104,0.044877432090672846,0.0725357904033769,0.06219790658484791,0.034394765515205386,0.0463275993121661,0.025754542681642654,0.02596226764362432,0.039108909311440655,0.024606031424866354,0.045720857029819144,0.023551039613489227,0.035104994986185335,2.495437554376934e-39,0.030689581570765505,0.032498396490384204,0.004869374102358398,0.0,0.0,1.6733959221276307e-288,0.0,0.0
5.954041345397965e-15,0.9205468492412462,0.026423453837278375,0.049590565439207375,1.3749283758786683e-23,0.00011148589171323002,1.1580045972050873e-71,4.570807251040112e-30,2.4159608326774008e-57,4.220029692772959e-64,4.197832626681879e-73,1.9711641336229368e-85,2.0960006195664678e-100,4.432651499087874e-75,1.134163348797372e-106,1.4042992374406468e-118,1.8375695634157744e-144,1.701592179444481e-89,7.568710634448058e-176,4.810040875527493e-75,8.104190919755292e-98,0.0033276455905490504,1.8015111739902333e-204,3.1090198883786048e-77,2.780455348974627e-138,2.515723730809293e-246,0.0,0.0,5.622657339881853e-230,0.0,0.0
6.584857479412119e-5,0.9999269745980676,7.176827134386338e-6,2.5910737535908663e-25,3.9163333853502815e-15,2.1936407308368613e-26,1.422435745673775e-183,4.255781706828495e-24,1.4112775578079158e-126,2.361458962251436e-136,7.844561045707591e-213,9.826824784302956e-179,2.592909852870486e-246,2.71375757210443e-197,1.657016857744485e-260,7.01394115944429e-187,0.0,1.655709806599537e-260,0.0,1.247657054579812e-184,8.214614439174368e-212,1.1155529564678705e-44,2.91941e-318,0.0,0.0,0.0,0.0,0.0,0.0,0.0,0.0
0.10156128892216963,0.8961111969813471,2.158482503728644e-7,1.0961245572379599e-25,0.00048471859861034606,5.932777555314833e-40,2.936724721877142e-190,0.001842579649622513,8.663257363807784e-53,8.290235521588594e-160,4.301599477802526e-225,5.223471944293139e-173,3.154856349527735e-269,9.247392643249712e-269,9.336638736595343e-274,3.116132123003254e-204,1.7963636631914693e-295,1.6791897572222828e-269,1.0667461916591874e-261,1.1876149807189485e-184,8.33571967737009e-238,2.311191232213082e-73,6.198307410803868e-203,0.0,0.0,0.0,0.0,0.0,0.0,0.0,0.0
2.350120669979979e-177,1.1734353978479894e-11,2.0011692903505043e-20,1.2823393248013558e-5,0.10847491462036239,0.6781841538307366,0.18189331484365567,1.0540006294436033e-6,0.00029169249410627437,4.3046559493753267e-7,2.77383993403469e-20,1.6366307559558326e-32,6.6970384696727535e-6,0.01613844891702479,5.260812876430694e-11,1.209861959674416e-17,4.0744731740222416e-9,4.1497019085895477e-45,9.179414453155238e-65,1.5580914532884157e-79,1.3101430011101282e-61,0.014996466257356652,2.946343288675742e-45,3.5461170146784693e-39,2.0931769035057394e-69,7.170034208563872e-97,0.0,0.0,2.4291309580096e-302,0.0,0.0
2.5198129226688688e-68,3.0697795485417715e-13,2.774261311449953e-7,0.0807186062037223,0.818207166764396,0.07298756449189187,9.369959657348685e-7,0.022133408364302203,0.000898579491975891,1.544368733630987e-10,8.62118347473699e-32,7.058202045509965e-46,7.054311071064957e-20,5.962479269227605e-69,0.001666987239171008,2.084314923143449e-31,5.109322907205235e-8,0.00043902838074343336,7.137832691205315e-47,6.708398434600069e-50,3.2257838806571715e-72,3.9815789602786005e-34,0.0029473933937276507,1.4029401179522602e-62,5.381153308711182e-94,2.7761077336494467e-59,0.0,0.0,1.19426012452839e-166,0.0,0.0
1.8439191841804287e-57,0.01849609200526698,0.9777492527132388,0.0010906493673403215,3.6498142578314574e-6,0.0012407019764676156,0.00031346175744181143,7.268421178371622e-54,0.0003458429987401979,0.0004673527244120571,0.00029299664283437987,3.948143033013779e-54,1.0585509720800813e-43,7.506618568514496e-164,6.8551986415656395e-124,4.503199005321996e-66,9.298308788557246e-181,9.04102067815295e-143,1.4520790916340104e-140,7.902390030038652e-80,6.143021680285071e-234,6.972686716491167e-60,5.930876149265538e-93,2.754734177150319e-135,1.1110292167183016e-199,1.545611752868986e-207,0.0,0.0,0.0,0.0,0.0
5.6097616853596894e-36,2.470509334439013e-8,0.03354086665323033,0.9114712118487218,0.04083163316996015,1.2318862731386663e-7,0.007038984547196306,0.0011001836970848916,0.004487057183461755,0.0012414189210313781,2.6261237149299274e-47,3.8560525157067313e-25,9.043254863408935e-78,2.4089811775912436e-103,4.15717712398709e-8,3.9340062737708253e-28,2.4069280608277433e-39,1.2398806311403052e-25,1.1948299349763614e-56,1.0844654103452867e-23,6.707653386856656e-143,2.3458130794317735e-72,0.0002884545138213784,5.631425660368587e-112,1.1638153475645209e-130,1.403478453176499e-100,0.0,0.0,2.290081299875259e-276,0.0,0.0
1.0,0.0,0.0,0.0,0.0,0.0,0.0,0.0,0.0,0.0,0.0,0.0,0.0,0.0,0.0
3000,700,2300,2000,2500,2100,200,800,1100,600,4000,1800,1700,1300,1500,5000,4500,1000,400,1400,1600,300,100,900,3500,5500,500,2400,1900,2200,1200
200:2,3000:26,1900:19,1100:11,1000:10,700:7,2200:22,5000:30,300:3,1200:12,2000:20,2500:25,3500:27,800:8,500:5,1800:18,900:9,2300:23,1300:13,2400:24,5500:31,600:6,400:4,1400:14,1700:17,4000:28,2100:21,4500:29,1600:16,100:1,1500:15
