15
0.8206540564214503,0.009291841819664413,0.008451141901587016,0.02820261965354457,0.00967839982796131,5.408729100264462e-7,1.5048960103607198e-5,3.4213946457885106e-26,0.06058209888707492,0.0017043080563884552,3.5394229779431277e-6,2.982829910989665e-51,1.7287309242149253e-15,3.7850075486291263e-14,0.061416404176298414
1.5520422324819774e-84,0.35498576585103064,0.005599641537607424,0.03140306542236453,0.04191653171763177,0.03886325895605087,0.0001500811225227942,0.4015317615991814,0.011266160045143855,2.4369043400363804e-10,1.3801016753843958e-13,0.0072373050574234,5.3966196427765774e-5,0.002921511626355626,0.10407095062443152
3.6310645997311536e-6,6.150813571089912e-10,0.18787857767883095,0.2416723137297906,5.1818109607110715e-6,0.003425724663587665,0.058461465053278074,0.00542805935474858,0.00721700671416256,0.17807031074526186,0.06039764393558264,2.200566610063331e-11,7.809514515927878e-7,0.24062141936097192,0.01681788429968617
0.01685169820203183,0.02914237828196583,0.1272572807978728,0.002223790764370398,0.00034732444907427666,0.008707194550888994,0.13181381460346664,1.0071810408996055e-5,0.0006299330338341606,0.014153711227515445,0.464738285999424,0.035869181560076485,3.37867431010349e-5,0.13971787352367787,0.028503674452291298
0.013625907636546029,0.013065354837229634,4.821836738808621e-5,0.0026958218272139668,0.5764274964357132,0.0041051771301738454,6.66135219552151e-5,2.956302479731316e-5,8.486522795049396e-7,1.524585933704409e-9,3.364554683040111e-5,0.0024629322465940275,0.14275703167224826,0.0690521130870189,0.17562927448942559
5.3300523185194e-23,1.5963743928855074e-7,0.06666235733655443,0.01428592393213808,8.920465300829999e-6,0.04624745252473025,0.0006541344497671953,0.00018447325003341134,0.08994129695358165,0.0067351749148301865,0.007313489879230478,6.318313870843982e-8,0.004191124262476998,0.7447064657609135,0.019068963449865185
6.480460194872977e-13,0.0006347898240221851,0.002033352714572579,0.024405761135889995,0.04483840640517402,0.03853658839505895,0.7445610013059827,0.024883708778852588,0.0002459017241324168,1.4470241915924745e-5,0.00280337372204792,0.018873476418123605,0.010198166637570902,0.014399348380232203,0.073571654315776
5.665425813638048e-20,0.5827898539219797,0.00028651935059458033,0.0064771795168241325,0.07177073896483284,1.3642909030312843e-6,0.10781572489554563,6.936922357967884e-11,0.01975177453301338,0.00030174469121437193,0.05030450516581727,1.0223087280060125e-6,0.15022384948921078,1.8818002963332892e-7,0.010275534621937536
1.0922678108766736e-6,1.6659979107551914e-13,0.12128770691028613,0.19444023086205428,1.927352764246819e-8,0.00040255777101929263,0.003345529481495654,0.010555940464704202,0.06630010644663385,0.5521455405025343,0.03959790919410491,4.052159227907168e-13,7.723263695867116e-6,0.011836733030282171,7.8910531278923e-5
2.965310678115511e-7,1.5439406058763162e-17,0.2675725356504365,0.02480926537044611,0.004231336123206566,9.429078502627457e-7,0.0012769399463389826,0.0026629281159333525,0.09341607325798054,0.5151296424027253,0.08843851289382958,5.096999451835349e-16,4.910252108514905e-8,0.0009096865010731615,0.0015517911965900442
0.03065414320625581,0.0022210446281372,0.8395611528452138,0.029782660065891073,2.410301222338434e-8,0.001605003301142902,0.0027370209635758968,0.027362791227988823,0.01672150233343965,0.03626517932311773,0.0027496545442226863,5.134987940798764e-9,2.2504723000646266e-10,0.008714430902591502,0.0016253871953753763
1.6643005686330886e-40,5.930048421209063e-19,6.714506300633048e-14,4.502095266547332e-8,0.19610188087405683,0.0019087792578723042,0.09927959218688512,8.078530222054196e-24,2.1599414809772434e-9,1.596405842443546e-14,1.8772945483291224e-13,0.6415711175128213,4.122247512770477e-6,0.007090435103322752,0.05404402563636407
8.748727469057947e-26,1.9430583156324785e-16,0.0009767356080203375,0.00011138234979586175,0.02954771819505946,0.12968531840593836,5.892682255288576e-5,3.0379300888832717e-9,0.005030716542210418,0.00011787962232072703,0.00038210370392417943,0.03031326798321907,0.7393551170220752,0.06405416555516515,0.000366665151787935
1.3927361507756616e-18,0.0008331360594632144,0.005472399439275711,0.0037137111875170698,4.538634676001053e-6,0.2190196257119831,0.013114217043219564,0.005888892064480926,0.06521318838653906,0.028229401060003483,0.011533782352562905,0.00019717008875618807,0.031769847333905074,0.5651153337464928,0.049894756891125
1.1997668295788077e-18,0.027885272151404225,0.004657937844550296,0.047769352492333404,0.03168016519401993,0.037710097006368265,0.14110398108378638,0.09872617439627492,0.0044851122184564425,0.0005156533457254509,0.07749850930280956,0.06146400263675431,0.07763662841806968,0.05656642496480796,0.33230068894463916
15,31
0.5641811121909728,0.42120043435105636,1.9001935011786913e-25,0.007334315773661579,9.08256254635485e-55,2.758005847740675e-57,6.137284970764021e-88,0.007284137684309566,1.2171546535020536e-136,8.76936673359649e-81,2.9634157894736115e-166,6.671501803032759e-239,1.5299573559511803e-205,1.5425163225619437e-141,1.8355097789659424e-292,1.1724765744026134e-177,6.507945471659585e-176,3.686926487477703e-151,9.857833709713331e-227,1.5253086245591688e-137,5.772530156352836e-279,2.449335340895111e-228,7.563343237598177e-217,3.8100505e-317,5.169216280953387e-220,3.0442382066971727e-263,0.0,0.0,0.0,0.0,0.0
1.5895215814026198e-171,9.070866078848451e-33,4.438231324863691e-22,0.00960693155925923,3.6068001358837848e-19,0.027103113012840293,0.08489806560311673,3.215223949182829e-16,0.01779207356375485,0.09667268216722864,0.02492031198528474,0.10275908707695224,1.6414631537437142e-20,0.057094014936916855,0.1062037133295915,0.08339785659708294,0.0700445568263606,0.054469755077080295,0.03996753193838623,0.05175079855986046,0.04324412703327602,8.1979705010536e-13,0.051883389564925206,0.02029704519647149,0.034877688024374055,0.014368432539762247,0.008648825406655205,0.0,0.0,0.0,0.0
0.0001311547548994002,0.965999151064074,0.030609821920637333,2.000883503566204e-8,3.3471459876807125e-5,5.77127452913e-6,0.0032206095171484496,4.5383332013670764e-71,4.0352347600403985e-29,1.4264231846040086e-66,6.560003938748594e-86,4.3213451463902774e-155,1.9404813279753546e-149,9.596004221548846e-105,7.70360098964491e-218,1.3869337542845257e-194,1.1220006600133558e-126,2.7800706629819542e-179,0.0,1.3372405410841861e-154,1.6503017645724556e-226,5.532569961397554e-155,3.6951608641483944e-223,0.0,0.0,0.0,0.0,0.0,0.0,0.0,0.0
7.378476541873509e-15,0.08251159657820664,0.9130980780384493,0.0029501118541060737,9.427914817558976e-6,0.0012537782382823163,0.0001770073760161424,9.948934070180449e-36,1.1456944098424111e-13,5.37135765519795e-49,7.877253673228844e-48,3.706846170914691e-108,2.1471540971139004e-94,1.65402750721039e-91,3.492340468994757e-147,3.1251879534141094e-100,1.388675406337817e-91,3.787169421052419e-95,1.1240180890185175e-173,1.0084506316221539e-80,1.5566826966508963e-144,1.3525911495994982e-109,1.501270084148879e-184,1.1602579526992644e-225,9.566888478314105e-180,1.1456240965090355e-235,2.3363320915006192e-290,0.0,0.0,0.0,0.0
2.2294808645368582e-149,1.7564261129030055e-34,4.221776607341234e-12,0.0641651123518274,0.7894492479786683,0.10456974764015878,0.026553202504709682,1.6547502846562458e-18,0.009294184342927265,1.1865606082253726e-9,2.461329692286292e-37,6.533096082172165e-37,1.8566206742822987e-15,8.515593607548384e-55,8.731277551060173e-51,4.642391793749231e-11,7.316143781726965e-42,1.482036871515914e-45,0.003452878015728996,6.261983656040634e-52,2.1961276390092657e-85,9.726141973099517e-89,2.8491857344747285e-27,3.973804666599009e-37,0.002515625928771349,1.7905565415455856e-82,7.138740479887158e-224,0.0,0.0,0.0,0.0
6.7280959281102e-109,0.05279011565727144,0.8486626939079923,0.08579369341026295,0.012292326970155327,0.00012651567852461053,2.0077623462372208e-5,0.00022519955143958706,1.1818180093264913e-12,8.530536155778547e-5,4.071838152097039e-6,7.480469502484612e-119,3.430993535897921e-57,4.304267729451495e-171,1.5439468309605207e-133,1.0294178322449302e-114,3.1574806653237617e-32,8.90874924083632e-153,4.951330701603971e-252,2.7551381619940385e-102,1.0826050468728217e-151,2.433547250728536e-32,1.385706113463775e-152,1.529038802782626e-302,4.4013180425737345e-245,1.74991906633714e-309,0.0,0.0,0.0,0.0,0.0
2.0604404776051347e-80,0.029113286720066717,0.5703337488794877,0.24366968888991145,0.10107664944269415,0.016815632533882723,0.012449860373030823,0.009706632774328898,0.005583410177853274,0.0033350906676931965,0.003572338826546662,4.714942886143417e-22,0.001747457953022404,1.4649674941238413e-31,2.715044482023124e-58,0.00018957151854890724,0.002216246898529932,1.1186033571616219e-40,6.704192125581044e-74,2.1033628855514832e-6,1.4021644821913052e-80,0.000188280981517717,3.632630493599524e-74,1.1243424679299353e-110,3.8091935166361863e-53,8.726582886880502e-168,3.4868253499476805e-178,0.0,0.0,0.0,0.0
2.3520101710166033e-104,0.013646681237878025,0.049602034755774904,0.0008509366508670438,0.106067832884094,0.15980980665349753,0.030003356775520032,0.14227055602193725,0.13945798755260663,0.03233657111937991,0.06899250573501642,0.011463826904930446,0.03448314402738967,0.039452907250447714,9.849044886045701e-5,0.04317293107150437,0.0034052695737435876,0.017224296033484427,0.042880819823622685,4.572465296734931e-11,3.953266962263552e-27,0.0395630047319518,2.470726887297935e-28,0.011670013778548566,2.1920556445508532e-11,0.013547026901299428,1.138244618788619e-31,0.0,0.0,0.0,0.0
1.762698249148021e-15,0.8310733569771362,0.16292931693325147,0.0004477824715673967,0.0029862909625949915,2.004433186493817e-16,5.383779121443753e-11,8.155438741115229e-73,0.002563252601610128,2.5569102220277633e-53,1.2189051671950738e-65,2.2794226175382598e-98,1.6098723028691757e-97,1.5360197634702215e-108,2.5270129230690986e-109,3.798343305385068e-126,3.5415515092995552e-71,4.068499759601387e-165,2.214390076008615e-159,8.880954875865976e-99,2.2146233828985983e-102,1.2744315395493655e-113,9.63215369172995e-130,9.768581169529535e-229,1.693226342085558e-93,1.5824033558642529e-217,2.8806450646275965e-252,0.0,0.0,0.0,0.0
0.04561288904889192,0.9402287201946408,0.014103211918305911,1.7468532936766877e-5,3.770637810740968e-5,3.927117103093056e-9,3.8588521223666398e-22,2.4756835584285223e-77,7.30606045622893e-35,1.2690590370253244e-110,1.0589293679146735e-93,1.7959197437054065e-159,3.078714435335268e-200,1.9897248931551931e-146,1.3510895249593656e-288,1.340235962921462e-212,2.2689668163192755e-183,1.1606039312431535e-286,1.1935880339830194e-290,8.528135017629278e-177,1.903396639900263e-236,2.68983475716852e-198,1.0652827848880688e-251,0.0,3.912901562633966e-221,0.0,0.0,0.0,0.0,0.0,0.0
1.6338169240434774e-7,0.9492339513896391,0.01863227558847439,0.009976478021651124,0.016289097371398203,0.005868034206326652,4.081811547072954e-11,1.2052730515724674e-111,3.1567116615931944e-32,1.0742289270658238e-70,2.3585331372192306e-67,3.0902530330600234e-129,2.833148587854694e-172,5.189576071814632e-130,3.587780758155003e-169,2.1960773634570396e-179,8.498069649999327e-133,5.350553670453165e-205,7.55241417710721e-215,1.2161654524445699e-127,3.5912095094320885e-150,3.461712466792089e-170,1.353162057952857e-171,1.3387853374522795e-299,2.0552559071842803e-161,1.1017096984497355e-270,0.0,0.0,0.0,0.0,0.0
2.789200765992379e-151,3.8952026422913374e-33,1.157344087990192e-22,0.06769218365875546,0.13731911972976196,0.4191700917940686,0.1984795732686156,0.07167263307946856,0.03554466949264922,1.3829424363469116e-12,0.029394485379314,0.008087247678567562,0.014379098892744458,5.218951392316776e-17,0.014032885752251463,1.637967340421494e-13,2.1313105679129893e-57,5.209962208323887e-9,9.259256954920674e-23,0.00422800606229406,1.2166730066589346e-96,6.116758719087094e-115,1.8676588010593178e-84,4.7394660227237366e-77,3.5525348569565027e-37,2.3833958841873276e-236,3.3697885645630445e-273,0.0,0.0,0.0,0.0
1.1323969797526946e-214,6.169747508628123e-30,0.03190127981215872,0.8615099215720794,0.10142432230123717,4.486278540053691e-5,1.5047348668906352e-18,0.003785182664696375,6.225549125416766e-29,4.102454114248958e-52,9.517097083686331e-10,6.015985453347153e-115,6.486108540914202e-52,1.7363167836221457e-80,1.967177526735065e-31,1.0896558841480694e-37,5.8261844362468796e-58,3.802390611592662e-111,6.187979350746384e-95,1.6781158576588793e-61,1.1248110190220422e-78,6.64152942046793e-57,0.0013344299127181145,1.3701212014395127e-132,1.9135487306665793e-172,3.6397220796708387e-97,0.0,0.0,0.0,0.0,0.0
4.743724952663575e-99,0.005290190760861861,0.9550529796159367,0.03662875158198334,1.060459131494466e-6,0.0013136162112682389,0.0001583623455873114,0.001053173802094071,2.647332771096263e-14,0.0005018652231101062,2.5323929411906624e-22,2.4061315524267066e-114,4.200557550389118e-43,3.2819457784457006e-120,1.5762571127276098e-146,3.1879090144556846e-94,7.877291344028847e-35,4.9648510733439465e-183,5.748815229436606e-205,6.763490234586994e-81,6.629229585536614e-213,3.3666006829552354e-16,3.639749646781976e-164,1.842433591475219e-271,6.106690621928534e-194,3.2103513590587186e-290,0.0,0.0,0.0,0.0,0.0
1.971547683861797e-116,1.639321064434337e-8,0.13573376656173497,0.8414770047789171,0.013676869130412354,0.009082011740632112,4.0891629719344673e-8,3.742151556045822e-8,3.0152125814302365e-5,4.825258357339021e-15,7.579886380311741e-11,2.6452695618198336e-54,2.9049474491319277e-13,2.3257522207785273e-45,1.6799483426921396e-32,6.436910703350887e-16,7.342372855879979e-10,1.2186040342690357e-50,2.1621204887877463e-59,8.736781483135078e-11,3.0246657527354767e-86,1.000584334875626e-7,9.161593204817268e-54,8.05009441349618e-107,1.4001120938816252e-59,4.992728810458329e-98,1.4802257991306114e-196,0.0,0.0,0.0,0.0
1.0,0.0,0.0,0.0,0.0,0.0,0.0,0.0,0.0,0.0,0.0,0.0,0.0,0.0,0.0
3000,700,2300,2000,2500,2100,200,800,1100,600,4000,1800,1700,1300,1500,5000,4500,1000,400,1400,1600,300,100,900,3500,5500,500,2400,1900,2200,1200
200:2,3000:26,1900:19,1100:11,1000:10,700:7,2200:22,5000:30,300:3,1200:12,2000:20,2500:25,3500:27,800:8,500:5,1800:18,900:9,2300:23,1300:13,2400:24,5500:31,600:6,400:4,1400:14,1700:17,4000:28,2100:21,4500:29,1600:16,100:1,1500:15
