20
0.024134595088312515,1.377648627192919e-18,0.0006916060159561964,0.004244298307562229,1.310894381261139e-16,0.0001531337068779004,7.373791974915635e-15,1.5873084799502748e-37,0.8262371877679566,4.351899101001007e-18,1.718345307359761e-10,0.09548061352885018,1.073952247415609e-16,0.03404616387781034,0.01006552104325128,4.289707478499123e-8,0.00032215535437751943,0.00462468224012824,1.1675354560872306e-16,3.1011285680178004e-17
3.7806894572318655e-21,0.052755200203987114,1.551275614642701e-23,1.2964031413258197e-9,1.5551809264318765e-6,1.8656923636528388e-28,3.406754527602266e-13,1.61359158365767e-16,3.1059977808510938e-25,0.0070138639357467,5.28774712822648e-23,1.3059788760717912e-8,0.0003016389336622587,1.90037999744845e-28,0.004810882532166948,9.879669656963282e-6,1.2992472894431821e-6,0.005095377300161856,0.005914896518120279,0.9240953921217492
2.6294564015155973e-7,0.0003227341476151874,0.1672163362564172,2.127612029716845e-6,2.0919316430477426e-21,0.013903415233557537,5.6004858892613266e-6,6.004911319576535e-18,3.835144824124939e-6,3.7949840426939047e-14,0.5809881456316074,4.067655070467456e-6,2.7500167092791617e-14,3.0599194776883075e-5,0.22953580587050018,0.007987068328198827,8.284998795406471e-10,6.653078310588678e-10,1.3095997865615022e-17,1.5311008854171125e-19
7.528305552207246e-8,3.6488559480289247e-6,0.08598259060160672,0.5242658174153427,1.6034674731883248e-12,0.00034802254040400125,2.2088002487249067e-7,1.7186775711689718e-5,0.018026819708059576,1.0385204572493335e-6,3.8544417441668043e-7,0.009455902042911947,7.935513640926573e-6,0.010740849871938758,0.0739988800921201,0.06754873330047273,0.0006443757674351056,0.09897969798273326,0.10997773369954607,8.570281280040074e-8
0.009188697648347446,0.00943263919542609,2.5029665820052275e-18,0.00033850099152919473,0.5924956166777425,9.768882475757001e-14,1.937451573357943e-6,4.667362546271302e-5,0.009886834699599573,0.012640777845874945,0.013514580611914932,7.048377152309919e-5,1.8953220728667255e-12,9.260762138356108e-10,0.19425790201600174,0.0018787133807319312,0.00996873430556288,0.1462779068423581,2.3768365173990416e-12,5.905387983791603e-12
6.113300198709654e-12,0.0073475250514469,8.858484088612323e-9,2.017066463498224e-6,4.38975760601076e-16,4.7158541930823796e-5,0.004726445869602938,2.764494095196316e-15,9.375448863147215e-11,2.9493305707329194e-7,0.9638694589060367,1.741472181846918e-6,1.871113039398087e-16,5.359896178099132e-9,1.625832350834337e-5,0.023245301707840768,2.7788443805375073e-9,0.0007437810308305164,4.192308811738467e-15,4.396497239754513e-16
0.9577529201595348,1.9231741784106887e-21,9.63236043304646e-10,0.0007108797962431026,2.7106240670664456e-33,2.2045847078627266e-14,0.012023172119861834,8.484983371611854e-31,2.075205653729011e-9,5.765959676222982e-15,1.3017945068785644e-21,0.002856651348883749,8.712654755198873e-11,1.1021228017452154e-10,2.883591396297596e-5,2.494932814852632e-13,0.026627537425455677,4.278569023053114e-34,1.3583851156394615e-42,5.8840011498323896e-24
2.7324814029295904e-13,8.188952948154671e-45,1.978740060165033e-11,0.001528413961709215,0.12297503716265838,5.00045174961582e-36,2.8751693446145174e-8,0.6487740629382843,6.147176182770387e-34,0.013673009643190431,1.9678134693555388e-38,1.409851834929459e-10,0.019032519281251985,2.8484726236025236e-18,3.2244396476769516e-8,1.77931136356227e-14,3.6524926848823935e-10,0.12510636444258313,0.06891053104587591,2.043783553346469e-12
7.995303761910529e-13,4.214162355748063e-10,0.02063710326209733,1.9930752210756864e-6,1.8543244766753793e-28,0.8521297641484369,4.4977701119938366e-14,7.187469706770307e-26,0.010440579453687794,3.2301609692888e-11,0.06307168437139692,0.0001234547537402504,1.3018512311577372e-15,0.0512236150094931,5.4996527933999726e-6,0.0007913539089654216,2.9678468737653355e-10,0.001574951612200706,6.188266692095468e-13,1.3974897888550405e-17
0.00011880092157354443,4.496190849754483e-20,9.959423414110287e-17,2.1108921651997634e-8,1.1357259837597784e-18,2.9289411769461732e-18,0.9807206959237229,3.6329778912341496e-16,7.559263457974055e-15,5.227965755361325e-6,6.505899823079807e-20,1.0430034216434018e-6,2.2336373860857895e-5,6.323245290290768e-18,0.0016304554697817923,4.301532627867064e-14,0.017501419232911077,3.179295857877647e-32,2.8869336629331562e-27,1.5349552865919515e-16
4.835002398757697e-12,0.9454415221710938,1.9560551767784356e-14,1.7685427699463737e-6,3.82031813101797e-12,3.159154813473479e-10,0.0001765271313810847,1.5060205530250311e-21,1.2962130636438587e-12,0.010628712830648483,0.0011629574803296563,2.8804233526841815e-6,2.8978637636786557e-12,5.753657801341485e-13,0.00017326386407159138,0.037536135351735125,1.2014384668785467e-7,0.004876111697721244,2.5028911413917706e-13,3.343942110201869e-11
5.458325156912854e-7,0.0020427548292858717,0.1542079104231263,0.04526152054556666,4.4340282066720745e-9,0.0038002898956476638,2.1977037745931052e-8,0.003591456100967569,0.0037608719238759656,7.202752071922993e-6,3.2942208209941614e-8,0.37444486891449136,0.00010683997804157007,0.0009002526754574925,0.012496591567333017,0.380002083538912,6.125628189129634e-5,0.017337673089979258,0.0018828979837643453,9.492431379786908e-5
0.005748729864724468,2.010999244804572e-7,0.028228594706632033,0.008139130473626827,3.138852885289137e-8,2.491282920787924e-13,0.37523787165136196,2.9737864052989767e-8,6.141355691235537e-9,5.753650470588341e-6,1.0462042897272656e-17,0.006115033763327889,0.000232238224377765,8.731273836446854e-11,0.05181783564251871,0.0011968174848895976,0.5232777260654201,6.361151834038243e-16,5.194589084781307e-15,1.74092599775967e-11
4.036762037936992e-12,2.8348405965512747e-7,0.007570475513532996,9.97138882964956e-6,3.5378941502692307e-22,0.20540275380759385,1.2863690900746481e-11,4.6177418456865674e-17,0.0009033604396930491,4.67704078827673e-11,0.6576096833541486,1.9558843087900093e-5,5.2085204904305946e-15,0.007331092388143369,0.0010181492546525743,0.07435477200058667,4.448375198857084e-8,0.04577985497633269,1.9109288473609986e-12,1.1115074961843103e-17
1.9786457518253062e-16,6.286839730282002e-15,6.535626442518413e-5,0.15156026526643582,0.23780673133650365,5.603490305013084e-10,1.304979683835046e-30,0.14641687587592345,4.48462530310728e-6,1.6207835978073127e-13,8.0811672832209e-5,3.0507200898183998e-5,8.209316197211839e-14,1.6341817364499453e-8,0.3009528354109523,6.212479720297482e-5,0.04399026312418812,0.0068577764981736025,0.11217195102474442,1.3314185625875541e-18
7.443182685517342e-13,0.3358145833207863,1.43787568080698e-6,0.00014529357878882352,3.4067727778836493e-7,1.0225420489585205e-5,1.970205422051425e-11,0.0027993371473509724,6.477714236558846e-7,4.195437882053752e-7,1.610464182976366e-5,0.0004709768255426001,8.818754833345341e-7,6.6569356384926814e-6,0.024938796905951077,0.2185143962981449,5.434657010260983e-5,0.15550963844546534,0.2616288549229293,8.706122287997535e-5
0.0001143478915956814,5.815496657276192e-7,4.176269021599316e-6,0.5240282064306351,0.0384237933493343,2.3314668507976007e-11,8.443643805346777e-5,0.0024968961022175324,1.06615441365248e-6,1.422342111328954e-7,1.4515067890203393e-22,0.26206777313281704,1.853315674316659e-5,2.613823531225917e-9,0.0005781323183890104,0.0005813946828448416,0.1702765135160263,0.0012366149036541268,8.738913193442988e-5,1.0130486713318775e-10
3.984819066835318e-10,2.3540822460691244e-13,2.4216507947717298e-27,0.00500563929614796,4.0586393354770644e-9,3.7153766719139675e-25,0.02446607902709545,0.09560918130636749,4.0793051017706324e-32,7.377660757694908e-8,2.863841622171893e-16,0.002166925799683326,7.219175406182444e-6,2.5169919097654743e-24,0.00022482006625232245,0.0016176817736904571,0.12943445605527876,0.600236893697686,0.1412310079664589,1.760196842929819e-8
9.495230138818953e-14,0.0064667828314871325,5.134671137127265e-24,0.006560807214575663,0.013476468354468165,6.803743771058151e-20,4.3675955356610544e-7,0.007064645468703258,1.4340477946071162e-29,3.259535413614522e-5,3.619579731474771e-9,0.043342287670097124,0.15827424826367106,1.1475925815805805e-20,0.05654867712229681,0.04850081739998518,0.2604699029955992,0.0031152015870157634,0.3621449613988512,0.03400216395988512
4.359399160965397e-11,8.691470825602961e-12,2.4935558187398337e-17,1.3851594301171879e-9,1.445150667527949e-15,3.407226021011793e-27,0.018442074153519825,0.0021156304817717235,3.092214586740549e-20,0.8806474083883009,5.815312799265136e-27,2.2847408709958125e-7,0.07144000837264324,6.2890697009653626e-24,0.012165925992430176,1.0105191381820803e-14,0.0007627832338362832,0.0007473993966974441,0.000349730469172388,0.013328809600084325
20,31
0.006827186450432828,0.8678086304130201,0.12111320233305606,0.002858856550367826,7.246681813247676e-123,4.871100176859443e-176,0.0013919931155462067,9.77699594821965e-145,1.3113757717587e-7,3.275857999913419e-78,5.830347677149991e-83,4.396954705384149e-151,4.470083951243723e-254,8.31363888993784e-177,1.7566862077250166e-301,1.2772298345854406e-281,7.63827267622838e-262,0.0,0.0,1.0251518007888119e-261,1.1669856194388633e-283,0.0,8.152032461539803e-160,0.0,0.0,0.0,0.0,0.0,0.0,0.0,0.0
1.692907725260198e-77,7.679879432639101e-6,0.9490646020522101,0.04603313101701302,7.015325070228207e-141,4.5814488296007205e-202,5.3703154594836106e-114,7.876592571711316e-102,2.9405216692795307e-117,0.002665297506609101,0.0022292895447350715,5.616023389108962e-24,6.997860337480465e-252,5.495042850554851e-275,4.120417527914284e-148,3.1049552570311863e-234,2.2693559577164975e-258,0.0,0.0,5.63762525303701e-210,2.0643415460215145e-290,0.0,7.628694844626458e-115,0.0,0.0,0.0,0.0,0.0,0.0,0.0,0.0
1.6748074303389553e-56,0.6786961069952259,0.3025045079218934,0.018799385082880912,6.83112810882081e-78,4.0807842753331535e-80,2.4707444894386847e-41,2.730007606538239e-38,2.468504056568769e-39,6.4439636908326984e-21,2.0278713686138286e-29,1.5025408687308717e-54,6.106234814782396e-110,3.051980568273884e-96,1.091775321863519e-121,1.4642939257394824e-144,4.991967085274355e-86,2.673420114852485e-295,2.336183790701539e-252,1.6352849715789946e-65,9.657341268675606e-134,7.825792822545198e-257,9.286582567037512e-71,3.445661013786197e-197,3.893114857625242e-256,1.399602566686435e-189,0.0,0.0,0.0,0.0,0.0
1.3154680575234748e-208,0.01596584971782472,0.9421589174381582,0.018373565833883814,3.656879466508461e-9,1.1577022877447859e-23,8.549864033985902e-5,0.004593114598000677,1.2913091421401018e-10,0.01588537044877226,1.3308614925509128e-19,8.946116011676968e-32,1.3571240789415946e-76,0.001721360029361381,0.0012163195076486683,4.999451022414545e-47,7.426073316990378e-58,1.0067511487359923e-155,2.7390872092585426e-146,6.633162127154215e-44,5.900454990957864e-37,3.20756199793037e-73,8.885322770544504e-22,1.7682927630224282e-128,2.130255350763626e-73,4.573382841829364e-113,2.172033450976483e-245,1.9950188378681962e-290,0.0,0.0,0.0
0.0,0.004968873702957898,1.0707279251333167e-40,3.3163908284804334e-20,5.773869392136565e-5,0.04961035899811983,0.05328749679352187,5.118546685178266e-22,4.7066357774573417e-7,0.036634601373829095,1.6118486139030796e-9,0.017063141533846197,0.05774735658082201,0.03091828483289105,0.040797287517199535,0.07060302150247132,0.08044227428793108,0.05883585125205944,0.043767460045854384,0.06452545613682752,0.03788125558815488,0.04706868087365007,0.046332293384341645,0.04706868100164309,0.05941620036966604,0.0549134611680996,0.04314629091817692,0.03530151075123566,0.007844780166941259,0.011767170250411888,0.0
0.010052055987100484,0.8981150152273166,0.08997428964326569,1.6801600870387127e-40,1.8340037412521314e-204,3.390632385701243e-219,1.8143988456230494e-65,1.9773634499894553e-89,1.1267165222282346e-64,7.722015196164237e-45,0.0018586391423171306,4.8076718673913953e-60,1.63e-322,6.776688687908787e-243,1.6315705910362044e-207,3.163472930478492e-250,1.6634794132979158e-282,0.0,0.0,1.2202350097488962e-197,0.0,0.0,6.817581876701228e-190,0.0,0.0,0.0,0.0,0.0,0.0,0.0,0.0
5.4325589199080534e-45,0.8901905694949074,0.10980943050509258,3.6178199823627735e-23,8.570532232580719e-103,7.720561952631046e-80,3.4961154812197486e-22,1.2557337317875541e-130,9.173912408810162e-47,1.7932686815419526e-28,9.09806621593474e-56,2.1804222214333922e-200,1.7317040257207794e-204,1.5755908065032445e-191,2.334223786243389e-278,8.0991098143398105e-255,2.2915064065398398e-204,0.0,0.0,2.492434421819305e-217,1.7490236552848755e-204,1.576e-321,1.4758924202883738e-92,1.7214627229552038e-177,0.0,0.0,0.0,0.0,0.0,0.0,0.0
0.0,1.4692610290301256e-9,9.083233957015779e-17,0.07300775283093304,0.7300404601569294,0.13828788334256328,0.0009294730744401195,1.0340594201323095e-13,0.03438326637280592,0.009939717856926279,0.012692658170764147,8.979976153796762e-20,1.821379212707123e-19,2.0900490664584613e-18,2.1757774421351582e-5,7.465801550687233e-58,1.036304662186388e-68,2.3584552013904327e-38,2.0382860951246549e-25,1.7798280687397678e-43,4.226129988704794e-42,1.358835914355918e-10,8.62377976363614e-21,4.944143950676463e-33,0.0006970288149684032,1.578003433909823e-37,8.788069441979621e-61,9.91614067919744e-119,3.1798371852203227e-221,6.238736062816136e-222,0.0
0.005778396581968065,0.8972308439810887,0.09427761745971297,1.1492958125052425e-93,7.293508105096876e-235,2.1718169338443016e-206,1.338369727210918e-84,4.512272897922722e-107,0.0027131419772301398,4.114416577132273e-94,7.43664793842029e-28,7.660104047788097e-96,0.0,7.577594473489908e-230,1.808107744414114e-248,2.124464217571613e-299,0.0,0.0,0.0,3.7380896997968574e-200,0.0,0.0,5.69952326065577e-218,0.0,0.0,0.0,0.0,0.0,0.0,0.0,0.0
3.7159241252010245e-130,0.382768869601393,0.6113583807754719,0.002866803905358856,1.0443275572067895e-138,1.0334566073632625e-106,3.994902470005968e-98,5.707210653585818e-88,0.0030059457168130767,3.9193490279549094e-26,9.632558719243154e-13,9.636618046187666e-194,7.30890776774696e-159,5.498878460497449e-187,5.22362368106e-312,5.7444623757473345e-264,3.047633009047347e-182,0.0,0.0,5.954941809025178e-201,2.1901811697186896e-213,0.0,1.294627741311227e-101,9.826044607732416e-179,0.0,1.0593710557693318e-285,0.0,0.0,0.0,0.0,0.0
7.344078933436814e-9,0.7301332197858434,0.2698667728698448,2.3281154039647063e-13,8.69350478413092e-198,5.144174933695898e-219,1.4068100225243508e-42,7.752743384499817e-77,2.3334255904703e-87,7.573263994560696e-19,4.9384254983346955e-19,2.4961678973218382e-39,1.1715729291759039e-269,2.415e-320,4.937334705703295e-212,9.393483650733142e-302,9.52542006512834e-264,0.0,0.0,2.1092878279387199e-196,0.0,0.0,1.226733966858693e-188,0.0,0.0,0.0,0.0,0.0,0.0,0.0,0.0
7.333479777939344e-115,8.825269139232774e-5,0.9989435691722683,3.163714301160445e-8,1.2607375914036296e-37,1.9220129000117053e-62,2.7066960903899675e-18,1.377966752417881e-13,1.8946374902789397e-20,0.0009681464990481019,1.039351902031278e-14,1.7252669370692927e-30,1.2426516908820553e-116,1.1158038734713726e-25,1.9697183850729802e-51,4.1250928780273747e-60,3.910486140769884e-97,2.67016696694586e-233,2.992687583994061e-164,5.0521067715317e-74,4.395582742845869e-62,2.0804658110359371e-153,2.965227528831565e-33,5.409556291802657e-177,6.850419347524871e-98,7.899883465346027e-132,0.0,0.0,0.0,0.0,0.0
5.3322072124734795e-134,1.888196532888218e-5,0.9703008123543724,0.0004877013100458293,2.3142795981139357e-50,6.575123936376548e-72,7.3281410173533995e-28,4.230459617888914e-47,2.318765206434418e-12,9.021653639424108e-18,0.029192604367934055,1.1604679181891786e-107,4.646883730284503e-81,8.152356811993171e-75,2.0315556869565887e-169,8.233425201588312e-106,2.454266525975252e-106,3.4949418239243645e-269,2.2146364648499697e-153,2.7102402834113904e-83,1.5672689430946422e-103,1.925150765172633e-205,3.320483161111262e-33,3.687506452118284e-85,5.288406485804263e-124,1.307835948798681e-95,4.3039472677547395e-269,0.0,0.0,0.0,0.0
9.791293005015448e-7,0.8434856382435675,0.15651338262713116,1.9001597319333805e-49,2.5245037849689174e-150,1.577471115142978e-156,7.096860728401562e-48,2.941626941040799e-63,1.6755719824458216e-16,6.442469179652655e-59,8.092342934882584e-16,7.911891409332709e-59,4.660841885364785e-247,7.919106713628773e-172,2.4344913702524082e-189,8.190593970195266e-207,4.50226496113085e-261,1.313816501784162e-254,0.0,1.9193795976458483e-123,5.795233244342103e-258,0.0,1.7566654594544636e-164,2.154e-321,2.424076798943247e-307,0.0,0.0,0.0,0.0,0.0,0.0
6.542602584114493e-251,5.857871746620896e-10,1.8764474954682006e-17,1.0794267604445206e-7,0.12894167671227158,0.10378470678699697,0.0639876234882647,0.17342406155500736,0.1232210002758447,0.07944864124162739,0.1139976390691089,0.05326130412644758,0.025180302335392493,0.03167182081150024,0.00011641218213704551,1.6814257861208517e-25,0.02679649612666983,2.081711475144052e-40,1.2961580516984121e-15,0.006396033572472451,0.022052629515358853,3.3713004033456603e-21,0.03663750730269448,4.684579942656845e-15,0.011082036369221388,5.148379946824118e-13,2.475021377868436e-42,8.748132662940963e-48,2.528436883039325e-57,7.81096345474912e-60,0.0
1.6418539063982552e-91,3.4616983141879593e-10,0.8799901898276249,0.10930545184641396,2.5047992485028354e-28,2.226104259971439e-13,3.829568726778041e-8,4.178643880221782e-22,1.895241353241834e-35,6.313694658435828e-8,5.580891480929322e-31,0.010704256546934856,3.8060845552194315e-92,4.729862582265748e-50,6.1334555108079035e-21,5.461366774255646e-85,4.065632565446534e-76,9.817977621651292e-154,3.1118358044683665e-118,3.0393590299475015e-42,3.70798786893921e-80,3.671618616036541e-155,4.19039926634574e-41,4.396134313026069e-160,1.1458260083880698e-126,1.0141953212663442e-93,2.6652e-318,0.0,0.0,0.0,0.0
1.9272914655013498e-156,4.983441450676861e-9,0.993853659629843,7.310364106491178e-6,8.074732799717118e-15,4.539082463477759e-89,0.0026100054205035663,0.0005562928178843101,0.000573599212555745,4.0647308945440234e-11,0.002376558671375175,1.5507866876346044e-31,1.4144977939386116e-79,1.1657045069075844e-55,5.337515910870179e-62,1.710968842310325e-28,1.397845307060844e-68,1.0442256061255528e-224,2.6403006917487803e-90,4.904931615027462e-49,1.0049456947643286e-29,1.111637539341899e-30,2.2568859635155483e-5,3.83127160198443e-106,1.3939613491154158e-33,2.315530049656639e-96,4.6401787834321745e-235,6.41533865707495e-238,6.894246811007074e-304,2.745426504119133e-306,0.0
1.4906109879117948e-213,4.750984326239945e-46,0.07464307024036314,0.85298287116004,0.04849007603894115,5.748528316178014e-28,0.010930988966192571,3.230815971972543e-17,1.8503990876158806e-9,6.217100350219823e-5,1.3771392097108465e-5,3.7066448952235295e-38,0.0094528947290085,0.0014587947104956233,3.2202331643540317e-12,2.8795818318970916e-78,9.714215106560148e-97,3.726502885705452e-108,0.0019044527935920693,6.952527381945409e-44,2.8001268303890205e-67,1.1380248216310692e-76,6.090711214807782e-5,2.8491971507809926e-96,9.293559688859958e-95,3.893256553325897e-37,6.406824950721912e-189,0.0,0.0,0.0,0.0
0.0,4.760415933861012e-20,0.010001178732036292,0.9630643516272182,1.014268207636682e-16,5.526343704222329e-41,4.4992442890720807e-13,0.00466329780902798,4.9433431729284544e-5,0.014634864015113467,0.0012633998047793015,1.6719633705836593e-26,1.8333322626390942e-52,9.151017679261671e-15,1.77150739548274e-21,1.8608283451020607e-28,6.257399355228786e-50,1.440657201765335e-183,1.4446366397134826e-39,8.704843360992648e-31,3.960510191924984e-44,6.634124259686913e-62,0.00632347457963637,4.198867950720852e-96,1.1175072097370205e-39,1.2504768152810954e-30,1.1708322650623902e-194,9.454709274296653e-240,0.0,0.0,0.0
6.780057407341688e-285,0.010088211091424477,0.9319836652856591,0.05786688300454247,2.499913379946951e-127,1.7098546736499372e-156,8.181938710325603e-101,4.666479376701155e-84,1.9965733336391657e-39,3.47453520768458e-27,6.12406183737408e-5,3.113557214437238e-128,2.7590519417507323e-165,1.8889976845699433e-186,1.0103066826291435e-291,3.4480008412333864e-207,1.766954673648063e-151,0.0,3.7835436992437806e-296,4.4132177037214536e-167,2.318859001401595e-255,2.764210224e-315,2.9124712635746774e-102,2.6266765782149678e-270,1.083927461720298e-270,1.347575140808322e-239,0.0,0.0,0.0,0.0,0.0
1.0,0.0,0.0,0.0,0.0,0.0,0.0,0.0,0.0,0.0,0.0,0.0,0.0,0.0,0.0,0.0,0.0,0.0,0.0,0.0
3000,700,2300,2000,2500,2100,200,800,1100,600,4000,1800,1700,1300,1500,5000,4500,1000,400,1400,1600,300,100,900,3500,500,2400,1900,2200,1200,0
200:3,3000:27,1900:20,700:8,1000:11,1100:12,2200:23,0:1,5000:31,300:4,1200:13,2000:21,2500:26,3500:28,800:9,500:6,1800:19,900:10,2300:24,1300:14,2400:25,600:7,400:5,1400:15,1700:18,4000:29,2100:22,4500:30,1600:17,100:2,1500:16
