30
0.6357372135721694,0.00018385469350659019,5.505581417188418e-5,1.6357150292138585e-6,0.011625449108973568,0.034351039043642194,0.0005903861143902317,0.016757741915343422,0.001725128081153262,0.01873532739787157,0.007279578504868222,9.917192916255914e-6,3.305101085920029e-10,0.004374254925293392,0.0007792509175211332,0.007812172914961408,1.2845638618341996e-6,8.314773965572113e-7,0.0007503013721302444,2.368482691095959e-6,0.024352614910981646,0.21569102586145342,5.776291361696328e-35,7.805540946332493e-6,2.0099012680056974e-5,1.0811925607463073e-7,0.019016852343464296,0.00012769063274604037,4.096488092083098e-6,6.914951978489558e-6
0.024923605529643043,0.1417707468458882,0.002357810176724576,2.1179006475754334e-11,1.0257358396447725e-21,0.020536284049158145,4.609093109568173e-10,7.543139979638707e-12,7.102056985423855e-23,1.5542338505576966e-12,0.0007991752148094058,2.4820356906807207e-10,0.000539507600973444,1.3411960484823286e-15,5.8524436880774057e-8,9.644470433688075e-9,7.389051800626631e-5,0.0015326214684966972,0.00037331343200435266,0.0032009038777249792,2.7822302246643275e-12,7.144794209112681e-12,1.2701945272424538e-12,7.390827827744281e-13,3.0571550383259054e-14,2.4049115252184975e-15,6.165851019894544e-13,2.2653496515288914e-8,0.8038848366214683,7.213090722358122e-6
0.08216696283457722,7.760830048375207e-18,0.5491207171817303,6.336369424444602e-13,0.005379539190980645,4.380365149873081e-9,4.662087496443688e-7,0.02152041926575666,0.005591716382762574,1.7943517466312464e-6,0.0005325686909790305,1.3410006973181532e-6,6.872379071808172e-19,1.727558091905021e-5,0.0089282117550022,0.002488683829359277,1.8965440338197557e-12,3.3382455507020163e-19,0.04341648930493409,0.007142448696748927,0.005568188740461953,0.0028045994050233266,1.4476648603581247e-74,0.0076300940710157744,0.0009045066230066827,2.090475680186508e-10,0.2567815210342393,1.523204488121469e-10,2.4511070460988115e-6,4.2137600795669614e-26
7.73930841041507e-13,5.21129466943707e-16,0.0004151402739823923,0.1618886878098156,5.4615903740194584e-14,5.047384260989816e-6,1.9492888476183182e-7,0.0011176399556242335,8.196826853125171e-12,1.769177613506046e-9,1.2567294565704563e-19,0.0038004782703900735,0.012739740410953528,1.208751059171224e-18,1.4135592711859543e-20,0.07932037221863443,0.001986728235853844,0.004988240163789953,1.1629411423378165e-6,3.2885367418973846e-11,4.9679209640784055e-21,2.3508948573714625e-11,1.3533730127327769e-9,6.0675531414534784e-5,4.720529273678878e-8,0.0004968556954953904,2.647845774902615e-7,0.03582058319122209,1.706606834616273e-18,0.6973581378106948
4.3958094098213415e-5,5.095558974604102e-21,0.02173353108298944,0.000817078691844221,0.016238504308420904,0.0013731444610424353,3.7377691632073316e-10,0.0019338117186270343,0.06273519397965668,0.04922132941174323,1.945803178364953e-15,7.057567251614535e-7,1.561913689791545e-9,7.603640047549802e-6,2.830859590764436e-10,8.362499698419009e-7,2.0608258861875363e-10,5.0031486247734104e-9,4.298096502952891e-5,6.51444874699502e-14,1.7160636617497525e-9,1.5942375776516722e-8,2.5035912298387474e-7,0.092256028910646,0.6953759741691434,0.013239173658217146,0.044979815243962336,5.042061345252788e-12,1.496547086231602e-17,5.420715746102805e-8
6.161946809665775e-11,1.4298524488571897e-21,0.8679644888710332,2.9955521273601113e-30,1.622473379131217e-20,0.13203438710502122,4.453014826253133e-18,8.849748639229433e-21,4.553229953202998e-21,2.216242378198097e-21,1.2331388643251608e-13,6.655962271463459e-28,2.778466579595847e-23,1.1831023062515567e-19,1.5650518362136985e-16,2.1176984563201287e-23,6.581112954489188e-27,9.050014563282131e-25,1.1235914890892043e-6,6.655637176085745e-14,3.1949495283669327e-17,3.57365092471689e-10,1.3659029150370133e-52,2.6448992547188496e-25,6.678617086196873e-26,5.784376062021371e-30,1.3278519528225525e-11,2.0417643916847568e-25,3.693431764868953e-15,1.4091265170029847e-24
3.403754656196664e-5,0.003633483832983592,0.000789666754780627,6.725009090266959e-10,3.7640182105230585e-23,2.4642651929073593e-6,0.15900738840037423,0.0015662657588446742,5.258247076937943e-21,2.5976150149441074e-12,3.694974019186596e-14,0.00035207748280297323,0.0009705671860386168,1.6170667205084837e-19,2.9373059794462724e-14,7.333905508616965e-6,0.018690699016847095,0.014474481397782854,0.03514481164073492,1.1094533252694188e-7,2.7407913909709916e-18,0.011455824647394273,7.520272709610058e-16,1.2322896729119684e-5,4.525716913817722e-7,2.3964179218565077e-12,0.5632488569016556,0.0002025319033854014,1.668007439546109e-9,0.19040662059978933
0.0003484846903818228,2.4749176050255564e-7,1.702454027132704e-5,0.005990155084349379,4.911188191542439e-10,0.004098915744949277,0.35114678991085935,0.028603316693074636,4.4697770659168274e-9,0.00017243929817536115,1.4616016214914161e-9,0.003950322755259443,0.05126713522996314,2.205320459915057e-11,8.410753409761324e-13,0.5394881595754811,0.0014291025722005467,0.00015669057902044522,0.0034393572021942788,1.06778173860272e-9,7.375245664933683e-12,0.00022990653721248754,9.270592709349416e-20,0.00014238101628584083,3.9414033548455e-5,0.0003477622772084604,0.00016067602666968716,0.0018036075230248088,7.114172830931393e-10,0.007168102986143587
3.22600295399498e-8,8.28423633792539e-19,0.01002288887635522,0.018515541654491412,0.00023484510117071663,1.0090288593535332e-7,4.69812070122205e-10,0.032078113664958094,0.003657071319742986,5.826929441992757e-5,1.1518932578605364e-17,0.014107782768666878,1.0853761367306298e-8,1.1050579368355502e-8,5.400323863915198e-14,0.015659158358126028,1.172723525564966e-6,1.1012911828645301e-7,1.8967158463135587e-8,2.3199566140838953e-16,1.6923118323959815e-12,8.382049674786492e-9,3.882320673442086e-8,0.03838790418255074,0.7523218474363861,0.11482787183167355,7.792882129501772e-5,3.72041510811087e-8,2.1602615316815494e-19,4.9234922138643924e-5
3.0584194115903246e-5,1.5207088910774014e-17,0.01993242920124352,1.846513502862632e-6,8.545729730164099e-8,0.009116240254203403,0.0020592311600715566,0.08919725475737776,3.4993213391147184e-6,0.1362333041384992,9.805123205653438e-10,0.0002699196472243341,3.6913737331622637e-10,7.075079244243183e-12,8.04793071476087e-15,8.645397333027153e-5,7.601695752649523e-8,5.725890170430356e-9,0.0006052287527935421,2.40915521663222e-16,1.1667246392838192e-14,1.0651815247984099e-5,7.108543346757371e-26,0.3608309882057575,0.20600915635988057,7.396439031471323e-5,0.1755390672671374,6.818545531249285e-9,2.0761068093071896e-17,4.672525216327095e-9
0.002112963057518334,1.303072705574243e-20,0.004812677050623788,4.008449515788818e-19,0.0038937515622051934,0.05424485176517163,2.4503088883221507e-10,3.466818697610895e-7,0.00034134578598962756,0.11957607523908109,0.06642927869795973,7.370199915049526e-20,4.438896842223486e-19,0.548992794128036,0.08944879734903309,1.2119045141335167e-14,7.378072913005031e-22,1.1241708952132294e-20,0.05906297542727237,1.463110515816366e-9,0.05108414111477641,2.4213506302196964e-11,4.817354129714636e-35,1.5892861476341536e-11,4.195704337345657e-11,6.655738222552185e-14,2.040786696106877e-12,1.0954525327322587e-24,3.4813863039637967e-10,2.4200927171029507e-21
7.726463742449894e-10,2.6326079506427113e-9,6.241452065149464e-5,3.942431350477934e-5,1.3133561384199595e-18,8.162009297602683e-11,0.0003016224180832316,6.714099735702663e-6,1.5321812782977247e-16,3.703716628359096e-12,3.6078637114653476e-21,0.026023263572494928,1.7995508947474632e-6,1.6534959641795386e-27,1.8788754388690032e-28,0.0024581238215043923,0.27756181169601646,0.02701254114813222,0.0023479070805996084,1.4895834915007073e-14,2.7479620007850655e-25,3.143662994692468e-7,0.00409320967080536,2.650510518254203e-5,8.830697299270014e-9,3.2946747833298742e-9,0.003507756174570523,0.6274062991776199,5.803079005640327e-21,0.029150277667939626
3.9102005408563773e-7,2.9722881425903293e-6,5.0293831666728145e-22,6.233658189507152e-20,2.29206167674499e-19,0.021238577233325413,3.3657453551778923e-6,1.973186497157197e-18,9.96329177840301e-21,4.886984638079938e-21,1.2480121560318004e-8,8.100553966367994e-22,0.0958183544109301,1.0137857086966328e-13,5.610534749021889e-5,4.302823296884101e-18,1.2055784350920445e-18,1.4626251317410325e-15,0.002151137402551894,0.3924764187155005,1.8257837580232074e-9,0.0003387045339658715,0.055517069669782496,1.5707894118525822e-24,2.571055959710239e-26,3.2085595108645363e-23,6.064818480010316e-18,0.001761944552750166,0.43063494477414327,1.4582351021728093e-18
5.051339285252193e-7,1.0540151188980073e-24,5.784602605899304e-6,5.642794970287141e-6,0.11238985636020864,0.00011057936238246919,1.468134621686767e-10,4.768119353879748e-6,0.8083207404262077,0.06447464700331547,7.134134782120441e-15,1.3127620414165024e-7,3.927495192054496e-15,0.0007730216845241522,4.956241180886172e-9,3.7800032368813277e-7,2.5779831122661974e-14,8.761503973870038e-17,0.0018627367683778974,2.9375699648568025e-15,2.897320953170634e-6,3.134748585911968e-12,1.9466649984254384e-11,0.0024061325968469335,0.007366378448700079,0.002274473762765736,1.3212114520866332e-6,1.1756454696703319e-12,1.6792927598974413e-18,7.632640501706542e-15
4.228811136066821e-5,6.117471166016225e-24,1.4794417663396797e-8,1.3455404284060042e-13,0.12308041322103291,0.012839630980890743,1.8887791038721292e-16,1.6612441740874602e-11,0.005192958807303241,0.00019827881873674317,3.235019420710054e-7,8.27546811632073e-20,7.633763735339119e-14,0.597618334659883,0.004567853160627567,2.363837710351723e-15,3.0971899031091206e-24,6.937896823499735e-23,1.6017230790488763e-5,2.6131967755096884e-7,0.25642222320343205,6.144916444569914e-18,2.1396524351002254e-5,3.4694043917490375e-11,5.354142252797455e-9,2.178043355388452e-10,2.8881258711279048e-11,5.657552404717607e-22,1.3206453514415845e-11,9.623549873162863e-23
1.1694947522899394e-6,2.0365402882294786e-8,0.015670499436162402,0.0007593832618776765,1.0708449742328682e-15,8.86269023234169e-6,0.14827098954163045,0.00039395367702977637,6.600202101989325e-15,1.714949633534973e-9,9.707130867363545e-17,0.002174133707922148,4.0064254469312505e-6,2.962295490096651e-21,1.3071563774179724e-23,0.015175484471901477,0.04029758365315021,0.1766730827313241,0.037378425442041466,3.787314243266733e-13,5.218819279501754e-21,3.477801191600468e-5,5.1651892514582586e-6,9.9679109341535e-7,3.610484100086456e-7,1.3175538986532752e-7,0.04393795540885433,0.0944279922143996,3.987325696982836e-19,0.42478502296647497
7.660027260227985e-7,0.5039078582729307,0.0013663181173471615,2.3560290399880907e-9,2.4290320004282767e-22,4.036852219128189e-5,8.670629700128122e-8,8.294253940387055e-9,2.3089376388120653e-22,4.3076172564166264e-14,1.6276672407861445e-13,7.79027095041718e-7,0.3374317614152935,3.458800169614989e-27,9.715692754835888e-20,7.610302707402472e-6,0.10568277757362687,0.005093925058084151,0.0014703173519139132,6.87274408439935e-11,1.2077579505961572e-24,1.5443828772789482e-12,0.013005938412308004,2.071693087610269e-11,2.327960944236356e-13,8.33037418316395e-13,3.3019209533681886e-8,0.0002601496150187236,5.675246473321604e-9,0.031731294185460994
0.0007733569966549279,0.167927567850827,0.0011472916427953971,2.3675127171185335e-8,1.7719905567091717e-16,0.0012197125582673626,7.626788132001446e-8,8.671822758120914e-7,6.929517270508179e-16,1.1011186875132084e-11,7.599351394634004e-9,2.768333099260822e-7,0.7708704864689268,6.493954307252375e-17,3.0593725010857537e-13,2.7046707142879285e-5,0.0033936103169328164,0.02855999634929441,0.02279833615371394,1.1751413162814124e-6,3.495609827004837e-15,2.4748986206857066e-10,4.536205394144721e-7,3.339465744924741e-10,2.3435847810526735e-11,8.474146108188395e-12,6.091453688799666e-7,5.212749490271244e-5,7.347646635696872e-5,0.0031535009043470582
0.06899475915488842,3.9536387157274174e-7,0.006086755232457046,2.500094826509197e-12,0.008802206147474883,0.026137146040764003,4.5313672232011e-5,5.815259216367575e-5,0.0006072353944323129,0.0004168393461261412,2.913286386287963e-7,5.241648841779068e-6,3.2500977894512472e-22,1.2873614000063582e-6,1.0770524773401009e-9,0.009907253643755852,1.7174493068342756e-6,2.4422533490780122e-12,0.8151306201072559,1.1309372700522929e-15,9.765422680574527e-7,0.03511492173493634,0.0049062630898915344,0.0002021529241505265,0.00016439962114007443,9.16672023299814e-10,0.02341603163724175,3.796721269701386e-8,8.818025090629221e-13,1.171386763173279e-16
4.234860848169033e-11,2.0704741964202513e-11,5.045901766132592e-13,1.8837410392049307e-15,1.3117578204860852e-5,1.3952134812440233e-5,1.082606762591364e-19,2.6163456957029303e-14,4.396454205514734e-7,9.32067658865961e-12,0.00688257285862882,3.2939918476413695e-20,1.2903597765902756e-9,0.004677884136326706,0.8416523230992294,2.5892729259816282e-14,1.2018328447420778e-21,2.851261429380581e-20,2.738319110035684e-10,0.010439487051922963,0.007921438321849347,2.3630288223136275e-26,0.12833286353104045,1.1668488934723178e-17,2.488371115836128e-19,1.363754673493615e-13,1.0411502444897204e-22,6.001919032244081e-18,6.592000530379395e-5,2.0588240618612198e-23
9.503691178417201e-6,6.181017728012671e-22,5.802310726804727e-5,2.4446798791873664e-7,0.8385844871418955,0.059836772277086524,1.2503003985779615e-12,1.8446844453748605e-6,0.06461193729780451,0.018541229571546726,2.7119669604589266e-13,4.1300487208681797e-10,2.3712266983734913e-11,0.0018618846726112233,1.0820895988336081e-7,2.860291641129312e-7,1.0308941318283617e-14,1.3105389923853744e-14,0.001889083511314659,5.574904932930359e-12,0.0014521595132591378,3.0892927181119104e-11,3.693546328918519e-7,0.00012996111287021672,0.012888353124366727,0.0001336325940949078,1.1916459138276402e-7,1.1170010967042137e-13,4.409494366142209e-15,7.588574638794348e-14
0.41858580760958836,0.09020414516193506,6.265903012767488e-11,1.355767183868832e-7,1.683998112638632e-27,0.0011675152973335374,1.5652089929585736e-5,0.004020620078707286,6.624256688298947e-25,1.5004211820447447e-11,3.2521482722354663e-7,0.000219110007588319,1.229648988249944e-8,2.4146271626474143e-11,3.7184307259653965e-11,9.546277792783327e-7,0.0005873454422453384,0.030045164836122965,0.007609282114899271,1.632931963095386e-13,2.3264000002275867e-10,0.229524512760633,1.441645237564486e-69,0.000136814063794992,3.858783788520051e-5,3.464041442186081e-12,0.21347308820340663,3.280420077483285e-6,2.991676082987286e-10,0.004367645685609636
3.952417410107171e-55,6.883147364880472e-33,7.058136008945753e-54,1.8533288608152702e-10,2.3183432341627137e-5,1.1166701517688246e-65,7.080483704574454e-39,1.6804208171834405e-20,0.07121972507120494,2.7891402501894384e-11,2.951827637967804e-6,4.782586065626858e-26,1.219792170941671e-15,0.1288839832415242,0.09787125983346015,4.223945903389712e-26,3.3925976071667867e-19,3.8156333143637973e-14,2.493681157538714e-52,0.004421024890754259,9.234085048521788e-5,2.559471075157308e-67,0.580522442646962,3.862984771428843e-8,3.041981928163751e-5,0.11693262951104941,4.190639179380648e-71,1.9875286343946634e-23,3.218168115059306e-11,5.536232472242475e-15
2.743482489343356e-7,8.958385182006178e-14,0.0001690466286155852,0.003044533880945638,7.52458252230639e-12,2.5730321818132308e-6,0.024106750050573354,0.0021718064528142393,1.400716529568272e-9,9.024224147345138e-6,1.0325823839671948e-17,0.7490042048815883,1.0160328758327534e-5,1.3686812943078388e-15,4.336751743165267e-21,0.20461769701761293,0.0008992463588593812,8.105638336579317e-6,0.00030044135793124186,5.85753546133871e-14,2.900477912439008e-17,1.0424642729886354e-5,1.3509158977539296e-13,0.008813420648647005,0.001598494083501291,9.549714736386374e-5,0.00042029681997009455,0.0047072525042102025,1.6863222844466365e-22,1.074854443838537e-5
4.1853048757594873e-7,2.2055412716194313e-18,0.006596587919616081,0.0005624499457648801,7.132156934763687e-15,0.0005260112659911341,0.0005393423455010614,0.0022748201327397427,1.3475845921635654e-10,6.871856452532583e-7,1.2655492156827974e-19,0.790313542618903,1.1638082412947616e-8,1.4120370997109498e-20,2.4074346867169779e-29,0.13435139494794002,4.249371850619702e-6,5.6947481098624465e-8,3.3034853555506304e-7,1.5820204468401902e-18,1.790472500098526e-26,4.03055487503753e-7,1.3357963144407169e-24,0.03800655986079686,0.02593937273120803,0.00012416447272186777,3.730459806336783e-8,0.0007594189649306098,9.898668263283072e-26,1.4027695301428886e-7
1.8169178198139857e-9,2.324224269503679e-16,0.0004191409777023768,0.6577210892265173,1.1452169522168575e-11,3.353082790283478e-5,4.236286440503255e-7,0.017225079189550453,6.964346963730128e-9,1.5828982970594535e-7,7.395921200120906e-18,0.20711571735882137,4.0085118554526195e-5,8.457133857382661e-16,3.158288610072135e-20,0.012738307357618186,0.00011730261761379161,3.639788185983139e-5,1.14650924794159e-6,2.019691038674538e-13,6.783550606041514e-18,4.1581807038978333e-10,6.777724388914903e-14,0.021084891656795845,0.0008031019367005313,0.06357183097396021,1.2715510386339411e-5,0.0009568495694039765,9.83250276032837e-19,0.018122222160084682
0.0799151302083878,3.4416627885218215e-5,1.0146896896925717e-8,2.0557456606244267e-13,1.0452452840684997e-5,0.11536803955944831,1.0880885078962089e-7,6.159995564587062e-6,0.00023371190305321253,1.0595874913357527e-10,1.5291136598990053e-13,4.546104211812379e-9,8.91578578730362e-10,1.033551138242702e-5,0.005739105475746336,1.2853625786837608e-6,5.5560849736712404e-8,3.2740530949678925e-8,6.281988851983125e-5,8.021573396437292e-9,0.01413645640566664,0.7743736224669863,5.200536945545668e-66,2.9091884125180905e-11,3.206195961577522e-12,2.1321501685374355e-16,0.010106859358623738,1.0855681830553137e-6,1.7378298483069578e-8,2.8098183456287293e-7
5.835489260932652e-11,0.0032545399571883445,0.029861798138459596,3.7170401846678242e-9,1.8840271563421443e-25,2.735849316595575e-11,6.26110554226742e-6,3.815441047596403e-8,4.394962549217458e-24,1.4987788485827255e-16,5.561384476606994e-19,2.8176379370773835e-6,0.030175633270450544,4.3895531409556053e-32,1.6151669571790132e-21,1.4411593691837832e-7,0.18102244785362556,0.004585790681963837,1.2449830990512434e-5,2.2834309880554546e-9,9.874209399686846e-30,2.5635936406863867e-8,0.0005630619295948546,1.9566614480459748e-10,2.674572863960804e-12,1.0101736383318023e-13,0.0019859551442147714,6.054249762030876e-6,3.6803278267054614e-10,0.7485229756413277
0.00015757904104713415,1.736972533419732e-10,8.559989708295161e-14,1.2713076935312884e-20,1.5690535749908935e-9,0.006150246128408995,1.4190244282341501e-14,3.0154408900954476e-15,7.122078841430516e-13,2.0436789717948596e-12,0.3075046648635325,1.6754376104517562e-26,1.1617485438167486e-9,7.768902376052525e-6,0.6015868812663816,3.07527556681004e-19,1.7942376584755998e-22,6.537316587930078e-19,0.004354094562748305,0.059557280697679967,0.0009538793106833754,8.185973798706658e-14,1.1851777314929203e-11,9.130100225294003e-21,8.564081938055796e-20,2.473775629067772e-19,5.932628749312761e-22,6.279273272731012e-17,0.019727602307850322,3.460948916896539e-21
3.2769051682796196e-6,0.03307806068140885,0.0037913396293641397,7.024275218570993e-11,7.447768144813691e-26,0.002026405813279888,8.319468192383422e-9,1.3230750649341138e-10,5.478065016253665e-26,8.764185801866357e-15,2.2065385538583557e-12,1.2931457121671865e-9,0.960660944990082,2.001580074496961e-24,2.3085067297902585e-16,6.260170354809023e-7,1.6717350563080087e-5,0.00016194623932478747,0.00013182624421933468,6.215318220776718e-8,8.315668353058916e-22,2.5677074693587887e-11,2.87639726777186e-6,2.979702073054491e-13,5.877048004579821e-16,5.349446061642442e-15,4.1389924893104925e-12,1.6977508026317686e-5,6.14709807899147e-5,4.745924278802618e-5
30,31
1.1708750124387079e-36,0.0027580577060637448,0.9853375253315068,0.009490071146994142,6.867083060086194e-6,0.0010871800146408056,0.00012322888396319018,2.7372639782853763e-29,2.099605901083064e-8,1.0917111292770384e-32,7.277895350881952e-46,3.836301066565033e-17,1.2483828221964148e-16,1.7860352717492133e-70,2.921195512661985e-93,2.337731777498831e-95,3.3877625272427946e-106,3.298512095740593e-88,1.4340101909300312e-75,0.0011970488375719233,1.4024757436311152e-13,1.5531107038618533e-93,1.5102543881106689e-61,1.9026101670522222e-23,4.790590249810996e-103,9.325751944197543e-167,3.232039927879818e-89,1.4127360426779794e-188,0.0,2.66243795e-316,0.0
7.9249911783128e-26,0.00018326404971517554,0.9998167093824265,2.656769281034746e-8,1.0914038368693434e-62,1.0735622455502034e-59,7.036643663885848e-24,3.980992167877088e-70,3.6073704557378868e-37,2.5912292793084972e-59,1.6530849677594895e-13,9.902474667002004e-44,6.588430340514096e-177,1.3190712310971005e-234,2.178918777686486e-103,1.1921487277716387e-272,1.3389019732830833e-255,4.108134526947832e-205,1.5006199087719954e-213,1.165390829403784e-48,2.7609853682075542e-124,4.1294430967126865e-272,6.188733492627816e-184,1.8770809474654926e-99,5.31330678535171e-268,1.6768141069315312e-213,2.2384310486029176e-293,0.0,0.0,0.0,0.0
1.5690629657941238e-136,0.01256967150472967,2.6294354136734647e-8,0.0032108679418823075,0.04225052678480513,0.053451402447119274,0.05339395702634038,0.055999623575220855,0.0939176029607369,0.04447758448421111,0.07326557649020192,0.04653784023701226,0.03987925903468758,0.03405460250172574,0.043685788243527486,0.03992427897859087,0.05740787638693604,0.041397248855318335,0.05016007468523473,0.04459898799417281,0.03650602175997115,0.018128819559308337,0.017763625291280675,0.011690685222858625,0.016234242568990222,0.03625763956736531,0.021150289747629763,0.009064409891841327,0.0,0.003021469963947109,0.0
5.3454116514483404e-67,0.6986265859542076,0.30137341404579104,1.4423741411588521e-15,1.7663275352351844e-35,7.882480658462391e-32,9.587424434520041e-23,8.998949596326651e-80,8.561133317353247e-23,1.9180344273405875e-76,2.6218106033498597e-19,4.136069460251314e-94,2.100518561214908e-61,2.7549316721270132e-207,4.86687638741384e-205,2.4104623018216017e-267,4.1936839785887716e-250,1.4381168329470695e-185,6.2534863001657826e-198,6.022706540918935e-106,7.391862382326892e-163,1.0429180083654162e-301,4.12474119310816e-154,1.068645566548887e-199,5.114150332529067e-236,2.288966056137476e-221,0.0,0.0,0.0,0.0,0.0
9.099857309454649e-66,0.7634523616732118,0.23654763832678805,2.150399210032945e-33,1.3897174151634143e-46,9.603409307620065e-33,1.2979856265797004e-30,2.23917681947004e-57,7.769153340027476e-44,8.304647224526327e-90,2.1658493343180019e-38,1.945467199338205e-120,1.5536502280432528e-160,3.043071948273862e-205,9.660301188470515e-203,1.962701302589078e-188,4.5902882040454606e-272,2.102818143026299e-198,2.6109942345951095e-161,4.003316293899835e-164,9.688289132041583e-138,1.0893841038646306e-239,4.475245060733828e-144,3.099813714627588e-142,3.751951516379387e-174,8.759148802948541e-235,8.116075460500303e-270,0.0,0.0,0.0,0.0
1.91860654623727e-229,8.354832738268245e-11,0.2703699866926116,0.1303771013925961,0.04998687210716991,0.0001668884906378341,0.013029000674767283,0.05015467738236912,0.06701215169894112,0.044721514660840844,2.6715336683941625e-13,0.054431403398169036,0.05837529148793258,0.012920881583255849,0.041397994609353374,0.05071181448333036,1.308926358966552e-7,0.03212399748432995,0.03286985387412175,0.006332297251375514,0.02175885096309611,5.549067108976367e-10,0.01584814520209066,0.012835666567464682,0.03457547846418845,7.237358609082669e-19,2.0578840306228367e-27,6.99082396241768e-58,0.0,2.4335195458559175e-131,0.0
2.1545173980299865e-101,1.902821897387203e-13,0.264059094599765,0.6881242403132596,1.0170196992283348e-32,6.5149132540152e-33,4.9957939884547775e-21,3.8185691641236465e-10,6.59863891766374e-13,0.04781666466222647,3.8649457124673606e-11,8.312531475346885e-44,1.1548187129859708e-66,8.65153378599558e-148,1.1446658989321432e-154,3.277403555485766e-132,2.4237623415669126e-81,1.1100387177436598e-92,9.44415956730013e-124,3.3926728123434225e-12,4.896811412389517e-106,1.016721192808421e-79,3.3389517856040794e-47,5.7890204730055305e-64,4.9370711500635305e-171,3.414770312611252e-181,1.764972992202442e-105,1.0e-323,0.0,0.0,0.0
7.542508647647664e-79,1.2586892993828868e-5,0.9656752225133515,0.00040437268632368,1.1209460085130652e-19,1.129722059098194e-16,3.534410130607381e-16,2.1072158027318304e-18,1.4405530723670075e-9,1.6945610230108578e-38,0.033907816466777416,4.4409731697221154e-60,8.703941340474181e-31,5.66794861591935e-161,1.4127795100139765e-153,2.7898413733375973e-202,1.4211964857612632e-170,8.299092218722158e-138,5.545523917844154e-162,2.6079139434444155e-29,3.4501371500260436e-98,3.0623671856734704e-152,8.447475772915978e-115,6.35183408775125e-68,7.664882033913591e-175,5.42211718505749e-222,1.4576270227128e-176,0.0,0.0,0.0,0.0
1.1415525465170727e-56,0.8810433067628115,0.11895669323718829,8.457299688510057e-30,3.505209858888471e-33,1.775903493611979e-26,3.7034485335028163e-20,1.0250225930049382e-108,4.244633387965286e-44,4.156121601347155e-95,1.8824308506057908e-24,1.6525197852422123e-132,1.0407874808284758e-128,4.317999873130555e-208,1.856736204822336e-202,3.801699443072518e-236,4.656882061264094e-286,5.57044742664911e-146,4.185001339471975e-202,1.5132337426991608e-159,3.8428144938316737e-110,7.22309177e-316,5.782542495622983e-160,9.425869879169672e-209,1.4597398770193086e-213,5.82211089863599e-235,0.0,0.0,0.0,0.0,0.0
2.1772809722835435e-108,0.027164592291685632,0.9209819283287426,7.231315660084078e-11,0.03429512626166251,0.006406269053353059,1.1247647937006998e-7,1.1238546523114897e-12,0.0006474233057823834,7.320876353776524e-50,0.010504548208857595,5.113439737328787e-86,7.569043135107466e-71,2.1824111615937855e-164,1.7613975427972734e-175,1.2410559236821206e-163,7.140987554578093e-202,9.128509962534026e-152,3.1779019149998556e-161,1.395651138538767e-85,8.967179947916024e-102,1.8073538580443273e-106,6.948436091900055e-75,1.907839112887935e-182,1.956897613682484e-133,1.071426434273238e-162,1.5544499385484395e-126,0.0,0.0,0.0,0.0
6.467409522618586e-32,0.003288174485279438,0.9669482707763954,7.824276522765286e-31,4.900994476736589e-59,0.021809045588219285,4.69720235545442e-10,5.21485824029778e-54,0.00795450868038568,4.071083601853852e-60,3.8997117084631843e-28,1.0050830781078092e-75,1.2799394679154233e-143,1.4375412473799032e-169,4.292066435553662e-165,6.06135465978426e-169,6.179799585264084e-187,2.4954887618459088e-144,4.494930794528274e-112,5.3332393560189286e-101,1.3779182754707232e-162,1.9458440036164713e-202,3.8664898474860385e-118,1.0643001451389822e-102,3.680881513423975e-158,7.548493708211419e-154,2.4216075127697895e-241,0.0,0.0,0.0,0.0
1.1981269147402797e-127,0.0006718832713312105,0.9365545416889411,0.055737301782279945,0.0018847644848238407,0.0016192201261303982,6.796863375555304e-16,1.0903196742499674e-47,0.0016748392295599884,8.721973544868167e-40,4.475866586867985e-73,2.061892442277289e-82,0.0018574494169331884,3.723725150403904e-229,1.1014752704784362e-264,0.0,3.8813298303477095e-258,5.454472723864912e-235,4.505917579339799e-226,1.758546494481464e-107,2.7396990862397525e-160,1.0140374124528013e-286,7.182471154031896e-129,3.136379584380758e-270,0.0,1.2867316342996437e-236,5.525506171851266e-298,0.0,0.0,0.0,0.0
3.3318335255739686e-23,0.9989317369762859,0.0010682623268676614,4.623786282977105e-19,1.1629861696498207e-92,1.1647914044783575e-48,2.837852055010111e-42,3.3785536390919885e-80,5.095155004254179e-87,9.076266180020066e-95,6.968463642601688e-10,4.455711840073187e-67,2.5406189580794074e-191,4.515757929949445e-221,1.2268511349379021e-127,4.916888857516817e-213,9.145920182772477e-251,5.268976036646826e-147,5.327127783967401e-204,6.299047698374637e-93,4.664868317160576e-147,3.024717e-317,1.1202902468128547e-161,7.459287536655951e-126,5.627558064368343e-230,2.6427205340465942e-211,3.042484178150442e-304,0.0,0.0,0.0,0.0
2.2845591086788693e-34,0.8890372989901335,0.11096270100986638,2.7441297702484603e-54,1.2470967104499048e-64,1.727838224036925e-44,1.5346466660380928e-23,8.551538780753186e-97,1.2636076124517205e-59,1.202328030038333e-106,6.758654395936307e-36,9.582627549365912e-117,2.492184040783446e-184,6.080295405568763e-228,5.6361297096486985e-211,2.664498106909483e-233,9.506171370912736e-276,3.141618378807767e-233,1.240451209536347e-166,2.9677294791188843e-175,1.5365768484741533e-128,7.337438e-317,8.543395674428779e-196,2.0375426605834235e-127,4.2902538754392704e-176,2.9177830993763983e-248,0.0,0.0,0.0,0.0,0.0
7.686937961178012e-24,0.9237028974722659,0.07442135030833165,5.459050757383528e-72,3.827398001843339e-75,3.4634672561122465e-15,0.0018757522193991907,1.4771611775902329e-106,4.726948741889004e-61,1.77302272892886e-116,5.4767373134787984e-52,1.6421393534209794e-123,1.643152551292276e-215,1.6657449344830267e-200,4.0843458281658674e-226,1.334764789962634e-249,4.191795833e-315,4.810314120985542e-243,7.909459115375044e-210,3.565722210890111e-211,7.128278668972803e-180,0.0,4.1626718210954645e-230,3.4590470766986204e-173,5.069149717739382e-181,4.4755442011013035e-251,0.0,0.0,0.0,0.0,0.0
2.7970812667374745e-92,9.119406602113628e-5,0.9713787879837597,0.013306355276156442,1.4692588060157648e-24,6.747206586230643e-13,0.015223630333962962,8.543253277932567e-12,3.194246566450313e-8,3.055262693455002e-37,2.1135511323809727e-40,1.2249617506973256e-65,8.490767322104118e-23,3.4262780826843374e-115,2.4886303915902545e-154,3.4175898998164596e-176,2.3499180389598425e-163,4.2169252462615046e-111,4.1725674821335014e-125,3.884161996523199e-10,5.871908045225211e-124,4.513641766061961e-123,5.59093517930419e-85,4.6407911203854805e-152,7.331536446775521e-210,1.7284109550399403e-126,8.061041379678531e-146,1.0628499832519819e-298,0.0,0.0,0.0
1.5322744412704144e-78,0.0005968316626352218,0.9989339481059937,0.0004692202313713153,1.3687174740058507e-76,7.504834211695379e-32,1.9818757781057165e-28,2.519158391467723e-55,2.2066698265962543e-47,9.590979379508574e-25,8.18567338170297e-49,6.325682019718273e-37,3.629080559682117e-189,4.777472625979914e-221,3.1624015266309884e-197,7.6e-322,6.859190571339141e-234,2.7135508297074273e-211,8.483604116226825e-250,1.529308127905564e-117,8.373590403675791e-130,0.0,1.0350617350247297e-231,2.3762236500372668e-138,0.0,8.336298087305346e-239,0.0,0.0,0.0,0.0,0.0
7.688987393079466e-78,0.0014941812715775187,0.9953608315164035,0.0031448928992176208,8.76804167528057e-42,1.1848483122746367e-42,1.6640158930390086e-39,2.6672362625805336e-69,1.1244268077110916e-44,7.417583844266142e-69,9.431280138383253e-8,9.357047557562388e-65,4.1048582392672965e-191,1.8055671234498072e-176,2.9773228401016917e-125,3.6278431254709002e-242,8.402385388508105e-182,2.2797123579661274e-127,1.1929958250921644e-169,7.234599514253855e-67,2.3984583219193335e-115,6.794246756669337e-228,3.954679586977034e-181,1.6041730114636554e-95,5.943198364955244e-183,8.823155110701358e-203,2.8074616407049157e-228,0.0,0.0,0.0,0.0
1.6821620194802509e-6,0.17319433086967476,0.2893564907770038,0.09255900385284455,0.09257915979354242,0.1218688747268746,0.08243861746257201,0.04912427931609311,0.05798061746247042,0.026511993366648147,5.688208410816591e-10,0.0013402962739034838,1.9189523322747746e-46,1.951069133801003e-47,6.365269173826531e-6,1.6876939931895956e-27,3.0332001878038594e-12,3.608094076622453e-30,1.4380725254126543e-32,0.001815389876684082,2.5370168227140567e-5,2.3110395926798973e-99,1.0350835350423517e-33,0.011197528050414048,1.0013391226827898e-71,2.587264152929107e-54,3.8014852142430216e-78,4.1870902253809025e-94,0.0,4.997135753463123e-153,0.0
4.7323854895380075e-14,0.9999819417273446,2.5694898780479815e-6,5.4961421436957966e-83,2.0500188431399883e-84,3.255243015002973e-8,2.484520674974132e-15,1.126172855767388e-145,1.527527274550447e-82,5.578955627190344e-156,1.5456230297253292e-5,4.9116713084785e-202,5.25425460636286e-299,3.872512049459173e-205,1.988343966072569e-229,0.0,0.0,1.62675e-318,1.3337392067295072e-243,2.931272393081701e-203,1.044360804659733e-232,0.0,0.0,2.0102111648413607e-164,0.0,0.0,0.0,0.0,0.0,0.0,0.0
1.816758848030505e-28,0.9900523860889707,0.009947611473149879,1.8039396628144815e-39,1.0463978148943267e-57,1.938166179992103e-28,2.4378792447935544e-9,2.9248566937970785e-76,5.203119420216294e-65,4.2370205604599996e-78,3.66113767912301e-43,1.605703811079358e-85,1.8325577337980433e-155,2.740861496271276e-165,3.181321551264082e-188,1.007098804738881e-185,6.5683904555625154e-257,1.3496373088367266e-179,6.130950556838485e-164,7.511329766126501e-154,7.335596367245994e-106,7.966890397134756e-273,1.568654658317903e-159,5.6514979427065225e-154,2.042879765613415e-109,7.398925836588365e-202,2.8802035877181312e-275,5.883707005655889e-297,0.0,0.0,0.0
8.550412679773255e-77,4.080800954147441e-24,0.13590529730685366,0.8350997416898301,0.024774163738544866,2.7775738404117153e-27,6.324336743636315e-10,0.0027135437992414422,3.1760957089047654e-18,4.724308301541624e-25,7.174733945688115e-15,4.666656776973208e-63,5.634178389785496e-37,7.426287095907424e-148,1.64971070797608e-129,1.3768327773103545e-87,8.81365641400416e-62,1.1202554274552069e-136,4.0205085116756884e-76,4.40082369365172e-7,2.781268947292361e-48,8.795850297704768e-45,1.3483574867549902e-95,0.001506812750719682,7.938175128574896e-44,2.622375743179534e-230,1.103677836109595e-43,1.2678467220594439e-203,0.0,0.0,0.0
0.7406636977343092,0.2593363022656908,3.9340887028567605e-19,9.276413721483561e-120,3.252470113402414e-123,1.0624686544265485e-81,2.003813422192896e-46,2.054180315151102e-184,7.60550786265021e-196,1.952813071466278e-211,9.367058989213673e-58,5.4161130623059726e-235,0.0,0.0,1.273194279698397e-233,0.0,0.0,0.0,0.0,1.0495304084e-313,4.9884555406812925e-247,0.0,0.0,6.208700176711624e-237,0.0,0.0,0.0,0.0,0.0,0.0,0.0
8.121793649364058e-125,0.00014061431375230499,0.9991959878089082,0.0006574380820199049,9.493747185818948e-8,7.377583581647831e-8,1.6161383176207027e-16,4.412149548793537e-82,5.791082012031078e-6,1.1844374712061053e-72,5.368243129451748e-20,3.0701508154131204e-93,3.862058220554928e-38,1.2005937645196581e-191,4.873769988549048e-199,4.0226826302976894e-250,2.8295302850044846e-232,5.6956190365261045e-130,1.587018712465169e-208,1.3312306009369937e-142,7.903393972045165e-120,1.7623045274049345e-260,5.2738323219926895e-142,5.210984306497074e-202,5.894041155994707e-242,1.5288857816953567e-230,0.0,0.0,0.0,0.0,0.0
2.378064559001771e-164,0.0011857114459302486,0.9661554412426733,0.0322963843766369,3.2932679838716924e-24,6.185470914770392e-21,5.031129752059085e-25,4.094270254782118e-99,0.0003624629347593743,2.1298348768587135e-85,1.8223741720711115e-23,2.71657673649101e-124,7.508436831763052e-64,2.125584545069404e-167,3.3618186528334286e-200,1.002206209975344e-205,2.358405009317821e-217,2.653270227470184e-137,5.422476189537571e-156,3.7157093794877007e-144,4.0567150994400505e-159,2.7147284769476453e-278,4.194956061884917e-133,2.2679266542625773e-205,3.971439300672315e-164,3.399461710136085e-177,7.2419e-319,0.0,0.0,0.0,0.0
2.580421602122639e-59,0.8038358443320632,0.19616415566791823,1.1508028866451934e-14,1.965945801568554e-34,4.326269070999822e-28,1.0786927001493413e-26,5.42644741690295e-99,6.94307088973245e-15,4.414023748762478e-89,3.1898651841784183e-24,1.5300705349847441e-99,5.422141549593338e-85,2.1384340366984017e-196,5.930534728530585e-211,1.725234779463182e-248,3.982888809041195e-258,1.5640821620485238e-212,2.4849951010562856e-204,4.6284470588497907e-116,5.459663604683066e-164,1.3961243483937407e-268,1.0502751109069713e-164,1.9779138737155975e-231,1.96983140885071e-202,7.922585127774738e-198,1.318579474709e-311,0.0,0.0,0.0,0.0
1.7514313471497307e-160,5.849528488539166e-14,0.011987532447414443,0.8131929702035858,0.08174015634444066,1.1234431455315326e-18,0.04881536658528485,6.859253717862724e-13,6.231301906932603e-12,0.04426397410401839,1.91634224957525e-28,7.245307853622057e-44,3.3198045739841023e-28,1.110867157793996e-83,2.8365306361580985e-75,2.7521899059223936e-67,1.6701101858587452e-96,1.79438838945701e-27,5.153579558587358e-38,3.240262866673183e-38,3.082801000318993e-10,3.2970507837577264e-78,2.0142589605631483e-48,1.6197234236890927e-32,5.411632296692057e-114,7.198913424734988e-146,3.0228962885186426e-129,9.175831736437e-166,0.0,0.0,0.0
9.795253609370859e-123,1.1922060336521821e-8,0.8399069325902185,0.15191537447563175,3.276882234601268e-60,0.0029680708941981684,5.8330543026079825e-22,0.005209610117891113,3.809636268548158e-38,4.4649337152006316e-18,1.031146442225286e-55,4.919946211035923e-58,1.4733536731439847e-157,7.080681017926219e-125,7.204430423700797e-179,9.137408943333908e-246,6.135073454862037e-183,6.289154964635135e-145,3.8199691396541536e-157,3.6027203619493344e-90,1.8573584131062575e-133,2.002810506523543e-230,6.331433676967632e-176,1.4605156717372999e-123,1.2042484933221755e-307,5.666566048747011e-172,3.208505116138826e-302,0.0,0.0,0.0,0.0
1.0526576202704031e-27,0.5836546913619876,0.4138184073508891,1.0954181268251754e-26,1.3600424776537147e-86,3.590380474485446e-12,3.892954517435933e-32,6.239762658553373e-54,1.3449025450519552e-36,2.924262082678152e-90,0.002526901283532831,6.422665119570066e-95,5.141490596711271e-214,9.496816265560517e-200,2.7816954560964756e-193,1.8957450540933704e-283,0.0,5.683809580278096e-168,1.5345800633463885e-163,8.007439568266282e-88,1.2085550786665926e-183,0.0,2.583412586873679e-221,6.542419826255131e-149,5.626055569696593e-244,5.965396274352448e-290,1.18304e-318,0.0,0.0,0.0,0.0
5.528332356462653e-74,0.2772949413658923,0.7130055043113885,0.009699554295697957,1.4311987445865802e-74,1.339734563972729e-69,2.9802256342840586e-71,8.124116900269421e-81,1.3216029262200221e-95,3.2438791065309087e-44,8.015840876923984e-17,1.1424620736409014e-81,5.697070568845034e-178,2.933026629572064e-175,1.2571184582572635e-130,1.4730899111958895e-238,4.161588742613298e-157,5.447382175194872e-165,2.5261559353596505e-167,4.483310620215994e-135,2.9871844637254024e-152,4.567365073810217e-224,1.573038200267136e-170,2.7021001981239965e-11,1.3725233952626243e-241,5.76923787197976e-180,4.84919821648554e-274,0.0,0.0,0.0,0.0
1.0,0.0,0.0,0.0,0.0,0.0,0.0,0.0,0.0,0.0,0.0,0.0,0.0,0.0,0.0,0.0,0.0,0.0,0.0,0.0,0.0,0.0,0.0,0.0,0.0,0.0,0.0,0.0,0.0,0.0
3000,700,2300,2000,2500,2100,200,800,1100,600,4000,1800,1700,1300,1500,5000,4500,1000,400,1400,1600,300,100,900,3500,500,2400,1900,2200,1200,0
200:3,3000:27,1900:20,700:8,1000:11,1100:12,2200:23,0:1,5000:31,300:4,1200:13,2000:21,2500:26,3500:28,800:9,500:6,1800:19,900:10,2300:24,1300:14,2400:25,600:7,400:5,1400:15,1700:18,4000:29,2100:22,4500:30,1600:17,100:2,1500:16
