25
0.5518569628324198,6.256929546108194e-47,0.07540470774966715,0.04455884220446495,2.0707209260793003e-5,0.01051366912138527,5.224871392913875e-7,0.010024329015957711,8.453544975718926e-8,2.72860398176386e-41,0.019396766677675436,4.141216560566526e-24,0.03750161270177092,3.1311190206873228e-28,0.0004311922885797039,7.75258150761282e-8,4.055757311411752e-31,1.1022694245891929e-17,0.011177583377170714,7.134988955713475e-8,2.217437579182813e-52,8.064218218892348e-13,0.2380228243616986,1.257280532728212e-15,0.0010900465608474667
1.0065136179400737e-26,7.019239676995348e-6,0.002878476514783968,1.1361218745505493e-5,4.498775277664675e-16,1.7031881010654689e-19,0.00012149006059049783,1.2669429532316252e-16,7.290632836864998e-17,0.06657510403117863,1.485391583004107e-34,4.369309435386038e-20,5.3812743794062585e-21,1.5678825427154786e-6,0.0010538207733044444,1.915986405122004e-5,0.7755477196074121,4.3480988925519705e-16,0.043279328333104126,1.0340571668932862e-14,1.0487161643654298e-12,0.11038540634554785,0.00011954612800175756,3.244659857473236e-70,5.345902504796794e-31
0.19619467130461776,9.920775960954729e-26,0.6268975143170948,0.02942945314716616,4.268122653849548e-5,1.1848307437236998e-12,0.0019378525028454386,4.1491351565937655e-21,0.005761771987985716,2.5253640784051175e-39,0.016626653275101898,5.058891668868955e-13,8.572704809508709e-11,2.1270807497274763e-19,0.0005861293344474809,9.792977908519565e-11,6.278028473692764e-40,0.027477951900991424,5.280217388208967e-18,0.0010050910670717018,0.0011662580897378932,6.492258888189939e-20,0.03583614703013461,0.057037454322545776,3.7030837323178396e-7
0.2343467096927446,0.00206949543667844,0.023529096379300556,0.5908725975215375,3.918777323840926e-6,1.3632270891616654e-6,0.0002391361635293267,2.384489890217386e-5,9.446853174769152e-7,6.163485892597476e-7,0.0006307005956983463,0.007675316316246673,3.9564735847028886e-7,0.002073295656696445,0.04137070102017104,1.3397124160997333e-6,2.3664201225992446e-9,0.08622618723068409,0.00038517008240048775,0.005150846809527585,4.781016035092225e-6,0.00039173325501135037,0.004973184239009817,8.609279893562781e-10,2.8622060383944472e-5
0.0020087219859078313,1.0657342519339981e-5,0.01852826800180048,0.032928474434187976,2.4288767766225682e-5,1.5669531676316563e-19,1.9953854087562728e-34,1.2055022021679676e-31,0.007772864491360133,2.5471561431552792e-15,1.3555181942858407e-29,0.15662304114523,8.353633971585133e-19,5.4530612173727135e-8,9.395162275475413e-36,2.049625274104942e-35,5.2256584638969926e-20,3.011856374861367e-7,1.9875363639837125e-18,2.4323849635240653e-9,0.755309935694102,6.803624763108649e-21,0.02653610007233284,1.1402440709001678e-20,0.00025728991615618505
2.9910643234179195e-49,3.9759705056694445e-16,0.0025662113502819815,0.0004088647431937699,0.2224532867338377,0.0008873561138070273,5.533606127131397e-27,4.222424350436531e-31,0.6981336365069107,5.184306506002531e-29,1.0122656654172887e-27,3.6863348044937067e-10,6.072425551393873e-10,3.4142913215932986e-20,6.768859766224928e-30,2.0618163299250289e-32,5.487278315427046e-34,4.259824170517672e-8,8.716069410730617e-28,0.01265374628344721,7.301144602571354e-5,3.4191498649232957e-25,0.0025485108799966345,1.6254267445388054e-47,0.060275332368381014
0.01008631747928445,5.434233185428199e-54,7.544977936785695e-11,1.879141345320538e-7,1.1561186043033471e-39,1.2945339797791457e-26,0.004757409649609182,0.9192961666727928,9.952593808844574e-41,1.4138563629511673e-51,9.068923807510116e-5,2.3509136344740892e-40,1.9592771570452072e-8,3.884751936088861e-46,0.06573066990964603,5.198560455514653e-6,7.567972807247004e-44,3.731393017287569e-10,9.162598834639786e-15,1.2896053991703213e-39,2.8665441303805114e-54,1.218524152506332e-27,5.677302798168495e-10,3.3339966902500544e-5,2.3717685465599147e-20
0.001625213160487978,4.606165014497804e-44,0.01411876731799556,1.580817791970309e-8,8.465341781626714e-14,0.026841257238332025,1.9749079460412205e-16,0.0009607959619456484,2.322196297381279e-16,1.356800451313292e-43,0.8597489630115218,1.0738187922790479e-32,0.09096377894058204,1.407662855274263e-33,3.172788456043948e-12,2.098677676755165e-17,1.0405042222261494e-38,0.0013469644034011432,2.7508485085145198e-24,1.2844998598930283e-13,1.924795931215822e-30,6.199469160641967e-31,0.00439424415397294,1.5702417741512512e-33,1.9641080400371211e-13
0.0028676398094200756,0.0006813556171968014,1.4816548317470372e-6,0.011132530340884876,5.791890135472383e-6,5.026354013333405e-18,9.937931715372223e-35,6.079485823782781e-31,0.007047318136459532,1.8574709065222604e-12,8.817307977008942e-29,0.17709331476505608,8.88422574443903e-18,2.481372017753708e-6,1.341055774311758e-33,4.468566163479521e-34,2.0204419811092203e-15,1.2203913697239167e-8,7.381120900081677e-22,2.9680162497935877e-9,0.799668344223606,5.558864693600452e-20,0.0014771233079960047,7.063919652955136e-23,2.2603708606582357e-5
1.0009507022194745e-14,6.820702043124078e-10,0.0026248184598299984,2.32552570168831e-8,5.239379312710627e-19,5.6114183585201e-20,0.41337165241548846,2.987741620945092e-7,7.819290438268513e-22,0.010059914097151642,7.686336571855126e-18,1.4196072430887527e-26,5.729892311259858e-20,1.8234094805797724e-10,0.11461786773018942,0.009365513328038673,0.4235448951965553,2.512565788614652e-7,0.004736400248779633,1.1365602244639477e-12,8.741202116586285e-14,0.021664072327187436,1.4292045136154635e-5,3.0659284250416884e-71,1.1169808764752026e-32
5.185296760815946e-34,1.5722398685939884e-31,1.102012046393888e-8,1.7070005896988806e-6,1.2743031538517435e-5,0.9988845295822173,7.021605469741853e-29,8.580145641915537e-23,5.443983027078135e-7,1.3487005350323464e-30,2.78101851125368e-9,3.319282694058059e-25,0.0009402329323376357,4.3000836867444616e-33,2.5047458394308608e-29,1.939990232458224e-29,2.7519306305363415e-26,1.6773321963892094e-16,2.695345970339789e-28,5.285716468057179e-5,3.612616720283409e-17,4.130024218668619e-31,1.3597315268494487e-7,2.872660556880345e-10,0.00010723582877575828
0.005550189746260339,0.24686806713414394,1.972899930203198e-5,0.0014674161257177585,1.629076569067304e-18,3.0024856059064665e-20,6.298667105231378e-17,1.160444571358338e-25,3.8246993444996987e-19,0.0009378334102861781,4.3167233263354446e-20,0.017030707093081354,5.9741531681018615e-21,0.6655859430338551,5.309337424657209e-17,1.3365090069014738e-17,9.675144766125935e-5,0.0025977465245780973,0.0003164492616932695,1.2123434635857559e-15,1.155656124938861e-6,0.059360436301914864,0.0001675752653795052,3.144374218870649e-58,1.1105988175785487e-19
2.4309587948293956e-15,9.263751425845811e-27,0.04464096273256747,0.000137873365281372,1.3225634609583282e-5,0.0071609770633919295,4.01765159217879e-21,2.1407415011371723e-12,3.518734438983092e-7,2.3052372737164136e-25,0.00015263692271171454,6.274140944645222e-19,0.2630344374184779,2.8045785619687577e-24,3.778615671685129e-21,1.3916070892527895e-22,1.031677323599953e-22,5.260884351097779e-8,5.204748865770797e-24,0.0003402157911515557,9.549048036885309e-16,1.8773884786236304e-26,0.01553146108390641,0.026511022308317717,0.6424767831951529
2.955394714179154e-16,3.919788648865177e-5,0.017312383751577627,2.980666540006829e-8,2.730719014646801e-18,1.0841454722531669e-16,0.0024147633982165764,1.0940612022293255e-15,3.7229394057222975e-20,0.267546735107896,7.121454599093377e-28,9.923931474259715e-23,3.6153353436246224e-21,1.9235462513392428e-5,3.254738525217013e-6,3.774074278242004e-5,0.1301791859438034,0.004971244419113363,0.11576074965357513,2.1062312769997953e-11,3.6673641328204857e-16,0.4617154719008813,7.166897479613707e-9,2.0669819992934377e-50,2.0653654818664575e-30
0.13559989475171952,8.980593464999927e-34,0.0004906324727986962,6.7556554914573105e-6,7.77426092714488e-24,1.16438984176735e-13,5.8034948779409074e-6,0.8614165746103092,4.996865789416763e-24,9.506207640116763e-33,6.791008837204727e-5,5.651422020812616e-29,0.0008876267266599402,3.8089304328909476e-27,0.0014827911942850273,3.0236191298370644e-9,6.63240039420816e-30,1.5154380947585746e-7,3.0264325541782257e-12,2.9496135505433024e-21,5.147019564589365e-35,4.41782135767894e-21,4.1856434843567194e-5,5.696753010535527e-15,6.520136431410285e-14
8.378616714864208e-6,9.881280840897384e-48,5.425153098856622e-22,6.428580576217543e-7,4.55478579176916e-37,6.697381721838392e-20,0.09301371113439273,0.4232144594493923,1.0173587327950231e-38,5.814714459751334e-49,0.32481426179422507,1.2036510911642797e-37,8.794815525435329e-11,1.5416890076218052e-41,0.14347353759282383,0.00030458075044438365,4.8614382845908e-40,3.214465430909401e-10,2.4098370875343657e-12,1.3685991829400952e-38,4.7963805533198114e-51,4.657760834483219e-24,2.498527699648051e-7,0.015170177539374528,4.830241110842579e-20
0.007639590245223952,5.539186529938093e-14,5.999154311938139e-16,1.7683328844513168e-9,4.022727230993374e-18,9.693057346491964e-10,0.8316344919323383,0.001225397939450211,5.734616131295586e-20,1.8707309264248186e-8,0.002168524000903157,7.590607268745274e-26,4.4050156453191005e-18,1.116088157757508e-15,0.014579099234841958,0.13580552646693958,3.284729160131807e-5,1.9028547390353454e-10,0.0013785807356619369,5.502160879952835e-11,2.596225408779843e-13,1.9410656941808307e-5,0.005516509805526172,3.939732700271123e-59,1.4324278008406268e-27
0.04437138079252387,0.019504758368390798,0.22668922698462207,0.17229761181368797,6.385684034572965e-19,3.968500706176095e-20,0.01391138216632133,1.890229817364219e-5,6.054703336924759e-20,0.00283193643019008,1.2928492293336839e-7,3.730818498416252e-10,6.931853467303767e-11,2.1976641511231378e-5,0.0006145088425617999,0.0029457992322724324,0.029384532804012983,0.2633361885283657,3.9407219029512437e-7,4.2456352934768303e-13,1.8883561402736465e-12,2.3732197122450635e-6,0.015486382035769235,0.20858251567082692,3.692309863877198e-10
0.24683033082992395,2.34193029575439e-31,0.002756909970547719,0.006024390116009294,1.4298664885377539e-32,5.912552639547429e-25,0.395945276880202,0.0008819759814496364,1.286544407398931e-34,4.0492107098123336e-29,7.734231153218592e-10,9.473848635316287e-31,7.307681507013243e-8,1.51156416706303e-29,0.30715420820025174,4.823997110795736e-6,1.2895713029240174e-24,0.04039928879024542,4.7213158646962205e-9,1.0821346679543982e-29,4.133461619336723e-33,8.11285335647433e-18,2.0347153612531586e-6,6.819473441574635e-7,1.3791417225855706e-19
7.441243714872501e-8,0.00016165393777698228,0.000158642651017515,0.28777203295699255,0.00045400193873519824,1.3430465590383474e-13,3.7889795115479864e-29,1.2902495553227453e-32,0.03650133773814226,4.512629767874704e-11,2.2558609323210325e-28,0.06607775001013706,3.094418118540122e-17,8.778480637403595e-7,1.1010523775622401e-29,6.89519488784361e-29,3.992637542831509e-13,0.42772635859395847,1.1052371161561375e-14,0.011061630505100076,0.16951606048694182,7.825835432528576e-12,0.0005653320503267616,1.0206300922305141e-19,4.2468168736329295e-6
0.001845467492554199,0.7354702011575254,0.001574915118451758,0.005059414651674459,7.99781704179722e-16,2.3367955604980737e-20,1.4780295857294948e-16,2.3416023063122958e-24,3.567721325519904e-14,0.11576302856529026,2.7784776291346584e-15,0.00048534788899034587,1.6900638294624585e-17,0.12025633288894924,2.2375577207254486e-17,3.7564936105810733e-17,0.00028541425276230523,1.65659099423636e-15,3.972867773485104e-8,7.930342149172531e-17,0.009176448793300868,5.315545539006216e-5,0.01003023400639231,2.3583954671186203e-75,6.264385074559877e-23
0.001234065682272086,4.258128449324827e-16,0.009683491077735033,1.128787002898581e-7,2.294705429370666e-27,8.866360134921104e-20,0.873247616815851,1.6809668516128076e-7,2.406023489248329e-29,8.443785646068387e-8,1.7939959909340177e-16,1.4310160623956329e-27,4.0922398753845956e-17,1.9116826043649384e-15,0.0715501648710652,0.001690816059021816,3.546675416316068e-6,0.0070485706741855655,0.035535583499034414,1.1453456391445213e-19,1.9495127800992424e-25,5.746053620286196e-6,3.3178553572753014e-8,1.3533930331496537e-27,2.2856168809565966e-28
0.0001164154824517291,0.010061264790255453,0.018162728864119793,0.6792717415377149,4.0628609060788677e-7,4.3761000983948085e-6,0.0031854460398879863,2.917195138402255e-7,3.292590132552872e-8,4.9785830909758857e-20,2.412658034830801e-6,0.009996412320387199,0.05882477482234171,5.938399983939964e-8,3.19848311992953e-8,8.635867430414716e-7,6.001468910529558e-23,0.004533659605491247,2.047580974621226e-5,0.05480188628170216,0.0012097270702337366,2.3758979398004885e-8,0.13489939023476233,0.011699723182496482,0.013207855554216734
0.06462296679166037,8.091520615662601e-56,0.26024912518622384,0.0007397870580986664,4.727732152591306e-11,1.8697218717277484e-29,3.724032994987989e-15,7.708383661117295e-19,2.3220216960292527e-5,3.6946959929710045e-20,2.4127598011594647e-35,1.722928411575882e-26,8.598953051208517e-38,4.064821054603783e-36,1.2264021266930941e-16,4.4838927459784e-16,4.4021486645086564e-14,2.7502698907976627e-15,1.2570209631957595e-35,2.5045295424181893e-23,0.008754517093452471,7.237479725145884e-24,0.03534673029172769,0.6302636533145483,6.752175205646198e-33
0.008272518921749397,1.979455616172605e-6,0.00244910795590816,0.06647269952792781,0.0002627214160583747,3.6506999554999636e-14,4.990591001827677e-18,4.2701076018517115e-20,0.004529396710571483,1.793040225895476e-18,1.8385369693122364e-18,0.44722414947288286,6.0749851531834395e-12,7.931345604437555e-7,3.8924323300288174e-18,6.843406952561099e-17,7.865310090134921e-22,1.575416659761576e-8,0.005950414173395489,5.64801559541355e-6,0.22919050174102223,2.364944371956284e-10,0.0812037797088188,3.5960498404353234e-16,0.15443627376912028
25,31
1.4741610012039989e-263,5.8049546625867815e-43,0.0001987723978398906,0.953113636097732,0.029954251777783932,9.27450997918168e-37,2.944885319413407e-12,2.3796763240927e-7,0.0009477501269350077,0.005239770425653019,0.0011036804032122766,2.3783397240783167e-38,0.0033580091525109304,0.0023907459025083143,2.7907572769964404e-17,1.63573129244413e-43,2.1677635586607418e-59,1.3295764926958776e-91,0.0012802231121967218,3.2963271784924544e-22,1.8298343508043193e-27,1.5875329691012209e-40,0.0024129226330505257,1.404886635361215e-69,8.168823696999807e-71,1.2193390007630808e-46,1.3845717644657505e-134,3.1881649618137327e-181,7.07640150661481e-282,0.0,0.0
0.009453299578822903,0.9797391222935183,0.008695773655139459,1.2100025075945837e-79,4.944947489425572e-233,1.700069216283922e-209,5.0486102462953735e-120,3.1498622609417035e-169,3.1810154385806313e-49,6.32008057976733e-73,0.0021118044725194148,3.711776491047783e-131,6.2677650398591835e-289,1.2126457800323718e-235,0.0,5.694761941834635e-176,2.293272804412107e-211,0.0,0.0,8.562583273067366e-91,1.753839690627596e-208,0.0,8.510034541414132e-138,0.0,7.100017303747456e-284,0.0,0.0,0.0,0.0,0.0,0.0
4.739456046031818e-285,4.68748989820748e-38,1.4225623764146175e-22,0.031729438033923515,0.4298608684160746,0.14906277379639551,0.062188295443541805,0.03164842318383633,0.057284748438343865,0.0242371518719332,0.02870009268813992,0.03496966871485466,0.037517424794099245,0.015292696696390213,0.019107453494626583,4.355094959073484e-14,5.865354500309034e-13,9.044624980046504e-13,0.00040457891334904164,0.0004206861214238587,2.244643733252827e-6,0.00645041664655758,0.027088570782965754,0.018419690564304623,0.013810769349387275,0.010523007056651755,0.001281000347932836,2.707218631552328e-35,1.3474783286959836e-88,2.044576187159516e-110,0.0
4.533867567710903e-271,0.00200518809877521,0.9258627987179037,0.057202293976634684,2.8141625587746555e-10,7.687587819349866e-33,0.0023358225485394977,2.4891744710828277e-7,1.923118294127459e-5,0.004754887879969681,6.32587133618249e-16,3.234695611904059e-29,1.9300349121593136e-77,0.0013635371819695054,0.0026798993310098267,7.194410340612972e-16,2.6610444248120045e-51,5.428724571987984e-122,3.885585314219247e-88,1.0758255692027343e-30,0.0037585576043925695,2.9923097257108994e-67,1.753427899935661e-5,1.6160938719365277e-95,2.08920841250836e-45,4.0621075479405104e-110,1.6232958534916737e-221,3.6238375957960925e-186,0.0,0.0,0.0
2.527529379257329e-6,0.8866614946413309,0.11333597782929004,1.4084568939364035e-124,4.080612486857385e-189,2.0187402660157845e-266,4.727982087898214e-38,2.1941130649958528e-174,1.4495062806655873e-58,2.1461667930438986e-97,5.335633861244114e-181,3.432455473816744e-197,0.0,4.680549687479945e-245,0.0,2.9493418426206984e-282,5.436266786365e-312,0.0,0.0,1.1298172374723264e-215,3.861683819376186e-276,0.0,1.3660105710921803e-126,2.5443574597e-312,0.0,0.0,0.0,0.0,0.0,0.0,0.0
4.855407929864825e-18,0.9139079290149106,0.08609207098508934,3.487367938694295e-68,6.103954787904628e-189,6.007949649650512e-211,5.9765172654277235e-59,1.1395388343713865e-136,6.972046217667815e-73,1.2153373965870846e-45,8.030986240630703e-119,2.1860758148684914e-178,1.4432970743457365e-202,2.665014187958695e-212,0.0,9.205147966966234e-304,3.562384844695693e-274,0.0,0.0,6.214797300975706e-218,1.2171727430238706e-241,0.0,2.9550556970315548e-80,5.567111908743334e-248,0.0,0.0,0.0,0.0,0.0,0.0,0.0
8.676241917102613e-140,2.6973839874855413e-7,0.9686979890274671,0.0284655278283969,3.2154499008476e-137,8.472732299848208e-182,1.0510384697522343e-73,8.466751398466657e-74,3.2874211652849534e-120,1.6965009118931815e-17,0.0028362134057375067,2.4113168842045104e-25,2.2143139245680736e-207,1.0278793105731e-256,1.0440785111842073e-179,1.0984657880594213e-172,1.1837308808571861e-257,7.6783996331316e-204,0.0,5.177978604044449e-95,5.226206542205952e-252,1.6981791538385807e-301,1.3487337718969477e-133,1.44309105026e-313,6.074046562437629e-283,0.0,0.0,0.0,0.0,0.0,0.0
2.1781422610909023e-195,0.00812103730970107,0.9348912195597313,0.056987733208039945,3.4443192514828894e-62,2.3233647944413494e-145,2.811652282403161e-53,5.8927427489019e-75,1.8317363767656795e-61,9.385966382756543e-9,5.365611583532329e-10,1.0535377930030763e-121,3.839765264174931e-135,8.486030576399067e-191,1.3449937313274662e-202,8.82370425417819e-167,6.8582534650383e-191,0.0,2.980104053039095e-297,2.132239456053053e-245,6.5473722220247415e-233,4.6838615558010516e-232,1.3132911908775878e-88,5.957273510405008e-187,0.0,6.279352625266977e-291,0.0,0.0,0.0,0.0,0.0
0.010100123972241866,0.9315035283575834,0.05839634767017503,3.356172419499972e-162,1.1289454166458178e-249,0.0,1.1804070143179137e-37,2.4918747640352307e-212,4.4652624378795234e-73,5.426850113100609e-128,4.652866886906922e-171,7.700208008531706e-242,1.7119798213857774e-287,1.1587535881939835e-300,3.310201281023307e-295,1.5378729239908868e-224,0.0,5.5e-322,0.0,3.1054367875701828e-232,9.41192284e-316,0.0,1.370741822474943e-153,0.0,0.0,0.0,0.0,0.0,0.0,0.0,0.0
9.227609001690031e-28,0.9999690559386814,3.094406131849762e-5,1.625774646164899e-25,1.0041235017465305e-219,1.5818254914585888e-207,2.2007067642069714e-87,6.608799823604906e-90,1.843997681428091e-57,1.126655354255779e-45,3.2928349230304788e-18,1.684098380760575e-40,1.8727557576268045e-275,1.8382717736557112e-289,0.0,9.06171015911152e-199,7.387371603091165e-270,1.0315853421460189e-256,0.0,1.0356088544744657e-122,6.733534097347259e-256,0.0,5.3767702163012195e-173,0.0,0.0,0.0,0.0,0.0,0.0,0.0,0.0
6.933938148680436e-163,0.31331509293245685,0.6781540962970752,0.004225060939168218,1.1547832765575613e-183,2.2982842762422797e-277,3.6655937082072694e-89,1.5168529624242476e-117,0.0028584167785187203,1.727293453876316e-44,0.0014473330527811066,2.64930173443257e-212,1.196837013086636e-236,6.292814533848295e-159,7.881522539292082e-308,5.086825402260378e-227,1.0514009395168532e-303,0.0,0.0,6.967349620188358e-165,5.741567436505882e-274,0.0,2.0233038843308356e-113,5.411524618647016e-105,3.30104355343e-313,0.0,0.0,0.0,0.0,0.0,0.0
2.3334160829231304e-24,0.15579759416023115,0.8442024058397689,6.769016958907614e-76,1.253693013654737e-213,4.463101968252006e-210,6.175609074590887e-110,1.67338868693491e-127,4.162808609701026e-81,9.604115215540093e-66,3.8136515362638493e-69,8.228998505799257e-135,2.0496030954838485e-302,1.239864552671191e-205,4.94007965700161e-285,8.832172763972154e-200,2.148763866472752e-241,7.784558439152191e-259,0.0,4.2507901576744214e-137,3.979634858138833e-248,0.0,9.207080042743644e-106,0.0,5.636634644923096e-295,0.0,0.0,0.0,0.0,0.0,0.0
1.7104445814843297e-209,7.855256232917749e-11,0.9434443253081476,0.02003037237246795,2.869402430522516e-89,1.903454719649607e-101,7.125964372345963e-70,2.3900062133976166e-10,6.845655364952686e-31,0.02141149581704913,0.015113806181786272,2.0321303902455807e-47,7.6809974767223e-82,7.179746328761901e-103,4.13264304506927e-164,2.5009944957417155e-151,2.5509557644072895e-141,0.0,6.011723426463722e-210,2.662699519678014e-97,5.847851664681154e-117,7.475796585472173e-217,2.9959117604559407e-12,6.509231296351995e-164,3.089192278734259e-168,1.5850608189269728e-236,0.0,2.0150734032162205e-270,0.0,0.0,0.0
2.633889156688724e-20,0.30896979468489694,0.6910302053151033,3.212324529375709e-39,1.8935046231752105e-192,4.407938873341374e-163,7.244571102919995e-78,1.250105133389647e-111,2.1301631774105364e-57,3.7028488106792147e-50,9.442816697088462e-22,1.6069015238787086e-82,8.184824335675145e-259,1.4915291789218974e-239,1.7654250241509146e-295,5.641501922574194e-179,8.784714015852928e-214,0.0,0.0,3.769326808619728e-96,7.475345381500755e-215,0.0,2.0443461019574395e-105,0.0,0.0,0.0,0.0,0.0,0.0,0.0,0.0
2.4036309013483956e-158,2.544171314065684e-17,0.6814465394571019,0.2951911502604465,3.602888816029302e-75,5.43381621273399e-139,4.0173131090072585e-92,8.972715299147845e-74,1.2491823222348659e-113,0.023362310277951253,4.50021313390831e-12,7.773177866067539e-29,1.3505098726051836e-188,1.2244720589909485e-172,6.735199337035928e-149,3.4965814087662517e-129,2.547581230960843e-228,9.182468353777122e-280,1.1134587894405098e-301,1.493940182900785e-57,2.9255220786774005e-178,3.185117394086715e-250,3.007815578292432e-90,7.041373396429901e-275,5.183170821816058e-241,1.1192933945306578e-300,0.0,0.0,0.0,0.0,0.0
4.957271950823593e-79,0.18738606838004207,0.8126119031010531,2.0285188964855994e-6,2.0973550214678737e-166,2.3186134747932228e-201,8.678583464667378e-131,5.057629272037033e-56,8.858842311960783e-110,2.103921480826042e-30,7.934258582523778e-15,3.154456736944749e-27,1.6919618085504767e-140,2.779523650386616e-266,4.348705816634466e-232,9.75530814647357e-218,9.507422642483115e-208,1.8891133721375196e-274,0.0,4.225013682588486e-145,1.8554385124907657e-300,0.0,3.103171113571669e-135,3.200889703245507e-296,0.0,0.0,0.0,0.0,0.0,0.0,0.0
0.003949327856589484,0.9446836360170293,0.05136703612638119,4.925093388837328e-28,1.2221805007972738e-207,9.37058352824756e-234,5.335709585887133e-72,2.154480914375723e-73,5.146317599238684e-114,7.946941557909841e-19,9.592700916202978e-29,2.398171151539616e-25,2.1674997511783915e-235,4.0601879047087224e-247,1.48094668421542e-279,1.4294615060526447e-145,8.218904938902019e-202,7.561199779004566e-259,0.0,6.729557608088898e-65,5.142947168327982e-206,4.505913038551816e-256,3.432787387616025e-157,1.56489746475055e-310,6.581728135226564e-302,0.0,0.0,0.0,0.0,0.0,0.0
3.212487608470864e-143,0.15967872925180518,0.027998939927410645,0.10863941155469567,0.01297216536883102,4.0160186518562937e-7,0.029708861912137917,0.18549595296415697,0.09626165627534058,0.16505729351195605,0.12210856713610271,8.923753874189908e-22,4.090784326350181e-33,2.598504410680099e-18,5.505952731491948e-11,3.124745598192306e-20,0.03720380370121198,8.018428706510802e-32,7.945092012226352e-80,0.05471593656192918,0.00015828017742648313,2.2939037963382362e-35,7.081208278871622e-14,7.78646612314174e-18,1.5375617447524026e-55,1.7092798627064924e-94,1.7180587911822161e-102,1.0347486082005588e-119,9.32e-321,2.1891742588706933e-251,0.0
4.916752020826889e-60,2.520845426905153e-7,0.9445028253750244,8.739606415505729e-6,2.3692819267696262e-110,5.758752556472502e-107,1.130943177092502e-57,2.0235474306411302e-39,1.8215249089050022e-72,1.4945395927818723e-14,1.0694702840506601e-7,0.05548807598697397,7.216546129645453e-127,3.43381829368927e-140,1.1744482245567e-146,1.4824762196631377e-150,4.240209432683282e-154,8.779924599111803e-235,3.4346544523677024e-199,3.640218307511901e-95,3.918706047020284e-173,4.3758327414698246e-163,6.801315204456273e-71,8.83973075418205e-244,8.061518537322779e-261,1.2550270417256608e-219,0.0,0.0,0.0,0.0,0.0
2.8677508549466116e-9,0.999372103226933,0.0006278938702945872,4.6800911059113213e-26,3.0003407764423465e-28,1.523533352006801e-119,3.5021613344970905e-11,2.0216127963479884e-86,3.688129031163234e-29,4.1427505540599056e-45,1.6365203764221905e-89,5.5750292221931145e-117,1.8902724654161708e-172,2.951994200324562e-117,1.244755485058901e-120,1.18590135131189e-121,1.740593203911546e-110,1.3180449776653905e-226,5.725205418639899e-260,5.055568824559302e-77,1.0904652928720207e-106,3.832795767843306e-192,1.100732405004334e-46,7.197823375640041e-134,2.835034321306237e-192,6.250404922427998e-228,2.4818942492392e-310,0.0,0.0,0.0,0.0
0.004870331010658766,0.9951244982633289,5.1707260125593384e-6,3.7879602769089185e-152,3.5264641245036006e-294,2.3028581071183907e-254,4.7331170981572e-95,5.9866305726482324e-192,4.038819474599153e-93,3.0523813963032594e-100,5.1044486579073e-84,1.5661639691949495e-151,0.0,1.5215981190920692e-287,0.0,0.0,7.380380790967541e-295,0.0,0.0,1.5583749757855601e-240,0.0,0.0,1.2856775420679111e-184,0.0,0.0,0.0,0.0,0.0,0.0,0.0,0.0
1.5044464178264992e-24,0.11890387531231206,0.8810961244983698,1.6904123201630174e-10,3.0489063613578637e-168,1.0757930509456154e-134,1.5376178903637492e-65,6.81135500141862e-83,3.5975124714100762e-99,1.5566659841178784e-27,2.0276686370434775e-11,2.514556090951249e-25,3.495017343602181e-204,7.21620869137504e-226,5.075006292730617e-270,7.900983973125265e-204,2.245612926425233e-220,0.0,0.0,1.4175305030811583e-143,4.80349950980862e-221,0.0,2.6486750545075095e-107,0.0,0.0,0.0,0.0,0.0,0.0,0.0,0.0
1.6016371751763273e-131,5.8607599774185e-8,0.9588498860520845,7.060602358411647e-8,1.6241058400295775e-33,5.957020408709799e-86,0.003743341679562008,0.027972995080164965,8.2495048205731e-7,3.411949122593072e-5,0.008071130700058432,2.0060381524558254e-28,3.328386137303319e-82,1.8580983586603066e-41,2.1007554568456015e-63,1.9808461400453255e-50,2.2938238834676658e-84,3.6853252201121614e-183,1.0598840559652062e-75,2.40630200044028e-41,8.177843171293378e-29,1.1663453564130746e-32,0.0013275728327988847,3.073373650388116e-139,4.8964438729317535e-57,2.5575955837006545e-108,1.2046901014740611e-234,4.143091417847333e-261,0.0,0.0,0.0
5.516616e-315,1.4058441933353738e-33,8.831047750526281e-70,1.1129409277978445e-23,7.888380078453752e-31,0.00010543936645713599,3.215037084666714e-12,2.5651376540827665e-18,2.445225858382249e-9,0.0013549432888737877,1.6529675938986655e-9,3.659086674468933e-17,0.028272260020986265,0.04227250918286564,0.0001678039518536954,0.1081607892709897,0.13411013897810867,0.09013399105667642,0.06538387870826762,0.06558448079539846,0.07422085402331322,0.053649959387700716,0.04796689069610828,0.019401058092156646,0.06864262973084985,0.05401450754903757,0.06243280347696772,0.054080394635558665,0.01201786547456859,0.01802679821185289,0.0
1.3018667034405794e-72,1.6759326097695105e-6,0.9999983240673899,1.4673271510896616e-38,3.3948355219936316e-146,7.823188962186085e-178,3.1728550746178773e-93,9.645072177891053e-71,5.508615523589584e-48,3.9485105768358285e-31,1.9640237139886566e-51,3.703772091073364e-75,7.736871400367277e-167,2.3155727661116772e-136,7.530805793695637e-221,1.533421654836787e-172,4.151515779594295e-231,0.0,0.0,2.0077859553855395e-139,2.8692384630823737e-172,2.133259789505207e-270,1.8422734916514174e-27,3.514800535327028e-263,1.6524008464675943e-222,0.0,0.0,0.0,0.0,0.0,0.0
1.0,0.0,0.0,0.0,0.0,0.0,0.0,0.0,0.0,0.0,0.0,0.0,0.0,0.0,0.0,0.0,0.0,0.0,0.0,0.0,0.0,0.0,0.0,0.0,0.0
3000,700,2300,2000,2500,2100,200,800,1100,600,4000,1800,1700,1300,1500,5000,4500,1000,400,1400,1600,300,100,900,3500,500,2400,1900,2200,1200,0
200:3,3000:27,1900:20,700:8,1000:11,1100:12,2200:23,0:1,5000:31,300:4,1200:13,2000:21,2500:26,3500:28,800:9,500:6,1800:19,900:10,2300:24,1300:14,2400:25,600:7,400:5,1400:15,1700:18,4000:29,2100:22,4500:30,1600:17,100:2,1500:16
