40
0.0020644376291679054,0.0007450657984267372,9.21426954677445e-7,0.00038653083702962253,1.4118353218804717e-9,0.00824837558582288,0.0069072470610875535,1.2767909906048851e-26,1.4712049298220886e-12,0.0010596102262052755,0.0008823329848397229,2.6603475613059385e-7,3.170636202519505e-12,0.00653751181469387,3.0376572861934996e-6,2.630798181354475e-7,1.2325676063892705e-13,1.8208998524568818e-17,0.00042035759053112145,2.408812829256036e-7,2.4840453257819086e-8,1.4644923455191392e-58,0.9582589865592317,1.6659649184894896e-13,1.7562368005037369e-15,2.1678339696694438e-37,1.9221399946258754e-11,1.4952552377262268e-10,4.1639776901257935e-37,0.003477566348576402,7.249052091724685e-11,0.010310262684771308,6.4285206446443315e-15,1.5045450704644019e-13,4.402958789265546e-114,2.353025475020807e-31,2.5228142095498694e-10,6.220464929019941e-7,0.0006963370021271671,3.2053122665302664e-23
4.8154792392606e-72,0.055272522257998974,5.4339924287861635e-6,0.009692879725646218,1.3934485173739847e-9,2.4876820352334197e-5,0.0007661764648599723,8.055941383914443e-33,2.779920304216049e-8,3.70303484585664e-8,2.2747171036346413e-5,1.344997146109788e-8,1.6664618477433458e-10,4.149459859109952e-7,7.836578880996824e-6,0.5216192772434726,5.22895524055546e-8,6.843969459836719e-15,4.497066232260009e-10,9.368491645229554e-14,1.2363736797808867e-6,0.04920298702945016,3.800526960863246e-11,0.00038619223551853685,0.04403172859122412,5.939374998721526e-26,4.919713019806117e-10,0.11262277023440903,1.1242395462939215e-16,0.20212095973058472,1.281449761918393e-6,5.140705849626029e-14,7.240835409294504e-5,2.2116037294553234e-9,3.536426463947756e-5,2.5727194093150723e-12,3.025137626852239e-9,0.004025624996156743,9.4374012199542e-10,8.714224776084466e-5
1.6676989143130931e-7,1.886362842248292e-8,0.016758219981690615,0.3926023897651727,0.0008301624741460224,9.251999510414193e-8,1.5532906210500062e-5,2.455106949416911e-7,1.5437159048818157e-8,0.0011432680163765403,8.5103659551077e-10,7.374892756925025e-6,3.1897756034151905e-5,0.00258377659662612,8.60283208917117e-6,0.01243175647215595,1.38115842666543e-6,0.010844903868749834,0.0002143176607909553,6.111698951355845e-11,0.0028298920747523958,0.036695853472331355,0.020192911119321227,4.880386359634198e-7,0.00020042814571751965,3.723934077940346e-8,0.0006906703463586888,2.908065536987793e-11,2.408174571335418e-7,0.0007917065531733625,1.1254163164291965e-7,0.0001669653317309892,7.039739549302576e-13,5.790372117568731e-5,6.566997043969176e-17,3.5639327954008354e-6,3.677984634506661e-13,0.4883349654706941,0.012560127944040461,8.825942028714743e-9
1.723082052070102e-49,0.00012609704679967393,0.001753800356892691,0.21970199588530204,7.621902771788054e-7,2.168013857379963e-5,0.0002923193314414661,1.5189191750317633e-24,7.23641263669595e-7,1.8498752841169672e-6,4.2502876800869227e-7,2.317279910390906e-6,1.6373707694669537e-6,4.29548777884275e-6,2.989952331568143e-5,0.016381267575587055,1.8087749746161502e-6,9.66078639176831e-5,0.019412549549285205,1.683693427497986e-10,7.32506294049145e-7,8.003377201421123e-12,2.7010369816711785e-8,0.01640047596711202,0.010961736412499134,8.091629960032602e-14,1.074498496110113e-7,2.4789073596375996e-7,9.6227265773422e-10,0.005808055440432508,7.5444499945424475e-6,1.3237225845016457e-9,0.6830284320402084,4.0622989580592464e-6,3.8120829113010475e-11,4.225225730833382e-9,7.017628515259385e-9,0.000254803631122585,0.02570370351799776,2.0720860111993144e-8
1.0411228337161914e-8,0.00019692937671062286,0.020121536923884586,8.095184181203056e-6,0.14261385961356443,0.0020126969573498314,1.0522693523738551e-5,5.333914914615397e-7,0.008458903414789611,0.05120264415765359,0.00736168000877762,0.017852613534680657,1.1842950440859427e-5,0.07204431800434506,0.022881322829091413,3.395306199958935e-8,0.0003392409399862464,0.00024251960083816605,1.0621513146873152e-7,2.1586626312433535e-8,0.5386447303802641,8.032576829550032e-7,2.949057072873051e-5,1.8734536587321406e-12,0.0002219679038324252,0.005937651484941047,0.021652489785339374,2.3630356650160254e-8,0.0003642277911940845,0.0010642233902496325,0.04333934756713568,0.04208894343841496,5.5950210353875745e-12,0.0009791472125184788,5.508948281739244e-21,6.884804418257911e-6,3.677910702575331e-8,0.00010636399541789409,8.412975659629479e-5,0.00012010649697674023
1.6619070563335407e-41,0.4936908432529971,1.1459585189765895e-9,0.0035233732723504324,4.8310874914477245e-6,0.2682222864665308,3.681307968479496e-7,0.014863603956568812,4.711744840840847e-7,1.556568959713353e-8,0.0014441839716806282,1.1936236830586373e-6,2.8392903267838963e-6,5.088410794459797e-8,7.07974190929484e-5,2.8219099737342012e-12,1.6411097086216815e-10,1.5111754398952012e-11,0.0002049241416633433,2.7960716261610082e-15,7.520541866086866e-7,1.1008965922700947e-13,6.7381277009318e-17,0.021646738637397692,0.08525677119141574,0.0026333243611204793,0.07409748328154404,0.0010705557412721259,4.5792381746454274e-17,1.160774279149755e-13,3.375858062582788e-6,8.023030300420784e-15,1.4600843627137868e-9,5.326046120109723e-5,4.850730123575091e-12,4.4022271215304374e-14,0.03320775521156222,1.9814583366055593e-7,3.5801062507970237e-12,2.2140445617597992e-11
1.468224796612276e-63,4.195910411151917e-5,7.754843128956954e-8,2.02301176563223e-9,1.585727877918968e-5,3.6325004387208268e-6,0.010133091336399185,5.1477083865925994e-11,0.3761764340259481,3.6773167511246224e-9,0.08008163626678783,8.876618137961968e-7,2.790075916508917e-7,3.835076281816603e-7,0.00024194059777095972,0.5139593470310685,6.964066926218423e-7,6.379861623713322e-10,7.016233798509135e-12,3.2737322699057315e-11,2.8026787022737534e-5,2.941137768629829e-7,3.2941812622768956e-16,3.224887691783509e-8,0.01299053831357802,3.7357558775753144e-12,2.5137897402527106e-9,4.795736450238123e-6,5.172313829630684e-5,5.583441537516858e-7,0.001753368644121826,1.343201564352809e-13,8.66259811576027e-5,8.659606380457268e-5,2.4393148655193e-5,0.0005253803953175961,0.0037911358000604204,1.7689342798192528e-7,2.597039266078939e-13,1.2317037330952314e-7
0.8416271917988195,2.3811117484088636e-59,8.84540468947456e-11,6.396580953443544e-49,9.029290295221232e-6,6.194188575322299e-50,5.4048208654368095e-61,0.00014122022171858222,4.1913977800254005e-19,8.102050617193603e-6,1.8460562958079567e-31,0.00013843974567310995,4.338131454452482e-9,2.3641523165489354e-6,5.1519874856122326e-21,0.003088837252031743,0.1066952837707096,3.874923914766934e-14,9.073314886555387e-33,0.0006512086886254667,3.7952478498638616e-8,3.6895042017692844e-52,6.305527485602524e-8,1.5252405755625788e-59,4.716559046438843e-55,1.11580113628753e-7,5.79894537840278e-8,4.886635559037113e-22,1.116098392337159e-12,9.736439183029827e-55,1.825927969146734e-24,0.047638047943736786,1.508890474751752e-54,3.128493610091651e-11,2.3036659843479498e-96,2.6609521433707586e-39,6.135185788830562e-42,4.9107395416232173e-11,3.0294686373679425e-15,6.291281547074542e-42
1.3868819992340846e-29,3.3881923225243595e-6,0.0024435009787016405,7.468932675472798e-9,0.24971776847582325,0.0002167961987553318,0.00043555079296869124,0.01448102211618253,0.001509409908830906,0.055839956311663635,5.114170061493489e-6,0.06448315371086455,0.011783848107881124,0.0012894720791321273,0.00020598509065265384,4.5823321293942354e-10,0.004520747264939124,7.639793625012797e-8,2.9554062082745035e-13,0.013464232122309044,0.5486999358306973,0.003342710487212698,1.2548772687983388e-10,6.0221830068452685e-15,0.00015432274526510194,4.498819746272769e-5,0.005344700109894096,3.953138557202494e-5,0.0023688999344135355,2.4473758149763433e-6,0.00016039365508900712,0.000265947495817449,3.368890858132871e-7,0.01579951045963082,3.886100886436617e-5,2.718066250595262e-9,4.320209007351664e-9,0.0019123555048323451,1.9138967997668485e-10,0.001425021718702906
1.1274711219952683e-6,7.925940221103672e-8,0.13147567313297367,0.022862360098998214,0.0011743536140132937,0.024059250315043853,1.0806462113118694e-7,4.1446782376023146e-13,0.0070521723321962946,0.02033974294783699,8.555603547609672e-5,0.0005889192695228308,7.003109238940911e-6,0.157338494407764,0.21592464499122116,1.14305092565671e-5,8.449773999938472e-6,1.4060488320786149e-5,0.0010816166451743637,1.6999701815044662e-9,0.10116577269122494,0.0005279826140533846,0.08785173628308057,2.341525335172559e-7,0.0005130215574412339,6.540180229656058e-9,0.0022859035238639285,9.871193148740061e-11,2.2401047720224604e-9,0.0816668644583725,0.006961583833889243,0.016583021109307594,1.086691882550598e-14,0.0002843985421716207,2.5416186898871918e-18,2.062684321326558e-5,1.0290044510517597e-8,0.020889567090657875,0.0865137163979284,0.012710507566642578
1.4319802837065272e-48,0.00010331183843345392,1.340360270513013e-5,2.4235267387230446e-9,0.01668861871764694,2.7172785314831647e-5,0.008721736849800444,4.382833520561752e-12,0.35940308704274704,0.0005814932950171,0.006700414675200924,0.00437249328041724,0.0006611804122951255,0.0017374899075444901,0.00014242857079217538,0.0007794614631586714,0.0026062443715348946,3.4965365080092547e-8,4.620196370560724e-13,0.009474600222356286,0.4741823997253075,0.03306498801972052,8.533861309627535e-11,9.958266525607356e-12,0.015513443237984804,2.679009140346241e-10,1.159261645437869e-5,0.0005491295331106671,0.00013163464782347717,0.0038028944039788463,0.03957809328630525,1.2664528651480138e-6,1.107305377194427e-6,0.020656890421937697,0.0001338631408896926,2.0491821404448936e-7,2.1814051338774735e-5,0.0003064836539350814,5.1960223199659985e-12,3.1019787661666246e-5
5.3822272449372864e-5,0.0045027563042734494,0.029881536895368606,2.2048863793261765e-5,0.07555161513294266,0.0001040903781373299,1.5055541323402093e-5,0.001714998478490179,0.00013196455142478844,0.0994449765381742,4.048597235380411e-6,0.004343909344134171,0.000250639957698517,0.0897624518610884,0.0009552033141459934,0.08924174027663251,0.0029017910683146256,3.3645015235062405e-5,7.682594805139697e-10,1.0184380558305575e-11,0.49178829865915663,7.874467513854737e-7,0.00016055015450014382,2.53457759351688e-12,0.00010265721880465138,1.441442190627078e-6,0.003848449754563653,3.4395389930684776e-8,4.423268454127503e-9,0.0007126134391876082,0.0010774128643599563,0.10166717629256969,1.4650172992820026e-11,1.2677955209743223e-5,2.526788349939532e-22,5.697488415864809e-10,1.3833907982647392e-11,0.001456501078926345,6.696031837457324e-7,0.0002544295018640958
6.494760969657457e-8,4.089282722709113e-9,4.5506644279751375e-6,2.4864141188420564e-9,0.05625465460936397,1.6013138142618625e-6,8.369392906393223e-6,9.407928322497947e-7,0.5794256329324835,0.0009671815023987394,0.01403126020954686,0.0032784974740435384,0.08634127749874584,7.710399583118342e-5,0.0006100784641481491,2.1934502340976408e-12,0.0021008946187509917,0.007952831577765995,5.504141113488565e-8,0.0001761758880262579,0.0011165606724269838,0.0035566375771226124,2.075957763274342e-6,5.793169005526312e-11,0.0007968372636216382,0.15669279155299223,0.0025693026052027285,3.016595942612863e-8,0.03262321518855817,0.0007260468149217525,0.03216266323692331,0.007993919140231806,2.250538566555182e-12,0.0021135359805688164,1.863751991748944e-19,0.007127071023938643,8.002355902809003e-9,3.3209530503166978e-6,4.99768470230925e-7,0.0012843065337130122
7.833464117469707e-8,3.501718101616661e-8,0.3713954250325993,0.1320097016180174,3.0192135115886207e-5,0.00463680763566059,2.6877936804960192e-8,1.2792173994703264e-15,0.0008877519574497205,0.012093763358604152,0.00013265095525310272,0.00014403543028560252,3.0436576061300123e-6,0.10084065479220991,0.24328096783680597,5.3319309473832005e-6,3.69225418749777e-6,1.2321418392915846e-6,0.02211409258875414,2.6180548753691206e-10,0.0207475591136296,0.0036743575273320106,0.033936647586629023,2.2044158205154304e-5,0.0014045448408838606,2.712037588329343e-10,9.909231970416377e-5,1.001703082005461e-9,7.195155525581935e-10,0.002681110272143562,0.0001491315190178166,0.0009744084121752516,1.8384048254881687e-14,0.0005149443773467904,3.406499438911145e-19,0.00011663067554505112,9.584811601438152e-9,0.032537683869035265,0.0031244038173378675,0.012437946116860058
4.077505300950672e-31,0.0005702835986844079,0.5466458104079526,0.1462519954432955,0.002105773503875165,0.0026301461663474353,8.167337559467013e-6,3.3098273724934046e-20,1.4619020002748765e-7,1.5065681146556487e-5,4.011883723633113e-9,0.005489756675060402,4.2335595747407915e-7,0.0007689172669435272,0.013417586110177277,1.1584966373562323e-5,0.010623775600512673,0.012987296371635917,0.026030592630926105,0.005955227920128094,0.015784812632814747,1.6409682346222652e-13,0.0004406251754215634,0.0009316436673080437,0.06854000401781654,1.434663829412851e-10,8.758445497264166e-7,1.3798933905561608e-9,2.8665619424652752e-6,0.03160288971745544,2.5441103347589393e-6,0.004694182224977802,0.0013796559612259836,0.0005062767237388879,1.5206294166120138e-13,1.6221927369326872e-7,5.5854510926694895e-12,0.00030759311965175876,0.10225268798838172,4.06252671855156e-5
0.0017271133474973108,0.09241019310436198,4.258670713749226e-8,9.546546256008082e-11,1.1964955680029709e-11,0.010034807107947494,0.0010944441611752563,0.0020913766694207396,9.268956085872907e-11,1.4226243024303178e-9,2.3866990432577987e-6,5.850225874362492e-14,1.3988984741077585e-9,9.68004748313113e-10,1.2588618361017422e-14,0.4115261532081426,1.1501677611096196e-7,8.413833644027745e-6,0.0007396984288033299,6.299099227022488e-31,3.978640800915929e-10,5.695242961386632e-12,7.021627260755278e-20,0.00015993418622989804,0.271708996065202,5.464322885853108e-21,2.8815380556773977e-9,0.04311640318682742,0.018344452537025095,0.035439188565669855,3.2155737079641738e-9,6.717789391300975e-25,0.0009237967086628447,5.790563991025384e-14,3.1640814954312e-6,1.3537330182051973e-6,0.11066792880075497,3.1567312103319062e-15,1.133101049675979e-23,2.748114435516315e-8
0.005617699824842932,1.2135934778014358e-15,0.0025670895999176345,3.5641208373343713e-7,0.0010273646587233242,0.31518640298078354,1.0464278276955348e-20,0.028177802486753434,9.255853227514654e-5,0.017019484254048783,1.6075712681663454e-8,4.672724428165969e-5,1.9139340117478847e-8,3.788468628280121e-5,0.000533777072106336,4.232061550562076e-6,5.3531326772869864e-5,4.617515817560006e-8,3.5972475850419696e-11,1.3625434122128789e-6,0.020405322305811324,0.1299883369700869,0.3906850869304836,4.488896984253602e-17,0.0018298356269088572,1.223582900717271e-12,0.0001514743848286884,1.455427948243275e-7,3.707286413380529e-17,2.901753605378515e-13,2.890958719524759e-5,0.0033522462667106966,9.313195618385883e-21,3.7334481304152905e-6,1.1828613341791888e-36,1.678651274206104e-17,1.0227234036332226e-18,2.6828360820854696e-10,1.3885881821696514e-6,0.08318716496905021
1.1165780742464176e-11,2.191221449592425e-11,2.0693471495595558e-7,7.525949779186069e-11,0.001183969311553752,7.525715647892848e-8,1.8027439092794915e-8,8.610870562618215e-13,2.3781398395161907e-5,6.071517018641056e-7,2.539865610763712e-6,3.3928889229489306e-6,0.10792447996714873,4.236499057505226e-6,1.8637269799893744e-8,3.496890336013176e-13,5.568368971840538e-6,0.5235497594444418,1.9719176555421065e-6,3.019809529964914e-10,2.0736438505583264e-5,0.00011897380319536393,1.705811673988022e-10,9.173590432001035e-8,1.545973581150274e-5,0.009071709046540356,0.0022723323602173388,1.7441769212815985e-9,0.2544933491317228,0.015281214335303309,1.2890210368077034e-5,3.273948547225236e-7,1.5062345289529082e-15,0.00047824931523589406,1.0417805613871074e-23,0.08273092082975658,1.1023587505990276e-11,1.3981791114663954e-7,6.95477099108772e-11,0.002802977767772788
1.8962940717674812e-30,3.808276752306267e-5,7.63283169766515e-9,6.388984040315002e-7,1.0592129234091605e-5,2.832120084086056e-5,0.0002908337555237033,9.314567249091435e-23,8.952784251482705e-7,6.57650892704914e-9,1.2630381120212434e-7,1.4519827677161226e-6,4.7743655645779076e-5,4.736787142059705e-9,7.786040926897503e-10,0.013006793320641618,6.927688163268671e-10,0.3124345369669781,0.005858335259819472,3.1536851502607196e-19,1.4753155260250036e-6,0.001658408238951403,5.95000685671849e-12,0.545691474730883,0.000280486327846721,1.898638102406953e-14,4.2801779570098857e-7,6.71460672347768e-10,7.277581124860693e-8,0.00026429215913842445,1.710444557511059e-8,2.4141477746971974e-13,1.40667951969348e-5,0.0002256157950639985,2.0628107355690433e-11,0.11864155903561652,2.4731561947949154e-11,1.8259555079361217e-12,1.6560030359856732e-6,0.0015020750387165255
0.8248946906560206,2.2840928097120847e-19,8.347979000645564e-6,4.3195761604794726e-15,6.537785912617422e-8,2.0912718766180143e-7,4.241442368825176e-27,0.10397648194491813,1.0028063804238415e-10,0.0001386507658966811,2.0691337797593397e-14,3.333030988442512e-7,5.590766294654753e-10,0.00010091933481352516,0.00020059123882412258,5.713357288487518e-5,5.599630560014692e-9,6.544909336490499e-11,3.453403078569917e-16,0.0024151998195745556,7.209726584317265e-5,4.208033528799318e-10,0.017170899417125178,7.8270566884513555e-25,1.8697149500301773e-9,3.8546035767665306e-13,2.3154755624426202e-10,3.0780255127880317e-9,5.981431476365083e-18,6.242125189483244e-10,3.316957409928256e-9,0.05096098479369914,9.253105393419012e-27,3.1879549242412816e-11,9.117902289935526e-32,1.5096809057440125e-21,6.1570903722929934e-24,3.513659221434649e-7,3.028139042906686e-6,3.001397637200637e-13
7.216506103224499e-7,0.006018793404979994,0.0007203007287615353,0.0015251149760763763,0.007869820175689862,3.8875400283357705e-5,0.0009447444626264431,2.1547590340716085e-5,0.001381236378319535,0.14924147100107255,0.00016249221116645469,0.0002962880930590373,8.71724712484241e-7,0.6688642269519397,0.05366819110764552,6.800241828503456e-8,9.096471430023791e-5,1.0367578543070628e-6,4.836454308895536e-6,9.576562701900516e-11,0.0259526835490583,1.2463398789005543e-7,0.0013071885513480132,1.927944727239675e-9,0.005219202224777048,4.731433216751915e-7,0.02558450139146324,7.1731052521423e-11,1.760919702865441e-8,6.732204594472721e-6,0.00805000720879334,0.013739962879551024,1.9604215467506085e-10,0.00012631237076580335,3.445540151540549e-18,1.1149913065929212e-8,5.122169276261454e-10,0.023261941824251023,0.005894407271404418,4.829397707397271e-6
2.1546226825222273e-40,1.556589328350434e-11,1.0492528166743649e-15,9.749347151254894e-31,1.998782826994021e-9,4.6020700760040985e-17,6.1081282367430264e-18,2.6608668885962193e-72,4.733371480021932e-23,1.9417935770650383e-18,1.1098683548323871e-21,1.2469941512817215e-10,4.03082343729771e-10,1.2166960029694666e-22,1.0365952890715335e-18,0.08349627806200213,3.2222088382353495e-18,0.033607543254202094,1.2459418528356613e-30,1.0656445179809287e-62,5.335211962661125e-15,0.33936916646561105,1.8858549845548434e-26,2.4946685536796095e-41,1.8244681216189263e-19,1.0337787286504212e-38,1.847224821198641e-16,0.0119800699623949,1.3270154227153286e-23,4.810915290779571e-10,2.9170680680853547e-21,1.0246694335204373e-23,2.93258452918746e-16,6.429898144879978e-11,0.5315469391682605,1.3049637731765064e-26,9.09381114835704e-19,1.7440530026001424e-26,1.6055150897933943e-29,1.228985211146015e-15
0.0002194358434081803,1.0679235758465322e-8,1.4141363857200082e-5,0.00040682261614557465,2.358887450132305e-9,3.5737106180261025e-6,6.366969720049694e-14,1.1045118338562555e-35,0.000398318083102039,3.8424287643185677e-8,2.24339256773789e-6,8.942334236477928e-9,9.52765342949774e-11,2.8186832364342026e-6,0.00011723965875308638,0.008968920072724212,7.767428070492984e-14,8.283227479143498e-11,0.07097358233963025,1.6626983124744543e-36,4.3840691739512205e-6,0.00012143605731169857,0.09606068511921684,3.137798912493902e-6,3.544169600863767e-11,3.292387755894285e-28,1.0213638037049611e-11,2.688911180310675e-10,2.231312893479273e-30,0.005936620058891581,1.8524493565937232e-6,3.2657452405083805e-10,1.253131302544771e-16,6.983176331788833e-8,1.8174900119042726e-26,1.6572037511576335e-11,5.98516909062006e-18,2.9404920695405607e-6,0.8167617148868066,2.231766469141825e-9
2.1620313514098225e-54,4.830947575090923e-6,4.112162085270888e-11,1.4247946572118982e-8,1.9934077855082384e-6,7.956498884297134e-7,0.03297281019784204,1.8197841412781723e-6,0.000146578567384507,3.7563581084674023e-11,0.0005627214916828762,4.464923890613482e-9,1.7316060919109768e-6,4.089046770061398e-12,1.2101128446961158e-8,9.184856432576191e-5,1.903708838712604e-10,0.0006330527730182028,1.1334637057487016e-7,6.235703497627523e-14,5.483128104041622e-8,6.584131014676917e-10,1.1834615886213253e-22,0.18222030147568755,0.032531111327227843,2.1618969008696175e-9,2.1927994535654153e-7,4.1481064948544786e-6,0.002067572380648114,0.009047577768697175,1.1102838484938662e-6,3.1469407377242955e-19,8.111425082211474e-5,0.0008192672578665544,0.015622246805529144,0.7231869394401831,6.546048645576801e-9,2.547956731427984e-13,2.916769563906618e-16,1.842070586757733e-12
7.937470848103395e-59,0.0820202453385261,0.0012348557298464196,1.2256515292061524e-6,7.474418484735967e-8,0.00015085180232983373,0.03137745621879633,4.862584317931077e-19,0.0001874278464597987,2.7480624199276113e-5,0.04450500497261093,1.7242608073141196e-6,1.542875214580095e-8,0.0016455137171768569,0.00987581020263754,0.00014567060154634996,0.0014090806167018173,1.1172111783522836e-12,1.2867330265705214e-12,0.003073138584001179,0.005269871010518833,0.00016807724854446703,6.399515868768195e-7,1.083084191913078e-9,0.7273583968176289,2.7063133352675066e-18,5.648371166678788e-7,0.00219490763111177,3.071867994314843e-13,0.0016640584164792328,0.003747517339007113,5.266355428044276e-8,6.292980338680972e-7,3.7951248678466184e-7,0.0006169595243921284,5.816396232903966e-10,9.591379423440897e-5,0.0773076852991265,1.6900651913303242e-6,0.005917078583446033
0.0003428698498593539,6.187866930046952e-32,6.22889514110333e-8,2.235545240626016e-26,6.652137416943282e-5,5.008189273175859e-12,6.020502994167754e-36,0.15474507822191896,0.010960036676247465,0.00010493674010404459,1.5520495952519617e-9,0.0046609233629985,1.4510796006362884e-7,4.632707650594169e-6,6.279377081776362e-5,1.7086512058950808e-14,0.002514533654800677,1.0991283290202797e-9,1.49533895198088e-25,0.29254811410355025,9.783409222016561e-5,1.18964531528672e-12,5.4379995987544956e-8,2.6707253744027238e-36,1.1847289400946224e-18,0.04468962587528905,4.290793011366547e-6,2.1256583616943272e-13,9.34673585926246e-6,2.1816810640311728e-14,0.00013382265120163972,0.4890542821970073,9.693480037574138e-36,9.145439833994305e-8,6.368596154751931e-41,9.727003155768157e-12,1.4751683133185894e-22,1.2942071342974443e-9,3.3407380054090243e-15,4.236511016611658e-13
1.0758356439389261e-10,1.6713793168081915e-6,0.04692329816276719,0.020700087305685618,0.031727524256674,0.20024699818912012,7.118163530200203e-8,3.66524356246155e-12,0.08242298291371808,0.033142127081544244,0.0008927012104989169,0.012866166048962561,0.0005852739812351645,0.03228254080608035,0.0520338212908916,5.6224948537035835e-8,7.630045029666614e-5,8.320931325746327e-5,4.266134813632899e-5,0.08756227066224705,0.05551268606096768,0.004098104007832967,0.000572199906514661,5.3144769450820084e-8,0.11382777558764592,2.690156939960467e-6,0.00946943048887687,3.041467626541085e-8,7.184896946088616e-6,0.053429334715530324,0.0826619359949472,0.011505729457088134,7.18784369381185e-13,0.03146350532465517,5.374318271756215e-18,0.00038668710885428543,6.43461877456511e-8,0.00970101168745428,0.0003845435969908544,0.025387271184138575
9.98906213959401e-35,0.11029334608180567,2.8637884491852022e-12,0.0006080565948361823,7.733636943672473e-16,0.00010740218458255573,3.3322586446984026e-6,6.706883758258193e-21,1.3637889604123544e-14,1.594856104310336e-14,4.74401689556726e-9,8.128436882353384e-17,3.757776166845542e-17,3.950594026701989e-15,9.90838044787292e-12,7.90656568606344e-6,5.779692820181427e-14,4.7466750135607605e-20,2.6218059268543575e-16,6.194391150275383e-20,4.940047335194532e-13,0.14793259470669953,8.276513898580021e-17,3.0340947106631007e-16,8.476352109381771e-5,9.868350156625446e-22,1.5381002252421326e-10,0.6865978452951123,9.739949277974822e-27,0.02967709682349677,2.913792164373495e-11,8.89572129608181e-19,8.340233799857693e-8,1.2007250200029925e-16,0.00011349656323813106,7.62656596863264e-17,1.2940563789238439e-5,2.590151296401873e-10,2.3128163311880893e-17,0.024561130239337793
4.728336337482189e-12,2.508232943324356e-10,4.0248148847532045e-9,1.5066461745527991e-15,0.00015137856967419462,4.329913578854973e-6,1.271238220944876e-5,0.12756789023890833,0.0004853369054343371,0.0005951243233157272,0.004319165185960607,1.4894810930002644e-5,0.00015720320191779083,5.537489766639203e-6,9.972536249939435e-9,1.614157067122084e-36,0.001683029089768632,1.2908732489558385e-7,1.9149430186526173e-16,3.4889351147317066e-5,9.965280267401806e-5,2.079755349488224e-18,1.453437251666816e-14,1.0372104980862897e-18,0.0008221592528985694,0.8122534121253852,0.0018967584036577243,1.0692655585404155e-7,0.03937409100962168,6.854000706630292e-14,3.3458737675344736e-5,2.9959230695012344e-6,0.005904465189345421,2.7107313254577105e-6,1.277183713917994e-34,0.004479720876166446,2.065687479010755e-8,1.9588463654282803e-8,4.346569785370066e-18,9.879297336194322e-5
3.7848870380931146e-42,1.6203135083481157e-12,8.435566609831557e-8,0.00024464052047147973,1.218712786668072e-16,0.00013415712284955178,3.3375187906061557e-16,3.34336137506959e-37,1.755963256323076e-24,1.3128622570913075e-15,6.329980102368847e-22,5.718605975317393e-11,2.2534120191847888e-20,2.999030524812104e-10,1.2862701820581382e-18,1.0801852928492005e-10,3.0675279676715065e-19,1.3607833411096102e-21,7.239735757111531e-11,1.0851896177699378e-36,1.3343177153378332e-9,2.2230313871695428e-8,1.1709996204099897e-19,3.193507250037127e-18,0.017504822764549385,1.7231025289705424e-42,1.485965020712221e-12,0.11849895535991271,9.528489309940128e-33,1.0346473670798435e-12,1.1496315866836856e-21,1.5142699506510034e-29,1.5781279108583724e-9,5.723919868855447e-17,0.8596030899386008,4.182783971919881e-25,1.0539077882596403e-17,0.003955925568482325,3.3413760532076127e-12,5.829868171900424e-5
3.0955734501698257e-25,0.000224580705895088,0.024426780543878337,5.717746927156414e-5,0.0024348080458782844,0.001172670099976839,0.0001289486186933139,7.0625099256756955e-9,0.004108990809223585,0.025441262987485155,3.8969811240439556e-5,0.02327652236952253,0.0001804211332931364,0.02181260464181829,0.00807031088188943,5.0203434702553285e-5,0.0010654135567333136,7.070511600279927e-7,2.6048990950408955e-8,0.18484124233798813,0.4233781209883817,8.815490337021953e-6,1.9862573791414846e-6,2.4451565620726407e-9,0.01771601373122893,7.859224460673888e-8,6.1889448000818175e-6,7.077211802741774e-6,2.8606911752318137e-6,0.237329345759589,0.006609750943624494,0.0005996518627375052,2.215068195350456e-7,0.0011312026738475162,6.20733270420895e-5,5.56958176550409e-8,2.293506624493616e-9,0.010957550995089783,7.335155197686631e-6,0.004850017824071429
0.013867910731317353,1.2042343191870335e-21,0.00022880968512788494,5.045846298534143e-11,1.4769946395906052e-5,7.820532183841633e-6,1.9376826621503772e-26,8.137691401218327e-6,1.2361935144349838e-9,0.003665777387078323,8.934657208515369e-13,8.817121998156195e-6,3.933721328579472e-8,0.0006452926540412088,0.0021762017514356455,0.0024456612512076563,2.8012488014132873e-7,4.982289727888685e-9,1.6343757022885024e-13,5.2814152545798665e-5,0.017663719384950847,4.1144975852432446e-9,0.8030973476986565,6.703259515553846e-19,7.3866173231019094e-9,3.860653910140135e-15,6.311002928109838e-7,1.1696899955054866e-9,4.436415964308415e-17,4.460615289409764e-6,1.3982108035900416e-7,0.1558447343650876,1.1106416356562443e-26,3.044668898465596e-8,3.6231042377324427e-31,1.0389553610832185e-17,1.660631102494129e-22,5.724491651487057e-6,0.0002608606758565517,9.281182435018211e-11
3.153208157434922e-79,2.151637007454374e-6,1.2594245671537818e-12,5.7350850525147993e-8,2.2548188451806746e-10,0.0001156579604476361,0.09068827617059924,2.3302465115327785e-31,0.00041214077390875367,3.832690910615613e-11,0.08584502259681452,2.6393899839413754e-12,1.236474386783954e-9,1.3846447935450694e-12,2.595007487877161e-9,0.031821479484089164,1.9464137798075624e-14,4.1609400020732857e-10,7.47156688351694e-9,2.5874600250650362e-27,5.144821165714516e-10,3.1037606066552263e-10,3.452474030477801e-21,7.124648390668317e-5,0.020682299000061032,1.931574583996524e-22,6.2469753497226665e-12,2.6270991067536973e-6,1.7760555076039384e-14,6.204691190814563e-14,1.3854724342151587e-7,3.3180401770707876e-20,0.13260457024556432,2.3573437188396364e-7,0.017804555276774714,0.01752683293165949,0.6024226957267094,1.6142840700601758e-10,4.6110207234830556e-15,1.266008187024885e-14
7.778976757919118e-15,0.00046206367392324574,0.0007132655234020248,1.0693198716009858e-5,0.7685481604093871,0.00023959776727433579,0.11455704936137757,2.7306258500980325e-5,0.003553186453162843,0.03165526992789105,0.0003424929716770319,0.002654743848197406,0.016313307147332944,0.020127608479169314,0.008044156512529519,3.03099733178674e-8,0.0008650307073568107,0.0009033443699712669,5.344998883175005e-9,2.943566739314918e-9,0.0063361186023537155,1.6357382272325683e-8,1.1107573528303567e-6,6.012943902130709e-8,0.0002725182200587322,0.0031997338247286913,0.0004611659255589806,4.813344127283555e-7,0.011474876130310865,2.8885799505541515e-6,0.0012167132153541734,0.00045449767572571165,4.925012306480856e-8,0.006801904793249272,3.6132398635514395e-14,0.0002897232298973535,1.2378048989997629e-8,0.00027037045021101476,2.3336896668301056e-7,0.00020021056842306888
3.3220439645533813e-98,3.1571490233175962e-18,3.024704032585554e-7,1.1727330372335716e-13,0.0034735772790976914,0.11625019802471002,3.1754487304787436e-10,1.1790766135160932e-113,7.638796532134431e-7,8.705673875922603e-14,4.2220653662822855e-11,0.005696902574014177,1.2759362326422994e-8,1.3664409462986223e-14,3.371570206685489e-14,0.21588670096762824,5.720525572660155e-11,0.004542782526364718,6.808046385340018e-16,6.201899323402478e-87,3.888943777547929e-8,0.037642488796747024,1.4946945348703736e-22,1.2869593988269303e-15,0.09417699070464026,8.585077292413787e-37,1.47275212639995e-12,0.0683687002483831,8.878435355926129e-31,4.693607683911687e-7,1.7217741943614347e-14,5.0602837931157314e-11,0.009080418967503247,0.006568534510665674,0.4383102005835488,1.280428335921681e-10,9.022092102153516e-9,1.403236440631288e-13,3.7250918635160354e-19,9.078374796746637e-7
9.446338380570575e-49,1.3402560641445566e-5,9.07228045784602e-10,3.2155512297879634e-10,1.4633410397092415e-5,9.890158624523394e-7,0.00028486044200114647,0.01529915493367028,0.0026959296179461874,1.6253265972993144e-8,0.000544186474701988,1.5726385594791886e-6,0.0002905184163084762,1.478425322688713e-9,2.43933489846252e-7,1.6889892377520602e-8,3.635965575225088e-7,0.000245227891917902,5.600374297406452e-11,4.270153847027229e-13,9.165400593503518e-6,1.1453201067616474e-12,1.2152753040149678e-21,6.162745079089127e-7,0.0010603591359519887,6.326303139013837e-6,1.2594899783831679e-6,2.1853336027199287e-6,0.8916183254111933,6.139677798448592e-5,2.094922928018807e-6,4.0117450550885456e-15,6.704436216155083e-6,0.004169858332722077,4.1945335469196144e-10,0.08366757539364951,3.0018205342060517e-6,8.469993008621059e-10,6.746410989421193e-17,1.0860545339461575e-8
3.896113647755323e-41,0.0005621656722198276,3.8945217444200925e-7,7.09414560076166e-14,0.12103168741260004,9.304751998071647e-9,0.0009909312285581544,5.50212677461324e-17,0.2428624241069661,0.00045582663041381154,0.484384149469125,0.0014279297617457696,0.005178000736953789,1.7438429469329965e-6,2.7577236527603167e-7,0.00020056923700645317,8.793772744712196e-6,0.0019322899865534973,1.5127878016662083e-12,6.336863298655939e-14,0.007239064512482952,1.4859630534852071e-6,9.080105848559967e-9,1.6773158617132492e-9,0.003549941403647178,3.5025522246533623e-13,5.242003312197211e-8,0.0007033089216546284,0.004614153404250515,1.068000085992145e-8,0.0738280965467869,4.4831362125702836e-7,5.484073909346556e-6,0.037172796153143096,3.6315065636943235e-8,6.807666319106782e-5,0.013779845651267783,1.8137951484952946e-9,3.369598470474303e-15,1.7549016785917174e-11
3.6180318347048e-8,1.4810851783034377e-5,0.00045620365099461116,0.7203294788006649,1.58488483672467e-6,1.1635321312808394e-5,0.005162211581620303,2.2307947949234414e-9,0.0008960278472621746,0.0003473939518541099,0.01177371897951837,1.417464897466169e-7,5.797419178296487e-8,0.000759246568040264,0.15239398845576732,2.245881520207936e-6,7.051741598323929e-8,8.524145905594086e-9,0.00015143405223493574,5.323171032151611e-11,2.111578174924923e-5,3.451977984672524e-8,0.0007906146730311168,3.149146020874292e-7,0.032289629660717356,6.484698272888231e-10,0.00016822861058808032,2.894682548156523e-9,1.6507532221948672e-12,2.2390954911998757e-7,0.008435384931615069,8.10549385627101e-6,1.3372370995070812e-8,2.865318286228959e-7,1.0830603009668554e-14,2.9713574755578774e-8,6.835244100959323e-8,0.05855770320542577,0.0018945663134254166,0.005533378416633284
1.3939903282594197e-23,0.0002491705254518409,3.7378924306637463e-7,0.00017347994727662523,4.665294275015708e-7,0.00028441317385885875,0.00029172031190239137,9.807039510422864e-28,3.332592026656833e-9,3.523586890608067e-7,1.237024842605129e-7,2.3735106047993116e-8,6.404084905751854e-6,1.4980341750405738e-6,8.050159987769758e-9,1.5945252467519985e-12,9.185794730728687e-9,0.0036879085359652433,0.8721860644757653,1.8548035843976903e-17,1.049841690866391e-6,0.0007305753647013221,2.5823713652146536e-8,0.014139235997191482,2.459544379444153e-6,1.330248547627961e-18,4.113406782724584e-5,3.824326204779449e-8,3.5566592509138034e-13,9.310551530523045e-7,2.3936013506697505e-9,1.1102136833128805e-12,8.46255966772172e-11,1.4857540911497165e-5,1.9634029640604352e-21,6.2907868849789925e-6,4.031338952225737e-12,1.4320845552572e-7,0.10817614357977189,5.092687940678453e-6
9.413389757983542e-52,0.21907806059700813,5.9290102607116185e-6,0.07407240331723484,1.3037229925458491e-9,0.022654632025479755,0.0005179365224434084,3.37632675466603e-31,0.00021904851737288377,1.4897248505975685e-11,3.338380481852e-5,0.0018348961928293698,2.0659675527132125e-8,6.200275388180921e-12,2.1228141095348144e-5,2.3956932331213506e-8,1.4725740341039213e-12,2.1153326060055883e-10,0.007307591078240339,4.412739408023092e-12,0.04362287269667333,0.49542911497987374,3.197122845028798e-10,4.499511110705795e-5,7.654268306970795e-8,1.2219203833936658e-25,4.9572269756336876e-14,0.13108878379834327,3.2348327737456703e-20,7.313392613869249e-5,8.790861844433183e-8,3.390493951934121e-14,6.124254078286527e-8,3.912092981301521e-7,0.003979356778006884,2.6938393910760233e-10,1.1302548505941958e-8,4.982932711298214e-13,2.0866291509408665e-6,1.3871919708764336e-5
40,31
0.9196819278965388,0.07381072941412484,0.006507342689336392,1.3856571669692532e-89,3.0988709262833557e-77,4.157213076827347e-239,4.3580503271148404e-61,1.0155580842462485e-184,6.26172660073421e-182,6.161132544757342e-159,7.143563837673734e-98,0.0,0.0,0.0,0.0,0.0,2.285962554e-315,5.3059509330974233e-275,6.911239515037027e-253,0.0,0.0,0.0,8.55e-322,0.0,0.0,0.0,0.0,0.0,0.0,0.0,0.0
3.016671072926881e-7,1.1015256901494261e-8,0.8545771099295612,1.2618852542156336e-6,0.039083835630713784,0.05568972278300114,0.039872772469231064,5.028496387066884e-16,2.714521991775026e-6,1.16587454463792e-28,5.353237463175857e-9,4.0327755549354205e-23,0.010772243637194085,2.110745066219486e-8,2.500486493889795e-57,1.1094427707187448e-64,1.7620306370380436e-31,4.8991899560088845e-51,1.0627223615127525e-64,8.678899200333033e-76,2.4150277237363956e-109,5.771204984517564e-46,1.089236809893189e-52,2.8798339367473157e-25,8.737551346179026e-124,2.1044549367760124e-160,1.3221925774979303e-216,5.397155626970496e-227,0.0,0.0,0.0
9.63304031109217e-25,0.9895013983357438,0.010498601664255884,1.7493357665498256e-16,8.281254019072131e-85,1.793608606319562e-80,1.3187043712565087e-38,3.003478084124509e-37,8.428684793234818e-101,7.683326198715477e-30,1.1050788631433862e-39,6.879130376005059e-179,5.272971859296724e-165,1.6453326118032881e-167,2.3050588973410073e-253,7.905802203131089e-217,7.591805123879472e-197,7.186998043163631e-231,3.0316826799034646e-221,2.8580028723155444e-117,3.125467476250372e-296,1.5642651322049183e-224,3.7046186826841607e-169,4.428608971449059e-204,2.616043824648417e-193,0.0,0.0,0.0,0.0,0.0,0.0
6.000395027802118e-27,0.0006819261434074846,0.9993180738175199,1.9771603910879298e-11,6.307504821699071e-54,2.9527283414955995e-58,3.648523339346375e-13,1.1386358523428798e-28,1.2398972977749497e-76,1.8936253644911794e-11,2.0323947121572818e-38,2.0738976302087715e-70,1.1772328843120884e-120,2.898361392457391e-78,4.480176814585679e-219,2.231262582576042e-196,9.29374340133957e-157,1.2958764017198546e-171,8.286850453966446e-257,7.101839369916995e-52,6.609545522074909e-268,7.212440810754719e-175,2.305007565787123e-134,6.829769366141917e-146,2.2304737999127317e-186,0.0,0.0,0.0,0.0,0.0,0.0
7.209383831089686e-15,0.999956778626626,2.7452586278963986e-5,4.406971106170936e-27,6.186404737499192e-95,2.7244255873513172e-98,2.047342276746487e-56,3.218249543446714e-31,8.698548753793606e-136,1.7857589467965582e-85,1.576878708774765e-5,8.557323501627297e-206,2.498743937024736e-217,7.92533534466698e-216,7.053340264256463e-204,2.358363616748493e-270,8.921901927149914e-175,6.540758761787079e-120,4.544527632035585e-151,2.8725863692184667e-184,9.563797071321594e-262,1.4363056727826666e-264,1.0645145686458694e-115,1.2546858796567637e-233,1.8330522874725766e-114,0.0,0.0,0.0,0.0,0.0,0.0
6.5177831569675724e-52,0.0012538973667162558,0.9775050952859603,6.385383357522475e-7,2.6118917938182225e-15,5.610416868275043e-31,0.021240346837477483,3.733542122086377e-14,9.469361122493356e-12,2.19620010611228e-8,7.78037827820389e-36,6.107732494378013e-60,4.059717583226211e-82,1.2324119217235833e-52,2.5826688863355427e-85,3.314450548976981e-83,2.3604232496683767e-54,3.2430870996492875e-95,1.1540145771910737e-88,5.523892272691097e-40,3.989334552640191e-126,3.244849356033368e-95,2.0255852741681634e-71,2.982998442587972e-76,2.8099826144881356e-77,3.5111571543824685e-160,1.0773780898081047e-158,2.583660128987695e-120,2.010365389033112e-209,0.0,0.0
1.9118400456758095e-43,2.749589200679665e-8,0.8822205568314827,4.077560566823694e-6,1.9886020319601362e-54,6.385445225299618e-49,0.06474002411322063,1.6283825620171033e-21,4.077199010525737e-38,1.3320980900733233e-58,0.023616363333490518,0.0023869496557388237,8.557778318209268e-94,0.027032001009608463,2.4422805268462153e-119,5.361891285377977e-237,1.335542375940585e-110,1.216495475015841e-100,1.532793353686293e-187,9.766008523324966e-48,1.823080743541342e-170,4.2037207909949727e-122,9.996248254238703e-112,1.993463375899002e-104,6.693512823440752e-120,1.4633585433786866e-293,0.0,0.0,0.0,0.0,0.0
0.9727658071214695,0.02723419287853051,1.6500496447402765e-32,5.953271107482131e-90,3.481126757167933e-176,7.040655097339421e-192,2.198610952098143e-90,1.0349890170096544e-142,2.6227908590532692e-101,1.3345612019010316e-48,6.179164436205389e-73,1.8919744689636565e-293,0.0,8.190452621859622e-282,0.0,0.0,4.147137621592901e-235,1.88466e-319,6.064437411738274e-234,0.0,0.0,0.0,6.86237468919596e-254,0.0,2.3330555106345263e-276,0.0,0.0,0.0,0.0,0.0,0.0
9.306654343545815e-32,0.044380947042205195,0.9496701253818083,6.764552979347521e-8,2.5810226016204905e-107,2.261564475021038e-71,1.4036887870083115e-54,0.005948859930457105,4.8338109172511014e-136,5.569359164882611e-92,3.898061487030439e-50,9.8499166144181e-149,1.5526452215246896e-181,3.1107356963998456e-169,2.7212905239262637e-268,8.975809551637569e-296,1.233392126417365e-158,8.892380259144184e-137,6.812186969629494e-218,1.7103079578090311e-183,0.0,3.7653922161403176e-246,4.978816170530344e-184,7.693553815418098e-243,1.3053336736837773e-126,0.0,0.0,0.0,0.0,0.0,0.0
8.14678227345592e-6,0.9971798675024608,0.0028119850875355295,5.675202709142365e-29,8.542324547724577e-94,5.402261297779632e-153,2.9979553963976454e-36,1.2160398994527027e-61,1.8538570500878886e-117,7.077514363341483e-23,6.277304613923612e-10,2.2755069360123894e-194,1.1103290466301177e-208,2.2369158289594754e-191,0.0,6.152086423533401e-275,9.887832233539702e-241,2.832326926097941e-218,3.20593202201034e-309,1.128751169804006e-202,0.0,1.1087501618049286e-252,1.2342240403250857e-240,6.670892551952256e-229,1.1589987027467992e-237,0.0,0.0,0.0,0.0,0.0,0.0
1.9267587610012174e-55,0.0004154442356432964,0.9751280881925153,0.024456467570134238,2.944715368092023e-60,4.413201648139079e-64,3.1642085076747063e-25,1.7070910910725222e-12,1.3767746193201887e-85,5.699636586052773e-64,5.1479119616438884e-17,4.488060388095989e-54,2.359980567630494e-113,1.9583792783504514e-87,1.1173167835955866e-134,2.805825662540968e-147,3.9584652316315185e-78,3.0238300899192255e-132,1.3729100179115961e-89,2.973533674385332e-131,1.3533817786488983e-196,3.694315611846335e-114,3.7524372741770516e-125,2.801098988972523e-114,6.243036517451086e-38,0.0,0.0,0.0,0.0,0.0,0.0
2.7193747671098877e-13,0.999724395653899,0.0002756043458290523,2.811684333992092e-25,6.3655749685102735e-84,2.1065370230027835e-80,2.9130761791237112e-59,1.1242148264896011e-29,1.5560438733034251e-105,5.343864405563028e-108,1.402386123405359e-34,7.285204565856359e-145,1.014020547488543e-181,7.024227182251046e-103,3.887075234231078e-175,1.4388767374736832e-205,3.275098072497379e-184,1.738310532023476e-172,2.8819909523481595e-110,1.1243759871034441e-169,1.671557240703842e-227,6.98886791406845e-223,5.917697496131198e-97,5.935064662345861e-211,3.3004566238833995e-95,1.536713404514976e-283,5.017881760179971e-304,9.854084395985494e-301,1.0598034121202405e-248,0.0,0.0
9.147352760522968e-15,0.9954325311784823,0.004567468821508738,3.6420093530820747e-38,1.85316012807648e-97,4.689646689090203e-99,1.5689783389024989e-50,1.9399225139476326e-47,9.150121268018918e-80,6.277838310085875e-41,4.2343737311593466e-20,6.310366698784574e-164,2.3643502513851788e-204,3.147060972235227e-231,1.187770361381276e-266,1.6780040730373096e-257,1.7407715389205567e-214,1.5800737528597912e-212,1.255232295966783e-257,1.5994587750716813e-158,4.5306365229e-313,9.779444179981448e-252,1.6909437071723198e-177,2.0554345163516602e-228,2.160255833078797e-160,0.0,0.0,0.0,0.0,0.0,0.0
4.1938619384855393e-10,0.9971867199066414,0.002813278795933453,3.6320680524450455e-27,1.3572786747263193e-82,1.206166107986579e-166,6.812815312772036e-17,1.7598750597057484e-69,4.690442338318934e-123,8.780387303988667e-10,9.234544682801204e-24,1.2472326491841535e-206,1.0237358395250467e-274,4.805371182941264e-227,0.0,1.4951752488352e-310,0.0,4.223650969105144e-268,6.665030066620176e-284,6.409928461648298e-185,0.0,4.2814966065209145e-302,1.7053303491628727e-241,6.786664528290794e-299,2.463205534956928e-267,0.0,0.0,0.0,0.0,0.0,0.0
2.4642041493979087e-22,0.07270459401273446,0.911841147381129,0.015454258606136442,2.2793073346939624e-63,2.3594112922687182e-135,4.467766257099275e-28,4.332611853639012e-52,2.835224715537023e-88,1.0962403433800607e-25,7.93035333807224e-44,3.2486777864589807e-196,6.373274794644079e-197,1.1230881273601608e-187,2.29547280639711e-309,7.687200908222917e-301,4.386869066812181e-226,8.929066116657824e-202,2.0839944576806684e-184,8.044323494498177e-173,0.0,1.5759220304065317e-212,1.5916428068081758e-248,7.928299120704622e-247,1.4331782833437753e-168,0.0,0.0,0.0,0.0,0.0,0.0
2.964500189993554e-69,2.430467574232292e-15,0.0002714165311795509,0.9658961680002229,0.0009053792672085128,5.571366458462485e-11,0.015921913294922672,2.996498647452228e-13,0.015264521191341153,0.0016657824161057852,1.0270124960849792e-17,2.4971395463742185e-20,8.947013867486085e-9,4.008662007654483e-16,1.102165931912413e-36,1.242633320634501e-98,7.481029598945233e-5,2.0506966840597474e-67,1.7183687197208762e-79,3.232820453332701e-51,1.8189037094020877e-101,1.0559518728005713e-85,3.9548864919448184e-91,2.385712388052461e-26,5.313658349591145e-90,1.5296048020271016e-80,5.8188558200445055e-151,4.1264577468276246e-123,1.1641308965730662e-32,0.0,0.0
2.0819195132121355e-14,0.9999999999999787,6.344706572738087e-16,7.376847478080878e-45,7.188169848302901e-78,1.7970174590099295e-110,2.886961173417177e-46,1.7306548709399162e-62,1.624210612400696e-51,1.216361884900079e-55,1.779487142036278e-72,9.486380609585151e-178,1.0572504576534487e-154,4.309218639342199e-132,2.4535731633203724e-197,1.191597503601319e-161,1.58275348942716e-236,2.0845391859515173e-153,5.1688106951417e-205,1.7192287177170664e-113,2.6894436748646946e-232,1.6486134405148206e-168,1.2302436519179099e-155,1.5974000754757505e-174,4.800663570873865e-215,0.0,0.0,0.0,0.0,0.0,0.0
5.281618078777014e-15,0.9999321758457864,6.782415420841739e-5,1.9827483622700732e-53,2.1421028163477842e-124,1.0290846538039507e-62,3.902119983923056e-69,3.756280811778199e-83,3.994262629838274e-105,2.928221621314938e-95,5.1258020873460234e-17,1.3675127989350511e-186,5.3959326890532575e-250,4.180656006583637e-235,2.253000657410893e-270,5.669516078261365e-220,1.1361533859859019e-200,8.751731311558467e-189,5.771213956313323e-266,2.0659398438913177e-139,5.230852241641117e-294,3.0565614296488713e-288,5.857298655625399e-180,6.295792278377411e-267,1.8038102340924946e-173,0.0,0.0,0.0,0.0,0.0,0.0
7.473502593576574e-41,0.5935881559160902,0.40641184408390957,1.5057696891435996e-18,3.18017187534059e-116,4.788168756949163e-145,4.427661048794696e-16,2.889776667625267e-88,5.017725822810206e-139,1.0175038345170202e-49,6.603301239308409e-59,1.2853453077971646e-151,8.103451252247685e-291,9.191828418676898e-136,2.44582021758314e-309,9.154422320388673e-267,9.5861695e-317,3.29677772243376e-252,0.0,9.092461430214412e-114,0.0,0.0,1.6454943946209653e-192,2.5791242889983095e-269,2.887997480097177e-244,0.0,0.0,0.0,0.0,0.0,0.0
0.005973159206336732,0.9868935796560189,1.574580021252284e-35,2.142373104178998e-117,7.322312759355782e-173,2.251210215332659e-242,3.176152004626614e-52,1.1988715734060825e-167,2.093092125478514e-70,0.007133261137644545,5.992928177686418e-144,1.1708945759727878e-283,7.54906503674e-313,1.9325225304241587e-285,0.0,0.0,0.0,0.0,1.686510012851407e-275,0.0,0.0,0.0,2.815286471357472e-296,0.0,1.195500468115993e-264,0.0,0.0,0.0,0.0,0.0,0.0
2.354257129202038e-17,0.9989062126494899,0.0010937873505101484,4.2110903585557525e-22,1.5106878036089778e-116,1.2814506154219758e-113,2.1233048238672223e-57,1.2215768115448022e-32,1.3658340314017196e-125,1.6948855750087508e-74,6.728212585442134e-31,1.9059859059326304e-223,1.098091036909227e-220,2.6684382291612224e-231,1.3370713150941383e-288,5.50904248688028e-309,3.1182055371531656e-191,2.670102639495199e-240,2.4754247642601087e-201,2.4136634055829353e-179,0.0,1.2543372450224112e-286,2.360201039006768e-196,2.970366680524185e-248,1.4542503758110695e-167,0.0,0.0,0.0,0.0,0.0,0.0
3.126342049293504e-22,0.13674595657364974,5.252269962798021e-7,1.6600952454403307e-15,0.031207157557883825,6.434075781677494e-9,0.036579759847048,0.0019524887829744282,0.059434037180510726,0.07461804872960663,0.0960289621311721,0.0852335932104503,0.07854280339573252,0.06904412376280537,0.03202488292294214,0.0924598677964782,1.356729117906794e-50,0.0016871634296187433,0.05161544589354838,0.02451056468250981,0.001141317067244111,0.04457929330821773,0.06809514420043168,1.2591209686551887e-13,0.014498857865975915,5.824175084930341e-32,9.855579275637925e-61,4.7761202387102e-24,1.1451846325962323e-136,0.0,0.0
0.24152932528595325,0.7584432883915724,2.7386322474582097e-5,1.731910003452278e-57,1.0195046181555188e-120,6.861834737478213e-193,8.044783066365796e-83,8.885984866447828e-131,3.7730868031107176e-155,3.8973304578865945e-92,1.662422761561753e-83,6.63477989349103e-221,7.27146e-319,2.7913516661058485e-201,0.0,8.412361264385505e-308,0.0,8.409550081226114e-251,0.0,4.0404974801305733e-230,0.0,0.0,1.465240809314791e-236,0.0,4.27627209959999e-252,0.0,0.0,0.0,0.0,0.0,0.0
5.4529425386896394e-74,0.002101255564535749,0.9978864484359139,1.229599955011794e-5,6.707150956306e-105,6.8727733133371625e-112,9.083709272351436e-26,4.880541381694416e-27,4.171898565648565e-90,4.457073394308076e-75,1.1214322865331133e-83,3.088514872313369e-60,1.5225472302872663e-155,9.131599775950203e-98,5.337054076223997e-188,3.453384845812509e-147,4.518439588075774e-141,5.679943129219104e-156,3.683331906907513e-229,2.2174131984595774e-17,2.586754133741588e-164,1.7732756391309286e-161,1.2407004598286003e-170,7.11522195420163e-182,8.06596058423488e-160,0.0,0.0,0.0,0.0,0.0,0.0
7.536181974509177e-80,0.033260577076996665,0.9547223166270409,5.598334010254896e-5,0.004095112634514948,8.274742097447896e-37,1.3747719194906796e-22,0.006500922428261447,0.0013650878930834874,5.43883943522357e-26,2.2722264889412534e-17,8.282494475186336e-75,2.241938033401186e-81,1.607312936877472e-91,7.605458834706942e-123,1.0561042433220815e-134,4.705161621007319e-77,2.577381387621798e-94,2.3529094070114295e-84,6.653366009346158e-57,9.666602724679132e-145,1.0822040196388402e-75,6.628486700436465e-115,1.0056955042735736e-73,1.801986919221183e-114,8.924526582204997e-238,2.685830137281808e-230,1.281914190719609e-205,3.6604219765750325e-278,0.0,0.0
0.16547240538355984,0.8324727443484868,0.0020548502679532386,5.499934515900984e-86,1.1294273110882845e-169,1.6006280353802914e-270,1.6932415166319117e-24,2.2860993342717214e-166,3.4593452590087196e-140,2.068275904243043e-174,2.7787472087821326e-30,0.0,0.0,0.0,0.0,0.0,0.0,0.0,0.0,0.0,0.0,0.0,1.31714e-318,0.0,0.0,0.0,0.0,0.0,0.0,0.0,0.0
2.299023948791637e-16,0.9269620667480885,0.07303793325107517,5.488432650543689e-18,1.2117432286498773e-57,5.989728507001587e-123,8.321310539201822e-13,3.0986619408128437e-49,1.3402782342256581e-72,4.006634154418652e-15,1.1130624939848017e-21,1.2240834583165339e-145,2.7671583295495738e-152,1.8936248137775026e-123,2.897790945720466e-250,1.9803010650461232e-166,1.0040434513258754e-205,3.700084165798611e-153,4.213640879697565e-271,4.480930676484049e-135,4.4214093208389605e-271,3.1438354006572925e-184,6.291934075217251e-157,2.556305686181449e-170,2.6445739811957575e-210,0.0,0.0,0.0,0.0,0.0,0.0
0.028176242821029932,0.5476824491409795,0.3381541786567672,1.1156710831235034e-11,2.3415976132732575e-5,0.02209904461701581,3.822328586987996e-5,0.006522336535435379,0.008299127800759053,0.047308095696914784,2.0421004821350795e-41,7.965650138132522e-56,0.0016968854563960863,1.6491077001980273e-19,1.0569203511031125e-38,6.70215654821932e-68,4.071643357593466e-38,9.379044528182778e-74,2.2097302574385117e-19,1.0315745943917955e-73,4.349738437323156e-57,2.1507063923183666e-56,1.542969885618641e-12,1.2904389536731806e-41,1.8676822896753092e-103,2.0529263508588503e-149,1.346219231604375e-108,3.0140746902102088e-121,2.7469332801095535e-256,0.0,0.0
0.013482377114604774,0.9649298708037648,0.021587752081630277,2.2542527893328457e-71,1.0429170975904737e-146,1.8000454791472718e-137,7.418188208093278e-94,1.6129777390955427e-82,1.8448019308908513e-191,1.108845708510636e-102,2.6363428997691355e-63,1.8869526277755377e-234,0.0,2.104026080631424e-283,0.0,0.0,4.442796424136536e-279,0.0,7.161046386362105e-191,1.0029466623697302e-244,0.0,0.0,1.1880013642529903e-298,0.0,4.2484995856880424e-263,0.0,0.0,0.0,0.0,0.0,0.0
4.279936845179069e-55,1.5909789044410162e-5,0.0073136305269843925,0.3603604725446271,0.18940244672848044,0.18909565719569688,0.021178950233085657,0.08157973662480235,0.06901050524120181,2.6059680825642387e-20,4.4127150055474236e-46,1.1400631364304056e-14,2.7995232505979034e-24,2.1997432387900277e-13,2.006538623773009e-65,1.1056859965517879e-35,5.131856020745252e-7,0.04774841169409667,2.1925070150558368e-10,4.281088635498437e-32,2.190485776394027e-7,0.004033361288352248,5.856238706913468e-34,0.03026018567996631,1.6004955450872117e-25,1.0737705056868107e-148,2.9188631671627e-177,8.223554582944159e-111,0.0,0.0,0.0
4.4598219647510527e-23,0.013021984018267128,0.9869742284185493,3.7875631837500345e-6,5.223966101649038e-51,5.045789054631467e-84,6.043910874805929e-35,1.8894217575003588e-29,1.7510307197338283e-90,1.2896832992106054e-40,5.022381199686952e-40,1.4478998111505654e-139,7.888260082349765e-131,8.522958993822559e-146,2.1358226397477276e-254,1.9153977395977268e-186,5.804414528594091e-105,2.537751148743979e-122,2.1111737782900649e-100,1.7751059633641187e-141,2.7714116959900318e-272,2.1169946643365133e-145,3.2400677591542015e-148,2.2573197418018725e-127,8.419985237922682e-139,0.0,0.0,0.0,0.0,0.0,0.0
0.0010345815992690553,0.9975637985273226,0.001401619873408558,6.780435154600002e-41,5.122178477863286e-86,2.0801177832195419e-252,2.798040979687954e-42,1.7310475803753585e-127,1.333187090466139e-165,1.46804950817532e-144,1.2196973633934335e-45,0.0,0.0,0.0,0.0,0.0,0.0,0.0,0.0,0.0,0.0,0.0,0.0,0.0,0.0,0.0,0.0,0.0,0.0,0.0,0.0
6.582908635791249e-133,1.2954383455260717e-7,0.8262540629648447,0.1492511618331769,1.6098953083087626e-68,2.4807982955151807e-69,1.1143505525607726e-16,0.014946044613846908,1.1875018919481165e-63,1.9059247199292174e-89,1.1723259195693689e-55,0.0071963938751476815,1.562318893672347e-128,1.7785880116696192e-7,3.0277892136272042e-146,5.474814768427811e-183,9.171093149005168e-116,3.701167512116444e-138,5.57591736401091e-212,0.002352029310348001,1.8074051165445782e-139,1.0994768171028054e-88,3.0750758167659076e-159,3.026634340429915e-112,1.4382287854156547e-171,2.5e-323,0.0,0.0,2.371225980353237e-305,0.0,0.0
3.828634676533078e-22,0.8282861590724724,0.1717138409275276,6.402002722369455e-19,2.1315469703881517e-105,1.6816646000133173e-63,2.7662439246112106e-53,5.559342069959801e-17,4.586050030233047e-112,7.965469568584256e-93,2.5171850365981765e-34,7.471659399606633e-164,3.5051174824910504e-177,1.480314840503543e-229,1.2118106588691843e-260,4.23260921e-315,1.2626568357959103e-193,8.307633283310726e-197,1.0723568664620614e-204,1.3870644533117933e-119,0.0,1.6631982986692829e-249,1.5870773637530482e-166,1.769261455444864e-288,3.7290351081722223e-126,0.0,0.0,0.0,0.0,0.0,0.0
9.226742960452307e-45,0.0069979586625091815,2.0307432454312135e-10,2.4091893045794183e-6,0.17991769237594898,0.08327196593525726,0.05156325736131967,0.09702423325705588,0.01698425281413142,0.0684140150344761,0.04573684204441222,0.014976129894907183,0.03615546616994155,0.008047181001333578,0.05715382202257589,0.026771827902639343,0.07116272551025675,0.03955991335912598,0.011012744870819187,0.01695039242054596,0.04825783639735108,0.02026686405086639,1.5858458991017307e-29,0.012390661014570203,0.034870134531949336,0.01875416927701002,0.02250500313241203,0.007501667710804009,0.0037508338554020043,0.0,0.0
3.3930527214956173e-25,0.24315088676058233,0.7568491132394177,3.8544995006026207e-41,2.7504507036917316e-153,1.1328791452362668e-74,1.064399729143225e-58,2.8472245075646267e-84,7.129115929975828e-180,3.6623799458546937e-103,8.120500522399495e-83,3.202882395257007e-62,6.8270639781287135e-304,8.129788981369981e-138,0.0,1.5601600133293048e-290,7.826677059678053e-206,4.048688016156853e-244,1.1195193129982254e-280,1.2014295192532151e-85,0.0,1.2633641817768243e-286,2.1128509950719272e-261,5.662629322811914e-240,1.308276866232251e-149,0.0,0.0,0.0,0.0,0.0,0.0
4.4721574941464476e-61,0.028672167292837326,0.7893133384809076,0.18201449422625543,4.46317548062647e-36,8.436842614921893e-65,8.858823554283426e-30,3.421988072789996e-28,2.152840718231971e-62,1.8294476355133463e-59,2.6616575954140184e-26,1.058272186874048e-33,6.028089400168237e-139,5.6939605415815305e-83,2.2586420975579244e-179,3.8137067297640205e-211,9.364146764841107e-42,1.558050822401138e-123,1.5378342782627119e-56,1.2101410212278082e-115,3.221266110571526e-192,1.6785189301912219e-74,9.48316372217814e-72,3.509082369874796e-67,1.1992282946074915e-20,0.0,0.0,0.0,0.0,0.0,0.0
2.696668964264825e-23,0.9594129438077403,0.022302050807676357,4.9214343856432747e-17,3.4831335722473087e-43,2.0350894091449768e-93,1.6716410294910934e-12,2.083089237057265e-40,1.2320260667887682e-74,0.018285005382911668,3.7569796237136796e-19,3.53450958763048e-131,2.144370009136347e-149,9.885163813720605e-158,6.785277447666119e-284,3.60453070090901e-256,8.650940199424042e-211,1.3810101452477252e-155,1.500407247006558e-154,4.493954926307446e-128,0.0,6.593727776311135e-176,2.1066575963288145e-154,1.7087378681542093e-145,2.444795519399765e-164,0.0,0.0,0.0,0.0,0.0,0.0
3.5296899852108597e-7,0.9189534744579951,0.08104594479754182,2.277754644724799e-7,3.798708902365663e-66,3.9735216431170844e-152,5.930688980516531e-29,2.904457623749543e-110,1.7718249764108696e-136,6.863001996937224e-55,3.0118076253271427e-55,1.8113719807703283e-205,5.833938839256995e-292,1.5254766955184368e-207,0.0,1.27e-321,2.349257018712098e-300,5.983249765e-314,2.4454228625063675e-293,5.586228205414889e-177,0.0,6.4e-323,1.2720303963218551e-254,3.840339069869896e-243,1.7272073654457696e-283,0.0,0.0,0.0,0.0,0.0,0.0
3.758948304713182e-53,0.028990546467724646,0.22267097407722075,4.5276571473410895e-6,7.20195851054623e-18,5.489649404338554e-10,0.7483087945923769,3.054194626908144e-25,1.2219747649471782e-5,7.739210730087409e-6,1.664120213750825e-17,2.7918110198981733e-35,9.391359402764171e-23,1.7402364355063353e-30,1.7917259828081034e-79,7.784013546745371e-28,8.813463371738027e-124,2.290822471646991e-81,2.5665219852341117e-51,5.9482816941795384e-71,8.654074625925066e-92,1.0599082181940437e-43,3.727283516221905e-45,5.197698185574211e-6,6.9414578373779675e-99,5.83206601031167e-264,6.108960474796998e-251,1.3464608162490355e-242,0.0,0.0,0.0
1.0,0.0,0.0,0.0,0.0,0.0,0.0,0.0,0.0,0.0,0.0,0.0,0.0,0.0,0.0,0.0,0.0,0.0,0.0,0.0,0.0,0.0,0.0,0.0,0.0,0.0,0.0,0.0,0.0,0.0,0.0,0.0,0.0,0.0,0.0,0.0,0.0,0.0,0.0,0.0
3000,700,2300,2000,2500,2100,200,800,1100,600,4000,1800,1700,1300,1500,5000,4500,1000,400,1400,1600,300,100,900,3500,500,2400,1900,2200,1200,0
200:3,3000:27,1900:20,700:8,1000:11,1100:12,2200:23,0:1,5000:31,300:4,1200:13,2000:21,2500:26,3500:28,800:9,500:6,1800:19,900:10,2300:24,1300:14,2400:25,600:7,400:5,1400:15,1700:18,4000:29,2100:22,4500:30,1600:17,100:2,1500:16
