40
2.329766114724706e-6,2.830737647098898e-18,2.2919775159916284e-6,7.80115250475708e-16,1.464085925752578e-16,0.11617109399921118,8.354094373697405e-6,3.426598112675035e-8,2.2468191367143645e-7,3.4660901723820255e-6,5.716474301517174e-7,0.16765049612306931,3.838915851361111e-33,1.3349592987168565e-21,1.6214808120588636e-5,4.700863947828105e-10,2.76668549494569e-12,3.215839814682851e-18,5.702093340085323e-22,6.352393405547447e-15,1.8736746835446138e-29,0.5339231405777114,5.387543741600374e-22,4.474597771083944e-8,0.007122090714037473,0.05448007221316821,8.558871861508804e-6,7.731418444789638e-6,4.610914707841101e-19,3.504604033065361e-20,0.026974608450775612,5.190581184249116e-10,0.019078835214696093,3.1954950637892967e-32,5.419754866773343e-6,6.200723908573889e-16,4.356272418089245e-18,7.852879263979468e-5,2.2969355447366148e-14,0.07446589079997569
0.002259648576461157,0.052519547963188765,8.761776293635583e-8,0.0685387597246446,0.00010257752181364301,3.591176798091679e-21,1.9307551734137788e-5,1.0344053269214854e-18,6.398457522319186e-7,3.066361897308937e-13,0.029343176679337734,2.86208717966414e-20,0.005995689750605032,0.0009963662784257324,0.00015945105094680116,0.10497069515084674,5.450239955424865e-18,0.0003445380561058501,0.3381110521256293,2.4753639177113795e-11,0.0003915178303699877,2.632152230385059e-18,0.03407911738956591,0.08854908364257923,0.0006209550024174244,0.0027436641818987606,0.08282030657659853,3.8324370674972685e-5,0.05731539118960146,0.00022534236035629928,4.327727104964786e-17,0.002592594038242449,4.298452035777412e-8,0.0375652249656025,2.032665377142348e-37,0.02706076831098077,0.008787706761749493,0.05384842247652677,2.5768754292928164e-16,9.404739448234029e-30
1.4942593047373666e-8,0.00012063407302496944,0.0027069490048811616,4.6725053465635766e-8,2.5699487814651805e-7,1.679293639538136e-61,0.04172425554651545,8.596075944671105e-6,0.003003097962187341,0.0008411730490987078,4.483120307107717e-6,1.8811918413653274e-20,1.8535028303843274e-8,1.939077725625383e-5,0.4415651747056315,0.0007933299350874289,1.942877627296637e-7,0.00022814166765411088,0.00019791612043394222,6.51342194591721e-8,3.4461141987973296e-8,9.19877353937645e-9,1.3186828224613392e-5,5.1594900287227256e-5,0.0031643695537496254,0.009127646425022909,0.002880717981457763,0.11056397116615525,0.0014424781302861001,1.0034834236023473e-5,3.0162734259193788e-6,0.00011307000110279358,0.0015113898848018864,0.03603286308521521,0.004564245344244008,4.925657895277015e-6,3.223433906056965e-9,0.33930270439298826,1.9397378373233118e-32,5.014758279526291e-33
0.18669754125349236,1.2468686057439032e-10,6.539183705293541e-9,0.06113213075389477,3.821241366404571e-18,1.3405958353521069e-11,7.17248882889707e-12,0.1036309587114821,9.15778110143748e-9,2.3352934708008752e-23,3.4583502963193074e-10,5.663946582462632e-18,1.2136998898440253e-10,2.866302937907695e-13,6.454836540291146e-8,7.940133171767504e-5,7.679757065145875e-15,6.696680670170704e-11,1.5800968241443606e-13,2.201021403436478e-19,1.4486391626332804e-12,0.15300804767308862,8.317234399830169e-11,0.0001744698455291255,1.1794641349619772e-6,2.9908103918566913e-5,0.013080035575410797,3.6505614847522604e-6,5.589788769070803e-13,1.5425180941311246e-9,9.151980329287365e-31,4.007401140858227e-8,3.969520535664073e-7,4.4771520493644326e-14,3.5764683345955245e-57,1.5058281440026005e-7,2.3744404970007654e-5,0.4821379214365899,3.407224444093675e-7,1.906998903500551e-29
1.7938820986862092e-19,1.4676616413536745e-18,0.37246390477035957,4.9794236323496865e-23,7.324129454437407e-10,0.06334620319486682,8.560091434958452e-6,2.4012535333649885e-11,0.0003029156445421008,0.024985295276848604,0.38264820577915626,0.010606759350618986,3.091391249338856e-5,1.914925772238096e-13,0.0007076488055206556,1.4096748139041709e-8,5.6210004400390575e-6,3.578854380544395e-8,8.94931791974533e-21,0.00017655739381554873,5.118016854148187e-5,1.6336802461765376e-21,6.669337319827277e-11,7.61299616545891e-5,4.4276641221451115e-15,0.036635524004370194,0.014417077732363327,7.374283356715971e-8,5.827665481635958e-20,9.597568951709971e-13,0.0001685707574143556,7.95703955683425e-15,0.09336860813192695,1.5122645192269526e-17,3.328613922281193e-8,2.1047393058554516e-9,7.580367606998753e-19,2.3455764436926444e-8,1.4072458111541438e-7,3.717544737951181e-26
1.280691831429076e-16,2.264577765084184e-126,8.298927366610062e-62,3.6290206988570653e-51,0.036285827881556675,0.22559334420532495,5.838184275735503e-47,6.249634163750401e-9,8.498291924014157e-56,2.0888236638850405e-45,7.358132245388683e-26,0.12905978415870267,5.325693588642265e-103,2.5564850902355082e-126,1.1412014376708624e-59,6.90780186059794e-52,0.026626832487676753,7.710751327244878e-89,3.1304055153230448e-117,7.061788445317231e-82,1.1494443770132623e-103,0.0075064706239306115,3.1514596078376084e-95,3.1877142449189857e-56,5.324150954803274e-77,1.366570028361525e-53,1.4656998493191084e-54,1.6498317621041217e-71,2.051668242048243e-110,9.269102251605843e-141,1.5763203351340953e-39,3.2769047992203236e-98,2.756876055497616e-34,2.617089417831484e-118,5.4662120731959814e-30,2.5758214614984766e-72,3.0186478565203507e-21,1.1421799849215429e-61,7.54032454114241e-40,0.5749277343931739
0.002707153187229153,0.00044136317227814553,0.017021785436580245,1.2132253567044238e-8,0.020846516378626414,7.394801423072311e-32,0.0034485189382663945,2.2994632711811843e-9,0.014743007549858278,6.027625526464342e-10,9.400898685848189e-7,0.11250145483493539,4.600915766178478e-5,0.0007825644428712204,0.33248759108560755,2.4522948814959506e-5,1.0772468985088627e-11,7.897803867842875e-8,1.465075080096942e-6,0.010078190981170342,0.004907154315280702,8.17358044586015e-5,5.332153677948834e-6,5.7304590436481846e-8,0.0003633534006120747,5.492786493871427e-5,9.840328775253738e-7,2.76506114990762e-10,8.419275595916917e-6,0.38368849427571416,2.437170698867139e-17,2.976733529098732e-7,0.0171829323097469,8.733396959596215e-5,1.4795210308543936e-19,4.430464399539946e-9,1.8702245444779045e-8,4.443160959159507e-5,0.011221194060363671,0.0672221512382478
0.6959467243673786,1.5232581196276644e-14,4.1467883837165315e-10,7.386747610013675e-12,1.5480656298307295e-6,0.017446577452943812,5.1176420095024725e-5,0.21652832485382353,7.338730085460556e-10,0.0011414975502860116,5.657040805766556e-7,0.011223287001766476,1.7266560448491823e-22,3.573597984646224e-18,8.912181987384777e-6,1.3704107940445385e-18,1.0070158535447516e-11,2.4011882495571826e-17,8.965741084765867e-9,1.4492257171972093e-9,1.9594874406588696e-21,7.709911844043377e-18,2.990843943564431e-24,2.2083477683950345e-24,2.2143936990908418e-17,1.2645023961216708e-15,7.280457967945429e-23,0.010458002592562252,5.078534542450961e-10,2.0018398097674818e-19,0.047076529056843244,1.40457469674215e-21,0.0001168224362533887,2.785730357089502e-23,2.022417519507453e-8,2.9600963565431664e-25,1.1686097362660821e-16,1.3457800999351687e-18,8.987986580447064e-27,3.3287572925783563e-12
0.0002658600283967301,0.13205088703278675,0.09508093020446816,6.692528250321327e-9,1.8011970802527354e-5,3.2753335550633684e-45,0.003526263655556055,0.00035157728561778664,0.005072366098337749,4.308524741152016e-6,1.7658672112587633e-8,0.0003894365198676809,2.562456096283388e-5,0.0009399379428910469,0.32454478196611736,0.0005792155758117284,0.05828590293396515,5.486944785910652e-5,0.05367314776133697,1.3373176727840226e-8,0.0013314060903897073,0.00040658541315254706,1.0358372283497603e-6,3.3204171295128185e-6,9.049645467649404e-6,1.2738454012963827e-5,0.0007875830277344247,0.05332229885230007,0.10635192378288755,0.00391502843782382,6.39559830429194e-9,4.19242872807623e-6,0.02719477899849664,0.0035290536922462615,2.799030660498124e-10,1.1821102886329578e-6,3.407435739649197e-5,0.12141088828524954,1.0965113033896733e-18,0.006821694260070516
5.400079322737675e-26,2.3833649920014685e-11,0.24586100031730157,2.357518047089923e-36,3.4256011463710177e-17,6.336652257276423e-61,4.971940608368198e-9,9.481504179927193e-27,0.005181836070367273,0.05175900499665578,1.3953933966934561e-16,1.5363321891220532e-38,1.0118490227637081e-17,4.652185753995044e-6,0.13029495145550019,6.218655728565918e-13,3.978024887559698e-27,1.0241490430536242e-18,2.1869188362236494e-40,5.822889135041315e-11,2.757825051927123e-7,5.274255960116355e-8,1.4837332568431844e-14,1.740000728142678e-5,0.05369462902450929,0.014527002134330733,2.622738361613936e-6,1.2482296746188832e-32,1.0254097445445168e-35,0.04704382927983349,0.3906292382882791,0.00012454487836168585,2.536021872393461e-6,1.1168811279982802e-26,0.06085534171388092,7.996415027120762e-8,1.7104482746268727e-28,9.913176416427933e-7,5.621793381550207e-33,6.02621383488015e-9
1.0819987835861264e-8,9.558817106053705e-12,0.003213032642570812,0.041223725033473824,0.024292193867990985,3.4089128918407196e-44,0.38446767638727136,0.00014117464316767693,0.005244445530125813,2.8468726649560184e-5,0.00022005472684952595,2.0565913148719328e-11,2.8883626471293977e-6,9.241190543209303e-14,0.009202835202730643,4.2378787704271374e-7,2.7074588808752805e-20,8.934108633107193e-9,7.351580130367513e-14,0.23055693308612324,3.950874199944541e-7,6.332067315200901e-16,3.3443767545338458e-6,6.268767800698192e-8,0.004650819429411277,7.765455050931943e-6,0.024206338451810548,2.4705453758071115e-10,1.5923579932988044e-12,1.2404110871363709e-8,2.7245222449485696e-5,0.00023646137340589717,0.24093054265069563,5.423805267853181e-16,2.1754758997170653e-10,1.2277977833946622e-5,0.0313307931375961,6.949772231141092e-8,3.3983512930305345e-24,5.4774752650758944e-27
5.905443755868009e-13,9.553660668215362e-26,0.08894815891051663,1.758883616229311e-22,6.686368242789577e-10,7.463804666198657e-14,6.895797744580569e-8,0.4205168682986721,0.0013179858694289935,0.00022460727444294535,1.0532523951660348e-5,0.23524019035165256,4.369309605232248e-48,1.500451036261692e-25,1.93598854163136e-7,3.658816701888586e-10,0.0014181256424434957,1.7224627911137303e-27,2.683794466782453e-30,1.8119892817251911e-19,3.5491946226795456e-41,2.6120440805793593e-12,5.777150934411884e-39,7.153663721544239e-10,1.0951658188526218e-16,1.7761714275740835e-8,0.00017945111401467448,0.010504713738233492,1.6268170612525557e-28,1.4709467441079002e-34,0.011503516954568704,3.2245998530552612e-28,0.05939724687082277,2.3192699893933316e-37,1.4984193026630357e-7,1.0006990748531403e-23,0.0037662860432893792,1.1534897399535069e-9,0.01939792001955915,0.14757396332127545
1.0516302764968867e-5,0.1678068838281677,0.0001365964771815775,2.7687459787057754e-10,0.0003845730812085041,1.1700775325041746e-32,2.193401943530322e-6,9.437850553845816e-14,5.896933274618639e-5,5.805314823035462e-28,2.110773668790807e-13,1.901165042218204e-7,0.27214230950438484,0.32097005614967034,6.923127602316243e-5,3.3299685933315573e-6,2.0014680366171993e-35,7.119693545287318e-6,0.016693788783048807,4.187445463884302e-11,0.08349054473970141,6.785352311904274e-6,0.04189545438511494,0.00012383711425748733,0.00030358962930571187,0.0015368635285005477,1.9908688257749973e-5,1.8691253474309953e-5,0.005268689110216972,0.0033785482505114374,4.500472729382823e-34,0.07195985572436016,5.463232035626027e-13,0.004986151878482978,2.9815022894785494e-28,0.0008757597885399377,1.8237867038023135e-8,0.0002976157943553331,0.007551715453489014,2.1283586977061593e-7
5.165433843738457e-5,0.0134440346591187,3.995052542999196e-7,0.003711565532009778,6.998994273814672e-7,5.898473998840003e-24,8.112858561029472e-9,1.2790600416749152e-22,2.0542122366886463e-7,2.9871537938170226e-17,0.0004547603503152589,4.680896661838995e-22,0.02490532633911259,0.031161581294910038,2.1796204181711143e-5,0.00044048848841370537,3.3482919226379544e-17,5.623488657055051e-5,0.3187714915089972,2.6370707909998788e-11,0.005858314576698641,3.6731954988615194e-16,0.09889136142066905,0.01532534509076137,9.59713213882417e-5,0.0006023815467186823,0.0028682415537131323,0.00011762384417909667,0.16056763087568054,3.242836376231646e-5,5.920153251199102e-26,0.0032189612808187413,4.572249641107695e-9,0.28061058045007276,1.3495715708355352e-42,0.00358261041296607,0.03254836080746516,0.002659937315653796,7.968272910835559e-16,2.1480082423930857e-26
0.0010445923922975284,0.006376385690124825,0.2669756478463267,3.030282493011044e-7,1.8482156401770902e-5,3.3848726485658546e-60,0.0009099376598466188,4.355850122397117e-7,0.0003233594269879344,0.011583079066892753,0.0004423691390284612,8.000185346566597e-8,5.585638222695289e-7,0.0014469236242727708,0.3202328723755417,2.0578771276764066e-5,0.0002495692164996598,0.0005515601469804975,5.3407928801463846e-5,2.9704225388803384e-8,2.993278645306728e-5,1.8023379818203698e-8,1.2052859860597096e-5,5.214927324073523e-6,0.00020484962224031987,4.350018346843038e-6,1.6026584059374275e-5,0.0003201103046864793,2.9814562155497706e-5,0.0024995185109461518,0.00773691587600122,1.102187451462815e-5,0.354946307123417,0.00025602500940951874,1.8629892277088286e-5,2.409794801087525e-6,0.023029246852054815,0.0006473830343698911,4.046681851654433e-26,1.9260365046891102e-11
7.603654456614288e-12,5.913346970518263e-5,0.007922810652276704,1.0079299892170023e-10,2.174464272074504e-5,0.09880093331122242,1.6937574844056056e-7,1.8137651516309468e-14,0.0002836092289440402,2.1454896691001077e-8,0.0031453353484667728,3.622452597424731e-17,0.024130379025097848,0.0012845780167891647,0.0004469117169752567,2.216555412442839e-6,5.547348483685467e-21,0.0006596160896564316,1.88301668616506e-6,6.669689913003588e-7,0.1530489381435097,0.0024009805659153042,0.003852787449913827,0.00011159169511479185,0.6282450572112845,1.954009346641485e-5,0.0003296596140745145,4.686722090682877e-5,1.0400840602677864e-5,0.000179001659309092,1.1515143271056117e-8,0.06698345013277639,0.0002091677680117091,0.00014494152988219633,1.7886639567358522e-24,0.0009193662741123806,0.0059548732595683055,1.0461581249024922e-6,0.0007823098862783553,4.485569580447055e-17
0.0015972461030304755,1.4327654170071998e-32,2.3067354927582125e-9,1.3980366625794035e-20,0.026454609848994823,0.010160628968421972,5.822551706100263e-7,0.4143261088345724,1.3878644090171649e-7,3.5598057487411736e-6,1.003173679499479e-9,7.680000492118397e-9,1.2460700300998821e-43,3.240554302202464e-37,2.2931467276308424e-9,5.5813735274561775e-19,0.38895913367879514,4.707767221013924e-22,4.10479128752283e-16,4.349337724548937e-9,1.3039456849718672e-55,3.896490879270109e-14,9.364129710205094e-26,3.426075140152181e-17,0.0195839646406916,1.6350082553193173e-12,1.1840838742457955e-13,0.020103236784212965,3.0653618812146237e-20,8.557481731033744e-52,0.0383180611676837,2.8645304672489453e-12,9.081868070986779e-12,2.8273242319947388e-30,0.08048931295108797,2.306620935221654e-20,3.398525574227914e-6,2.2872842909969955e-19,4.711743366587366e-38,3.4410399824156237e-12
2.2756403142166403e-6,0.0003628447155312705,0.12204125368250818,1.3175128268567847e-12,4.620905491879629e-6,3.626022476638314e-23,0.01169264985286217,1.7890626175707084e-12,0.0013115903005747138,3.263842102779116e-19,2.421819855484398e-10,1.5615739895251342e-9,0.007812351436722471,0.009031876235079696,0.004640288693003936,0.0006363663158848671,3.718930447144135e-20,0.2114313479092585,0.000531736896563463,1.5065105371277065e-5,0.0034976734165835755,0.0008291539382013922,0.018824176065704943,0.06350533683668624,0.015658998457354103,0.15905224869116452,0.1793559071904123,4.3656689607510044e-7,0.00024251198736829332,6.269252485326071e-5,6.4022090250397826e-24,0.023986568155432066,3.5291269229198446e-11,0.11151762536079146,3.928471599424545e-27,0.04958883465523847,3.648805305950074e-9,0.004225607382147199,0.00013795555586098015,3.517930935191111e-11
0.01604265908286922,0.001859175171173228,1.617150522255694e-6,0.00025866790841787366,5.8292367155128735e-8,2.0882246234506144e-16,4.783458754916481e-7,5.964955238749934e-12,6.687566943263167e-7,2.1233380238376832e-23,0.003571593026337199,1.7283320823654826e-26,0.002372655304006697,0.0023945388848662296,0.00010395214975862803,0.09853500013967607,1.5953682583749986e-12,0.0002738321320610497,0.0013491987689361884,1.9939269510516315e-15,0.0019715021178866353,3.956291373397463e-9,0.0017160826557051534,0.21425295567317731,0.0021724187874514384,0.0004926221399906417,0.0317080881538591,2.8021414630646962e-8,0.0008399514789753559,3.908575020531799e-5,6.334115177047771e-32,0.04101893530254999,7.862432476442598e-9,0.02814220386237665,1.1005171634795696e-58,0.5101616695500159,2.3287485940791653e-7,0.040720116691549624,1.3492903989122142e-13,7.054401306650678e-40
4.19313198013205e-9,0.38762758018540777,5.215486754884721e-5,1.2485557865315305e-10,2.7671134209488147e-10,1.8166643282077543e-35,4.4239356178264624e-5,5.769101983865429e-9,0.0003352853294469921,4.536916235798156e-16,7.015785666224272e-15,1.308948119452639e-5,0.060581458572777476,0.14439106865487047,0.003367163578157565,6.075549573207046e-7,2.1711940155891275e-16,0.00012240250031591508,0.0021550285602093214,0.01231847223779384,0.07771824470305863,0.008141193195614902,0.09927796771462878,9.38519626725677e-8,0.0029479847829671623,8.777770543567651e-7,8.75371434940739e-9,0.13063591874178065,0.0006205709267343034,0.05704664575445415,3.0838403626028306e-22,0.005921767410048492,7.854175554864572e-6,0.00615525092673164,3.3139500466428446e-31,6.478959801481877e-7,0.0005161927341498438,2.1941247833828047e-7,4.1975286937232986e-13,1.9542571365413446e-19
0.009738564420725276,0.28154602117663613,2.4615043511982302e-9,4.895188085447122e-5,0.006935782174686083,2.667330081729426e-35,5.2481446942589925e-6,2.299031413154393e-12,7.086794914102664e-6,1.0681847510035486e-8,5.80624713436098e-11,4.530473722918983e-12,6.559031533561595e-5,0.3606277339004643,0.0002610010758009354,9.997892799730998e-6,2.05919703263159e-40,2.5948576552403418e-5,0.09588519924170491,5.33857174544229e-13,0.0027042958724456264,2.28754541131375e-23,6.152614358566363e-5,2.2645330601331707e-6,6.10124809466732e-7,3.806325161423832e-5,3.957678891492216e-5,2.646578421490436e-5,0.21407801850797187,0.0002911784015635337,0.0003428593778110199,1.0135015045749157e-5,4.30095232429819e-12,0.00987032245442232,3.7169407947537235e-18,1.0647872671339466e-6,0.017372141978877986,4.311407580601246e-6,2.676256783795799e-8,5.804866250771351e-21
7.733609086300813e-15,1.4501565770642065e-41,1.7772851284805397e-8,5.722159622593102e-20,0.06770534699426578,1.6764389792708708e-21,3.1772406081782316e-6,0.2117919626668122,1.811881657737561e-10,9.721701892931176e-18,0.19833772177706005,0.00013487436926498474,7.0573773402276415e-53,3.725759307524985e-51,0.03664600666187454,0.0002965034015767115,0.19654261725591823,1.5843062381861644e-29,2.7279701697967285e-34,3.1967072444062682e-24,3.9793972712440546e-58,1.0958695673052033e-10,1.4787344404312777e-39,2.7197897590261015e-19,7.783012316625838e-21,8.538066969493408e-8,1.0945812597646505e-13,0.0036832101514023144,1.2733141432592406e-31,7.079194736139723e-65,1.2750979698022924e-15,2.7679689536588856e-30,0.0035229050521929845,7.857448384323271e-51,0.15924832439356915,8.17760644674698e-29,3.312926597890949e-19,0.006862720607956001,9.811876330575986e-15,0.11522452598307456
4.2811848372089885e-8,0.0034898885254108693,0.00011743711416303953,1.0133735926946848e-8,3.636134334633064e-10,4.4388744280128304e-23,5.917666445336312e-7,3.0559095857906614e-12,9.479449351519652e-6,2.5351443041285555e-22,6.389815323638869e-10,1.2292586031032296e-13,0.10357065823779482,0.0732156825945541,2.1423072839873754e-6,1.609957670627271e-5,6.183547909480263e-19,0.0014677276303049268,0.0034331252134290726,8.484558864620046e-7,0.5593866646539926,8.190198193229385e-7,0.020127179463123073,0.00019328957725433656,0.01014660856779535,0.0012782188150263546,6.00237335059378e-5,0.0023422992998421988,0.0016195504428453062,0.001976601662664292,1.818948276146425e-26,0.21031083597319325,1.1659585728506693e-9,0.003636885443703504,1.5159470351935157e-27,0.003210060633355661,0.00017863444308087938,0.00020460586671017074,3.986415241387566e-6,1.1751427411614704e-20
6.518585289282692e-15,7.978840342867428e-6,2.4489866867603198e-5,3.180961596525257e-9,1.531173024172418e-8,2.151373898618885e-10,1.514107403108956e-6,1.7214964315241086e-18,6.00075140156723e-7,3.342574819145424e-7,0.004724715891024369,4.0120680990888267e-16,0.02998540305923746,0.00019855730149253347,1.3176136163547762e-8,1.3008590362560025e-6,2.893922947080649e-31,0.08885235492624634,5.53235871832844e-5,0.00035363922082878976,0.01805640318942692,0.012170777162653738,0.00984694661365414,0.00079584064117656,0.2082931471503567,8.337208521829462e-6,0.18418953568293686,0.07985860811458723,1.897516717466123e-5,2.3992502745541496e-6,5.827606953315908e-7,0.2678039453542428,0.001087594739359869,0.01680838168105084,6.625567689593375e-19,0.030254144012372003,0.045733767502989554,2.6367814134637197e-6,0.000861733110855829,2.58354082652084e-24
1.446443270077848e-16,0.22349739096455845,0.05002644286959978,4.945095359342664e-15,1.6399446644806677e-28,4.100765928051847e-54,5.395310241485854e-7,2.6971511524016364e-11,0.03591301011825262,6.788212523412798e-28,1.8655182952526913e-10,7.231169901746159e-16,0.0003143240312399195,0.0163372449120886,0.0025016054725646,3.5149086764093085e-6,0.036466114929085074,0.004507140166202118,4.425942194256402e-6,0.004173551737110365,0.37501978638616756,0.020196916823894337,0.00013163506117213483,0.01091130798510053,0.06580742620622261,0.0065652493644971005,0.0010219975751838142,0.0013497444868050068,3.299200493439989e-5,0.12885089305126313,5.349839606718604e-39,0.001537300315906686,1.6803138601401684e-9,1.9575009304245525e-6,8.342090961910006e-24,0.006352495616233155,1.5056651380625887e-5,0.008459933493869056,5.579239838511031e-23,1.2481278822532225e-31
1.550987789559953e-14,2.66811797412956e-6,0.004069380417611634,1.9676521670332818e-19,2.2554876453249674e-10,2.0113151890130262e-19,3.0045046137032503e-6,0.0174953379205681,0.0015277789159597874,1.0192073952609475e-9,0.09860298853180173,6.3232565297708954e-18,9.839088466142716e-6,1.413250738307174e-5,5.196202203606489e-5,4.245638807092792e-6,9.578489250360358e-24,4.095271833005636e-5,0.02083964325294666,3.131613315953654e-5,0.0003905854144184222,1.6782400004401235e-10,8.572013076781383e-7,4.795014023161677e-5,0.12468564740476647,0.015629510432210846,0.5607893783588689,5.8469655372740234e-5,0.0850084111976122,6.366848112323953e-7,1.4712376123546443e-10,6.1572219214263e-5,0.0539129014235227,0.01059801220434972,5.425929729716991e-7,6.506144242963997e-8,0.0002989089561173911,0.005823299723397636,7.300521122010082e-18,5.7190502779577185e-15
5.831152245669568e-16,0.00021994934297999013,0.0009276709395822246,4.436731520822997e-11,7.318988365819179e-14,2.0966409106645513e-23,6.149014838451381e-7,3.735518386941882e-19,0.0005156020476299571,1.1569739279273403e-10,4.719948373397907e-5,2.766319310136634e-18,0.00395915662847238,0.0002500087681885328,4.60460157738584e-6,4.2738020794708275e-7,6.0046367358381516e-18,0.0015343769651381797,5.217034954592865e-5,0.12752475751127162,0.024753730471674472,0.0010211209932921488,0.0006470919009470332,0.00025024015503675225,0.788032792246979,0.00016087866303364124,0.010510349449305118,0.00562318101332609,0.0013311591454303346,0.0005251836207612366,1.3292943376255816e-12,0.029921544059928754,1.7073275150712474e-5,0.00016557840093382555,1.5675783933948588e-24,0.0018701538245785125,1.1470320794543448e-5,0.00012191335789710003,1.9650859118014087e-11,1.5729915154363818e-23
1.9107700575996647e-11,9.9604700956007e-8,0.059122686611934795,1.965130483471281e-9,1.2459456896314328e-9,1.2024881933732614e-14,2.697525083333758e-5,1.4072641785400079e-14,0.008199760508781885,3.0335869656925906e-9,6.272131128185118e-10,1.256063658745665e-20,1.3311879579270118e-10,2.3636953399391106e-10,0.14908210889356902,1.7460953720119201e-6,2.9626716312581386e-37,3.648292047167312e-9,4.2297121979836964e-7,6.027952685491933e-10,1.0670997251987255e-10,0.02551877887062483,4.1896363812150536e-8,0.00037321068631520515,2.7547292920990207e-6,0.735710093629919,0.0006592483289248677,2.47131332252171e-6,4.376255255293356e-8,1.8382396022917117e-14,0.012673843770316051,7.464052339391294e-8,8.958736242515854e-11,8.818425007867605e-6,3.923631718193206e-43,1.721754953411106e-8,3.5923255163166615e-17,0.008616791084974615,4.468634158825719e-16,2.0782636880538394e-21
0.00037311615543703764,6.197754364142701e-6,1.137434215343917e-6,8.86031889796458e-5,2.914592025424267e-7,5.2468224187755355e-20,1.319488342826878e-6,1.728433975575099e-13,8.51055605090766e-7,1.0077331796453524e-19,0.022477044238046116,3.8117412518570415e-26,0.007101026395428082,0.0005811414962577401,7.71856094220482e-7,0.00021165836121675194,1.672719222835025e-13,5.7086777740663065e-5,0.007000602194613847,3.0940177823017908e-12,0.008277704571516985,4.3969061665599967e-13,0.02749892267130985,0.04844316372886564,0.005561858202223579,0.014256304580458333,0.3936789321967486,4.007186348471167e-7,0.0057975900983016125,7.160351922049219e-5,1.03449925234666e-26,0.015313221250597225,1.5612727742127336e-8,0.011748880389321821,2.228191219942497e-50,0.37918521583532905,6.827758966610663e-5,0.0521970611755326,1.275763726380451e-13,4.460333103391678e-34
0.08389894934756141,0.0023994936741723446,5.691343040453666e-8,0.0551909275380921,2.6484443765127637e-8,0.00015946245887939062,1.4346075343399618e-6,1.8377833939587754e-13,7.226450641975708e-8,3.581549870021115e-11,2.4462734265298976e-10,6.313998509834968e-11,0.0006487082496565431,0.0022368430037724256,8.807713931871786e-7,2.3531673623574278e-5,1.3187582263715344e-36,4.704056442216145e-6,0.5592025103982721,5.173174092134648e-10,0.0018509574980165426,2.424300829525356e-17,5.175318186130372e-5,5.049160584049672e-7,2.616353625667954e-6,1.3260729005666761e-6,4.10802226134926e-6,0.19441446329416806,0.07410677645139004,6.440939352267194e-6,1.1213515435744815e-6,9.346406060372288e-5,5.998012788292906e-13,0.003971785233179392,2.4070429602545283e-20,8.631000351889234e-8,0.021726888519940056,1.015478612600813e-7,3.943770141498966e-9,9.06504025999663e-19
1.2249404057338251e-29,5.28589041421843e-15,0.0013043807907798263,2.362577573694982e-36,2.48671298448462e-19,2.331299406044368e-59,4.3447000935263283e-10,1.0274678039759107e-28,2.864708571748465e-5,0.2015416774960578,1.632697641704178e-17,2.3465049425050793e-39,3.86664091942805e-24,6.780393903958787e-10,0.0004605724308048226,3.344550823979797e-17,3.842509410083531e-29,2.9083392419037216e-23,1.2762291412490327e-44,7.986695378497395e-11,4.433258507294e-12,2.0032648394998117e-8,5.0059132579230037e-20,2.0082333064439134e-8,0.0014644376016422368,5.558400333087046e-5,2.5937855569137168e-12,5.62348856348514e-39,1.7078759918165305e-40,1.269363460803392e-6,0.7885211111736742,2.1324707561615856e-7,1.951399672679245e-8,8.204981768654591e-33,0.0008604987044346388,7.738590045621778e-12,4.186097573285611e-28,1.4703432004023379e-9,1.2248915327768871e-32,0.005761545796552872
8.327554544221959e-16,5.3174053279904895e-6,5.693523151143228e-5,1.4418275890788646e-12,2.5993323076644466e-19,1.683106328705873e-32,5.771055789219864e-7,2.090822670395124e-17,6.7276554065860665e-6,3.552357794852609e-26,3.715476225159678e-11,3.6967110376833707e-14,0.04236621016725543,0.03135558400920707,1.531321411791405e-5,1.2410377377893183e-6,3.918357362038917e-12,0.0015879286808046658,3.443593296859433e-8,0.014913008261278081,0.780658505688401,0.0004949754939073648,0.026484760271361117,0.003451027252418991,0.009610591438388537,0.00015736992254097596,0.0006958521960844099,0.0032905525501739437,1.453812255041236e-6,0.04840081175239117,9.039186200125744e-37,0.02713542288934872,1.1326791048003351e-10,5.104587246166856e-5,4.059201468609624e-24,0.00042058047798116435,0.008637007445620095,0.00020116551412643034,6.255980877693757e-11,3.1180548144706582e-27
0.037737192083077443,1.6481208463028178e-6,0.001555421009312122,7.560374752511836e-5,0.08482758258848243,1.452395000206075e-54,0.020322796245827248,1.9265234790049532e-7,0.09922058733366225,0.019885956760872632,0.018087252423782858,6.692017607506444e-14,2.365715510061146e-5,1.1941702514311732e-8,0.5633244826851933,4.361436093340809e-7,2.1794738013710403e-14,1.917970886610731e-5,2.2754013476952815e-12,0.0004305313785061732,5.933301664562916e-6,4.743140265209325e-6,0.0002070923394150864,6.032442310500723e-7,0.028026911451120625,2.184320917962734e-6,5.912725342332985e-7,2.029240326455737e-6,4.771605017962555e-12,6.220597596375063e-5,2.195832053989942e-5,0.0003192001350022302,0.09692945895584724,2.6388786095283047e-7,0.0288939825727467,6.109527383030395e-6,3.1138226291645035e-6,1.0865056974277081e-6,1.1558321890241292e-25,3.9918240457650494e-15
0.0006637855968858006,2.496338334641965e-5,2.3415771559066646e-7,2.2357530070365595e-5,2.6367742612963434e-7,1.8662217037398506e-11,7.401571673552926e-6,1.2907981815772163e-7,1.776393538226932e-7,2.0748623360996047e-21,0.0005790854262058686,3.988053939058554e-27,0.04248205105797184,0.01648548574529197,2.7179004277522203e-5,0.0028782421186316865,1.6523673444417967e-15,0.0005783511022819907,0.0005918138073425247,7.426833281434503e-13,0.00223343105688742,1.1956291614492188e-14,0.08478529031383025,0.01111799050375997,0.00011185014351546838,5.6035672811372595e-5,0.00024668235284852917,6.193067086424495e-6,0.0051973295073877894,0.00019090808791512244,6.947826967590088e-25,0.4775873387000594,3.48696614737624e-11,0.2663425133788494,9.375494783623454e-53,0.08422036490193108,5.400421301372232e-6,0.0035571507197593726,2.1947560713038132e-10,5.10042343216393e-41
1.7854545549087217e-16,2.726315242241417e-30,2.817202423007136e-12,1.7074662050270205e-8,9.996969205663757e-17,4.270954044325818e-11,2.0554038851293524e-17,8.942345357091478e-18,3.264678550740788e-14,0.008482854265064284,7.306426732224967e-9,0.10318798147305983,1.855032428501029e-30,1.2583882982377745e-44,0.06704036133965029,1.005329812276615e-30,3.0271247749127166e-13,1.0973229920168827e-26,8.699279705827524e-25,1.0313462953775612e-23,1.678979912926628e-31,9.733912730033025e-23,2.078654656247849e-39,1.0763046616475989e-33,2.3661900243749842e-42,2.3655973547324025e-22,1.7448284669212113e-27,0.02395459853228514,1.398152243560843e-20,1.9369027930698768e-52,0.07675925803344556,2.614013170564476e-53,0.0011438329080284222,3.4002010281037028e-49,0.7194310865914894,5.649736831769655e-47,4.778162460120325e-19,7.717300786944506e-18,1.2919202431386563e-17,2.4300260329621615e-9
5.944156658655153e-15,0.0001833649643257555,3.144014500976455e-7,8.642348819868794e-8,4.504605367895145e-13,6.090386306817099e-12,4.695993485598344e-8,4.419434781824168e-22,9.126276690989709e-7,3.155328721296048e-11,0.00020226193274348528,3.814191786036104e-17,0.3515848858295988,0.0001484006604977522,6.595853387822083e-8,8.22551326428191e-8,6.727129571163416e-28,0.009806956899095083,0.00010615348888880627,9.399371543569691e-6,0.10745450417180077,0.002787970335770612,0.09482072940756346,0.00019719716064379783,0.004862694063671688,8.124625513412281e-7,0.006046213134813189,0.024785539475112698,5.022385379755311e-5,0.00024361675871895595,2.912586501210642e-12,0.3345855400901967,1.3727088221541545e-5,0.014762614213909403,2.8076068696190257e-25,0.003953329389264465,0.014507643614466608,4.851112209818564e-6,0.028879861853372504,1.1036219889804701e-32
3.056022150263439e-16,2.0145065156532115e-29,7.255506621453532e-5,4.241894185479801e-24,0.5738684314216632,1.1459830239022467e-9,1.3704030878560508e-5,4.210822807137288e-24,2.405774142707161e-7,1.469455457178127e-17,0.0007793291183945409,3.3383333695278575e-10,2.015064045861313e-25,2.074808238067683e-25,7.646496993356974e-9,3.5356821289849846e-13,0.06371508562562486,3.3591378917545443e-13,6.188226881940912e-38,2.328327510767589e-10,3.1883604534462245e-22,0.19682373431462535,1.9377950904744934e-22,7.996131266800468e-8,2.4372880240519645e-17,0.08287902606527697,7.58919183071849e-7,2.45616609894754e-39,1.0916630410386959e-39,1.828313076681265e-17,9.834437858743523e-48,9.5729964913989e-23,1.5149195560645527e-6,6.039669863200961e-24,1.9373957119775717e-22,4.872355509513497e-12,9.059098401906664e-14,9.00416925014348e-10,0.08184552971462385,1.6169876397224928e-14
5.6657699797451646e-8,4.722591094626501e-6,0.0006108957805917472,1.3284008102079738e-8,0.000966432105802527,1.1495338376431915e-24,0.0429286641362844,8.346753613701858e-8,0.0003808082406801994,6.537190028150803e-5,0.3357773685176427,3.275175089053836e-11,0.0014929023363709356,0.0011548559240348484,2.913832110690878e-5,3.0590089514379196e-5,3.430203135211544e-14,0.0007490713037661065,0.0016123603684032285,0.0045493769160840905,0.005782807604498425,4.038494457532603e-6,0.03434144999068851,0.005131499718465785,0.08488973350764045,0.00024568332004995395,0.14434503530902668,9.644870079564619e-5,5.775901367181179e-5,9.215894669554538e-5,1.063145964873144e-5,0.20526062234255055,0.007565363816216143,0.05197941234176489,1.876408802367643e-9,0.001268577667061897,0.06763937152094883,0.0009366923957114206,9.960112484300887e-15,3.2450360289013973e-19
3.2215267050015506e-22,0.002823876998220852,2.682114941813698e-8,5.567704791074233e-15,0.00012200668877044865,2.7848813466601978e-42,3.1945708423216963e-9,4.2660726702335156e-26,2.7194919923912803e-10,5.598846583607156e-20,4.244653840703971e-13,1.2790770662453152e-24,3.0869784350192053e-18,0.015018981357352511,1.594958812528336e-11,6.489688595993656e-10,1.3560763315574443e-38,9.762544046212182e-10,1.9752832363025395e-7,4.0003138688117055e-15,1.26893831997471e-13,0.15682672936998932,2.852234189716456e-12,0.00019413929212200843,0.09633586312112037,0.09001948153441061,0.004011690021938984,0.28856199722409126,1.9333615382966073e-7,0.059049879399700696,7.93008234771998e-48,0.02247872190111475,5.462148684730112e-13,8.0848037066348e-6,5.4240655841362536e-33,1.6587422381599056e-6,8.575850972794628e-40,0.0302056583866889,0.23434080836125537,1.3996528162497376e-31
1.7881971278988254e-21,2.0208038343133805e-56,1.0255865225112703e-30,4.740717840285971e-22,2.2154638142040892e-7,0.2548663046349553,2.1970052124649288e-42,0.015936805401010987,1.7193955057212324e-36,7.97938194329329e-42,5.663783556685624e-17,0.14154255161527632,2.188602263782351e-78,1.1135437112405928e-80,4.0614377975377077e-32,1.4976364564408867e-63,0.03383990084025879,7.935424555433321e-55,6.975495139769618e-49,1.0358680810625677e-76,5.488457169623246e-73,0.279083279295762,6.996083309072196e-92,9.837756126814074e-84,3.780292356515198e-85,7.125726261515597e-64,4.758121577451292e-90,8.811594602517381e-16,1.4843446671051555e-45,3.0093654310942808e-77,1.1629702322959931e-32,2.9182640338266953e-96,1.6835231117997925e-31,1.0961361830003455e-88,0.03928224524555926,7.297073449426706e-94,2.631233671184154e-8,6.561476102129222e-72,0.01622530192702454,0.21922336318143384
40,35
3.648925946088459e-136,1.8501064200109052e-10,0.1602866458396675,0.2719440098493333,0.02124328729414296,1.4664924263189958e-12,0.06165981244310016,0.015196532563000088,0.0272618861270683,0.08567420473126691,0.04204866328918198,0.012016476183619474,0.03549469722090728,0.06505088698281038,0.04343172605485255,0.06500118436815229,3.8810906281922906e-16,0.020377177254365005,1.0079694802994749e-12,0.016483466258047117,0.0377992783709436,4.7465821177585267e-17,9.357097895009387e-26,3.581259932833534e-33,0.018634980465034597,0.0003950845170208763,3.6718373408377323e-28,3.759546910572198e-46,6.045602815110611e-81,1.7873901963355147e-165,3.29185719445616e-199,1.3861914407199615e-300,0.0,0.0,0.0
1.443515172735102e-12,0.9977210225778698,0.00046037435011842714,6.793932210312962e-19,2.3112059386465384e-21,2.6096564314235134e-35,2.6780723427329814e-26,3.387365622743659e-32,3.751119584126896e-5,1.9927047333390988e-11,1.006339623948396e-42,1.4448141896625416e-47,5.862689794426384e-94,3.2992170022651333e-146,4.1989758211144655e-117,8.816936155045676e-126,1.1758550805040213e-105,1.7479241167417717e-149,5.407729138325589e-203,3.662012681208384e-162,3.7325779324368564e-89,3.0215725962716477e-88,1.66377043221325e-126,0.0017810918548001548,7.72561097928222e-161,2.1934765987986087e-124,1.1392362340591258e-173,7.591078513331305e-215,0.0,0.0,0.0,0.0,0.0,0.0,0.0
1.85115598223624e-125,0.0011309223720059362,0.9988433072054673,1.6240396595450627e-5,9.212347562548705e-9,1.3935127296534804e-28,9.506630428481476e-6,7.881541650119972e-9,5.547234644677632e-44,3.968145108473892e-14,6.008911950837925e-25,6.301574048121131e-9,6.42804087270972e-75,8.309160897120292e-36,2.3108855694615911e-66,2.0194577444542125e-68,3.4781980457302755e-69,5.669786304454268e-25,1.7394663651366045e-36,6.782684871788388e-129,2.486657482041799e-95,5.500956384571884e-87,8.62729889818197e-45,1.8268274853542051e-34,3.6952114884323736e-82,1.1290914246182357e-161,4.550217395119762e-92,1.9730549114721375e-72,0.0,0.0,0.0,0.0,0.0,0.0,0.0
1.725605842533732e-98,0.6742245239019807,0.00016573108036838972,0.03871654237318874,9.802970210394057e-28,1.5618816369216256e-16,3.19539174043679e-14,5.3830152622859664e-6,8.926296687275184e-14,3.6377153562641115e-29,0.18026837304192497,1.3804877259462478e-38,5.429665243449132e-38,9.47957478456821e-31,3.325035860321676e-52,1.6547794108076807e-94,4.534055442957893e-72,2.964567797306095e-48,1.0232911916582375e-77,2.9667989084886034e-62,0.046595581825718414,0.06002386476143515,1.3002821982254957e-121,8.236807794738379e-91,8.006903844100572e-83,1.6111846301415765e-44,3.98520517543918e-95,8.460475831272586e-93,0.0,0.0,0.0,0.0,0.0,0.0,0.0
4.279835303130381e-223,3.7162734820519523e-26,0.0027868663657041677,1.5457387926941697e-5,0.23932613459878765,0.21748570698821368,0.16392826742700695,0.01774204291767433,0.10995675959189753,2.0867348410533937e-11,0.10705008732891583,4.521552436704683e-16,0.04605048890792157,1.9799816176831726e-12,1.2259371031230706e-49,6.4432698674765906e-6,0.054111758219373016,8.317604948974044e-29,1.0389094437887339e-11,6.440168973758078e-61,3.285750157254742e-35,7.859638177623037e-27,0.00013102576962914042,4.78808846179714e-83,0.008819846375137752,1.8656441530160518e-75,0.010663698908245686,0.021925415910461366,1.3141161964000567e-164,7.065339336653706e-122,6.824403523031247e-163,0.0,0.0,0.0,0.0
0.0,2.561819953099399e-60,3.68685603577511e-39,1.3297881680357386e-18,0.012997170656421413,3.081387566549533e-45,0.014643215837696517,3.620177959165118e-18,0.009967889413670054,2.265305283319999e-21,2.4639896481226916e-7,0.004459439180577924,0.01966203666991331,1.458902184807624e-14,1.5648145079317913e-40,4.517641264988905e-24,1.3177354467961477e-20,0.005141573121652671,1.9145897186717163e-13,0.004398581930945974,5.2072978377701435e-11,0.08512685791816563,2.653774244320734e-10,0.027192931581611526,0.07287116017756529,0.34454785152209133,8.558727869920358e-7,0.22475115570897375,0.1258393021103878,5.650935408476363e-17,0.04839973158091838,1.9682737159006227e-62,0.0,0.0,0.0
3.906845108358766e-176,0.0014546639922788094,0.6128530325123254,0.10105742192749993,0.2183303406159558,1.3849963674770785e-32,9.852769401131421e-27,0.00016418634143183,2.499625543133174e-6,0.06613785484620675,5.208703006276917e-14,1.0178703476148142e-24,1.0981812870314802e-59,1.3870624177897343e-10,4.176564054033558e-52,3.7859827797340437e-60,4.483756103625233e-34,3.275784486191437e-52,2.9184002940241035e-45,1.2227686733220701e-105,1.6613099321545022e-90,6.11314921971269e-61,2.4717535627806533e-34,1.4861329758297117e-83,5.168833489895816e-109,2.517137962171873e-115,7.758936366875471e-81,1.9204714795106115e-113,2.354096082715507e-221,1.5629781113263736e-260,1.5328197672791537e-259,0.0,0.0,0.0,0.0
4.186773498602097e-245,5.674009144156549e-34,0.2398782663868682,0.41944867578512307,0.17401254882343858,0.047716318319134005,0.0068539975549773225,0.015030598525459392,0.07025273532584034,4.2543680015565495e-6,6.894569366401686e-14,0.009981140915041422,8.50340110492334e-22,1.2742010891830582e-17,9.163073402994986e-31,2.940148958332274e-14,0.01682144377608163,2.0219935637077042e-8,3.2720453126125234e-21,1.4957973416449905e-34,3.089865887817875e-36,1.2728529339572348e-25,3.621393567532866e-42,3.258662318243031e-24,1.9080806547501055e-73,2.3063111377780766e-28,6.9162356309529086e-59,9.094681404454093e-48,1.7710712831203636e-147,2.0061118897288233e-202,1.6521420220469768e-235,1.83059073564576e-310,0.0,0.0,0.0
1.1719731608341688e-96,4.0869247880461116e-5,0.9999192176622191,3.750228344887652e-5,3.9232700105991487e-7,6.783866537634253e-25,2.7641520474330635e-8,1.7518337924952552e-12,6.616796489786992e-25,2.4897041919016132e-14,1.8239904476044058e-23,2.0958593238029605e-13,2.9362260602680696e-46,1.990835753003733e-6,7.716248143027427e-30,1.0328779407513903e-51,1.7533907122964292e-42,6.265601602827206e-22,3.518211554834197e-31,3.1524402895839055e-91,1.4950255846034322e-66,6.563776486554859e-75,1.1444627619214027e-40,1.9071743747671111e-13,6.204023745310338e-98,3.830039460614783e-120,1.452599512970417e-77,3.287104048935253e-98,6.5318582849120865e-239,2.3742283790140104e-259,4.513040998736746e-255,1.7392084465381077e-182,0.0,0.0,0.0
0.0,1.4960350547512664e-38,0.2870575942967978,0.6904742365037797,0.00030776482457520773,2.8412048112448066e-55,0.02216040437484368,3.687176229369101e-15,1.820612167627836e-54,3.338271521843712e-66,8.531498753393289e-82,4.9197401999279086e-89,7.7444292815443445e-90,9.22390912724187e-46,1.0039713615312235e-28,7.969761255788373e-48,1.6512799917531855e-30,7.357957098683121e-78,4.6595913160074273e-35,8.930895640980309e-154,4.605310875922145e-89,3.1513511756354057e-70,4.9397707980916344e-173,5.270922053001368e-189,3.4793205548144416e-155,7.308538678598158e-173,2.3857192175268567e-142,8.487830344372392e-206,0.0,0.0,0.0,0.0,0.0,0.0,0.0
1.1896341092883058e-160,0.011592372361342432,0.0027711751922156387,0.759913103390174,0.08084795008554284,0.042682561344429916,1.0525013142514665e-12,0.020479652204789395,7.49779234674013e-15,0.06428549788204156,2.4007298605188993e-26,9.098738279976802e-8,3.131505420202027e-5,4.931922989009357e-52,2.745318439234304e-53,4.654110756353094e-18,0.013900173710630629,1.659618848660075e-75,3.4296798774582245e-76,3.733962897610515e-91,1.3119976074853076e-57,5.045840564393947e-70,0.0034961077861885917,6.928746420291717e-39,7.178166287420987e-64,6.031706628170212e-83,4.076176074837389e-62,6.225157226506257e-60,1.2260600359626959e-300,1.023562645013e-311,0.0,0.0,0.0,0.0,0.0
5.7121447429412836e-297,4.688885339871587e-48,4.005623584032631e-14,0.10233497494473605,0.03150919759009556,3.182315766112827e-17,5.3028579396388785e-9,0.09022756858119316,3.039538183898023e-5,0.042345543984216444,0.18206159735395602,0.009792655562907706,0.09196324824593226,0.0766648386322305,0.00034627299854929675,0.0007116362975958527,0.07338227600881202,0.16860718249311105,0.008497169386701862,0.06742488796166136,4.578108798734162e-9,0.05410054469545216,2.893568415315809e-15,3.387257856769588e-34,8.519699249079356e-38,2.2307251887915866e-17,1.8447231135739475e-17,6.36190077710228e-30,1.1117442393516784e-77,1.8955543669835875e-113,1.521400549930305e-83,3.3641770747947854e-27,0.0,0.0,0.0
4.348268536830728e-27,0.978385389599756,0.021614608905711485,1.7726406569791677e-11,7.120338691050416e-13,5.892893153634905e-86,1.016148105262343e-12,2.5442580162999004e-19,2.503371951741785e-33,1.0609018446187536e-17,1.7286550007091048e-75,1.4750779327009551e-9,4.373249944612848e-109,2.762321852584153e-216,3.753683297811013e-200,1.8349081045752664e-161,6.059444964026989e-106,6.942224834652889e-260,4.2807261874406374e-164,6.350391968507362e-200,3.611540991970845e-163,7.497382199482622e-174,1.6613294364011415e-90,1.3499418592088686e-87,9.198949125359352e-271,9.725254807235185e-189,2.3586221007770525e-175,1.378105052376e-312,0.0,0.0,0.0,0.0,0.0,0.0,0.0
0.01982135251414665,0.9489762106610188,0.02264210343121648,6.913215010850401e-28,1.0024100964366619e-31,1.618195485567823e-41,5.789254413209001e-51,1.5668156015627259e-34,0.0025459592315829316,0.006014374162035082,3.6762992805941983e-67,7.3108394110884635e-40,7.681488337753642e-117,2.664673888796997e-165,2.944566405786642e-154,1.6237287316937757e-148,6.603929928714325e-147,2.3770262183332055e-225,2.1437705831417318e-151,2.598046695416233e-258,1.6354813401967844e-135,4.493440888235136e-143,4.185503735716845e-163,9.091458732194043e-70,1.3435555006631938e-203,5.182818320138272e-143,1.4701251099768439e-173,1.5958780966342864e-222,0.0,0.0,0.0,0.0,0.0,0.0,0.0
1.7117430468081302e-235,0.0038030268866557754,0.9280910133190939,0.06643207006708257,1.4871863568705526e-8,3.3733641979599134e-12,3.4858307333114986e-6,0.00033286733038721697,3.2236124828125446e-44,5.8099311002594104e-11,6.590213591118246e-25,2.3191026773668605e-17,2.6910501664009934e-40,0.0013374955935426627,1.65444943809418e-57,8.869144382439906e-56,1.2482165987600994e-55,2.6039168229771276e-8,7.584485404250853e-32,3.239091111653421e-121,9.656623926506959e-48,3.0435581504863825e-68,2.546221208323632e-65,4.963232366211602e-65,6.431505661049163e-135,3.0993834300544342e-201,3.268546236618164e-152,1.2017662926261141e-117,0.0,0.0,0.0,0.0,0.0,0.0,0.0
3.780935359471185e-74,0.08765198348087612,0.7450993825176687,1.5627453296829832e-7,0.16724847746475746,1.8459060161105834e-48,2.3988610375857814e-15,2.691209980481793e-61,7.762493695931368e-37,6.201984922694481e-81,2.6216216864464125e-10,4.921219466375595e-38,2.503591808151675e-35,3.4984923341666115e-71,8.797001881640326e-105,2.635344309336633e-136,2.176620496153475e-164,1.0074342464672194e-141,1.0923384471052358e-187,6.923192268574921e-19,3.994650571413812e-75,1.4288659469976204e-84,4.263250587777491e-201,1.6471153770162594e-148,4.023823821822383e-168,3.749932647271144e-75,4.979305327687297e-106,1.521910405593e-250,0.0,0.0,0.0,0.0,0.0,0.0,0.0
8.87837350049218e-222,1.259608935915677e-47,1.0933312215116821e-11,0.11715671198177074,2.3983167721820664e-7,0.0010012619212466664,0.21615693303501157,0.1993616188503613,0.00772846443941726,0.07333486894421197,1.1389494657769612e-8,0.025972838515616804,0.0708312125622544,0.17494263023508522,2.7651161333563193e-21,1.0804446181687504e-12,0.07454349928331948,0.0068980852982478205,1.2326342982291431e-6,2.3029873408578e-15,7.290918369395441e-31,6.591556141426141e-7,2.5471030518648705e-20,0.002937722842114662,3.37483293742826e-76,7.486781397714436e-26,5.438762631739186e-41,0.02913200906824177,3.487097683758933e-168,1.608995227727581e-141,7.904033348283007e-193,9.475094037227174e-263,0.0,0.0,0.0
1.1813231811054602e-55,0.30214930968256803,0.15967831644118,4.8528046153512755e-9,0.46882118221308205,4.065157090564405e-32,1.559717626492249e-19,4.480183246862316e-19,1.7269378293866912e-15,1.4564817064550223e-23,3.426518212907773e-46,0.05927279386390673,4.440100065950823e-19,1.9700795752812163e-148,6.077685601580114e-140,7.672041394582846e-88,4.585372637903847e-72,9.90722429498572e-142,7.087630700810804e-140,1.5106021026259519e-155,1.2578175095474323e-74,5.115021361752123e-90,3.513119775050696e-18,0.010078392946456743,2.023205229291954e-177,1.3800811980824034e-138,1.2162989728669304e-131,3.0765109752325574e-186,0.0,0.0,0.0,0.0,0.0,0.0,0.0
6.009565522883033e-72,0.9998163984538118,6.660816477897619e-5,0.00010296254192615588,5.6093184259744724e-27,1.4030658184090518e-5,1.8129897873047886e-10,1.4551857858894908e-53,3.1508161772216144e-31,1.2097621181477538e-35,1.8594669334981527e-19,1.1578989782998089e-72,4.871814466359226e-125,3.2156408209876923e-197,8.292194035454186e-240,3.737807487413186e-180,1.386163045385634e-158,4.3203002618778124e-228,4.466974692591669e-287,7.704248941550764e-262,5.0213809968472915e-85,4.163145325789523e-72,5.055729521419086e-173,2.601374084126948e-107,7.926299039182562e-206,4.7466353899376285e-144,2.2230512673461846e-174,2.5135607185426787e-230,0.0,0.0,0.0,0.0,0.0,0.0,0.0
1.2836572034227205e-63,0.17505080242092105,0.3002773444611942,0.5217638122943014,8.062782733378383e-17,3.654111678275327e-59,6.359055385336968e-12,6.466390306076369e-50,3.3119253761817047e-28,3.336098461277894e-8,2.3979113493272514e-86,0.002908007456239533,1.2026912700127983e-89,8.76156846888141e-112,7.305084085156831e-130,8.027761875426913e-118,1.2119795071977204e-86,3.117849292181629e-41,3.6157462291965895e-67,1.7531742396626918e-118,6.15102896468804e-181,3.0437526357922526e-160,2.7412742415061987e-71,2.7952734802765486e-93,3.6012095795498476e-132,3.8106687690647186e-98,4.086115709466788e-99,3.3361706622214644e-206,0.0,0.0,0.0,0.0,0.0,0.0,0.0
0.001999955375746925,0.9963692449635946,0.0016307992131513332,7.719043811589123e-13,3.2173426451128102e-22,3.130409881884394e-104,2.4435894467855235e-11,2.5104447003332e-37,8.219608389261562e-28,4.222994046923936e-10,2.3526842969684015e-112,1.7094820290024646e-45,2.8473917193430626e-130,1.3584845915584373e-180,8.2589444968248e-197,4.359746343752033e-189,1.0339620660672187e-95,3.8949698218970545e-229,3.815962489301959e-204,9.507426910552355e-201,2.782603314737126e-194,4.2730450219306756e-201,1.2691856565687439e-151,8.014078680017279e-89,4.376778164022698e-244,6.578476464436764e-146,1.7490941309093168e-160,1.7143608151533674e-296,0.0,0.0,0.0,0.0,0.0,0.0,0.0
3.5870198167245337e-84,3.491451284729414e-57,6.49863523845075e-16,2.6441008215002663e-10,1.530961808122634e-14,1.8377144441305974e-13,1.0996784233641326e-16,0.022324374401430626,0.08534367670005025,0.014652735469136648,1.1991330425087276e-10,0.12957367912413814,0.0055212660887624535,8.427972732221167e-9,0.21814991623223473,0.12882299469837113,0.028435312986567925,0.08452500348051753,0.026240419695546306,0.09144672995420128,0.04913198856009285,0.04285879595185099,0.03425962925411205,0.007329609305443477,0.027924209349413157,1.8330971137677396e-16,1.530868346878811e-16,0.003459649935634177,6.0710022479212406e-74,1.1776245763110148e-137,7.775469057773548e-59,1.8900525126516355e-177,0.0,0.0,0.0
2.212890987975292e-33,0.643645125844565,0.3418501670125951,0.00010097848031274657,4.332476475416245e-8,1.5793847406406992e-66,1.0239428745588652e-19,5.821834220333255e-41,4.980369754270488e-30,1.4850251282715694e-23,3.041141018104177e-45,0.014403685337762272,3.056712765449552e-113,2.719900690960073e-231,2.006940250212838e-228,7.590492966182606e-146,4.873290851077964e-84,1.522390733410016e-276,1.334969800251283e-258,2.775930807494663e-286,8.03071293120097e-149,1.9811350333686666e-152,1.050009860799785e-110,4.060733664126487e-67,6.816747198104924e-288,6.2454178759187995e-204,3.578578558471361e-167,1.798774245e-314,0.0,0.0,0.0,0.0,0.0,0.0,0.0
1.2246304686267857e-66,0.008351682845179632,0.9660331071936148,5.337723459600345e-15,4.5450764314625155e-7,7.598698373745744e-50,0.017992988947504146,8.813267212004479e-55,1.3575378838913653e-22,2.921985493138792e-66,0.0076217665060527235,3.370407346028986e-43,2.3825224480258314e-117,7.302085255406855e-126,1.6414283549633407e-150,8.097761271912854e-146,1.7128602605235545e-122,1.1518386390876608e-180,1.6524363663660935e-204,2.9893886921818985e-193,2.117765077215523e-73,6.628420486249267e-81,1.5147914517001534e-150,2.297763117462736e-61,8.844458229701509e-158,1.2610276988575482e-164,8.034303565077046e-78,1.024259495618008e-169,0.0,0.0,0.0,0.0,0.0,0.0,0.0
9.781902960648953e-77,4.876939608602911e-5,0.989612890132152,2.6800992059839566e-6,3.1783109161200316e-19,8.936582642972198e-46,0.008177552455506963,9.876677954397114e-57,1.5074584271288623e-23,1.5906480052498378e-11,1.4245022024202474e-81,0.0021581079011424296,2.587590215633461e-61,1.6868663693681775e-101,2.302225455496197e-134,7.829619504158562e-95,1.6040636144144008e-75,3.272837326216195e-120,5.7641692220952e-67,2.122630129872388e-127,2.925014500245804e-129,2.1821145473311042e-102,8.300720950807087e-36,5.258477978815233e-34,2.0437841401993625e-152,3.418552445314183e-124,4.204662891044127e-98,4.1462388838652506e-163,0.0,0.0,0.0,0.0,0.0,0.0,0.0
7.456228257839225e-47,2.0967794081672643e-6,0.9704387266790885,0.0295591764641781,6.179259165716127e-14,8.48781982233276e-32,2.7467255110892815e-24,3.249181541842836e-19,2.068280939503034e-22,6.0850138040213684e-30,9.217343331403775e-14,1.927103956922924e-42,7.079634065007916e-55,8.558232195830284e-82,8.607879923907657e-63,6.605411674991466e-52,1.0076120625116243e-57,3.6009244873375757e-112,1.1709316907359139e-116,2.6809318620692996e-118,1.201627262119128e-58,6.59570306306432e-48,9.275312161206276e-64,1.2613763864703824e-41,5.7471103748331784e-83,2.5358804433783324e-103,5.755505391773375e-83,7.71715205018439e-11,0.0,0.0,0.0,0.0,0.0,0.0,0.0
2.5708313061186143e-92,0.015259685718417185,0.9845669954275622,2.134099974853564e-5,0.00013161001848497039,7.799212653875289e-17,1.6760998938678275e-30,2.4637842569930324e-52,2.1764969094954754e-29,5.611414683250745e-21,3.0757496154079446e-19,2.0367835787155223e-5,2.6059945315996708e-82,2.470998657987699e-122,1.3221104376023716e-183,1.483811582347565e-76,2.2277410410932917e-21,2.0119519812755267e-153,9.600210548804896e-133,3.8947710782551933e-209,1.86395239211994e-84,3.5401778134649036e-97,3.2264232635529314e-80,8.550691615340789e-62,3.6364324448025827e-186,5.92462121002407e-201,2.247875325370028e-94,4.730334029549863e-135,0.0,0.0,0.0,0.0,0.0,0.0,0.0
7.415832065164765e-35,0.9521350693443176,0.0005265121911222816,2.763613506144015e-7,1.0813557462041147e-6,8.215812567491495e-22,0.03802843403527542,2.2778059930149844e-17,8.163567942642847e-13,0.008698603295082062,3.7100155230192665e-21,1.0909731968204175e-15,4.964282158243543e-6,3.035681428572359e-64,3.811820468442628e-52,3.908951695188218e-40,1.5481231999311639e-77,2.461888677292476e-73,4.71155663211198e-80,6.291753000456121e-59,2.0088173417365933e-59,1.1623581482959285e-37,0.0004510127547612912,0.00015404637936865942,4.899868832201988e-140,4.3524648302600524e-79,5.4256955542725245e-21,2.4130468498073276e-137,1.566e-321,0.0,0.0,0.0,0.0,0.0,0.0
6.244351658321161e-74,0.9837885224113428,0.0008129430358118604,0.015371967938665966,1.349403632360227e-25,1.5736487149370213e-6,2.4992965464376686e-5,4.549704609315892e-47,5.7000210999622235e-21,2.4952304947090198e-42,6.634837096492924e-20,5.5116692428989366e-71,2.1219054326992305e-105,4.1684449897135037e-216,1.9675216593758163e-218,2.154329699167429e-157,2.89180823092563e-142,3.871834425212322e-201,2.7233742253859856e-294,1.6050311656646557e-277,1.888156679436783e-73,1.5662672978545612e-69,6.494880339210182e-138,6.396254327494761e-84,2.562630707115021e-216,3.21449895098092e-138,2.0205128340862342e-214,3.5117336765266586e-238,0.0,0.0,0.0,0.0,0.0,0.0,0.0
1.1568130087502361e-12,0.965449005277285,0.0009973158240864281,5.061158642612143e-15,1.1668086230133253e-16,1.005254738747877e-25,4.336608882931756e-62,0.008289246417835495,0.009106624626083169,0.01615780785354784,8.966034922785769e-83,6.2445362682207656e-43,6.61207648914794e-99,5.023657770819216e-123,1.695381879347242e-120,4.7764223747030034e-129,3.0364985585387193e-56,2.9714756128735083e-113,1.1071622002641307e-141,3.7910503326721094e-88,1.9383423567394247e-132,1.403307783645968e-132,4.014495124451219e-126,1.1374384276360313e-73,1.8919403765527206e-174,2.3949260740493328e-101,6.390608643641721e-114,4.771146792400652e-194,0.0,0.0,0.0,0.0,0.0,0.0,0.0
0.0,1.5109872931868981e-53,0.08765920960918361,0.8347860771141916,0.0731273295898574,1.4036072854725234e-42,6.856571405896999e-61,0.0044273836867672655,3.1285018055902616e-43,1.2801256158665898e-74,6.230908314014096e-100,4.236365785188489e-130,1.232708556797197e-77,1.5847507390035324e-94,1.077845609640518e-32,1.61624506133951e-33,8.023297511955103e-41,2.112647746601982e-78,1.0075374011910236e-41,1.3044769959870477e-166,2.2366282570175866e-87,1.566599368271046e-57,2.6746934390223465e-177,1.3921874132688633e-250,6.3374548313178e-208,1.025610865428175e-221,1.1527310047862174e-166,7.479426054026492e-176,0.0,0.0,0.0,0.0,0.0,0.0,0.0
8.895909535898896e-57,0.08019623214080482,0.9198030627384904,1.9452016087535232e-7,2.939024441306439e-11,5.040079763846928e-77,5.096642315218995e-7,7.503585382368918e-41,5.258667127619861e-40,1.1245085829311952e-22,2.259110100838261e-81,9.069218927117245e-10,7.8885011101015e-126,1.6492316560835125e-190,2.522546987431872e-209,4.657854985539428e-193,3.9853850906409616e-107,2.5758932068377015e-239,8.145827291589747e-187,5.673114948059903e-227,1.4817465838707257e-160,1.923938874172843e-174,4.382653736038878e-117,6.321761826493063e-100,2.7801616786054498e-245,3.782233558497498e-210,2.5218832925358987e-143,0.0,0.0,0.0,0.0,0.0,0.0,0.0,0.0
3.370027310410843e-165,0.0061487122997173115,0.4603244971357279,0.4947849535321452,0.0020431469097054247,1.2043780175541674e-15,8.38478684890578e-6,0.019077160502449342,1.5847680928135856e-30,0.010503157321774972,1.921274198577692e-15,0.0039803614854337956,1.2540124787476222e-35,2.013563482586765e-13,2.97751313619345e-49,1.1752910217871652e-45,1.1822663552312688e-29,5.213385175557663e-12,0.003129626020778972,2.376575677127663e-105,1.0882500324613404e-60,2.579645569639198e-61,3.329023308274389e-39,1.736088046314603e-61,3.6393337188179883e-84,3.798790063906771e-120,5.3698547726813846e-93,2.179727979262262e-107,0.0,0.0,0.0,1.0444085243520063e-301,0.0,0.0,0.0
2.2136066875874286e-42,0.9848787798782705,0.015121219788814085,5.322544071330126e-15,3.328647699812456e-10,2.862094803355173e-46,5.2320979403313194e-37,2.595205531475648e-69,1.4616579418110773e-38,3.939396208956075e-43,4.516706272734536e-14,5.06439975657847e-29,1.6335842170717298e-115,7.659711228893374e-214,6.089961555982071e-235,4.364372434860283e-143,5.586011806530507e-108,2.6693280288531767e-248,4.399682725127465e-276,1.4624555424727298e-245,4.710635373199703e-92,1.6068612234887861e-90,3.661351629676196e-139,4.476513518145781e-111,2.999869515572823e-214,8.3653389711011e-156,7.986334624271948e-168,3.8851377582519297e-278,0.0,0.0,0.0,0.0,0.0,0.0,0.0
0.0,1.5209709670180378e-78,9.572181658786167e-9,0.0995055511907016,0.5173412040075437,0.28138968011119847,0.023666704062077465,0.025292735943948923,2.7822908172033704e-41,3.055327804890221e-10,1.4628319111705982e-62,0.00552067973467432,3.525083823285663e-31,6.194278389610277e-5,0.01417387182644471,1.3556440556524603e-27,2.1661277605425464e-40,1.2631076625171755e-24,0.007578157161086229,0.003596168342089813,9.99197165414277e-44,0.017359494134901933,2.9453468641675875e-32,3.735543787307676e-24,4.650481225526959e-13,5.424446988481018e-97,0.00451380082325729,2.93283088943952e-18,5.639904764671422e-177,4.144821699062132e-307,0.0,0.0,0.0,0.0,0.0
4.293379386022776e-40,0.09147205912180983,0.907019628523884,2.965663541102633e-20,0.0015083123542814613,3.1732946047466904e-66,5.5005210632708286e-27,1.061805862192317e-71,8.833521117680563e-40,1.5740839549681607e-62,1.1347277057496228e-15,2.346382958121421e-14,1.2279885664126284e-119,2.686138179554685e-197,7.424560899463478e-191,1.2620322157103783e-172,1.0362299085481576e-120,1.0198811732598743e-211,2.7206460022952364e-167,2.2721641470325562e-272,1.2147992842181022e-119,8.791051074747259e-126,1.008263784333251e-158,1.2494712002409428e-120,1.3168150203174336e-220,3.263284489927717e-168,1.4374061731044498e-112,2.4963865784708814e-272,0.0,0.0,0.0,0.0,0.0,0.0,0.0
3.7364427824921936e-100,6.289290096241996e-7,2.3014456674629314e-8,1.5077819087185343e-10,0.1977245141123627,0.23907802586200777,0.15079568183559586,0.0907975668067939,0.05676962212087903,8.415517140426824e-25,0.08610226896385077,0.04662771761181441,0.06116462400442168,3.312507880409526e-37,1.405157452014197e-51,1.524704982587769e-33,3.598825187766683e-22,2.2251821396064495e-47,0.005228502683612993,4.0027074026630286e-30,1.814103694026368e-40,4.3580805560896856e-47,2.1327432425526958e-23,1.2001981449239055e-61,2.807231089884702e-34,0.05549592189914126,0.010214902005275112,9.523044302360104e-101,4.872985388077e-311,0.0,0.0,0.0,0.0,0.0,0.0
2.991690932556888e-97,0.030507895260695906,0.9073200501249223,3.850741248351544e-5,3.5431313977310785e-5,1.0187880823153585e-30,4.254539258623416e-21,8.608976292610449e-21,0.06209811588791575,1.666842884276008e-25,1.1068905689354329e-29,9.381166618546074e-27,1.4304882453804972e-88,5.256835397172653e-54,1.2461176123915904e-84,1.0688832373243698e-43,3.979485712956388e-43,3.1372354540957367e-43,1.1491278434695741e-129,3.8210166819387886e-100,2.520459644440803e-51,4.96199583759862e-15,1.0533641181422056e-77,1.173601798040675e-37,1.0795942422110601e-77,1.0515600304997046e-134,1.7661113583980392e-101,2.2233230067608982e-122,0.0,0.0,0.0,0.0,0.0,0.0,0.0
0.03143185702869034,0.1983828327844414,2.02986235723932e-14,2.6871276419923373e-17,0.05612420917047211,2.9879549034960345e-20,6.605689065268033e-22,0.44093038383535893,5.5081599601921815e-15,7.82719976873397e-39,2.1823455667260213e-6,0.07700078245067037,1.4512714353304937e-16,1.806265064400325e-58,4.074873422907886e-30,8.472338989786703e-40,1.5102493130925896e-66,2.73181283436665e-39,0.028088501295217342,6.168045483452017e-46,1.5138044972957163e-79,7.622153986483618e-69,4.5621821416397345e-27,8.434943869740989e-62,6.147780092917507e-101,4.364929880050927e-43,0.1680392510895569,3.717480352572438e-46,2.45254570589702e-190,7.800069027299027e-236,8.92168837121196e-285,1.4985231350350278e-239,0.0,0.0,0.0
0.0,3.251331411987255e-65,2.407193765792692e-32,1.5522671850331358e-29,2.2718273814985742e-10,1.9703020777001184e-58,3.6391562908190474e-17,5.427844112823207e-15,4.162764891798431e-9,5.050539916551437e-5,0.019917690759933066,0.05066733814921644,3.8205839334822096e-11,3.0595053374807917e-25,1.2681493865051134e-52,0.016243944883706354,0.016599273856242748,4.182694629831174e-17,0.032374391169840734,4.9581095166511604e-36,0.08953508156154452,0.0738916112951149,0.1339389302787958,0.111669022021455,0.0005749307044598249,0.044529753526734155,0.31635497947581465,0.010875817740768165,9.198817594746108e-22,0.07004184401842625,1.1703823480057852e-21,0.012734880730622962,0.0,0.0,0.0
1.0,0.0,0.0,0.0,0.0,0.0,0.0,0.0,0.0,0.0,0.0,0.0,0.0,0.0,0.0,0.0,0.0,0.0,0.0,0.0,0.0,0.0,0.0,0.0,0.0,0.0,0.0,0.0,0.0,0.0,0.0,0.0,0.0,0.0,0.0,0.0,0.0,0.0,0.0,0.0
3000,700,2300,6000,2000,2500,2100,200,800,1100,600,4000,1800,1700,1300,1500,5000,4500,7500,1000,400,1400,1600,300,100,900,3500,5500,500,6500,2400,1900,2200,1200,0
200:3,3000:27,1900:20,700:8,1000:11,1100:12,2200:23,0:1,5000:31,300:4,6000:33,1200:13,2000:21,2500:26,3500:28,800:9,6500:34,500:6,1800:19,900:10,2300:24,1300:14,2400:25,5500:32,600:7,400:5,1400:15,7500:35,1700:18,4000:29,2100:22,4500:30,1600:17,100:2,1500:16
