50
0.05451344413267104,8.797583762406967e-70,0.00023404215662787027,1.356071470242627e-7,7.04526493920897e-16,0.011409801133982498,8.230281972881798e-14,0.0020869755220343407,1.8684076077691202e-73,2.976011834761637e-12,2.357068586474514e-5,0.02479986637533544,6.464518613518281e-8,0.0021166351699126763,1.3658301707587574e-7,3.535202551266523e-9,1.932599536159384e-7,1.466477823398625e-6,2.0830167346893635e-5,3.5004746228061025e-6,6.839238215031796e-24,1.532804587789302e-14,2.979045077975869e-22,3.0331553982844387e-7,9.694139387760067e-22,0.0051763983135730204,0.009696491730148258,2.448331481145009e-19,0.0005368225896318472,0.1150433976398754,1.6671937555545878e-6,8.135255667385125e-12,1.0494631625754847e-7,4.846984212601947e-43,0.001131949946594264,2.2751361795056245e-8,8.38284765827299e-12,5.648973875677687e-7,3.160369980757428e-23,2.0011909847007693e-11,1.523937648328374e-8,0.033117913280043224,2.6661640746422543e-19,0.4797959555528245,0.07115715833516292,0.12281822609709576,6.927395088085734e-7,0.06631164860592918,8.238678739100165e-10,3.567507406693436e-11
5.503492581710611e-27,0.15435048554196745,1.4082032319356096e-27,8.258042972308737e-32,1.7108774534150315e-15,0.003013024112575844,2.9154820926301704e-47,4.3868997471717164e-13,0.8334425326605702,4.626448842297352e-117,5.881727295942178e-29,1.4233117353888659e-11,1.221874847196451e-18,2.972765027269189e-29,3.7712606451380837e-56,7.338190936698858e-54,4.055935522090239e-17,9.98484443644049e-10,3.89775595796427e-33,2.0207099122456654e-11,5.830132972698357e-90,2.8012180294092004e-88,1.0814423833103942e-71,1.3505654979248516e-26,9.875752656569967e-48,1.4417927477089833e-19,4.541156186403902e-111,5.2067884883947715e-65,7.743675764225799e-53,5.288800103423765e-44,1.6261412649224766e-16,1.843346370647236e-29,8.422865195729467e-18,2.2308600278157864e-27,4.099631820394637e-71,7.730638499465419e-17,0.0024524423809867686,3.6840994788043716e-21,6.121566149937808e-106,1.2334499684326328e-38,4.9819531083216655e-145,3.3703091989786728e-18,9.77329813888694e-89,0.006741514246578887,7.394336517844758e-16,5.1413825381266885e-102,2.3951203573939e-11,3.905060169437921e-15,6.96970561677385e-20,9.699882174117203e-90
2.3047038814941612e-17,3.986877317479869e-26,0.00018332715914608311,2.70805522694617e-6,0.9041709449282428,1.811868637550348e-7,9.241603307659078e-10,1.1428422059128228e-6,2.1347074960765365e-29,1.282489046376292e-15,6.485909929491038e-14,7.720997591974733e-5,1.9799707773453953e-6,0.009437433727009026,3.152470207168399e-9,2.6465508222199475e-15,2.2256262371727406e-11,1.1103964457193403e-5,0.001620588942732689,0.023920619890917618,2.622799236484793e-5,4.780639073513427e-11,3.398972871424207e-11,1.1413056294935472e-8,0.0006656479788553283,6.380197170977362e-7,4.5515515370374456e-5,1.0436009305638146e-11,1.8988231261436615e-5,4.5788606068154815e-7,1.1309923780329012e-5,5.19472682610454e-6,0.055402663278329094,1.5184039000416726e-6,1.0082356094800946e-9,0.0002957966171712943,0.00014377019040809512,1.935051686983419e-9,1.5404447399534545e-5,3.833147782166282e-10,0.0002955874591255023,6.570639244034315e-14,4.728771860806585e-11,5.38925426358454e-7,5.06199242728794e-6,0.00027295636037293124,0.0027158824850608294,4.2971324502071976e-9,1.323073749445118e-6,0.0006482525735623081
1.467915815813374e-10,3.5761766008169723e-60,0.09053535666000602,0.06043845687164025,0.000638329423845851,0.002089258952420602,3.4971080099749316e-6,0.3049292308484597,1.1784461196296957e-63,1.169461118525397e-8,7.561989835239837e-16,0.010181260690008838,0.009084504110177114,0.01526621340711762,8.680004802540006e-15,8.169892237728705e-11,0.00028485573574519587,4.41441751959192e-5,0.0001488727839949863,0.0046710688200172195,2.0600304103513012e-37,1.1743855747716825e-8,2.3041413470720947e-16,1.0494527994387491e-11,7.421881503299548e-5,0.1449816838806894,1.1911322190622791e-7,1.1521332670372427e-12,5.107247619963448e-10,3.961195800023559e-6,0.018654507349425305,0.010202651718358451,0.036209672800216926,2.0607845446056194e-40,2.424556795592705e-13,0.009900339572022276,0.02168004807441641,0.0005600042697933251,1.0550484616195434e-11,1.5417129006164664e-9,6.977884277189612e-5,0.008393213769001553,0.048107781781414866,7.816945216812608e-14,0.003398060285483398,0.043437453642760006,0.046519411792551806,0.10947945196544878,1.25656178330377e-5,1.8519588089243006e-10
4.283024527588532e-12,3.061444466328153e-17,2.2679640655661412e-11,1.2911586767148045e-10,7.753176075216169e-5,6.627909581675656e-11,3.2119353337609457e-17,9.681301136475688e-5,1.1738060500001954e-14,3.0204410078500547e-16,3.3836573979600064e-30,0.08092670786347272,0.00015966657349128098,5.1828358801507145e-12,1.8665820353213029e-6,0.0014531468927481527,4.807421449863106e-5,2.4270564662462435e-15,2.436078798181246e-14,7.45208457242653e-5,4.562726977512174e-22,1.1439695448428296e-23,4.227841352766237e-8,1.1798708224546716e-9,0.014661956092735698,2.2580043197282848e-20,9.607778594684167e-28,6.984388941717925e-38,0.001290536956954981,1.401253129868497e-11,4.0274852011191024e-17,2.7453807853497824e-10,0.010563895149437145,0.009525720296502628,1.7572371622001437e-45,0.0014612032516359262,6.485550056362003e-11,3.3761289748385785e-12,0.0010109357810617508,9.958215022936632e-6,3.904906196966676e-6,0.0006487799933040999,0.0016103087264212695,2.310680121676172e-32,0.0015073381848590252,7.836050666453262e-15,2.6059586716394076e-11,0.044522842391580664,0.8303442482414861,2.9078003864971843e-19
1.3218700457530537e-8,4.9199325970761314e-64,3.376439105265717e-6,2.7639114161281843e-6,1.636162008622572e-6,0.2867609927419581,1.3072327207798805e-7,1.3621710180246472e-7,1.0997925053019873e-67,4.2748232209420384e-30,3.9932908266291164e-20,0.00019940998466079358,5.6833139921498454e-6,1.1428787688985293e-6,1.1351629261662627e-20,0.0004060292848956246,9.940777421217217e-8,3.998505851908044e-5,1.3646507193677856e-5,0.0032476850111402326,2.589421352360912e-24,6.825068547391181e-27,6.254413526788345e-9,5.452172299050646e-9,9.641047510306905e-12,0.010927814965740683,1.7442840150148546e-25,1.933741786645767e-30,2.0760059175454563e-5,2.639272883657886e-7,0.18209942541934815,4.748167528884818e-7,0.0012443184544577196,2.5177832291581217e-35,7.75274544624726e-15,2.2754511004066463e-5,0.0024173356883368607,6.632825211933672e-10,3.075582454118263e-9,3.861950894764985e-8,4.433933196986414e-10,8.866005501122008e-7,2.789350633371883e-13,1.1897543079206408e-10,0.00011100900482693943,0.04564125165806975,0.46682522037281043,5.678990877429098e-6,8.674855838404815e-9,1.1358142036486788e-8
2.1231872972807125e-10,1.376878989540207e-92,7.037435082438991e-10,0.05197135980941065,3.709817372347395e-12,1.5663509422644848e-7,0.0030174022360680937,2.632544330089221e-7,2.455992379109681e-98,9.394442346517118e-16,5.273872949692777e-35,3.547051709702373e-13,2.87451032277952e-10,0.0003502830552632033,1.1168387775692098e-10,2.822498926316853e-22,1.0439028499263283e-6,0.0002540243242255535,1.0764537985543832e-6,5.970214929635512e-12,4.373195277480723e-40,1.8029659605132328e-12,4.875296576925524e-12,0.00011730212247141435,0.25706678455723525,0.022786226289998116,7.897872128366365e-50,5.7006651903313e-25,0.004378041207810276,0.06992885140365702,4.169804069424638e-5,0.19676357769479424,3.6023498537723955e-11,8.88699545550502e-31,1.3959643593272634e-20,4.281377230859356e-11,0.003890909127762434,1.569607526209619e-17,0.09492904234169518,7.40101478899233e-6,0.28412824656671254,2.790793226972928e-12,1.1955313517731125e-18,1.83545773534346e-17,4.843809896513337e-16,2.8212335861291426e-8,0.01036627134896979,2.5538515439599794e-11,5.759967503216699e-18,8.960853324027375e-9
7.627657268790592e-8,1.932437480458643e-37,0.003526761773933347,9.172542656292045e-6,0.006996313315674749,2.4214132698967724e-6,3.5673966901093045e-11,0.20295043880602434,1.1851100508726536e-37,9.377793000042897e-19,1.7745465506301208e-22,0.0009100937292937176,0.016619743431286232,0.0031405998049986897,3.8329215645032135e-17,9.174070281215576e-5,0.004190443413209089,6.07128215610311e-6,0.025847199973848142,0.017363598832599227,1.7955389619784586e-16,7.690414348472166e-37,4.826599677132774e-13,5.379546801608904e-6,0.01792673302312764,5.232432771045114e-7,9.146981333080805e-11,9.319800289855468e-33,0.0011985243111137672,0.018085277247299473,0.014372527230377399,2.1376027903525199e-7,0.0017695174326084358,1.2508422730345036e-9,1.816302128063028e-21,0.05530392562982932,0.3359927448689491,4.162486063637499e-10,0.11938385840794713,0.03562759209331257,1.2056565367853018e-10,0.00024139324514946218,1.3914720044172736e-16,2.262485185717633e-11,0.0002846831818745827,0.0002023206970417318,0.00010518913805281259,0.000683642823275162,0.0004867228593068933,0.11667455402413408
8.255182819322223e-30,0.6840508625464872,5.087263826905454e-29,5.0638357921641664e-33,1.2551890413299986e-17,1.4382273310592351e-6,3.0403124840002438e-49,1.5743639971523396e-15,0.314498192031168,4.2229678393131505e-122,2.903307361462429e-32,2.356730245823714e-12,1.5141166410235285e-19,1.7082767862996014e-32,2.5529717032826206e-58,1.154862065621962e-56,9.241075804385433e-17,2.918217954602241e-11,9.958303772039514e-35,5.2841405302390745e-12,1.4787396798276837e-94,2.7536547125610193e-90,2.2459167709095463e-75,4.3633512904131835e-29,2.0852361465429583e-51,3.580598407473967e-21,3.3374747396839435e-117,1.9406611570128443e-68,1.811940549842546e-55,1.1357917567278095e-45,2.7225339000522297e-17,2.7893780343822473e-31,8.121650444977845e-17,5.908920145549954e-28,2.73834114009817e-78,2.5008316003070405e-18,6.07013025543728e-5,4.0330589711173434e-22,5.93600619557157e-113,1.4692481978697129e-40,1.0197741611221256e-164,3.628198620961698e-18,4.637717446092391e-89,0.0013888058551458672,1.296794684644964e-16,8.606128986363952e-114,4.881331794684164e-13,4.491300281847322e-16,4.655030019082058e-18,4.818661540803682e-99
1.2437529452218032e-21,4.867307646324416e-120,0.017555780942419875,0.06539460720781896,0.009389999655005612,1.117392397369196e-21,0.2861397182524159,2.996102243063555e-17,1.434876954093981e-114,3.2235072608846346e-25,1.1043995880720635e-23,5.3209786294766476e-12,0.00271219694470156,4.770354679263222e-8,0.060557730276653544,2.4294556185545227e-24,0.01509059837918487,8.727443920222072e-6,1.2075417686230563e-15,0.018059877018344283,0.03825434945603245,6.746063624056002e-34,5.64449702344114e-8,2.961446376212134e-15,2.7574375376736157e-7,5.1569259656792324e-5,1.487197287630406e-20,5.296101674366861e-5,3.5860192317165136e-32,7.538247645287443e-10,4.757073860108975e-6,0.000139616668096575,1.8347122411706406e-18,7.6313595059294755e-22,0.39090576753124284,1.1266405541042476e-7,0.09568100424459611,2.419402207550987e-7,3.7912808430554165e-11,1.5599430638857325e-10,1.0416295662133827e-13,3.00424996871508e-15,3.0254925026866264e-48,2.546709777304432e-9,6.935518031259502e-19,4.0853567206354577e-19,2.4703880068156207e-10,3.8584691403161663e-10,9.14683764628986e-26,9.0746678245949e-24
1.048072148727501e-16,1.0168120643172805e-140,2.7524759419237455e-5,1.4705948245979395e-5,2.419736697373026e-39,0.0013669562520503941,1.2510226669760158e-11,1.5633016044228021e-19,8.768853933810498e-147,0.0002504215294307574,0.08742034736452897,3.619212300648866e-26,7.007426865641695e-24,2.322751892762851e-24,0.0005953406066318231,1.4777893337830048e-21,9.07842194140979e-14,0.3275148469087466,0.008457886390083642,1.0672629051329552e-20,0.020390266047639202,2.721814675014064e-12,0.32529096455702927,3.774188428019181e-15,8.678955524781237e-7,0.0015628489958111366,0.05671234169004429,1.9002183219913856e-8,2.335285676504488e-5,1.2836641279385522e-7,2.728310710251969e-5,2.808727435212606e-7,9.474156704699653e-23,0.013106934440260344,0.0012096302032825325,2.2164682938873198e-32,0.0003730877504316464,1.3114933116443291e-23,0.038567248295968345,1.868274996329528e-12,0.04179904501636715,1.1658160721526789e-17,1.3489501691770492e-10,2.3278030196091363e-24,1.5993256810122817e-17,0.07526654842532186,2.1122565452084423e-5,3.1522254196085068e-24,7.603928574099947e-32,4.052011756234764e-13
1.7452403342193816e-9,2.6940495726273463e-36,0.00037563989404761625,2.5582638295302545e-7,5.73774720508846e-5,1.82136723443001e-6,9.843621708888584e-12,0.10745545398669581,2.3088772991711217e-37,2.6700155272377253e-29,1.485527422767653e-7,0.009286506362935812,0.3489077162155684,0.00013161590235568008,9.684167737600382e-15,2.3265525653787653e-8,0.035047463114117654,2.4570185357045214e-11,7.169786334318805e-6,0.002675134260753253,8.686072067505787e-12,7.571085194864507e-30,0.0002089276362447645,0.017199886761019596,8.812491431932574e-13,1.197354564589009e-7,0.016950954841476528,2.7475826950217887e-33,0.001247699159340977,3.800473035615761e-8,3.175074703346041e-5,2.582989301919906e-9,0.0001789656608658161,0.001367314850007564,0.0011711872714147277,0.0009209950087658066,0.3617453481773016,8.249784477209885e-8,1.288210028693238e-9,0.0027730259163774606,2.4265603590921478e-15,0.01913593968693268,9.21368650316933e-9,4.875111633527594e-6,1.05061227159157e-6,2.225944242635799e-5,7.440398744977288e-5,0.07293666288358672,8.217112654814152e-5,4.072985855598555e-13
6.259250286467762e-9,1.392818894330945e-28,0.0011521687938602946,2.3819794640740113e-7,0.10254883122570296,5.8568102033966505e-6,1.690229770331874e-14,0.010544960287934713,7.524494555956398e-29,4.114052193423542e-16,1.0885804539600726e-16,0.02339909724179577,0.2618217520978284,0.000749248537705004,9.544343215872505e-12,0.019048853255773664,0.0016078666371109223,1.844480370519176e-10,1.832111681816412e-5,0.015457348403345008,4.777331915703893e-11,1.3525145772562803e-27,2.4933006331762094e-8,1.560850808190457e-5,0.00029274933652573786,1.0939112948229654e-9,1.7319006558551677e-8,1.4611651866630514e-28,0.001120905876770701,1.0055001029717678e-6,2.59410555157615e-6,5.599118967173091e-6,0.01373017261464152,0.0008406929067692084,8.982976322249361e-18,0.2794808230478616,0.004360702026175283,1.895316201553637e-8,0.1775798337504931,0.0001634673622434792,0.020454552008397738,0.00025830906404600366,4.859071861153649e-13,2.539905967109303e-11,0.0007878401834127904,0.004484969283968299,3.2519104344901395e-7,0.048578646615975406,0.011486426848497981,1.6521844487183022e-7
6.831928630710722e-13,2.189082172179875e-19,0.00026702098713060797,5.1234294976113235e-5,0.010564592355906989,2.3075080419879017e-11,6.178492310701033e-9,8.937859221737904e-6,7.142355623465038e-21,1.3851780313967783e-13,1.4257381089987395e-18,0.0007176129558674182,0.01177228300514619,3.3257818303352624e-6,6.808830944245854e-10,2.2379686671979178e-8,6.388871621791037e-8,2.6259435893961226e-8,9.988666775100887e-6,0.004420405443421119,1.6422468809430683e-16,6.164942801634694e-17,1.6865936921395628e-9,9.515276175267249e-10,1.3518057736165195e-6,2.8930727030252593e-11,2.863502978983711e-13,2.1220786304968054e-18,3.592178260061279e-7,2.9693399784312604e-8,5.684399904310922e-9,1.8263985749310257e-9,0.9576067402650306,1.0576019251123058e-11,2.6007965155894137e-17,0.007938147834435817,4.691229911769446e-5,1.3384098475640007e-9,2.8413297871041473e-7,1.094705367159422e-8,0.0008845034215209249,1.654349838975002e-9,5.108375004007715e-7,1.3711102580229713e-12,2.4883489233732572e-5,6.870479996291363e-17,6.65501744286617e-6,3.652056948146737e-6,0.005670424243823841,7.936838140497817e-10
1.4785818132122926e-10,0.07579400533660666,1.1729445679554525e-11,3.8469406254463787e-10,1.1625157914340454e-10,0.09269595705554788,4.436806465369303e-12,4.4736127637941016e-11,1.0497798882996132e-5,3.121644546884497e-14,7.213894291182605e-11,2.1691721232722497e-12,4.2657747810602255e-11,1.0837315489076322e-7,1.0601903348942743e-16,5.453329892979478e-8,0.015554020995899026,0.13297107487228257,6.912095324830117e-16,1.5042362158122207e-7,3.708463800828757e-47,0.08696898558157226,6.118738389489182e-23,1.7474860147630562e-14,2.0615644833968938e-10,1.3870751758961077e-15,1.7792208545074673e-18,0.010741480713515545,6.037456293479777e-15,2.6417058190976224e-9,5.367059189944143e-16,1.14313008669109e-7,7.593449126156875e-12,8.441632778580689e-33,1.8668825144990986e-15,6.040983541001469e-6,4.798176155878596e-6,1.4430175432355156e-6,3.0369732189655874e-19,1.307939850704561e-10,6.484999740479735e-18,0.023904096241462048,2.277352667494096e-15,0.5613374895584433,7.915838703740992e-11,3.691882068156301e-24,2.6754820285314505e-15,9.678133319007788e-6,8.320493479038607e-17,1.832381750914786e-18
7.087133352763423e-9,1.0341058937943748e-37,0.07639701715481984,6.667292467819436e-19,1.7632082049707935e-8,5.513973988443546e-13,6.650071464471196e-11,3.3973033661504004e-9,1.1376195005096173e-39,6.850185100013947e-27,2.4999565916723654e-17,6.850259088600624e-6,0.00014701218718156815,1.2023662103191098e-11,3.3949786348590386e-12,1.308834038347558e-17,5.5093342716194665e-8,1.7248298795335395e-14,9.077610400257296e-6,0.09728215484080961,0.3090654007479163,5.050009006633856e-35,0.029126553718272705,1.724374579699969e-9,6.2575841175895145e-6,8.497327203055079e-15,0.14158130384837797,9.583342489477865e-23,0.2246356093477367,8.528796952477187e-13,1.5131428066124487e-12,7.9428891132205e-11,7.82932046014037e-8,6.563345474037366e-27,4.873460399727482e-24,8.380870429965085e-7,3.4604728690732484e-14,3.900920928327439e-11,1.6138908987247604e-5,5.688163594378489e-12,0.03184636357812421,2.9611006451277897e-11,6.677141703871597e-11,5.868931714257286e-16,6.352016480993187e-10,0.08987925688118016,2.0317482005636504e-12,2.257235718142142e-11,4.794490049260744e-10,5.738423901130048e-10
1.6141957162125862e-13,9.555543474027643e-30,0.00010210389046779657,4.650970201102399e-5,0.0630422000294162,3.843535196326814e-7,9.81042134665895e-12,0.00018632501820536163,1.6200284923977783e-32,5.0033660967315124e-15,3.5562072923227796e-15,0.00014589987408759856,6.461654668376868e-5,0.7430910251592941,2.4493194423196634e-9,1.5445084738716188e-6,3.724929242739416e-6,3.362464076215528e-7,0.0326157794078178,0.0023831985710840585,4.715683104087035e-13,1.3024966497476864e-15,2.4763037734246427e-11,4.662259195241586e-5,4.639150983210477e-5,5.314487435935483e-7,0.1264081057278305,1.459624443283074e-20,1.7496841083339708e-6,7.802940537080741e-6,2.9686982696938465e-5,2.798313704617087e-7,0.0010307936459070955,0.016928789192352633,3.529309276378524e-7,9.962718561143528e-5,0.003272702378861607,2.607361712549746e-10,0.007790891933968694,3.0927095373357793e-6,3.5307704375680845e-9,1.6216174889522434e-7,4.115335710668826e-10,0.00021303357226024625,0.00011045624162084998,0.0010882065140863733,0.0002905242409234564,3.275013750562252e-5,1.8694964489737058e-7,0.0009136045636843802
0.08562389068905356,1.058993146314704e-79,9.413830725582973e-10,6.667525895935308e-7,0.010094286430886746,0.1140183796176867,0.017574188262713668,0.0002736966280281606,1.9033118616481485e-84,1.0326044487294209e-21,1.32550355341516e-30,0.0006415684532121087,7.286273219209441e-5,2.638044220464245e-5,3.365707268298384e-17,0.0856853583666126,6.844201951885169e-8,0.33270988797946455,1.2250203124459746e-9,0.01870790190219768,1.750151923598456e-45,1.3835679922320056e-5,0.0018662125256878762,5.130734230757047e-6,1.2364349943797645e-11,0.006205404087956483,9.848062256098938e-44,3.0118429289937347e-16,1.755433866445218e-8,0.13710922353827795,0.05769874274134825,0.05865981474218302,6.146920375751577e-9,7.659852259250187e-19,7.571303981942349e-9,0.0065513023907987885,2.9296465372472256e-16,2.833038439078599e-7,0.0255210912300429,0.0028021637022074496,6.109595542017948e-12,0.016542301874897577,9.84267536217914e-28,1.9407295835923572e-8,2.5915418879257105e-6,1.707647907824315e-11,0.00563632338003385,0.015956388945250755,7.563342511927956e-15,7.476463244995552e-13
2.4306282115465723e-18,0.005799813123289465,0.0198444764323354,7.964078079485825e-6,0.6239993417055232,1.2253414087567158e-9,2.4195232860449663e-6,0.00022422343095444654,3.634268873065613e-7,5.975388751755178e-19,2.2131369254078648e-7,0.00026907890671249324,0.02853217113827516,0.005274970562535817,1.9363480791751117e-11,1.1557790449259706e-14,6.3356642109287244e-9,0.00018840407793788093,1.8298275795714296e-5,0.0022927316952304918,1.6511829922814765e-7,0.001905140441624541,0.0005650283344595951,5.228535979624946e-12,4.954158070803795e-12,0.0016356760369249084,0.01145428119318147,0.0033490111690576995,0.00020419147404112712,1.082354642667709e-6,0.0008311498362932721,1.4146512451767785e-7,0.03597045822069671,3.473336455401257e-20,0.02944102856477596,0.00010563061974202544,2.144597143472185e-7,3.7785021938829283e-7,4.113736054103534e-15,4.126080547781932e-11,1.1351088657876196e-27,2.4317784378049974e-11,2.2119504477428104e-11,6.641872946115602e-6,0.02161653881039529,1.036888461423796e-10,0.12412736979675956,1.9066190435983134e-6,7.294562112434268e-9,0.08232947299500591
5.906403573218057e-8,1.6925667649441954e-33,2.070455593800798e-5,6.649891923616756e-10,0.00024664143652703406,3.0742088753351924e-7,5.9468104225847e-13,0.0009237175488762322,1.5692275989988265e-33,4.5782680908833346e-26,2.589296942546158e-24,0.9791580595394156,0.0020254819078130955,4.024830226305359e-8,1.046546385434599e-16,5.416643361920294e-6,0.00045235995180967995,4.283442986440996e-11,4.7440350138439123e-8,0.005667404911078088,5.655363068879444e-15,6.299806267040275e-33,2.282426178289746e-12,1.0264850325860235e-7,6.451889557250155e-10,1.7247162128445375e-12,1.1887539428087376e-21,4.7835357541590725e-31,5.244606148232802e-8,1.1074802443517809e-9,1.6635596390737492e-9,9.678548353971772e-9,0.00163048449578372,3.2666108091894e-11,1.046635239331859e-26,0.0003817470346429164,3.482067378985181e-5,1.8685084117978326e-11,1.097190919198161e-9,7.527877686679649e-7,4.098561130112061e-11,1.3635732570049836e-5,4.279212113499204e-9,8.4480304820447e-11,0.00792372587566868,2.376215182996712e-8,1.505417314377374e-8,0.0011862948792494717,0.00032808456268015786,1.8133009366652222e-11
1.7595443571377708e-29,1.0287482836544341e-111,1.2828498345412805e-16,6.651071389123193e-17,0.0018606899978554248,1.6406535668645366e-12,1.70233983414581e-16,1.7616509799690167e-6,1.4584088310197518e-113,2.915834824413715e-8,1.1784000485027077e-10,2.9577394805558405e-5,3.10479965658015e-10,6.124433883024364e-25,0.0950488903338811,3.225287941409805e-34,7.110850579460849e-6,4.953186403487715e-9,1.715337724992099e-17,0.00010692399757839495,1.4852942223599314e-21,2.541259527260039e-17,3.8394963179632464e-29,3.841067417380115e-32,3.02189594638749e-21,0.007970499054052758,0.07870945114065897,0.01578890888362483,1.955955926056236e-29,1.2613529036463732e-15,5.1973769500724746e-8,0.028713839300045015,0.0049431390465532275,5.922210537314318e-39,7.124548012885531e-47,6.04308841509002e-10,2.996593630758951e-26,0.535258157987805,9.032037266037529e-41,2.820692275154793e-26,1.1325475039333683e-52,0.06530701216168301,0.05300426836390649,1.443786219524464e-15,4.1388201624781985e-12,0.05097010908582124,8.61239172782084e-6,0.0004899375085183612,0.0617810237262079,5.669680157441526e-45
1.1739701891969338e-13,1.3530424438531295e-107,1.992278528828028e-25,5.939966991373683e-20,5.191480445171854e-14,1.6996673524446798e-29,0.11951082808329785,2.8763388724730767e-22,3.1661141037485776e-106,0.21549456062899264,1.1924330635721687e-24,1.2850785970759309e-12,4.691186950879268e-10,5.850232790721841e-23,1.5693374518835977e-29,1.345985152488782e-18,8.993328845757984e-21,1.1171114551033935e-9,1.7907263874277998e-26,0.06525527144331321,4.191099153199636e-29,1.9630803767230665e-14,0.20532116050209395,1.861083238927744e-22,0.18515513336571063,2.028768760511159e-8,3.6100764258083915e-43,0.11699901339532692,1.0946601137201892e-30,3.632299685595949e-22,2.2238036910597906e-11,0.0006186083207495133,3.4706189650527332e-6,3.999847904363515e-32,0.09163755975337355,2.3817340982249283e-13,1.9117685815998753e-29,8.839601955205757e-26,4.209260231448662e-13,1.54521244612498e-14,2.0642419165576014e-10,1.5752237919535695e-31,5.3217347735381077e-17,3.6428907749057417e-6,1.5036444951513333e-28,2.1746013541549317e-7,5.114325376130482e-7,4.059785528398884e-24,7.016679137001175e-17,2.774384424400397e-34
1.182447210739539e-11,2.0373218693051292e-113,5.690201533505812e-22,1.965978002404999e-10,1.1350534957309831e-14,3.85652990813028e-13,2.6792446792963355e-11,5.056645552961335e-21,1.8405115091639333e-117,1.0434611043456613e-11,1.0670096786104656e-16,6.553417916126484e-20,1.2601027094873865e-19,5.501209291332009e-19,2.729377166707629e-11,1.4870503209006225e-25,1.579658163738573e-25,1.1325299161328189e-10,4.389297670495923e-20,1.1384322533733533e-10,0.02587339238330249,1.1588862829327788e-12,0.2761921489003965,7.472373120217954e-8,5.35826034803478e-5,2.537645407287782e-11,9.021066250903585e-12,0.3226954813046012,1.0981785051894655e-16,4.648533770455643e-8,1.822820728908705e-12,0.06670142621318988,1.9655436494008052e-20,8.678370517139451e-33,0.020273474807329776,2.1967198655749655e-18,8.607580829385231e-22,1.1564847910925218e-13,0.08135356867829235,1.5403088195605845e-7,0.014408244808078313,2.120111305815051e-30,2.0201410796632236e-22,2.879426121317693e-14,8.37725135922748e-14,0.19244840447456701,2.7243353949039695e-12,4.4050709015315746e-29,9.703848010388333e-30,4.604284658635537e-11
1.3657390596428008e-17,7.520982691712941e-25,1.200873399231149e-5,0.011805085741806593,3.5467250614391893e-9,4.7786303618778424e-15,1.6442377492314821e-6,2.4600665368203726e-17,1.0047516983790747e-28,3.5950228235973235e-16,0.0003936273818826272,6.478788626086856e-15,8.39297876493323e-12,0.0015338510752108858,0.10197658899517474,8.443354156885794e-17,1.5804784841662678e-13,4.980389243679526e-5,0.2460813019484387,6.19173524726124e-9,2.5454109817805562e-8,2.803024859056558e-9,4.5456464842767054e-14,0.038350084728101204,0.029696855287918673,1.6996974658956087e-5,2.0560679359736194e-5,0.07091069040083653,0.26935679103922067,0.0449951376649887,1.2951672479616684e-5,0.00011806183847791991,2.9823768172367563e-7,3.3562246766302175e-18,0.006551766333767524,3.11793002105325e-12,0.007962159345687083,3.316168947871032e-10,2.1256292367585177e-5,3.1624382826288067e-12,1.4204011124244013e-23,7.605193497122186e-26,2.213584961178876e-8,0.09000417059857287,3.4441299295902774e-12,0.01144285559142776,0.0002281682089823172,1.1980599589643494e-21,9.08789482699325e-12,0.0684572226082971
7.446949924807392e-6,1.189235480202056e-106,3.403804669407808e-6,0.22342264178634053,9.692678314320404e-7,0.0001612559024765821,5.115380822827155e-8,1.034488314794502e-18,4.051707040124869e-114,2.4474594309017716e-10,3.20709083636724e-26,1.9859305077728862e-14,7.167986575106654e-11,0.1634792286860647,1.2806309824743636e-7,1.0663801068902237e-25,6.894631552209718e-16,2.746872934402244e-6,0.01998627383605332,9.994912101487325e-10,1.1578893707861232e-38,9.617272842201362e-26,5.89289906184115e-17,2.6505086657926612e-15,0.03932669202776986,0.5327857898508122,3.9654286237320045e-6,5.859983422608122e-16,3.450554720023719e-15,1.0618846067755353e-6,0.0037617067928784847,2.433606680610407e-6,4.155208449713156e-12,1.5962444610896987e-34,7.955866491027048e-14,2.9812987338668104e-10,2.1629908554573387e-7,4.186617818416301e-10,7.606654136842105e-7,4.322986408484093e-10,1.7555618476209687e-7,3.9571488437215265e-21,2.114983996790892e-53,1.9013509710687432e-14,5.74928622914521e-14,0.01605579455829699,0.0009914499159570085,1.7261005647472912e-16,4.159640341576151e-19,5.804621142832786e-6
2.184549107119918e-9,1.8861155667184956e-73,0.0005775971060417213,0.004424199792161317,0.011067433176936155,0.15824875639820477,0.00014165928777531048,6.622873297036034e-7,1.6119786841109594e-79,0.02251910037243925,1.274026864031806e-16,1.6343229308255526e-5,0.000235396799052216,0.01445474985708512,9.526540077860928e-28,5.620397091895477e-8,3.505222404300245e-7,0.0006679034629323047,1.727295582307314e-5,0.0037882856792660334,1.9095896816076306e-37,5.094548641771239e-7,1.6007698584588894e-15,9.690973307889362e-14,0.06467999337328684,0.04134394642888485,3.2067824777565444e-18,6.007216172276252e-18,2.7690431677225618e-17,5.8745860861303736e-8,0.6468651113159967,0.001039340057532692,0.00011807460408633873,1.4600842214871416e-54,8.964717581713433e-8,0.00014790624970195703,0.0010569990993501554,0.0008834928711564644,1.0629389320698611e-9,1.1902064558681552e-9,0.022168241975002438,1.556469149539176e-6,0.00010588881230584942,7.572301990091609e-25,1.4939357514692736e-6,4.569259814326423e-11,0.005273194250325764,0.00015433104570764636,4.9674453838381666e-11,1.335762775170425e-13
1.991251286497656e-13,5.760907995595632e-121,0.04694168187109842,8.953622175165923e-6,2.3502934542738415e-16,0.006491128132033506,0.026474334256079753,0.1615229255745924,9.808276657637053e-131,0.018955683434496315,0.13353057226699794,1.0233847200392393e-5,2.833896373488073e-5,5.206219267466984e-9,4.5916367549534065e-12,2.1762660834495273e-45,7.250659813888292e-7,0.10633374417712807,1.1610750683184734e-5,1.855027606140032e-8,5.151913331150738e-60,6.08108724431597e-42,1.1842286380105392e-18,1.1986144484874395e-9,1.2026367922305713e-13,0.06533137441964924,0.07011237886060656,0.028941162131075452,3.422993093699064e-11,0.16738651243039462,0.0004653588412298505,0.0002501777466485902,2.127241583723966e-12,3.0300420567466767e-80,0.020643845288347937,6.8837462592708835e-12,0.07995334389947477,5.168307226711797e-20,5.994841252030306e-5,2.5106855831703572e-6,6.0307184256751675e-21,1.016354404345342e-8,1.7554948473786724e-14,0.016550703653534272,9.455220121360982e-20,1.3301137981254378e-51,1.561817452635836e-7,7.14872768194794e-5,2.361365864326832e-17,0.04992107304334548
4.1743432536165516e-29,6.545426545126789e-47,4.608914469820479e-41,1.0634771366359491e-25,6.279125009362377e-26,8.245116178329018e-41,0.008160750612302302,3.1653396096173944e-38,2.4762234389792035e-51,6.040837362916434e-7,1.6974093207590318e-12,1.9899094604315774e-32,6.581156054400168e-33,5.746351833430647e-42,1.8576556085768648e-34,1.423716772476224e-33,4.075917667295862e-44,2.808378094920232e-23,5.651269846409392e-25,1.5880222928196148e-18,1.9754266437266688e-23,0.17706692982247552,0.45096501384552684,8.980403967974842e-23,1.7084721543471767e-10,1.8392158918665344e-24,4.083840705775852e-18,0.3055662701210176,2.7817207736665333e-27,2.3137804029161103e-20,2.6501364946907955e-25,8.41726626637214e-6,2.7939046820991568e-18,8.798438343173593e-32,1.972064213143639e-6,6.975050979747877e-35,7.494648208210046e-26,3.6421262916392455e-27,1.99366102445401e-13,1.9898840789908638e-9,0.05817740221525128,1.1862225093333938e-53,9.64283687086027e-13,4.517005333790248e-5,3.3565017411329264e-25,7.467752280509948e-6,1.4381340452737708e-23,5.099607563264814e-51,1.454550416562671e-26,7.324436818280123e-32
2.60088807484485e-8,2.9519055467968893e-40,5.401462147739242e-13,4.7390907500819034e-8,2.817061102947774e-10,9.778345724055494e-21,0.07444968776350647,1.0241829449622138e-18,2.1370210871132833e-41,1.7076423156059352e-19,2.232529306717744e-9,1.5507666879630674e-15,2.4735979154454398e-14,5.5836882751821e-15,6.20989994451956e-13,4.3291441292550925e-17,6.250466255635693e-11,9.719115779842566e-13,1.3760204534044094e-9,7.095421658048368e-12,6.643922279617246e-44,1.5452312796548086e-17,1.9617830870497e-24,2.0607233811202197e-14,5.171593060503005e-15,2.8863553342657025e-13,2.4307700003301826e-34,3.79369937265234e-15,7.534019164727996e-9,4.23359244481778e-10,5.481098400185177e-12,6.289876048200233e-18,1.6547483410970794e-12,2.4132064980341234e-16,0.00313736894645062,3.386095157888329e-14,0.17763178223535098,0.024390528194529137,7.428992111628387e-11,1.2890501766127426e-11,5.4133993101803396e-18,1.2642608539169523e-19,4.655817616711594e-18,0.6676585194707921,1.4316690981479896e-13,1.143271676674158e-28,4.608726659668012e-11,3.154130766508899e-17,4.196648835879842e-9,0.05273202373263519
0.0013644736767736017,4.5022740171216045e-55,5.378547774496235e-9,5.633368900944577e-6,6.473195638095497e-9,0.032320240557458434,0.06005043128697011,0.0001537269174859304,1.0153160104692874e-57,4.39002476742906e-12,1.2148733314221324e-15,0.00013559373219886644,5.286611561549763e-6,5.861978497246883e-6,1.8269636870308675e-5,8.860112360018602e-8,0.040848521306983535,0.00047040191714163256,9.606936519357812e-8,0.0041458335271763415,2.238988320475635e-33,1.4801927498298778e-11,5.025693972528992e-12,1.548341533830404e-5,0.006724195718254016,0.050656936783489856,1.0006045062191565e-5,2.603306694498448e-15,0.12121117543559443,0.0005545942775764221,0.00024627863596176085,0.00027624369353640107,0.16123605410946126,1.0866806108812663e-33,0.0003672303207351208,2.6646435703255693e-5,6.742230723762331e-8,2.065122413885156e-5,0.0032680890460998853,3.3184464159619844e-5,1.025847810623248e-7,0.035547917287765435,9.342253675924293e-16,0.1287335712311493,0.32258287093235327,0.023830285666331493,0.0008073485678454231,0.004248696631227722,7.786499887094966e-5,3.4007783626837425e-8
2.369338619437918e-6,2.5126071344186734e-90,0.007174736410815131,0.0017649206443949763,0.008896471304849642,0.004770543436225119,0.0006012602811850211,1.1905592780974176e-7,5.089890398252061e-102,0.00029897202371934896,3.3581853954563507e-19,4.9482925671259464e-5,0.00011625115634652833,0.061009536836805406,1.6282307981755997e-22,0.006800842989124873,6.033417087052148e-9,0.00019637317754148372,0.0038542437174625046,0.0003215605683736288,1.5992713397253283e-34,0.004334121874934447,2.692111013250939e-14,2.6552048265984154e-17,0.060750618081200004,0.5366672566786271,7.328429271244939e-29,1.3242276072154265e-24,3.350458782484434e-14,3.0160759435767425e-9,0.23782011723471275,3.9583240490861595e-6,0.0027611933549351346,9.786027080209235e-57,0.02933162057442727,4.963927754402462e-6,0.00021752466425917357,0.00032651695945741,0.01441529758364722,3.589841434901214e-8,1.1244189703176083e-5,9.535743998416011e-10,0.014273029861072177,6.610075812696556e-29,2.188008129198267e-11,7.783045879656263e-9,0.0032242489690121902,5.500997203776065e-7,4.823120594887938e-11,7.264789671042777e-13
2.245010747358328e-18,4.028221418862612e-44,1.0674867853619755e-9,0.029180826249573966,3.2017803673408547e-21,2.2560542071814075e-13,0.5698462773170473,1.7458845737046661e-12,1.2011468155812843e-46,7.125666801646427e-10,4.43012234567814e-25,2.1027841940199733e-17,2.7958918107178005e-17,3.071265873986552e-9,1.296640359788036e-10,4.522482599378093e-28,6.941515635572387e-9,2.2029077236715225e-5,4.24020993082722e-6,4.894733079337582e-18,4.389007389934038e-41,0.11363318095346558,1.8243760103360094e-14,7.485100229179907e-5,0.03791663355699736,1.1304982123812209e-7,1.2741544818794796e-18,1.8794702665820655e-14,6.2147268583420825e-6,0.0002825061387513151,4.054682709542402e-5,0.1966871636356167,1.0619471820096229e-17,3.417337663365943e-34,0.014904598608809059,5.5946873209620425e-18,0.036889389944312304,6.503865944834502e-22,6.818152653297708e-7,1.5548578601502405e-8,0.0002632842807343633,3.451130256900933e-8,3.3997013078384686e-14,0.00011415895186975621,4.477190388663745e-21,1.1940390873229488e-8,0.00013310654629997978,1.2318320896320572e-7,2.553912365749286e-24,5.029591974305986e-18
2.0067743088714237e-10,4.744627444248748e-23,2.0439946896335382e-6,1.4465288046107576e-11,0.0004475538750899182,6.773098737462253e-9,1.3441603319018214e-15,0.0015794414972885788,4.1168796063641257e-19,9.730302359111951e-22,5.416796338256414e-18,0.0038156490737453583,0.0002909787020038755,4.239309255050862e-8,2.0817090167889963e-10,0.02634156051851051,0.003705435564663588,2.0316754797110635e-14,3.9863790352012374e-10,0.0002134016404685559,3.4132335232414886e-14,9.796323734514826e-29,1.9745344604464677e-8,3.9648474538961763e-10,4.691725951617885e-8,2.558868609679993e-16,5.956771343756506e-23,4.29624962327837e-39,0.0001840006985270845,2.3644181010728224e-11,1.0427103956376712e-13,8.922097191763238e-15,3.08854251954267e-5,5.976597423645009e-7,5.0173851324081536e-20,6.370478181930703e-5,6.44740076314909e-6,1.1772674435402213e-9,0.00048547876585328825,5.2626898894591845e-5,7.453506756515853e-18,0.021361133183200626,4.262292655636034e-13,1.7503324377950482e-22,0.046273660740138264,0.003150898270440009,2.1393087012405254e-10,0.8918689553194183,0.0001254275268775008,2.229883524594041e-16
8.312332984600207e-28,1.0159737187967865e-76,2.3662499957235464e-5,1.6479983097112535e-14,2.4392684935836e-16,0.02713019315082427,2.8736194187758994e-36,1.3390741439695047e-20,1.9625431378128487e-79,2.0382635165407843e-23,0.20144859933069886,6.224706837888705e-12,9.032402796705723e-13,0.20424896325756436,0.40238962459380645,3.650231549268683e-43,4.427784084702068e-22,0.010750400776680148,2.99192860497082e-5,9.340549808593831e-10,1.551078242510238e-67,2.601976854725621e-41,2.1854921669230227e-49,3.0146214084934316e-27,0.02504391039231043,3.50541233960322e-21,0.027848536693555716,4.111811906735578e-6,1.7363083823474631e-10,6.70155371064484e-8,4.227699208398897e-28,4.4375452817953515e-19,4.828377355519554e-7,0.08355822862196273,5.917706160085055e-71,1.0159462862458108e-9,7.552839949833864e-15,1.2995168204473203e-18,2.992980198252875e-38,5.5720502680039245e-27,2.0493023961782064e-47,1.1873501382475753e-31,0.017438361827373558,2.2729041861433837e-31,2.498814562217853e-22,1.8097338424986276e-48,1.2107803061587294e-12,3.774265168766985e-28,8.493577204192927e-5,2.174936836686798e-25
2.9474082342409916e-37,2.2732245090080795e-152,5.665147447182957e-29,9.599908428409253e-16,3.069904219728143e-8,3.794635669247615e-16,0.39898682729261603,1.379286004203837e-36,8.602585278744838e-159,1.1164080553769221e-7,2.5910843828000734e-13,2.156141131839147e-34,1.4836209638418974e-29,1.2192698322618023e-26,1.2076824960937305e-26,2.269863896345041e-55,5.993224558320586e-22,7.988768353020375e-5,3.0726795145536776e-17,7.615020794510574e-21,1.8686072281585443e-17,6.648429566053834e-26,2.6353367268454852e-24,2.672957866773894e-30,0.11614106406858772,0.14854646818832137,1.2516905835062344e-32,1.5330421206411265e-7,3.1237115339369366e-14,2.2092349634099557e-10,0.0010813770650948892,0.0020049594376560236,1.2301342808340398e-20,4.003393050624401e-71,2.45800808604024e-26,1.6082330040808816e-26,9.36449000936732e-18,9.076922852552364e-26,2.9847150192497066e-16,3.66009222494836e-22,1.2448824323871575e-7,1.7908588364023286e-30,0.04908596689549492,0.07472031954264555,3.8027860772959404e-39,1.933836223660471e-28,0.20935270947253468,2.1165350262788097e-36,1.327309429196511e-28,1.2950393589666112e-32
2.9138401491968576e-8,1.4263116289227494e-28,0.0010574692074200767,7.620912075634726e-7,0.002313292177365196,1.5273169546620774e-6,6.189422180745694e-14,0.0065445952410482944,1.9599903612374433e-27,7.359475818547704e-21,9.28371499756821e-15,0.1246419950418499,0.08338799395019353,9.869539087286747e-5,5.56537516332646e-10,0.022611554749524386,0.1257622583352124,3.1109025024159065e-10,2.4553746048920346e-6,0.10373823195235012,1.1902760339070947e-8,2.492659974286388e-29,3.336034979449853e-5,1.4400124498389868e-5,2.5083511819918906e-5,3.6648474847215385e-10,2.472025862116988e-11,4.353197589232394e-30,0.016232888556455473,6.528783049636458e-6,4.6926469439837176e-7,0.00020136623696010323,0.0400493131305949,0.019149773036337185,6.856762080940007e-21,0.023656453521696475,0.0007880723616663955,4.5600657970328836e-9,0.0018452171063869924,0.0019496602654576688,1.0251953295513967e-11,0.005384789257676511,1.182161042198535e-13,7.38015657236617e-14,0.0008081383264179737,0.1675593205226264,2.2237428147375625e-6,0.08233399964754018,0.16979806449653248,5.7800219733861004e-11
7.216090436966302e-18,3.648682201524471e-17,0.0005779764245858484,0.0009823840235250252,0.03389797092499868,4.492868925657742e-13,2.5438173754209984e-6,1.7075665621866181e-9,1.548990125722329e-22,9.321678408192371e-20,1.7020778488257835e-11,1.212022748761894e-8,2.523777113310404e-6,0.7596849048475781,9.741944919428361e-6,3.421031942091923e-23,1.4321701382982925e-12,0.0002416998730734737,0.01449212371819,6.408311253783914e-5,0.04485812841752845,0.009969716175693373,1.965398023376663e-11,1.1927303613692483e-12,0.06656771085709676,0.00011446912663558016,0.007707899923328214,7.212716921439691e-5,0.00048187602242112605,6.0567481923016635e-5,5.305480781633319e-6,6.187566749893367e-8,0.000925052252651295,2.838839169886092e-10,5.1369223261361535e-6,2.490667147622771e-6,0.0004172649686096052,1.8743655607079036e-11,3.7210897055120673e-7,9.40024901514874e-13,1.0027446390435784e-27,1.3545679153649151e-18,7.176476372061403e-5,1.721934020437034e-6,7.967486285513246e-6,0.006660248194945815,0.013513677255772847,5.714487481711181e-13,2.6298412708632536e-10,0.03860047401669639
7.220990865428997e-25,7.672879260761576e-57,1.375255852954934e-12,3.2718503561088546e-16,1.0770103421608876e-7,2.0138309207708057e-17,2.4454654158497844e-17,1.1508383679794564e-6,7.399190730189702e-58,7.495936736120335e-54,2.2792592847799624e-25,0.0004569136475223121,4.760854901971431e-10,0.0037558318250446566,4.426152498575516e-29,1.006250060242283e-17,6.413655165510106e-11,3.29598702633985e-16,2.3844606625378666e-11,0.16843228892627318,2.434136790794997e-39,8.612089723648138e-32,4.406290723926697e-38,3.071822280625794e-20,1.3707841919444657e-44,8.35630076653908e-18,1.129050725126073e-40,0.04215763699329592,6.360553956634515e-13,4.287461504579795e-18,2.5781831895469816e-17,0.06914671690912944,2.169991767204328e-9,2.5570202914399e-58,3.2122697347068467e-37,4.680870671996175e-6,0.0521784313861158,1.1251053870441469e-7,1.693100287331501e-40,5.3957293716418374e-21,1.3192558140722423e-35,1.8102185392151434e-9,6.89913584233528e-21,1.5855046905538147e-30,0.5506428485433956,3.8805411665620316e-25,1.2531042496366663e-17,6.131772515339102e-6,0.11321714352980572,2.061711567955613e-27
0.37077456484703747,7.335638336702837e-84,3.961533536747879e-12,0.16265135549411336,1.0324665022523986e-7,0.1064798490963312,0.01375336491626605,1.4069987294896435e-14,1.5786476692648268e-87,4.134361431695101e-19,1.0396962729943742e-19,3.888386358163592e-9,4.080656365042728e-7,0.005958236427534242,0.09716150065816372,5.6698745205605e-23,4.7238245211078643e-17,1.8827253024460027e-7,2.7825733405284974e-7,0.018944017620168715,5.3505621284816e-45,1.4744894757998979e-24,3.0436677096516974e-14,2.6767833211624837e-8,0.00686751427762408,0.00046207792851543015,9.836930586944336e-12,0.004496471388712217,1.6854002612240765e-13,0.14896566998093405,6.149451092510893e-5,0.013819727492398244,2.8241684246012505e-6,6.009141876851488e-38,6.819012939041505e-21,4.6532783924330216e-7,2.4912108328508202e-8,1.1992953084782501e-11,6.496761655292763e-10,7.108144630681516e-7,1.2118087661530479e-6,7.15734861213674e-26,1.4370582476931657e-79,1.1285654556811213e-20,4.784121938681713e-9,4.222515218355435e-8,6.662552010262319e-8,2.1471003834618206e-19,3.673382919727602e-10,0.04959779515349098
0.0301855799661129,9.977469015403888e-43,1.4599192463498979e-18,8.435134155757468e-9,4.104105547647717e-8,3.445731868590949e-7,5.870698073105519e-9,2.60045843717422e-19,7.012440999601374e-46,6.710384410831055e-28,1.459994087222744e-23,1.0733113282488588e-12,4.247319293962544e-16,3.314321681830841e-8,0.101589587013774,1.198388851286806e-30,4.0703670378481696e-24,7.990358156410354e-9,4.0804449608353596e-12,0.0008804936919052726,1.5417848124503527e-12,1.7120505680002297e-31,2.3281862510606767e-7,0.06840063502108554,1.1125320232888745e-10,6.812868569324078e-10,1.1048763359878595e-23,9.670137855680582e-19,2.0626983030066054e-8,9.989300436065192e-5,1.1697196253505882e-7,1.3761756650070363e-9,6.372258971921275e-14,1.3679218200528542e-35,2.537875544137015e-15,1.1802886424001387e-7,3.072916573135728e-7,3.8542911376890055e-20,0.0003551294937097577,5.78548212901862e-7,1.6275514511437493e-30,4.0379553190971666e-27,1.3355080521867254e-16,0.08339414739050374,0.15129485332435214,0.23573299009467752,3.2606499969075565e-13,6.126805674125602e-26,5.483403092922336e-13,0.3280648734832112
4.146420086173348e-30,3.576387855668704e-157,1.8853148221551666e-32,2.5750344977586246e-13,9.123733985770043e-38,5.01716158331516e-6,1.0308279614461073e-5,1.8336629515740795e-28,1.0623684922871208e-170,2.443260894571565e-19,5.700499558875412e-31,1.828746421048356e-29,2.036973872141435e-34,9.479970934263204e-33,2.2289809781655957e-31,1.1051118124441562e-37,2.1806540696401552e-31,2.0201676496357666e-16,9.273115018315179e-26,6.36794833071515e-30,1.1389034474934194e-55,1.20862570087422e-35,1.0768309354521763e-33,8.029204716190897e-21,3.8998429958319906e-14,7.478018069959703e-8,1.5003012074552959e-25,3.285790004085612e-29,1.0014767452091965e-32,2.093722350959669e-22,9.987532771035943e-7,0.2425382112330367,5.506751932201132e-42,1.9430590981488693e-62,4.197515494296424e-20,2.4576221299515067e-34,7.885371371818645e-17,3.926888177491746e-35,5.0435931075115676e-27,2.4269625166725457e-28,0.7574453854722875,7.202474474525735e-31,2.050170995448685e-68,2.4638542577772718e-36,3.041007831134129e-29,4.03572110584075e-46,4.319723626998177e-9,2.070396496351415e-31,2.165288822091965e-56,3.0203903801687475e-36
1.5831742157108416e-13,1.962600792270257e-30,0.023472348149590972,2.7060784767873246e-5,0.0019469388855082575,1.013449325899385e-6,1.468820907614677e-14,0.0018327006827360153,4.189242071496224e-31,1.750208752741976e-13,1.0994846981878745e-11,0.0003638782231098999,3.399848873514929e-5,0.5671334671024023,2.419107580825742e-12,0.017076229615097267,4.3130610575226904e-7,2.993462754273772e-9,0.29599248457015087,0.0007971587183212076,1.909779258292942e-17,5.5088535340460336e-21,3.78413318575706e-8,0.0007439399057568496,4.231705522620608e-12,1.1445269489705585e-9,5.526583550037705e-5,2.5272107926558648e-26,1.066961545911537e-11,4.106263282365158e-6,6.042869505978371e-8,4.136409049612483e-9,9.150879996627134e-5,0.027247475710948606,0.0010441964773644464,7.179250648309062e-5,0.039592721382041604,1.4045992692750283e-11,0.0004369950029233938,1.0450490031544198e-7,6.338194578709274e-8,2.7290058805157105e-5,1.084575235933564e-12,0.01488991260173375,3.2010620116693e-6,7.685573619390161e-7,8.117783851308262e-9,0.004624665563438901,1.1714937656930249e-7,0.0024880505543040834
9.578817773848012e-49,2.115529467039908e-56,6.458125145784427e-96,2.934280870198176e-71,9.238598967165585e-96,1.0835210845389864e-58,5.932506718184435e-37,3.9516774313008676e-80,9.28827843205669e-59,5.019853944205076e-12,0.1602266064261075,1.4306072962489593e-76,1.541824623080693e-98,4.441674703153929e-87,2.898364942349421e-52,1.2358201565771944e-32,2.211696615190786e-87,4.0880717974843734e-68,8.140068057927844e-75,1.1209060489914303e-73,0.01106847396590482,3.6974084485192214e-22,9.5098677393216e-16,2.4175731946661284e-50,1.6689567912069504e-18,1.4668020552025922e-68,0.010874678718430834,0.07526566923467207,3.1237581291022843e-66,2.0026823654895973e-66,1.649212679521646e-66,2.85156453248559e-51,1.0058707543532559e-77,5.67302309381381e-8,1.1167456854167375e-52,2.7797401307496864e-96,6.1939391504788125e-65,4.2099550785549606e-52,0.043611734515070215,7.745135974266202e-49,9.419249355775914e-20,1.3721277286655801e-64,0.5006648059878177,0.19828797441674517,4.771716999259021e-47,1.4026929774815839e-28,1.0131550022303474e-67,1.1691897333607475e-82,2.736568167419746e-90,2.8356934851967026e-37
1.5919479521082317e-12,0.0055360499887494976,7.80440773389083e-16,1.0420142725707288e-15,2.9049610137830536e-39,1.9024080603195293e-23,1.510914237672845e-12,8.901289729415684e-27,0.00143710660636951,0.07290788399300185,0.5318258005599543,1.0278641071851926e-21,5.3367090268345345e-27,2.0876776503478933e-24,1.3419562631932688e-7,0.05106311074402545,2.1768556199703144e-23,1.560686745554033e-9,4.407901836176365e-9,9.40253519601285e-16,4.3449359103819445e-8,1.3768650928578125e-10,0.005679045302230562,0.0005966313340552505,0.02269189703874045,1.7175510854910022e-16,1.0960883090942695e-6,0.04207341806078844,4.228347946171401e-6,7.790275340624469e-5,2.2078470332930233e-18,1.4666285263662274e-17,3.311425780304987e-26,6.475176349755283e-14,0.03119279091985199,9.242301343439496e-35,3.5408597022745554e-10,8.099318086727492e-16,1.3363209274685577e-6,0.23483983643863265,8.746532793999718e-22,2.308825251344806e-30,1.337163032953951e-16,2.7827894396142465e-6,6.67517915869662e-5,2.1468134665278894e-6,1.2271876923941817e-20,6.869109303013427e-37,5.4475495528657436e-21,1.0058533214540318e-23
1.6313222038366703e-7,4.65572603187022e-38,5.0705052364026956e-5,2.970479578441563e-11,3.7525531271150596e-7,8.003974567903138e-6,1.1235982205385799e-10,3.1014713227778464e-5,3.5183474897316053e-35,1.1838337740103983e-32,3.0259896782628705e-13,0.013255129764043855,2.1584495815393078e-5,1.2288772239584399e-5,2.2466224054834493e-16,1.2553619702591732e-7,0.04922514385477898,7.729541829930212e-10,2.1800781770645939e-7,3.922804404661179e-6,1.0494924501729819e-9,9.218550969420882e-32,1.65980424793805e-6,0.5257951654931425,2.593982313643472e-14,3.128795651558311e-9,1.263024062237485e-5,7.719095575004336e-33,2.9342460465660947e-6,4.1394733301169846e-7,8.067703226126698e-8,2.103227246142611e-11,2.971740358311897e-7,1.492950938071349e-12,5.727010810429545e-12,1.3662165634182436e-5,0.028230493733534968,1.3544408825138123e-10,1.7971319005424038e-9,0.002424146802357151,1.3719555680117756e-13,0.00045165878279834016,0.041558725643318806,2.0349436214560166e-10,0.33887522271847637,4.6273462487354064e-7,7.058139794761224e-7,2.0928418276655035e-5,1.256046694028613e-6,8.729367592722513e-7
1.8121291466416453e-45,1.1162342672497908e-86,8.031076282462014e-38,5.939399109689992e-35,5.374316365043131e-28,1.6800590421658206e-46,8.02665942249979e-28,7.73418356178378e-48,6.714455944662104e-89,1.165227646845766e-14,2.2613218812254385e-7,1.1931397812559777e-41,2.1763308014848655e-45,2.5006854565357273e-49,7.40685646094105e-27,2.430005567898008e-44,1.7957689314470123e-42,1.3676446917363852e-33,7.241224040155986e-33,8.72304530831289e-36,7.669616761635044e-12,3.2287090591136847e-7,2.7959135742260528e-27,8.0462924406265e-38,1.853439439179384e-30,4.3053716415138914e-44,5.345342573803009e-41,0.0006698712066344853,7.829608416932411e-37,9.73462063408705e-38,1.816881678131053e-38,1.6613736073515686e-12,6.070181421236636e-34,2.547387786613693e-15,2.4651852450325358e-36,1.2010115190621193e-39,8.970334311891332e-28,1.3961108496948176e-33,1.5229345549225392e-29,4.277399592702846e-38,1.0862563304836216e-36,2.6987643384926692e-55,0.9993291411321625,1.8991867945116603e-7,5.457291796102946e-47,2.4873008405852264e-7,4.787552413375339e-33,6.83440720583594e-55,3.754673213802001e-36,2.8982715622280225e-34
1.4123576009164403e-6,3.782410985351212e-61,4.1509277499809174e-7,0.17448906503435174,8.6682438815938e-6,6.238105622920568e-5,0.020337179897620652,1.1932978160770244e-8,9.479827299357931e-67,5.095209103230051e-15,1.9798065231075888e-17,2.6842327094037824e-8,1.5991860255090634e-7,0.0006523424250948314,1.8015837157697192e-19,0.1581108793988292,1.4578641204816486e-11,0.005580060946333045,0.006219947506275649,1.6833636595324364e-5,1.455251028830875e-38,5.986880928051357e-18,4.4449959535964485e-19,2.551169766434376e-14,0.013183669417820591,0.03340199075838678,3.3971725873128995e-32,2.0311061142928325e-20,7.73473018362933e-15,2.48488060614565e-7,0.23338745637396544,1.837494152601357e-5,5.4777454686854236e-6,6.73041139512799e-54,7.714879952118618e-10,2.611292087394151e-8,2.5564965586572292e-5,6.314741744925456e-10,0.011672509284036093,8.253078278501463e-8,2.6186813107585157e-6,1.7292850975788364e-15,0.03351486237439664,4.499624075533574e-13,2.130976585254597e-7,4.188686398912781e-15,0.30886592894892934,1.2498666212626601e-11,3.0583580060365915e-10,0.0004415902532856914
2.518828491489283e-6,8.99729625346947e-38,0.5583137279496393,6.09344610533132e-7,0.0281504467369168,1.3807486060116454e-5,3.734991212093937e-10,0.004257967127953131,5.951627709953834e-39,3.084316819457585e-22,3.37548461160698e-6,0.0001594664876339876,0.02239933024852967,0.11116790189235944,4.62101742044291e-17,2.5156578779629976e-6,0.002545821668851499,1.2152388490431411e-9,0.030662805631417687,0.0024331805269784197,0.0008176215525151704,5.276130566800836e-26,0.0149810362458857,0.005663852613816126,2.419134622220361e-9,6.217327812525849e-6,3.631287882258382e-6,1.9782461291923384e-33,6.255704581510878e-7,1.3705801525391086e-6,6.533351391449896e-5,4.771819587479921e-11,1.3941978780269898e-5,0.011742727427842015,0.00043256464712965404,0.0009532342962633351,0.19172436103667762,3.242869054304173e-8,0.00045654584367774354,0.010610625710347942,3.828710440885789e-7,6.74086032566586e-5,0.000968626954286707,5.367480694875683e-11,6.062268571827488e-6,3.80824218102475e-8,1.8541328731638282e-5,0.0012894099711295267,6.147712367637731e-5,8.515538379135664e-7
2.0317298566086136e-10,1.8235539017703665e-28,4.455518347183774e-6,4.199874043777826e-14,3.481987321284521e-7,5.231801951020349e-12,1.504925221460006e-20,0.0010972488937890546,2.230828528846088e-30,2.389897571145456e-46,1.1203351492195543e-7,0.00033774665318720256,0.0005118346454199005,3.741756229286601e-9,1.1279609384508842e-18,2.609670174487951e-15,0.11241894490554766,1.360214120803152e-17,4.611726182280517e-11,0.0003425112692139926,5.932998278586498e-15,6.670244964645984e-35,7.98338833726052e-10,4.6016762355162416e-10,2.601678917452533e-26,1.4776342034806594e-13,1.843014293863965e-15,1.0061895899051246e-36,1.1539055623291161e-7,3.271972713197955e-14,4.3894516072057587e-13,2.8409877387755185e-16,3.998868240484003e-5,0.010420080569931595,2.600005519641443e-9,7.304779001453862e-5,1.796699980491576e-5,5.94904163010395e-8,6.157686404647731e-23,1.2141198185880204e-8,4.5416857045130475e-47,0.8105819770036901,5.809905862347632e-20,1.0083850996857135e-21,6.706267345448265e-6,3.577967995946738e-15,2.3346908868565576e-13,0.06307550762219527,0.0010713280689909795,1.2274318885597766e-19
0.15361773454642044,1.3099124915557748e-72,4.5721066226955496e-11,0.02846322255642472,0.0006726740349915054,8.956370505177721e-10,1.9908333081654866e-11,7.491776038771541e-12,1.655664882938133e-75,0.11579740664843989,2.383580848485447e-15,4.425700536999169e-7,3.212595152346202e-7,6.877681150413856e-6,4.1850331917037774e-5,0.04888643769337868,1.9379902193029764e-16,7.990118777557243e-8,1.1094850628693185e-6,4.5603023290182185e-5,1.393832056256066e-60,0.00032533932407342566,5.163486274148665e-28,5.886973808801268e-20,2.676894234706288e-6,2.2738646583545865e-6,0.039812771429401275,2.512945085303233e-17,4.2104830002352957e-16,2.593747393768927e-9,3.00950197034248e-7,5.140428143178459e-17,0.000293462631976379,3.302358226808017e-36,4.371716323993977e-15,0.00020154076955986277,3.2406274680316106e-11,0.05831407426436983,1.1479189139964785e-19,1.1881640349046859e-11,1.4332352093682477e-12,7.782732006768888e-16,1.2463363447988152e-40,2.1129845498149015e-8,0.004183102607333637,2.1386668772661846e-18,0.00014904870246342463,1.2582520563133962e-11,0.5491816240792283,8.333399501176884e-15
50,35
2.4378948857773144e-86,0.3830211909275399,0.013709972557035389,0.5694664064789259,1.7014027856308378e-11,1.1080134686504051e-25,8.110300370528587e-25,8.489270124294338e-12,3.1113984214004525e-68,1.202832668220119e-17,4.3939494147309884e-72,0.03380243001099565,6.495310846615264e-79,3.754080896698397e-20,3.6357199680965942e-25,2.4508178733645018e-31,7.907474359165926e-61,1.9813114643228435e-44,9.155841997469617e-78,2.7945196474729647e-68,1.6901567121053865e-66,4.927096883482542e-98,3.1621040342879416e-133,1.6753828260835956e-121,1.2505813154325045e-154,1.1936914854066977e-52,5.629901103232822e-89,4.983529611479616e-153,9.000427089648973e-243,0.0,0.0,0.0,0.0,0.0,0.0
0.22952841340657024,0.7704715865934298,1.4843309275415252e-108,4.39340918883697e-223,1.004941154536948e-168,1.0270028708547766e-285,3.8132705300889194e-269,1.4829612021457207e-255,2.34195436e-316,2.305256348434984e-308,2.988852943433342e-262,9.61728134885882e-304,0.0,3.8267335031053756e-113,0.0,0.0,3.549686438404668e-289,2.329958643344357e-280,0.0,0.0,0.0,0.0,0.0,0.0,0.0,0.0,0.0,0.0,0.0,0.0,0.0,0.0,0.0,0.0,0.0
7.362434389943423e-12,0.5524145584908619,0.44243100545382663,1.917182761333856e-16,1.0231025710956511e-26,0.005154435466216303,8.034194514631865e-57,3.7572351160585134e-19,9.204992255482436e-25,5.817324052593823e-10,5.728398999829776e-39,9.596826659648686e-88,2.3267944614048884e-214,4.7038991695596e-117,1.2525221246319708e-201,4.8685711586055955e-67,1.6842509595325278e-92,2.0344319423391252e-130,2.6818793996659995e-227,7.530781059079688e-82,8.003166660640914e-256,4.681740669352296e-228,7.63354794875163e-262,4.55813755213254e-263,9.992554399513532e-275,1.417582253488063e-130,5.223037379784621e-233,8.485397435599122e-273,5.430444070338633e-113,0.0,0.0,0.0,0.0,0.0,0.0
2.202201341562483e-105,1.0613440606472746e-8,0.999998832076881,1.157308073837103e-6,1.6994334337894108e-33,1.5808008998406193e-28,7.082138756864157e-16,2.5357997257952545e-47,2.7066057721379e-38,1.6039756084794316e-12,3.074152428393072e-26,7.140944181320359e-71,1.1570558556034088e-62,2.8414326883957075e-35,1.2789080666539118e-83,1.997131450572056e-55,4.9698361972408994e-61,8.942557151223299e-76,4.6744420948706046e-83,1.1097201385247118e-73,1.3838244652957921e-154,5.512570932595075e-106,1.6807392985273826e-112,2.212130650560133e-217,8.30004597103121e-128,1.0931566731761109e-79,4.823153377354314e-104,1.7803663542330776e-169,8.195256907320393e-83,4.1434490802065073e-252,4.6312306e-317,0.0,0.0,0.0,0.0
6.349028962149682e-40,0.9945808900196458,0.000542845023282421,3.7000194381756394e-7,1.092144417995466e-10,1.5457823084575035e-37,3.6290186352460096e-73,4.132602928123913e-46,2.0142686898172058e-22,1.562918890623789e-75,3.887798773587466e-26,0.0027325209705578732,5.321709697020602e-106,9.929434010656696e-72,7.340525742536108e-162,2.802569526673016e-161,1.7732537513484218e-161,1.4166591442240605e-24,1.5165214696844629e-203,0.0021433738753555654,7.749490014164323e-283,2.2658933952816627e-129,1.1681987972244652e-142,1.3062268382985053e-227,3.0743019064224404e-243,1.050732666763096e-110,5.4601669569342585e-286,1.0619568133515206e-296,1.204742818369249e-153,0.0,0.0,0.0,0.0,0.0,0.0
2.0299369388758899e-184,0.903199437458997,0.09680056253937278,1.5734631571521286e-12,1.2897809461967925e-27,5.647426997845718e-14,4.9866502203629124e-18,7.73560987015332e-54,1.0814265102457193e-24,2.872051186539877e-20,3.5183669468602656e-45,1.5788617203820553e-78,1.7961112971081134e-46,8.629776864621087e-81,5.573275026082663e-145,9.109983222575372e-60,7.291919416011588e-19,7.547071164774317e-108,1.5312142305838175e-89,3.494027836284407e-79,2.264006020971925e-149,5.665994497408852e-227,1.3361905118258217e-120,3.119014749034919e-278,2.373443445564671e-223,3.59639639595177e-160,6.0458056700915194e-176,6.690584590306311e-286,4.752237114180429e-228,0.0,0.0,0.0,0.0,0.0,0.0
1.085897e-318,9.375331090239373e-23,0.7332532767214327,0.22966220802214363,3.423671042592172e-9,8.242152384588611e-27,0.03676258833178643,8.919988020942788e-35,1.607627916913122e-51,1.432102408264315e-39,3.0028618696840253e-34,6.37621402008384e-19,2.7099363455423334e-27,2.4846504160034115e-29,3.152899951887858e-30,0.0003219235009663234,6.4248154687007e-19,2.5316131430047877e-88,1.23243684809202e-81,1.8053169504700862e-44,3.5192045685081595e-156,6.809548084588959e-118,1.4157721331756412e-57,1.5824999301158963e-180,7.752436016529368e-181,4.192311266382207e-160,1.2332543849832804e-201,1.2888973931203472e-262,3.685429829963924e-275,1.3578337650368234e-259,0.0,0.0,0.0,0.0,0.0
6.004281977204758e-30,0.9998785213809658,0.0001214590999279164,1.854532736536255e-8,8.173900594489704e-17,9.737789015173718e-10,7.039685653948972e-31,1.1381935839321297e-31,5.426329438647327e-20,1.6824627236315707e-27,1.5594667461505209e-21,1.8576036688216003e-20,1.7288903176007035e-100,1.1120328003533068e-81,3.908079705820839e-139,4.839394624665816e-46,7.955258976077441e-41,7.80310780063853e-129,3.892229990516638e-129,4.241851017209297e-30,1.5698448733861293e-248,1.417270732750652e-122,1.186703176703269e-230,1.5259368012780795e-177,3.3733932960162606e-264,1.5708562184433179e-87,3.505770322762015e-202,1.6596265433402292e-296,2.824579801115017e-174,0.0,0.0,0.0,0.0,0.0,0.0
0.27853672325216494,0.7214632767478351,2.2749783685295823e-124,2.2426239530054913e-229,3.5797327337528457e-224,0.0,0.0,3.8859211128e-313,0.0,0.0,0.0,0.0,0.0,3.419509427901847e-176,0.0,0.0,0.0,0.0,0.0,0.0,0.0,0.0,0.0,0.0,0.0,0.0,0.0,0.0,0.0,0.0,0.0,0.0,0.0,0.0,0.0
1.7115786725636007e-225,2.320786540081641e-25,5.321722250713398e-12,0.3894143557975008,3.935297527291247e-17,1.5031766889553964e-23,1.4814123649628035e-20,0.12691864220853458,9.915596123372439e-23,7.787890518946265e-29,2.7692707944090022e-33,8.849285532538168e-27,0.4106029184732052,0.07306408351543767,6.077873634653867e-45,7.510277122315303e-39,1.0120766878264162e-23,1.68586896528964e-26,5.229934537377476e-54,8.697531663704841e-42,1.8849257458097338e-78,4.777363983987898e-121,3.693574727459765e-70,2.6022841539583486e-85,1.9726885685228138e-143,4.237038354501112e-96,6.550153653166658e-89,1.0367947399542021e-203,1.4666406527682826e-252,0.0,0.0,0.0,0.0,0.0,0.0
2.567405653392694e-283,1.1079039908126926e-8,2.6108398376674405e-15,7.610700608666419e-8,0.08637906460304506,0.14142765505969718,0.12279152876864514,0.05791462355793297,0.11055431769010382,0.05551431128396162,1.613984047311347e-18,0.1369137027735752,0.02624086963815936,1.8675236186016692e-28,3.690353635048845e-5,0.11334475016650529,0.025274500224278525,5.036395574689347e-9,0.08096776744706255,1.294009540676911e-33,0.026992989754389407,0.015646923273843222,1.117650971547995e-20,6.1106759503361976e-15,4.082285437866164e-88,3.783510739145835e-61,7.915360865911515e-65,5.595772183715795e-77,1.1786762890824072e-100,9.062516183979763e-154,0.0,0.0,6.511798422470374e-154,0.0,0.0
1.0190620061919823e-12,0.9999803150134108,1.9684985567277973e-5,8.693670278661672e-17,2.8389472095396163e-15,3.6946521000055806e-18,1.938862862823621e-35,3.3170962583010817e-21,6.945392498759528e-26,8.622830387022354e-36,4.674723543269546e-21,2.1988262479868654e-37,3.871263410159206e-126,7.862163213333643e-84,1.4896004957731778e-129,1.3453843082390486e-95,1.8920590318651382e-41,1.609445468317896e-107,1.7842110519655742e-132,2.4647276008057337e-92,3.5019996970840484e-220,6.862879347067989e-136,6.856590516235743e-227,3.8812504035919756e-231,8.186063243862519e-215,8.043804509576009e-73,7.639259522483635e-249,1.3772315982768144e-264,2.673295243131626e-69,0.0,0.0,0.0,0.0,0.0,0.0
2.963700200981479e-11,0.9999969273561581,3.057328125388382e-6,7.079109959630375e-19,1.3473252591952825e-20,1.5286070934228843e-8,1.1575015609758722e-44,8.296629642967481e-15,1.5022511737860767e-34,1.0962354966160033e-26,1.108124294103729e-17,6.227681934985036e-23,1.195690171410013e-109,2.1315479867307044e-95,2.918858665030045e-187,1.4077591318613665e-105,1.425748732808e-101,6.899634529022024e-104,6.9705911948452775e-168,8.133632298308756e-37,7.123025724332782e-262,8.993383840178162e-123,2.5865651013305884e-217,2.4195826258273238e-244,8.402096434868255e-268,1.0393145863837397e-100,4.361e-320,2.358649314436624e-293,2.642973952676667e-168,0.0,0.0,0.0,0.0,0.0,0.0
1.3316164540579723e-30,0.45064189452176795,0.5438744731371081,3.904542331430883e-5,0.003559773114261459,6.454872032950938e-22,2.0712586214181775e-78,4.7025254127795913e-42,0.0018848138035483064,2.736192204916321e-40,1.628069116684791e-28,6.911045775924064e-25,6.354487377640006e-213,1.4994473377659595e-112,2.3256811478725165e-210,4.386700850150716e-136,2.409697679514286e-104,2.0425232035735568e-44,1.555454142273668e-213,2.124881191486769e-22,1.2711130695956619e-306,9.12542795686795e-239,6.338640573188043e-176,0.0,2.2073439486318355e-289,8.989159376482291e-97,0.0,0.0,1.5914892667686044e-117,0.0,0.0,0.0,0.0,0.0,0.0
1.5693613447635499e-109,1.0722327541904275e-15,0.45062409003084525,5.016255057649281e-16,4.266068582939279e-15,1.7100019187452526e-26,0.20646269896459854,0.273939357689135,7.426296867769138e-38,1.5093264522061438e-43,1.7082928948539193e-28,1.8026380618428392e-10,2.7957768753923884e-59,4.2114254483989294e-43,5.247711428417517e-43,7.217086805546582e-40,3.390756777414615e-31,6.286134388604483e-38,1.1468024924127303e-108,4.3242452090070573e-72,9.689888202095291e-72,1.689629754641736e-69,0.0689738531351517,1.1649492789216408e-88,6.312348230926312e-51,8.359157313660606e-33,1.1809038065080343e-26,3.1586799857813117e-130,1.1156073699245596e-95,0.0,0.0,0.0,0.0,0.0,0.0
6.749161808495002e-72,0.597905800170969,6.368612840635821e-8,8.459035838085512e-18,2.7455802791867526e-23,1.4853530502300932e-35,0.31433312862591206,1.8041638906739796e-44,7.240835571023224e-37,0.025936429846323696,5.720043841831223e-62,0.03510169393257074,7.384448402701199e-41,1.6470218792162054e-16,1.1050195450073277e-57,0.015452623087983518,9.173319677179022e-39,5.542580713901756e-75,1.1407370794138621e-54,2.3247610366957882e-73,2.2186310821325057e-80,6.209805993951304e-75,1.6568651666424753e-113,2.527228190323985e-108,4.025673152042407e-97,2.4506540991118936e-27,0.011270260650112449,7.433972366812566e-113,3.941069917673403e-42,4.1792034144e-314,0.0,0.0,0.0,0.0,0.0
2.932837108472962e-12,0.8568947943470562,0.14264637000964822,2.2201395457886632e-13,1.769377310279766e-13,1.1081682841750956e-16,1.2048786913005352e-31,0.0004584152781204618,4.271630415374958e-11,1.5318616871624573e-8,2.6380603504944953e-41,3.4384605947102795e-30,1.482101526289296e-151,3.6372165347142403e-81,2.614920256947819e-128,4.0500050999738133e-7,5.742579282962339e-62,6.62055827556642e-138,6.446440753723575e-193,1.8013274880050526e-66,8.714783603861577e-262,1.998654192602526e-147,1.787333501523307e-198,8.804222014937808e-191,1.7699756710280454e-280,6.4629033562955786e-80,2.0950510944227494e-265,1.8786224388057319e-236,2.594278826490738e-50,0.0,0.0,0.0,0.0,0.0,0.0
9.821563223293203e-144,0.11885933821804803,0.8811406613985511,3.820872327463267e-10,5.761485331050583e-21,3.4188368318893903e-22,3.3003430785388567e-22,5.156672992974618e-26,1.1686509812653216e-22,3.491935476760156e-23,9.925009326449014e-33,1.611606517073902e-26,3.2593250456695443e-40,3.8506486054317523e-22,2.0419333620536936e-70,1.3135996116627643e-12,8.178111446047594e-59,5.585728526213714e-61,3.2763683532795223e-59,2.50219074860725e-40,3.372700598666457e-27,1.6341283962184374e-108,1.134122944248523e-112,4.551968455946593e-142,1.2128884117597087e-146,2.831866383980502e-113,5.351741824621052e-184,1.1080949390688448e-305,1.6263064455847792e-169,0.0,0.0,0.0,0.0,0.0,0.0
4.1497436568381095e-37,3.34436620465849e-5,0.9911956426863295,7.0292236962857e-8,2.279573778846875e-24,2.1563007209513053e-9,2.5447417341563784e-45,6.338044418051698e-19,2.3109610587813435e-11,5.281392319472132e-28,0.008616304620251253,2.4294606737859274e-46,2.480818739366765e-87,4.122571251597697e-71,2.47243225508018e-77,6.153340000948963e-80,0.00015453655972516152,1.831511993912942e-71,3.4536032645653815e-129,6.056433002008896e-62,1.365168636257544e-143,6.731600012741875e-102,4.545010491032103e-169,1.0369595479585769e-173,3.204237241040249e-161,8.723807844199602e-93,5.215480320042018e-237,5.330455216132599e-171,1.2025830585096563e-45,0.0,0.0,0.0,0.0,0.0,0.0
3.398551745678857e-20,0.9999998213549579,1.786449780657112e-7,6.153753916600778e-14,4.083850389681215e-23,2.5090987803322894e-15,2.425505414358296e-33,7.245885417967273e-30,1.3430943038108723e-28,6.877030086196457e-31,1.5378550516821613e-21,5.630771539684501e-32,5.706940145015626e-98,2.450159988010964e-25,4.60667773806472e-115,2.204112401006977e-172,2.4592604072223508e-141,2.8736466793901653e-74,6.186540003416761e-208,5.41599206561452e-44,0.0,6.426492869022556e-208,1.8430364133355e-169,1.43814436e-316,0.0,2.7946138662512113e-135,4.9088225553384e-310,0.0,2.822859419305382e-169,0.0,0.0,0.0,0.0,0.0,0.0
1.9386014882758476e-75,2.211754568730401e-12,1.8134035180899098e-12,5.403487912014312e-10,0.647266247084981,2.6050677573733728e-15,4.251418114240834e-36,3.3108471240619675e-40,0.04524205301604901,1.3257264403240514e-35,0.2651791392540516,1.742003773625147e-19,1.3515157232506712e-27,3.3162806995161025e-30,1.5005900821770395e-48,6.754977117374989e-38,2.312442527510668e-37,0.04231256010054191,1.219202909168887e-55,2.1209566768714342e-44,1.9824039966943933e-79,4.6020343185222494e-86,2.271028893580762e-72,1.396693449396051e-87,2.551225488619678e-51,1.9893912043020862e-64,5.005524123993995e-125,4.4348110629702824e-99,8.018116163748783e-60,1.7230629725779546e-171,5.946488191204695e-241,0.0,0.0,0.0,0.0
1.520884e-317,1.3839917187285628e-43,7.352419051253549e-9,3.509529031061069e-8,0.10894786575329272,0.0348946614262363,1.6823452347740378e-17,0.5164292452692252,0.020990263868165222,2.740724849149735e-8,2.090595495735982e-17,0.00011398778743140385,7.267817661510976e-19,0.1593911306202316,0.1592327431053823,3.231507741894788e-8,5.744929290296527e-33,7.553536539234439e-51,3.4370634355199607e-32,3.1558909827696866e-17,7.736717120139386e-94,2.9566279301653433e-44,2.759025797264584e-42,4.5017679041855345e-98,1.6971904595874397e-64,6.120018785909683e-83,1.8170008572223823e-114,2.3811862801379493e-77,2.300726313620647e-163,7.193703864448226e-173,0.0,0.0,0.0,0.0,0.0
0.0,1.0037826502987556e-16,0.18541161709115653,0.547503845398822,0.11862714573856256,1.6095125930559144e-19,0.005588576899845897,0.0001125350851171725,1.0399114766504162e-15,7.294074723149401e-8,0.018427927203957042,0.02081453655195065,0.08675921879653105,4.814859619240714e-10,0.016724897182161472,5.960671839200055e-19,1.005927925206239e-31,8.657909879693964e-11,2.6262588197764084e-15,3.6380069258636955e-8,1.186196940589714e-72,2.9589788241711903e-5,3.722060922079453e-10,6.2779067498504145e-25,2.5623064846621414e-12,7.559358803410203e-36,4.196519395241437e-71,1.8874962280919063e-21,4.4178434823977464e-177,3.24431589421847e-147,0.0,0.0,0.0,0.0,0.0
5.594508628267225e-69,1.130835403651452e-6,0.8609287933400152,9.126545575326162e-13,0.10190283125998238,3.5262700581990803e-6,7.100859138438667e-21,5.703255786006445e-27,1.8621029302979358e-11,1.2161279250501752e-31,1.3680095356877145e-25,2.693381582955861e-11,1.9703809635076976e-36,2.6597360418824755e-26,1.3841425681305294e-71,3.2773338368261547e-46,0.0371637182365633,1.419308862707416e-28,3.752634709497318e-106,1.1509805369562739e-11,1.2886338497489722e-113,3.7948926611681976e-42,3.7608436646992126e-112,1.0693730691945593e-21,2.5453394494377716e-117,9.13088248355454e-45,1.61531479638869e-125,1.0877385292532548e-165,3.0895460525259225e-77,1.1107501974662857e-289,0.0,0.0,0.0,0.0,0.0
2.363923495938906e-157,8.049960102492225e-14,0.025788892407945994,0.9742111075919481,5.748259413189061e-22,5.112333195205973e-38,2.0076640657401886e-16,7.78288016568847e-38,2.8872904244811928e-33,2.555367971119855e-14,1.374536578824246e-23,6.028361222436676e-64,2.063228889088999e-47,2.6884309372463925e-62,6.425254322212022e-75,1.4656396247690597e-44,1.6660986910947548e-32,4.200738097150024e-74,5.5803114399060806e-70,2.5859924614890027e-54,1.0612995413128509e-147,4.770157744563194e-108,5.103883940478971e-159,6.338373396774114e-133,3.05837830541602e-249,4.379649546061098e-73,7.337131586763209e-126,3.409269129906399e-196,8.168168455719967e-157,0.0,0.0,0.0,0.0,0.0,0.0
1.2021883433002708e-216,4.709861384317042e-7,0.9839958702334484,7.648254266984e-6,2.3154442347098935e-18,0.015996007657756106,2.868347832086114e-9,6.20227708050755e-38,9.557628671277348e-22,2.9814254560768086e-15,1.2210133242805288e-50,2.2700745806752732e-94,1.5251045047615443e-30,5.355847773609584e-86,5.3567837603195964e-74,1.2495543805391747e-53,3.901899484102013e-14,2.5807878391972528e-101,1.5275103683211513e-83,9.364501178592827e-66,9.90181555598413e-198,6.457450041306309e-161,1.256866427155786e-178,2.435956063753869e-293,1.0364942127022457e-259,1.1323635055167878e-139,2.9770172133245064e-186,8.887599882285876e-286,2.553815132421847e-165,0.0,0.0,0.0,0.0,0.0,0.0
4.3476018792760707e-60,2.2181116440629331e-10,1.2107929308577139e-9,1.746704517345719e-8,5.187605520939879e-10,0.9999987660557146,8.876090265311321e-15,7.56591222778006e-17,2.625733427542268e-8,2.6913451936005697e-20,1.1584254658851362e-6,1.573371520825014e-15,1.2137118778863812e-30,5.436662844006506e-39,2.7467021089888808e-45,8.059474718104092e-33,2.984306502307542e-8,5.585736213129452e-36,1.9966874687461138e-61,4.966575808015811e-46,5.781685951744936e-45,3.0418588725087755e-45,3.477932180660031e-61,5.2796206755522564e-49,1.7037195194075015e-95,5.202058606727718e-35,7.598823298492708e-119,5.763330210769551e-126,1.0796617892360855e-28,5.0594710771233455e-227,0.0,0.0,0.0,0.0,0.0
0.0,1.49804517814583e-36,0.0002182502997159594,0.0023819803312913304,0.09759215379116075,0.014053713072330982,0.06033402482110008,0.018722915711013446,0.12567690311765445,0.07557672828917479,0.07725813113030976,2.7938455215587116e-25,0.00037922508889358733,0.07362497384431069,0.07700467001036715,0.1114507169187011,0.03538849840808726,0.07865359413218961,0.010647361213811699,0.06754855718649148,2.522124229273087e-39,0.07346174201351974,2.586061987625104e-5,2.178701954141538e-44,2.792966655982536e-20,5.215716160556382e-57,3.1805503963002566e-54,3.438196579331475e-27,1.0378641998519166e-99,2.9648561269010264e-108,0.0,0.0,1.0461589198107009e-221,0.0,0.0
2.885090923733522e-74,6.742446037461721e-11,0.7780293832168234,5.479200174004113e-12,0.042432220238742976,1.871978238892303e-21,3.0251674023313676e-21,4.378717543176959e-23,1.1091109195865964e-40,4.781198372485134e-13,2.859239926766719e-23,1.1380389486240897e-22,1.1125849468732914e-40,2.131315522853346e-49,1.4097613676248596e-68,7.939764433534177e-32,1.1733114793702286e-23,0.11410252750162349,5.984714670722316e-77,8.925724927870563e-40,2.732913534623407e-70,3.512672306858276e-30,2.2328615191525402e-20,8.640427981964596e-33,8.744832009225916e-124,0.06543586896942827,1.9585707959914608e-89,9.21290488498272e-200,2.1682797155704213e-54,8.62324644385374e-169,0.0,0.0,0.0,0.0,0.0
2.1321050591267e-107,6.358713081154207e-5,0.9998995057662887,2.2619678766284107e-5,1.0375688657553528e-20,5.673412844737726e-26,8.456022122011703e-31,7.270791878783111e-46,5.833140281404794e-33,3.9266174199429476e-23,2.1626552353601934e-36,1.6123021591465194e-28,3.0209612561570893e-43,1.4287424124705051e-5,1.2777905810562404e-53,8.887781826547837e-15,1.2161900406102965e-50,8.366471440555704e-52,1.003392894997111e-68,6.948170668982505e-51,2.565077899993422e-94,3.2995552584698797e-77,2.6437790174697837e-115,3.3498856810066148e-80,4.347160337506592e-163,2.0470113631911596e-57,4.1758146685290176e-113,9.235146554054726e-193,9.966609703534445e-127,1.3611266109084135e-259,0.0,0.0,0.0,0.0,0.0
6.341109600978282e-261,6.011209107396413e-9,0.9795097995666574,0.0018291429128342834,3.6527774794638874e-26,1.676323338143779e-20,0.008124546421742129,1.6778614779250845e-57,0.0030141859036122653,0.004446906726294649,6.492986086398811e-23,3.0027092020704256e-112,8.241963944491786e-25,3.250643621257596e-112,2.6849495024396905e-116,1.3158357850250753e-44,0.0030754124576500173,3.7581349852051357e-93,3.657275445870014e-88,3.1978727152407077e-71,2.997862506840189e-191,4.050997096446241e-131,4.787763666207996e-170,5.0e-324,7.384666592407479e-216,6.691733219931342e-113,3.296027832522804e-139,3.4923870037751308e-264,2.3906365157606902e-133,0.0,0.0,0.0,0.0,0.0,0.0
0.0,2.799295819589743e-31,0.83581296335908,5.876707369840427e-6,1.035973669338374e-9,5.253137073461454e-13,0.0668432520712575,2.51921377450124e-37,4.3251413043568987e-10,1.3829585426065069e-24,0.014949996543076483,1.9812617847275835e-20,7.095757226966112e-17,1.1385448477036766e-43,2.2976575726322643e-38,0.08238790985020299,5.915874586734828e-26,1.900192965396105e-68,2.715905208583477e-44,1.1276334256372697e-21,4.7565083755538e-97,2.4744617870512516e-84,1.6295854800945668e-128,7.966497630585011e-203,5.753603943580762e-156,1.3951176537763066e-165,6.941455568571203e-144,1.1720002115566858e-197,0.0,1.681626368367056e-258,0.0,0.0,0.0,0.0,0.0
7.038534375307707e-13,0.948514702035627,0.04805353041960406,9.976990562986188e-9,1.848259528520013e-5,6.4235040149379326e-18,1.584765102236566e-31,0.002015571610921157,2.905587539175077e-76,6.0645650588935874e-64,2.5231347214798198e-20,0.0013977033608679526,6.063252855379271e-130,4.871806831869257e-71,1.190544749140218e-182,1.028963340545689e-138,3.92938165441344e-136,1.3506926092695352e-77,6.4299206716020064e-164,7.522001230807334e-34,3.212911250850059e-294,1.3946477542057304e-145,4.1237361594385976e-181,4.474646261157912e-294,7.202339270657407e-270,6.962925576198106e-99,0.0,6.407088872457515e-268,1.8522969055046104e-195,0.0,0.0,0.0,0.0,0.0,0.0
1.7148570555453033e-41,1.5676961132486167e-6,7.681793114186695e-7,9.938436551747694e-12,0.06805707678869471,4.460724586754654e-25,2.02091419307311e-10,0.4037382247617769,0.3579153172773758,9.783176670689151e-20,1.272281371353495e-35,5.107662333271217e-31,2.2205975608632327e-63,0.11221484973638686,8.223108415482664e-36,7.439488763767873e-40,2.3713043715921182e-31,7.814236824064572e-25,1.05278301846031e-73,5.321004402691509e-23,2.1019260148920593e-53,2.2595313815382763e-63,2.7914039578353915e-119,2.3838445523728872e-45,5.27467722446583e-66,0.030242933820159964,3.529613959792363e-97,5.173163645583885e-135,0.027829261528151076,3.758685946306485e-276,2.5235145198907657e-278,0.0,0.0,0.0,0.0
6.455632345519313e-240,5.717337227096737e-29,1.43688362642274e-7,4.4513469979948e-8,0.9486234866941856,8.279937716580522e-14,9.898960596769007e-11,1.0315551574335513e-21,4.175959354932089e-14,0.05137629213254982,2.5715486714506857e-19,2.0638207855569686e-31,3.287231763514507e-8,5.778919080421223e-18,1.7095643070340254e-31,2.081748311118442e-22,1.919888887484037e-20,4.262816497022305e-53,1.209030252873217e-66,8.752783611339129e-39,2.284121167390125e-93,3.1380536790307516e-39,1.3898458275051997e-89,8.559816435944516e-82,5.742061571967132e-131,1.1280085634592739e-63,2.240839724356572e-96,3.917719126900026e-126,2.304210950120598e-115,1.7657877503078893e-232,1.7049638927496833e-264,0.0,0.0,0.0,0.0
9.614226298432124e-15,0.9999935365339598,6.463337275932143e-6,1.2703432917654354e-10,6.358695367506075e-13,2.4101464324810735e-18,9.355768527017241e-35,2.5869148256278987e-19,3.954430743151899e-22,3.0526677861427723e-34,1.0844628788112048e-12,4.632001997911505e-19,1.5804916018357947e-110,1.126509325428464e-67,1.6078225458775027e-167,7.063772239333347e-114,4.2194731669625104e-103,1.0718632557876847e-73,6.363930385396879e-118,1.9058637452081936e-49,2.713695437424268e-204,1.2531533601963227e-114,2.4536183937582852e-200,1.3728666943350711e-219,2.1029698184366994e-183,1.4404554358919675e-64,2.6435982890370177e-298,6.667284680541975e-212,6.736762669917172e-165,0.0,0.0,0.0,0.0,0.0,0.0
1.9632981730823985e-25,6.161027986759407e-5,0.99337511022303,0.00021964605352480033,7.824235470154767e-13,1.7645827886495125e-5,2.3824582674610905e-44,1.0736953377486176e-13,0.006325987614783101,1.1104937875683944e-14,1.3110606027176408e-29,5.5849932577414e-31,6.76513742104314e-102,2.8090612882240617e-99,1.8752964306649663e-118,7.283209256848401e-15,2.08230181038786e-46,4.158514699029086e-118,1.6348649730101278e-140,1.958317693416842e-22,1.912644702225582e-82,2.1753469757977072e-148,6.98292991460161e-195,2.6217587947690085e-178,2.5683870699622846e-146,2.6584856751660504e-86,1.6031960456812945e-131,7.118751286520525e-189,8.170524653674326e-75,0.0,0.0,0.0,0.0,0.0,0.0
3.3493653977227715e-26,0.7401518111361822,3.1293267346582627e-12,1.0224864368865108e-33,9.056282333823663e-7,0.020478792609044748,0.05536465844118754,4.554961957835042e-19,1.290962225263955e-102,0.14897047001382727,1.238992631590484e-16,1.749520317430009e-47,6.344508398170898e-100,1.4244879408073052e-36,3.7798261723485954e-53,6.962628121160749e-99,1.590215762868162e-87,1.0493236203017629e-70,1.143741017365187e-99,6.199173183728068e-40,5.667917229638811e-128,1.7952037267210034e-93,9.31066047351934e-46,5.432615328910714e-150,7.52959405224952e-151,2.830835517215613e-92,1.4214847472436122e-205,6.891032595476204e-215,0.035033362168395386,0.0,0.0,0.0,0.0,0.0,0.0
4.1821869800062293e-94,4.4676143278084993e-10,3.288848166922379e-7,0.9999996706684219,1.4810896108393798e-18,1.0918146676739612e-22,1.2033748125663581e-29,3.1403772813901274e-22,1.6479847588099932e-36,1.3854428003103714e-31,2.100885460497326e-23,6.24560481727037e-21,2.9400343727595176e-56,1.2958682451176723e-28,1.0686457378624174e-41,2.0161091521084255e-21,2.473717620376535e-24,2.3420446286532464e-59,3.0121973480439334e-67,1.9161349403655987e-22,8.115321783025758e-76,2.188604293232583e-86,9.033243822436599e-93,1.1188402545819693e-125,2.199189712846576e-132,5.955443852215658e-79,2.645308495249343e-104,1.055375041065334e-230,6.140033640560547e-157,2.8503124604666995e-276,0.0,0.0,7.41644095e-316,0.0,0.0
6.380570455322264e-100,0.08954721842888236,0.6708955620215425,0.23955721884366415,2.8827200978176005e-25,3.9265758507875107e-10,3.0342353281637485e-14,1.0715929401858486e-46,7.340130916599372e-31,1.666150069478234e-10,1.945561608580536e-42,6.637209584259429e-21,1.4608566741637888e-10,1.3634239825769592e-36,3.3639648052196025e-68,5.222245928839897e-13,4.798833022505433e-28,1.2276640797707148e-74,2.1614181591684534e-58,4.754889951702929e-44,1.3161995292453594e-77,2.5918233441057526e-65,4.861905625542709e-128,6.80453797664486e-76,9.089262544200496e-107,3.5519474689767265e-74,2.5955830706131295e-115,1.446526987904394e-167,2.5959740354416585e-223,0.0,0.0,0.0,0.0,0.0,0.0
0.0,5.469522466852789e-67,0.012556336711144703,0.9164470086076396,0.023832427179901923,0.031233216529368234,1.402951310408677e-32,5.965111091778501e-56,0.012259959617770906,7.540426760281729e-24,1.27705821709854e-39,1.082430727115175e-56,2.2472436371219566e-43,2.2337230709099317e-87,9.54372244523035e-100,1.2957623367253162e-13,1.0560651286782072e-46,6.104043790178729e-90,8.320433239867267e-60,7.124924266897162e-94,0.00367105135404513,1.623734191437913e-166,1.8053663706847206e-98,9.50661237970586e-186,2.094607039768699e-130,1.341781360238138e-250,1.1081949814233504e-178,1.536658282690213e-260,9.4507854654094e-298,1.6559478201961305e-289,0.0,0.0,0.0,0.0,0.0
0.008889086387679022,0.9811749347075425,0.0002453586712176685,8.924981241157477e-23,0.0006831904424834667,1.348131141974938e-31,0.0007901792636779414,1.0507828133212545e-12,3.932777789378311e-12,0.0034503176051253466,8.882011566722721e-46,0.0023131101720570415,2.10275629777287e-87,3.2091869400100837e-42,2.593144522701115e-153,0.002453822745233579,4.7920161758598296e-49,3.8913391811963185e-80,1.0132523962988223e-160,2.7498121406508682e-127,8.183480609991016e-192,1.920458905772529e-92,1.2280290657051216e-219,1.0899106403576334e-97,1.9263114246101212e-177,7.21738123420812e-47,1.136588772949863e-171,1.2408411443767824e-308,3.870868189344843e-127,0.0,0.0,0.0,0.0,0.0,0.0
2.507740272419113e-299,1.3388774364407886e-61,8.283809228754153e-31,1.9881086185139148e-52,6.1573354423030205e-30,2.873325511914872e-41,1.815963195748266e-37,3.311191088454987e-25,1.434176387346261e-23,3.308926629333849e-48,0.01927323545561756,0.004101467311114285,5.956790257630112e-27,0.011109221008396224,6.712770308522533e-31,0.02807814588520836,2.292446973599689e-58,4.6696411262534306e-20,2.5358961360854786e-8,0.007822826341934316,0.055311206655234604,0.10917604300438571,0.08740971091233592,0.08655620041880689,0.047158489451168115,0.14054726539051712,0.19465542843087785,0.0933124312253358,0.04954072187863103,0.037095514465204545,0.016486895317868684,0.008243447658934342,0.004121723829467171,0.0,0.0
3.582085871798564e-127,9.630577788474357e-32,5.590297055776971e-25,4.977209979844486e-25,3.821897714196926e-12,1.1844472766031718e-14,4.274265294510248e-5,0.001812880352625893,7.44795070768447e-19,0.12133879427996577,0.08594576131175509,0.10762932182743803,0.02993274984028735,0.1280962957880433,0.10223527149308681,2.3267954695682763e-19,0.10556971698186811,0.05011945756946989,0.12450135241547297,0.14277565014499938,3.87450169709179e-17,1.549764812469894e-20,1.069764230485195e-20,6.494696693410261e-45,2.1358590248574124e-52,9.313644565790973e-12,5.757782833648378e-41,5.99340499400917e-87,5.328894999747921e-9,2.3475978925669974e-150,0.0,0.0,0.0,0.0,0.0
5.269620710142701e-34,0.9999999999680353,3.196096391499108e-11,1.3492699179377908e-17,5.662036525171486e-24,1.2726285554932519e-20,1.2494698666305221e-20,2.2131752069691486e-37,1.6945591870201844e-43,1.4771869258495228e-26,4.723071337349396e-26,6.484873639719985e-38,8.051783063527915e-66,2.5107186485508872e-26,3.0716108786384504e-99,1.706062605767038e-25,3.86604882672778e-15,1.8572271819882057e-59,8.25415252784604e-89,2.5487024633154943e-46,4.506680769221022e-118,1.1574883860965849e-124,2.354545336303173e-151,2.4851719355021176e-230,2.8796427470678705e-119,7.023045381500503e-77,1.5147833952618607e-146,3.1576069903562373e-178,4.0777237249009473e-78,0.0,0.0,0.0,0.0,0.0,0.0
0.0,2.6624834545490868e-8,1.3161887335785743e-14,5.143752991651023e-70,0.15413518798734852,0.05211283588876893,0.10468293473611348,0.06584509417377789,0.1004337930798926,0.05364235059739016,8.527441762814338e-7,0.05031374506983956,0.04170670053217938,0.022073699365047755,0.05020833000274109,0.012834434568353106,1.1989366436895017e-176,0.07191971495525758,0.012346020073608565,0.01050263549921941,0.016606008077454867,0.015365690452003191,3.1259145648857404e-61,9.799771355652804e-65,0.026604253862493436,0.10371927682471928,2.065575049940011e-26,0.03494641488476664,4.0734901003765335e-16,4.157049020223251e-68,2.2755582276655964e-43,0.0,0.0,0.0,0.0
2.7985926674061427e-175,2.6743535878110727e-8,0.9999899030930042,1.3272167719090114e-8,1.1004388389061472e-19,2.6343271405256223e-34,6.124773007524676e-15,4.688572309039874e-72,3.057950067093827e-45,1.0056891286128725e-5,5.246861348058596e-29,2.2931630404123366e-28,1.4602610901248139e-31,9.75831554723846e-93,3.485849559192065e-76,3.0530248500911778e-31,8.951288416198563e-28,3.710960777836962e-57,1.2344421766610615e-44,9.278928996109142e-53,4.1182410590705306e-113,5.35123775186174e-93,4.706732591302636e-114,1.088752016115197e-220,4.0079881209480076e-140,2.85643420453736e-67,4.972627810019843e-117,1.3111022335566139e-181,1.4723190189043163e-106,6.251956247109159e-303,0.0,0.0,0.0,0.0,0.0
5.9008583440521135e-8,0.9656869698829748,0.02867401833095489,5.978968315052894e-22,0.0030256421539809363,3.4082094784229853e-26,2.2937119718522834e-6,0.0002192490434999975,7.114541394887034e-14,0.002391767867962959,1.33852841193205e-26,1.4983484773702817e-33,3.6211924967382295e-143,1.2516869699789368e-69,2.505652208260814e-206,1.1202978383230427e-41,9.263182296818117e-72,3.457147368109137e-131,6.030797726679535e-170,7.990808131379468e-120,4.1362502428772e-298,3.3621906303754825e-118,1.4031449798110234e-249,1.824427598312565e-281,0.0,7.724470060242479e-44,1.781830435621913e-195,0.0,4.84111217047352e-150,0.0,0.0,0.0,0.0,0.0,0.0
0.07718151058756093,0.910710870796039,0.006837341347928473,2.2705784406943208e-23,0.0022006096432344744,0.0030696675426216675,1.9123672469873512e-59,8.261553780610711e-11,1.4648490736455205e-83,9.65488993250087e-78,4.252168511778453e-21,2.0260529524093641e-78,3.5088554907513834e-158,4.297090543582072e-89,2.8288177485901254e-128,1.4392970999902536e-195,1.188361573205366e-165,9.798927148582075e-140,4.9747469731752886e-110,1.6256768937588347e-133,0.0,4.6335226199521584e-121,1.0605007406213898e-180,0.0,0.0,2.21771942843311e-60,0.0,0.0,4.3564338799257774e-156,0.0,0.0,0.0,0.0,0.0,0.0
9.030474569663743e-94,4.0809419052670277e-7,0.3696703771381369,0.6112752493543924,5.937495615144593e-24,2.6342452875014865e-12,3.094481319793122e-47,4.771374993038067e-34,0.019053962535691027,2.3715104505468495e-42,2.7653940540996077e-50,4.640427486041039e-19,8.526014564089012e-63,2.8749549795305007e-9,1.5255987427082736e-43,2.6041010457561e-63,1.81397749981625e-55,9.985287176150962e-22,2.9929948346495558e-81,2.2356722866338028e-20,5.786439951232607e-154,1.718700012799782e-66,1.3205253111991378e-99,3.2325507623911e-117,9.970421710895123e-292,4.0139280721301325e-78,3.199002945932291e-236,1.940995748532762e-228,1.5801407809177387e-78,0.0,0.0,0.0,0.0,0.0,0.0
1.0,0.0,0.0,0.0,0.0,0.0,0.0,0.0,0.0,0.0,0.0,0.0,0.0,0.0,0.0,0.0,0.0,0.0,0.0,0.0,0.0,0.0,0.0,0.0,0.0,0.0,0.0,0.0,0.0,0.0,0.0,0.0,0.0,0.0,0.0,0.0,0.0,0.0,0.0,0.0,0.0,0.0,0.0,0.0,0.0,0.0,0.0,0.0,0.0,0.0
3000,700,2300,6000,2000,2500,2100,200,800,1100,600,4000,1800,1700,1300,1500,5000,4500,7500,1000,400,1400,1600,300,100,900,3500,5500,500,6500,2400,1900,2200,1200,0
200:3,3000:27,1900:20,700:8,1000:11,1100:12,2200:23,0:1,5000:31,300:4,6000:33,1200:13,2000:21,2500:26,3500:28,800:9,6500:34,500:6,1800:19,900:10,2300:24,1300:14,2400:25,5500:32,600:7,400:5,1400:15,7500:35,1700:18,4000:29,2100:22,4500:30,1600:17,100:2,1500:16
