20
0.14804888711391392,0.051220836770700856,0.00029660689862414194,0.02523147319792812,0.0012102270685368994,0.523238741531766,0.0006052718860160174,0.06236240410842936,0.018544946629976203,0.00042963796204135215,5.050802716192912e-5,0.006643909456630928,0.0009182941506260305,0.1344029374851245,0.0004874719935464165,4.414048638549158e-7,0.010766102084478243,6.756262680774091e-5,0.015473739602827125,4.915262606153245e-16
0.0001789212335683368,0.6153152089539429,0.28772504546900324,5.612188347449401e-24,1.0487592061425358e-45,2.744642206234201e-13,6.4170043841169716e-27,4.04739786958234e-30,9.682525582267491e-31,1.060944203200352e-50,0.09678062376601139,8.165978613073119e-19,1.524035210193599e-14,5.1521274405799435e-12,3.6897431609918535e-53,2.5621551784295123e-16,3.856932237413845e-8,1.269723342027405e-10,1.6187573717255158e-7,8.266617786282155e-31
5.308192628253076e-9,0.10174884718165002,0.30151173175419244,0.048489124622682185,1.7743595273001456e-6,1.3356524552368044e-12,0.006135631264195445,0.031107689410382153,7.736912349964598e-6,0.014881143103065276,0.15361064440290412,0.0024401894797852976,5.510373821891126e-7,2.855321018668775e-7,6.035073453981686e-17,0.014203432289272672,0.010438592857007562,0.0011084059645393167,0.30685852973301536,0.007455684786418742
0.0008486689442850768,8.679029725404844e-6,0.1089564812090155,0.4111441096697124,5.368622800221313e-5,0.007859427929865064,0.1135775818193284,0.16674948011017754,0.001485389813400832,0.00033638532588448446,0.003259848983347639,0.001117413638759905,1.2158736462172467e-5,0.10021334848063077,0.0010851922617312252,1.01692737506645e-6,0.004118923664975451,0.0288290139252438,0.006653024137912575,0.04369016916416449
0.0010414055440342857,6.1317288738499365e-12,5.199586696425715e-5,0.00028041930319713495,0.05848831701201892,0.000835940207317213,6.321785132011639e-5,0.0003874678528126772,0.01670382371864562,0.1899604300769766,4.920887612260998e-15,0.0009682396369638815,4.575968556922672e-5,0.0003991552599225269,0.7279922947040659,2.3850365953392264e-5,0.0020044856088893134,0.0007529678106236124,2.2948858865383652e-7,1.3354141135169138e-30
0.01946382423327107,0.0019980353748716147,0.0007874805594783606,1.7042941463942467e-5,0.5910218369476082,0.001404160920610682,0.020782900226334392,0.0003208515050400637,0.036898038596662346,0.2245922925463839,5.1088147697520985e-5,0.0004298456316114812,0.0036064313239207273,0.008320763527767217,2.0917170151884485e-5,1.7572143586817429e-9,0.003968605521155433,0.08115974717617902,0.004539715080727303,0.0006164208118507649
0.002781717961029518,6.285055873455593e-11,0.00011086428901048669,0.02363783363147214,0.0005407655850531642,0.00029390167271335405,0.10684958272174688,0.7894974468339857,0.007133766785172502,0.04126738276785171,0.0004994300171706627,0.0001799662528192743,7.932981840706648e-5,2.381041480706289e-5,9.327947699444748e-5,1.559251676599231e-5,0.0011308831784748452,0.0047756645290456595,0.005790168923174586,0.015298612561454624
1.2948102936690295e-5,4.883757674537936e-12,0.0009888047237813816,0.04431236619602748,0.0038517627328391755,0.03420581259431599,0.3836072509145116,0.35113502926259454,0.00721009550722356,0.004543463348039219,0.02145780593010873,0.00018798764807330745,0.010602935950027769,0.00018423392066591315,0.0011036193892334765,6.848381417449388e-7,0.06335332180816082,0.0444536940727614,0.027116950015815825,0.0016712330398574674
0.0007665959065100081,9.81829766820054e-6,7.538639212127658e-7,0.00013096479844775452,0.347802167376003,0.0026031398306028864,1.405816568181396e-5,2.921388584182024e-6,0.014026717914550228,0.09118022690005831,5.87072743608747e-14,0.01658258266366154,0.002260452023175699,0.024661836555321774,0.4837195968514442,8.673155413222246e-6,0.0024529465064243917,0.013729924222154563,4.6623580318451866e-5,3.3890612026007474e-24
0.1391225326860575,1.6120375042367492e-14,0.04741349958253457,0.0001805794124780107,0.0019572811851041594,0.015538583263928199,0.0027117253687352306,0.01986694493873451,0.007994035026675403,0.02704112282368402,3.106128986705359e-10,0.0018298303686238853,0.00012388931440294573,0.0001618091888441741,0.7155695733691548,0.00755083021050854,0.012890115434023847,4.02777315831115e-5,7.369784298278628e-6,5.203601449872237e-29
0.007640928199126356,0.038390607754031456,0.03190048009516738,0.05982941129075803,7.510233597078353e-28,6.4731166815580046e-15,0.05265410555741933,0.00624642159825322,4.607890183293672e-21,1.9954473901467443e-23,0.7222558156275878,0.015322039629709011,1.7018330521878762e-23,0.001271856241924726,1.0204088000607008e-22,4.792949391905054e-11,5.69485618001764e-14,9.191372296125242e-9,2.809788823936514e-8,0.06448829666876901
0.07882895483694409,0.21431500236208678,0.6192922530364651,0.01863298673986514,0.0037910522032592584,0.0007253976896661756,0.011528471182683273,0.0019089278400416538,0.00044427947828218453,0.01622985843187121,4.879375834474113e-8,0.02718469239635176,1.292906226271938e-6,1.669775608178262e-5,0.005155543926572814,0.000564656881446558,3.4615769442380966e-6,0.0007056437006662356,0.0006658651489157932,4.913111871168312e-6
1.0112124876634287e-5,0.0040633266787141065,8.865413046058878e-7,3.0046200081490666e-7,0.36504014539776436,0.001758819111005039,3.8893051123063175e-5,1.597102928320615e-6,0.5478620112011875,0.004653719182657269,1.9698910281340735e-10,0.0008475550920758743,0.002778469763423663,0.0007448254341550353,0.04794467622559493,0.004677073685082108,0.011421476595439068,8.836388114712943e-6,0.008147275765563683,7.251317157258345e-20
8.429210146769299e-13,0.11196625363644148,0.37876145539075234,4.798769779258177e-7,8.204444058517057e-16,0.00022352397228700714,6.625356560533796e-5,0.00027324524885026546,7.52577152264015e-9,1.2607336229142235e-14,0.00020299406525526,1.8858569012218446e-7,3.2506013786734353e-18,1.621987863110144e-9,2.3056492417397504e-22,0.4946539055945044,1.7421299491289257e-19,0.0003736343234987405,3.70255313243195e-7,0.013477686336207915
0.07863281916670715,1.4080749064512642e-11,0.000761560534580793,8.261427185294718e-6,0.0002712951195531735,0.00035879837733269657,5.128638348512721e-6,0.00011117162993983243,0.0005037614205269543,2.2037831640625827e-5,0.0020555303113150747,0.00165821980908158,0.0033054536387853457,0.013681979486251434,0.0752047396200857,5.5231937117527884e-8,0.8102913811314415,0.013125428004292975,2.3540345579440683e-6,2.4572355377669354e-8
0.2030975180970557,1.7970556393660088e-20,4.158665129027399e-9,0.005045678944049442,3.2969974129509783e-9,0.17707482767791094,0.07747259663351044,0.00411280100080078,3.8709595227729195e-6,5.405650784223689e-9,8.991447516480614e-12,0.00023920530938888215,0.005263497148967248,6.011413302454809e-6,0.01699650285723519,2.601884173739978e-13,6.34052313223153e-5,2.8405301083778954e-6,0.510590544940306,3.06863859544942e-5
0.0015783222378739365,2.0263778399877607e-7,0.003756746366996786,0.00016910713778818838,0.10865098271580176,0.31066401614757383,0.0013176330118829785,0.0010919204554004592,0.06723977845413584,0.018750226300724707,0.00012969363902468932,0.00872318357199564,0.31388187927232986,0.011113313716900657,0.02183251640455339,0.0009720375024797483,0.12016020487028403,0.008861539637591927,0.0011066959188774693,6.370782298236432e-21
0.06740480374689987,9.781698762540813e-9,0.00022724770081182313,9.067362329568194e-6,0.0008139239526044758,0.004695445078585936,0.31269119240204657,0.05954895708264073,0.07236069724666518,0.019288184353439094,1.1493874464280149e-8,2.2399432835839281e-10,0.029973823794761614,0.00026889053350295463,0.046899966007095305,0.0006647761112599561,0.0023455147972788483,0.3805314356403754,0.002276052690135069,2.1123007976276648e-24
0.03461948199001401,0.03254762767236103,0.14595065756725314,0.036203677164331455,0.001997462902313092,1.8889871927190413e-7,0.0339047626793502,0.018476716785727935,0.00495239984394092,0.04040215018372179,0.00012718530744041453,0.2698170163197015,1.3147098230361441e-8,7.994794758257362e-6,0.08788166487511967,0.00014350335527073488,2.462709733469003e-5,1.938872646835307e-5,0.2929035292174481,1.9951471627111516e-5
5.5934338770197765e-15,0.003115201607649399,4.4381340213263394e-20,9.860433550688549e-9,3.807464119184983e-8,1.378497792488509e-10,0.08229512530984966,0.0008413659457188786,3.4765292238264547e-7,0.005602660569759718,0.006106457333298828,4.444523820229273e-14,3.785739051345822e-25,2.687301403657319e-25,0.009658545599746141,2.0347990021280759e-13,2.9420733467137605e-8,1.2064367444306332e-19,4.064474525730891e-7,0.8923798120396912
20,35
8.43983218279449e-44,0.6832888638392178,0.25385442858804824,0.039085470010109626,0.00024244362509258103,7.341777310979532e-24,1.0345431327011102e-7,1.3008259797182538e-11,0.012060630913305405,0.005600894747320218,3.417396883735193e-12,1.2242300284921982e-25,1.4610500412115146e-35,4.7894870878312986e-46,1.951384046915814e-48,8.622916264452792e-71,3.5645556513468164e-61,2.2018298605761743e-55,4.873686715053467e-40,4.371279131951629e-53,7.925995039572393e-43,4.459948620368238e-40,1.5385260174696355e-73,0.005867164806167364,4.162687276086511e-69,1.609895903112445e-65,4.967391022736036e-59,1.6369298817955027e-105,1.8913052235520168e-183,6.797402397540116e-214,2.5067470620022068e-225,9.974142146035734e-239,0.0,0.0,0.0
2.0028914557031664e-129,2.463845996944443e-36,0.000363343730210818,2.8846638247723044e-13,0.004544995199288739,3.911934413985041e-26,1.106103718136949e-5,0.00427757620110965,0.011666408656354956,8.733647536154238e-8,0.010423525763229025,0.05212496561685453,0.00638689444163185,2.4563354853032493e-11,0.0007209571674429759,4.8034775305366355e-6,9.624386379760422e-8,0.008711719397757901,0.01768189589748708,0.029917116752470874,0.06332178244801288,0.09040278104129507,0.07128610032178317,0.07264551695121473,0.043998171207638055,0.13979035397493517,0.17743581692236138,0.09001934810269573,0.04372389893942547,0.036997145256436936,0.016816884207471336,0.006726753682988534,0.0,0.0,0.0
6.074019381246017e-156,3.2749877782131143e-21,1.2514271036941632e-8,0.008062519726005114,0.0016035028267607975,0.0005635289956868013,0.09957164997647065,0.11257290536314987,0.06777798323618345,0.05830208056851836,0.08618337576696637,0.03875385932775608,0.06703998747712656,0.0764414910717323,0.0764575060284136,0.08053909379481965,0.08314168627123657,0.08037734343546794,0.015905717220056532,0.020226076522876595,0.013460985716761662,2.40725454452685e-6,0.012873495761566729,1.1191829484426233e-8,0.00014260362154018625,8.382678997721616e-8,5.954219788253711e-15,9.250346334864686e-8,1.2555506632930642e-65,4.0522048149609685e-86,2.6094175700304197e-81,3.2951865321835473e-92,0.0,0.0,0.0
9.65093440297939e-151,0.0450838211093994,0.754871351079692,0.08170963118788915,0.043816802574388476,4.872251038629326e-7,1.6629510813847264e-9,3.276985702248567e-9,1.3775374393862997e-16,0.07333173180242325,5.9586405610325595e-8,8.885356514598352e-13,1.1672520011382155e-14,7.457154774485877e-6,1.8170561088163736e-29,9.29194126235075e-25,2.005201485265149e-22,0.0010871219417949508,9.153139729151161e-5,1.8876393039540596e-49,5.834911482402212e-19,1.2259398141375064e-31,2.070239006363562e-56,3.8911314831245105e-60,8.071331443581636e-53,9.485171819092213e-94,3.571004850313275e-51,9.164615725380241e-89,6.400179581869678e-283,0.0,5.169478577733315e-287,3.703496947135179e-285,0.0,0.0,0.0
1.6220829174217169e-46,0.3170526183146826,0.6764104856447855,0.0007287412710108964,1.1931703975766207e-14,1.6709980404175385e-56,7.615573276408819e-10,4.622661034595762e-28,1.787831849981364e-27,0.0017931501247352658,1.0524080839881039e-66,0.004015003883215345,6.757088798052176e-110,9.384754046649331e-200,6.101912828595335e-156,1.526568270490879e-119,1.3030953254122722e-15,1.8506141177019938e-176,3.3998347992744783e-279,6.711949059943906e-186,8.60277442290188e-113,2.0352978231637674e-119,8.515488946799765e-89,4.534913646758623e-47,6.722236094198882e-132,6.332167306386917e-199,3.1554217923336555e-123,1.6232435648514999e-277,0.0,0.0,0.0,0.0,0.0,0.0,0.0
8.078990488528477e-55,0.01668453859415701,0.9722828127586932,0.01094887500737387,6.300349635867067e-5,3.7421363139383884e-20,3.2394309954618396e-26,4.371846739756886e-25,2.0770136487346256e-5,1.7578465354287527e-26,6.930054679656434e-12,1.9736517490905554e-29,3.729231407911268e-42,1.8817268279351878e-93,3.4034903947611027e-87,6.712857433669008e-54,6.462610141267951e-56,2.238787824824085e-99,2.1188100007063793e-148,5.6258402706854265e-123,1.339019245571333e-22,5.482820192467374e-44,3.3389907796058867e-121,1.741927111949538e-39,1.452174768697281e-99,5.03936695174486e-86,3.6740772690204027e-115,6.476689673853818e-117,1.2897731e-316,0.0,0.0,0.0,0.0,0.0,0.0
2.8673982948231034e-237,0.06551354190354729,0.6555312275877879,0.254335919804708,2.1910267262911587e-6,2.6368778729727473e-5,0.017943438590242607,3.005249302120321e-8,1.1875708130958928e-34,1.5549498882062962e-11,0.0059374518253941045,0.0007041545393472378,5.3759727153993774e-20,4.7556891762829477e-8,2.486995010185768e-42,1.5757294121773783e-42,1.1458227485857512e-45,5.404160496215931e-6,2.2415808648997482e-7,1.3928719758274746e-71,3.754902117984806e-29,2.4770816333382286e-61,1.3195680018017261e-56,1.3057299277261198e-74,1.859034605633904e-110,7.216475919107242e-136,1.1559606186709607e-102,4.85633364154467e-104,0.0,0.0,0.0,0.0,0.0,0.0,0.0
9.826356556906562e-200,0.001765145842095589,0.9192237172615533,0.07433847029887955,0.0029301646689347395,0.0003500293654299118,1.185727214086431e-7,0.00048230717751032487,5.004267329971937e-18,9.361216107177252e-7,1.209442949825368e-7,9.742932489449763e-6,1.7544871881398646e-11,0.0006379090799132538,2.4374925291179784e-53,3.469100776918527e-48,5.07685656725942e-49,0.0002396960562585366,2.1641660762878585e-5,4.4313776972235717e-82,4.796947037254014e-16,1.5747712776680884e-58,1.91066179528718e-67,1.5707095749310338e-67,6.077334265095872e-74,3.0303007489946677e-107,8.627624968863434e-84,3.1625149564952452e-111,0.0,0.0,0.0,0.0,0.0,0.0,0.0
3.0663272856352255e-46,0.10121984978874798,0.885155618317166,1.583791841468087e-10,0.013624531734845367,4.454013925472607e-52,8.250189285718367e-18,3.362679673299953e-29,1.9745262159710693e-26,8.22772948380237e-13,2.551797906223362e-26,3.869734449583555e-14,1.432737719186579e-80,4.625116779572828e-131,4.168628173445727e-114,1.347545279089721e-91,1.0316717249453604e-30,1.6506837065324241e-115,4.036701833055265e-179,7.359161684569088e-132,5.621638224756699e-70,3.7862745147393846e-66,3.8885929526834e-92,1.515623165611245e-52,1.0610048515208719e-114,3.212468235598951e-113,1.8613750970084458e-90,3.573982149537255e-188,1.3838653718910467e-292,0.0,0.0,0.0,0.0,0.0,0.0
1.7260756084435134e-43,0.03064970020259474,0.9182475813421814,0.03173528365265995,7.35691166377751e-19,1.5925444713182338e-59,0.009779094228155668,7.052292468641886e-11,4.6171212587676456e-14,0.00958810275672697,9.593123306809073e-72,2.3774711234225123e-7,3.799161119013568e-93,2.631086996483103e-113,1.050287102363655e-120,1.0075774992107009e-124,2.6568257825743566e-42,7.414557070048805e-105,6.311447853311373e-162,1.7257932118622022e-137,2.520934504915332e-128,1.748755625039508e-118,4.816874580983818e-89,4.694633809518108e-50,1.1989881872514505e-140,7.296485761423299e-126,1.4463977893513173e-100,5.4718419239229805e-221,0.0,0.0,0.0,0.0,0.0,0.0,0.0
3.307606892155743e-288,8.897726064768187e-28,0.004281645181858981,0.18487543075661544,0.34045942204526525,0.1938067801787156,0.032016488532647276,0.027723418809020337,0.0074228033814258245,0.019425435524362707,0.021827266734996017,0.008107740942720543,0.0049542824121449865,0.004698448285611061,0.0371445378623505,0.012277351546933973,0.007872941403753752,0.018542427712633845,0.008073445577846772,0.03174536972776532,0.011843899104836849,0.01820073559876798,2.750127869882308e-14,9.518380812602621e-14,0.004652864885872308,2.640283684914418e-41,4.726379373173271e-5,6.672173203109749e-31,2.913161012113869e-93,4.524872783677118e-138,5.091948361990213e-91,1.3413887012589636e-66,0.0,0.0,0.0
5.836731367701095e-72,5.213562847201671e-5,0.49452828458539144,0.4065501671272832,0.07482800315661367,0.0235281454946244,6.444716208499593e-10,1.340784412527574e-5,8.635909322701464e-8,5.849161601644994e-9,0.00010963258470060016,6.006085202981109e-7,1.4984363229610796e-14,5.3737295712185755e-20,2.43578769316276e-20,2.439356183903168e-19,2.5843092819891095e-8,0.0003895042744282689,5.566417393676985e-43,7.563373043482556e-30,1.4822804555662906e-17,6.405855552374091e-15,2.0723584043229758e-31,1.0913203072787464e-35,6.215554099327832e-32,6.1001198091415714e-27,7.052305029686069e-35,1.316845579629945e-75,1.0473681182648481e-145,7.570604762581798e-214,1.6975606633876244e-181,1.4452870310487532e-184,0.0,0.0,0.0
2.0550514636211864e-49,0.8179097988888172,0.1553061007255697,1.1763627658047678e-5,0.01828916804085284,8.42079822117169e-47,3.4795696482156456e-10,7.276041130852772e-46,3.0213089050522573e-33,1.936522317859445e-73,0.00848316836914513,5.285823939813956e-38,4.1256678941188866e-89,1.9238321632745194e-146,2.9854245790475498e-155,1.201013920835278e-106,5.633084145909723e-113,4.387575625454683e-161,3.7525112692042494e-199,3.588817795431843e-164,9.050145576308023e-30,2.214609774048341e-49,5.981518523637607e-186,6.3962766125702776e-105,7.824445986142477e-211,8.052005443335483e-162,1.5310651569070377e-135,2.3708096855160497e-244,0.0,0.0,0.0,0.0,0.0,0.0,0.0
0.010684539104357243,0.053046396671783465,0.00013727827720226877,0.0028933019686067265,0.10917843250870189,0.12934946400854913,0.13679907085014614,0.07418414345915592,0.02400509841805338,0.0203347375045039,0.09569515766374977,2.856432845447412e-7,0.08086707314967922,0.09376662849112868,0.0472465384983348,2.782191605384968e-32,1.3137622219118157e-18,1.2878450909601778e-8,1.1132224611128519e-5,7.483815958084164e-6,0.031177254110271876,0.0324278215473414,1.496510547039297e-37,1.7659446370117263e-53,3.658842849673855e-15,0.058188149206125625,4.9951981472436373e-23,8.930129112840529e-76,2.2220065849411997e-130,3.801769492967625e-189,8.663014034281045e-169,1.6372518277123425e-238,0.0,0.0,0.0
0.0038486195175836224,0.9658335211051704,0.01999507460153951,0.005681005827874237,1.8499928152541233e-25,1.0033479048770666e-88,7.346749442167662e-18,0.001961924531598928,6.137123005601205e-5,0.0026184831861771423,5.941156806264735e-62,3.260273084688967e-42,5.158382038078978e-121,5.497675650995049e-108,4.700024745712943e-130,6.023496208872519e-176,3.1045753676574e-93,5.235131598391064e-60,7.534031675095342e-221,3.313345932524061e-153,1.3379379864281008e-165,7.478865589455679e-148,2.5406704739385648e-145,5.374502447394095e-75,4.65196935498432e-118,2.2664678669650273e-107,5.375651087690193e-85,6.765246830920036e-235,0.0,0.0,0.0,0.0,0.0,0.0,0.0
2.984671913851559e-92,2.319535259444415e-6,0.15902329957142375,4.215124950145092e-8,0.08876442633549632,2.3573736938190373e-8,0.08590381209152502,0.06883391033242411,0.22941302876828984,1.9871757008333189e-16,1.919523939903306e-8,0.09892330195978713,0.008310686617481602,1.096950572651942e-31,7.317620907381986e-19,1.3158972274314066e-29,9.806625550534707e-18,1.374683567798287e-71,4.9479569280265674e-42,4.9085039862666074e-8,1.729870444783328e-36,0.07856629991536092,9.792056067995444e-18,5.908058181988993e-27,0.018920584463804502,2.3220139781975013e-80,0.09021576669391616,0.07312242970996527,4.2885981128389214e-285,0.0,2.926652847744546e-296,0.0,0.0,0.0,0.0
0.004005823186313752,0.9820331532601612,0.01275916761827337,7.47286696499648e-9,7.133148303765387e-26,2.4846581944374512e-51,6.715850102731025e-28,2.7051332879174704e-6,0.0011952905124759888,3.852816621016781e-6,1.0355145249061767e-18,4.386721563678502e-62,2.883427551161159e-133,9.49934778078863e-142,6.445630098492609e-150,5.749073417266468e-171,2.7851206654537445e-152,1.9192838757155458e-175,9.952227585606246e-243,7.741674051816506e-187,6.105122861914845e-56,1.593638704728727e-67,3.2046822073986984e-178,4.729290328080837e-86,2.8065641074887676e-190,3.203211690898871e-115,1.0682963236672338e-142,2.3089248496267606e-176,0.0,0.0,0.0,0.0,0.0,0.0,0.0
7.226301299498277e-81,0.003514699571813685,0.05233796043018577,0.3970824906612146,0.243074431389723,0.13352817013188656,1.6607554763050846e-6,0.06164356253866603,0.060583055107758826,0.004749203692234045,2.6144568204933842e-12,0.02885048709425296,1.8795317194275944e-12,1.5834812166657205e-19,1.2662996430159326e-28,1.8766583047023374e-25,0.0013484566645172624,1.7480470267245308e-22,9.6221724486707e-71,1.1191186565530582e-29,2.079873530695387e-35,3.2054903552656662e-49,0.008637669929652684,4.473787392950653e-22,0.004648152028124242,2.0074405777209546e-29,7.495254884274269e-34,4.740482104187762e-50,6.43753804837192e-291,2.639165e-318,0.0,0.0,0.0,0.0,0.0
1.0184205330868957e-132,1.5631480728590173e-7,0.2501168456196611,0.6225893737468501,0.10424393365282611,8.84765097491139e-6,0.0003624126154180587,3.105121574706487e-11,4.675638340333918e-8,0.0036858503009007545,6.24078237368078e-16,0.018992528479753017,4.618074913466634e-9,1.2425660972340664e-17,7.426496540228577e-30,1.4028451971745736e-17,1.3937398907072348e-15,2.1329711120502622e-10,5.96393357263017e-49,5.667103739662662e-24,1.3649691133813369e-31,6.194508846103755e-18,1.1084359954672996e-21,7.181030884736534e-24,5.197911697499579e-41,5.4368628404979754e-98,6.464270893654744e-49,1.9189461511373734e-22,2.8801875454991647e-201,2.0603392344750415e-228,1.0259334347879508e-219,2.4180352663481574e-261,0.0,0.0,0.0
0.0,5.785029788208516e-53,0.10281891429339986,0.8264835600425909,0.06407566855254977,3.985515381303928e-25,1.0812169770053283e-28,0.0043767179174992645,8.12797650768113e-24,5.0152021798329615e-53,6.148209035630513e-55,1.5123671467746365e-68,2.9610714593799277e-33,3.675664085947844e-60,0.0008545753606111901,0.0011279401137558028,1.0838963065967126e-38,1.6161041690336266e-53,3.0244367829390876e-31,7.726482991972054e-97,1.2796404121107943e-51,0.00026262371959337563,1.1541141884531346e-137,9.581248700017998e-158,2.4602768022409127e-131,7.861984089550891e-105,5.300540949946444e-99,5.876707471278695e-157,2.140590054512866e-264,0.0,4.723268094769807e-273,4.724873952819839e-235,0.0,0.0,0.0
1.0,0.0,0.0,0.0,0.0,0.0,0.0,0.0,0.0,0.0,0.0,0.0,0.0,0.0,0.0,0.0,0.0,0.0,0.0,0.0
3000,700,2300,6000,2000,2500,2100,200,800,1100,600,4000,1800,1700,1300,1500,5000,4500,7500,1000,400,1400,1600,300,100,900,3500,5500,500,6500,2400,1900,2200,1200,0
200:3,3000:27,1900:20,700:8,1000:11,1100:12,2200:23,0:1,5000:31,300:4,6000:33,1200:13,2000:21,2500:26,3500:28,800:9,6500:34,500:6,1800:19,900:10,2300:24,1300:14,2400:25,5500:32,600:7,400:5,1400:15,7500:35,1700:18,4000:29,2100:22,4500:30,1600:17,100:2,1500:16
