50
0.013655943603388168,1.525530485610596e-8,0.00015760230505061702,0.010473731040747569,1.6105540917187996e-14,0.022006265493308013,5.948448184005217e-6,6.63053874160803e-7,7.074449070076484e-11,2.7292479868120143e-9,2.6692542409851656e-15,1.0748262582538221e-9,4.015002982228268e-10,7.068467648801535e-8,0.26583842762627174,5.204054259624201e-13,6.970663758404231e-7,0.25216575638361044,0.00025670660485917066,8.22306601469844e-10,9.737550308107353e-8,0.035749294533666556,1.5343716031669716e-12,9.122314665145413e-15,4.94464486800486e-7,0.00047739913810701724,9.960586966126474e-26,4.3008061598792095e-16,0.02632587869076655,0.022617949675983646,0.023720123021355018,1.0374077696098927e-5,1.830057082872813e-7,5.732245256385291e-11,2.444611223312511e-17,7.94737699171423e-11,0.0002046359094212635,4.648625481629785e-15,6.494739762595175e-8,1.2703041724886528e-5,2.6190051385683117e-6,2.2398385771493212e-8,0.04532639113418444,1.2562125466696231e-14,2.9613506138270432e-21,6.864887506763604e-17,0.28089746251991676,7.939852164790825e-5,2.8504664187810374e-9,1.307288526990288e-5
0.00021910568880478235,0.008650802289988347,0.022030705398978365,3.2512470052836194e-7,0.0009988915297311567,1.8416471125138357e-5,3.6679982763087074e-8,0.02093556591361839,0.35722718374245205,1.1887054522281224e-5,3.070747152060369e-41,0.0007935989930507316,0.2601891564023727,0.009258699163256135,7.348799735233291e-6,1.465746857101658e-7,0.023083491871525887,8.033052837975819e-6,0.0028769419223618024,0.0015619949376965052,3.9436358822685154e-5,1.7158591278057827e-5,2.0003434498707382e-14,1.9532180328608806e-7,2.58856530785983e-7,0.00011034062401260864,1.6222008394838816e-11,6.805221112799223e-26,8.231039811716704e-5,0.003429908881521079,5.223730323858079e-7,0.003429081290491563,0.0002650846743140747,0.0002819393643742007,2.836784150504413e-23,0.04477042224037332,0.007305280006041251,5.281293637825393e-15,2.355651879355594e-7,1.8079433280945367e-17,2.1086917408801028e-35,5.7380763432229925e-5,6.135595029123816e-36,0.0002903002050878501,5.303078228206909e-9,2.4093630662403162e-8,5.874195500664852e-7,0.2320349718787947,1.22241628516275e-5,4.975276926475051e-16
3.490389669231372e-7,0.005822788587056955,0.034638792604804486,2.188777729860963e-8,0.12491403346344748,0.001365888787292743,4.6744562391725915e-6,0.001615149040862743,2.4190700698719603e-6,4.379219164923305e-8,1.4520457939655106e-22,0.0018107352768540015,7.648728091058607e-5,0.06450412330596099,7.323955340144073e-6,1.2115454459732254e-6,0.0014265178632160431,0.6527959762850211,0.001076271044471616,0.028159595625492556,0.0017512800053341969,8.810273086266038e-5,2.0775345444631096e-12,0.011748167096545995,9.974427850799107e-12,8.930846472650972e-7,2.8126807339671165e-15,2.1639884719593796e-11,0.00018990031155808083,0.0002436291374307081,5.996693863415602e-7,3.718192918206935e-9,0.03093783492957712,0.0003803469096284436,1.2061038911367462e-16,0.0036380596486179947,0.004462368262344895,6.053935824128751e-11,2.883331980036793e-7,4.577650141503906e-16,2.221448792529768e-8,8.208137926061918e-10,5.614719642462264e-11,0.0002794983715058886,3.846281310715269e-5,0.022587160044683505,5.252452131118169e-7,0.003939798147631823,0.0014906554387481114,4.679934833098711e-12
0.000932835917382717,0.0007509328052412162,0.5630866756666579,5.971240317839418e-5,0.01771305792244591,0.005621870913651772,7.287465471519535e-7,0.011486296317851804,0.0004041076669897322,0.008018902207504083,3.01442759071281e-8,1.7074505747427139e-6,0.00041900847651410894,0.022049434234415136,0.00011774366026859132,4.8700137737088723e-20,0.0030493076878231177,0.028884542747229767,0.0033395879965129644,0.0014319381921533835,1.939501935690495e-5,0.0002145511636187233,2.854234388904604e-12,6.386748998011671e-14,6.717295597176431e-5,0.00021836702015368503,1.15968872892259e-8,0.03279315951253124,3.703302955781185e-5,0.02718636485440554,0.008314287835576131,8.415776832358312e-6,2.8761539909761675e-5,1.0698766834760388e-6,1.151004013062569e-16,7.22040932980487e-5,0.04999505750794062,4.8217291508138076e-15,3.491758021454207e-7,2.7385645587582985e-5,4.2047617205770866e-29,4.4688876502947286e-5,2.8791194812780553e-7,3.585623830910114e-9,1.1510316393223154e-12,0.06768050608946014,1.234378082390469e-5,0.0001606875128898159,0.14574947133837177,3.138973719749767e-9
3.5853421163400584e-6,0.25760760669923854,2.46293333269799e-6,6.729060255021067e-5,0.0018501694394455807,0.0007922807651451175,2.36944921294259e-11,0.0023417099810262524,0.0014370036860402598,7.970724767934008e-27,8.616926667878466e-10,0.4134809150228366,0.005747437936570483,4.8853087161332616e-5,0.0023478044048650427,2.9565433094912313e-9,0.00016052259390597764,3.4755578182362714e-8,1.683212088559708e-6,0.0021339250936567083,0.024900102582730822,5.859329298758071e-16,7.903132186371296e-21,0.0011273673272233404,2.7966219107401734e-9,3.817304418255933e-5,7.056355173738944e-26,4.5314225544567785e-22,1.11306753064243e-19,9.019419154234036e-5,5.05125055362527e-7,4.286079143357124e-10,0.07913473884887857,0.000124077529807936,2.0338742228939468e-16,0.0699077401840427,2.348137938788293e-6,2.0088548326583654e-16,1.0827667920514642e-12,3.905763813224984e-17,1.239840250920239e-15,0.00013032534243223498,1.3751988403599348e-45,0.000611241806304105,0.0017837864631887069,3.3318946912992886e-6,2.4655713268945123e-7,0.07515847419335722,0.05896405414768812,2.544590538171303e-17
0.0006056530942862244,9.573206345652945e-9,8.222896944240526e-7,0.1960110707629596,7.226703721602802e-10,0.09427875619430592,0.0007374239225875998,2.3664723229178184e-7,1.5768399855243483e-9,6.763410359040732e-13,1.0829675699498253e-20,1.8368346809537585e-10,2.971374295320947e-9,3.4751824562033603e-9,1.6487072805940157e-6,3.20647263038698e-18,1.8210717423730644e-7,5.242864426053488e-6,4.651043506087635e-5,6.546594471229436e-8,7.83371711503061e-6,4.804599427625963e-5,1.0809995217876434e-13,7.052896049941108e-11,0.009198306588308487,0.6479138923099756,2.816798216605163e-28,1.3124914647869908e-12,9.165204472415195e-6,0.0037099933550820956,0.028020714192234956,0.0011497529308666266,6.046586594415518e-9,6.674578926895231e-13,1.5688555002122007e-15,5.82696333144126e-11,2.1152659103615073e-5,1.262212128338176e-15,3.554141600705455e-7,9.344155643297228e-5,4.743284290358082e-5,3.392102846159483e-8,7.847486940575724e-18,1.1265157845791142e-5,4.926359762239154e-18,2.4267741864057647e-6,0.009575324742864311,1.997206923633211e-6,3.872934288320592e-9,0.008501224387223527
0.002249021576645503,2.9005647761271582e-6,0.004712785019237059,4.692391688922589e-5,7.836185710675208e-10,0.018190372222352993,0.0254022359550518,3.1482022580524637e-5,6.095833088475804e-9,0.000665144088672106,1.0309839316715115e-5,0.00016244670341553113,2.9002532942174615e-6,4.833426204199513e-7,0.0034052298343944225,2.4485990603155442e-11,0.00042915212313032405,4.168483680460979e-5,0.0035115426146830222,3.020240335172822e-7,6.95512898370825e-6,0.0017178857379167279,1.7479900410938126e-13,1.5214986783475196e-18,0.4729861200285673,0.01749327936021453,3.2016435623004096e-24,5.310723726977858e-9,3.2874052756870318e-12,0.0025269155728165067,0.0015101729614993922,0.4241691063600966,0.003946778836541342,4.298553418980819e-9,2.5548087810906314e-16,5.504443823522401e-8,0.0006650863057148665,1.369085667188901e-15,1.0665899980620902e-5,6.788020451344018e-5,0.012589102147925057,1.9741070649694118e-11,2.185150654162505e-19,1.2330762876770512e-8,1.8533540632622713e-21,4.722117285795704e-15,0.0028159366173778964,0.0005666684283387945,6.226661335711708e-5,1.7894663227294478e-7
3.017787436286767e-5,0.0025128985173853836,0.016228364368432686,0.0006855632316267315,0.00026179901880997913,1.1626279151140704e-6,9.016928300567054e-8,0.048169764281610065,0.005064043291154927,1.0328384948253753e-5,6.739109584236492e-42,6.705898418071797e-5,0.023586292600754746,0.05157840203008736,0.0004413789171624703,2.831098523635577e-5,0.20036357611346736,0.04135613548143305,0.16078570664600383,0.0010664870183837367,6.323856958867517e-6,1.7433105952165055e-6,1.3715754975719136e-10,0.0005335971845270006,2.3120430437603073e-9,1.3725676457395219e-5,1.2078794929055886e-14,4.495298500846824e-19,1.6751704310683565e-6,0.10776094079655946,2.326866550993751e-6,9.312552797917471e-7,0.006317746714548546,7.363369966051784e-6,2.8521894122198214e-20,0.010181407676481544,0.16719233844264456,9.513539347609186e-14,5.397664445079623e-6,2.5780875691422204e-15,4.978347695989711e-27,0.0019573487032770575,1.0375301136955554e-21,0.0010479744631813703,7.655296964053156e-9,0.14889225691441557,2.8172006995726442e-6,0.003114016192846632,0.0007225178925632772,7.249271907138972e-13
0.001235887611016066,0.1311021717869742,0.0018736229165082427,0.0029175218836686406,0.006586601273114694,6.657347381022507e-6,9.056718050922542e-6,0.002884193568324052,0.0066105342283773955,2.2005758534209142e-5,1.3608039601148119e-42,0.00021372914335272077,0.006533509526941144,0.04476873911022291,0.0002195712232408634,0.2464461823610824,0.01646479813105467,0.0011950371520173177,0.035770188537983326,0.007202930985794964,6.633832103866619e-6,2.1484204388372545e-8,2.0490443045242524e-10,9.385961578128736e-7,1.911256715766558e-7,1.6054329244566597e-5,4.356180090343522e-16,9.036530964910534e-24,9.16632566766493e-8,0.27231040381763755,6.118676468126965e-6,6.572664509119493e-5,0.0010530688565066882,0.0006023690075967161,1.810431135312439e-22,0.03511172731357021,0.01757228792176106,1.0702409827438313e-14,7.607463663294037e-5,4.6118215066370326e-18,2.3188669585551076e-36,0.06233253594754025,1.6858521192886787e-35,6.44304400263506e-5,5.967157652305415e-9,2.98821291287608e-5,8.985823291738238e-6,0.09493873884951148,0.0037407734687093254,1.7565634121237517e-13
0.0010030803020677193,7.311902679777093e-11,0.011569792185654602,0.0050385533694407595,4.2736038433432e-9,5.515990253496458e-6,0.5738788808413844,7.123919498151697e-6,6.42215008021156e-14,0.0002951625461577356,0.0788402591041095,4.54958333390836e-14,0.0023534190639627954,0.02682477549203493,9.928746075989487e-6,1.3779617598128221e-12,1.4050461708327711e-5,0.0212848541891477,4.439511532344471e-6,4.571541774782439e-9,4.010118112772728e-11,2.6710642057763405e-5,0.00011217023199188464,3.356088940507477e-8,0.0069549411673049295,0.05236558021973696,2.1565078343226367e-10,2.0076493441932018e-5,1.5668088781874955e-11,2.9973806253761904e-6,0.00014014587275318504,0.16789814635986802,9.690696369385199e-11,2.4506777085520542e-9,2.8742428723248214e-10,2.923503591196006e-11,1.5105625987355842e-5,1.3193283649940042e-7,4.8932402919099384e-6,5.665517095852046e-19,0.01594507587402989,2.767108338750111e-9,0.012122863885578499,0.016827946866823987,9.601519637560577e-21,5.9447082211066055e-8,0.006433270482367031,2.382155719568706e-12,1.6781539216302432e-10,5.823151472553368e-13
3.339381186052232e-10,3.4734127805178895e-35,1.1562679160873485e-38,8.852597838372257e-28,4.0979868070529014e-39,0.050618839478249335,1.955488714912559e-6,9.835732859948434e-15,1.5079932035955375e-28,0.013791289174747052,0.7560953083558738,3.159100111100457e-45,1.7073704499788124e-28,2.548780206903366e-47,5.428643247062761e-13,1.5268262223009718e-17,1.297705225853555e-52,1.066457020605306e-59,1.0899879526173817e-35,1.3133914375694989e-28,2.858150888184039e-27,3.731047256963614e-6,0.06881684989771128,3.0997427524512694e-31,8.917679137146713e-11,4.3212027147209233e-14,2.2480479507027946e-31,2.9605878794916464e-13,8.589572894115674e-15,3.288190633735271e-39,0.0001328882805625169,4.9799886094998233e-11,6.388719512725452e-43,1.2583560177329832e-35,0.00013831461363518913,2.469419187847109e-28,5.83722931375037e-41,1.4633566911407802e-24,0.017318422666428586,3.3246591937106306e-17,0.05086720468833808,1.0693573197899928e-15,0.002008881980339238,0.03626119063792735,4.435491055172118e-40,2.9467959583468577e-37,1.508345674632497e-9,0.00394512170804829,1.7047010946355723e-43,5.2625194983259104e-15
3.919006968472373e-6,0.0005122538497614438,0.0003071916163774775,2.4129626859481415e-8,1.5536806782021864e-6,1.2941887177257769e-6,1.3596275079471179e-8,0.007282247418635962,0.00016596579905238298,0.0005040424864996155,1.3104846480750418e-38,0.0005613163626980102,0.4010046176203302,5.1453525235150156e-5,5.281411953136917e-7,4.80328226680097e-8,0.00017823908882493464,2.5383021520435333e-10,1.3029755291549374e-5,5.69413816881105e-5,2.7839065149877334e-6,0.01696129151516413,3.779480088793115e-16,0.043012628685743584,9.781911877467092e-8,1.1881566088594129e-5,5.817042010242729e-12,3.309707376572547e-27,0.004793415720969621,4.6320910278134544e-5,4.032302669939829e-6,0.00030361460156292877,0.0018459709058955848,0.0004575379375438996,5.170585598806526e-21,0.0024334584163568833,0.0005491343366242979,3.57863513792701e-15,2.987011767713526e-8,5.897822469063685e-19,6.078973036783287e-30,0.001376865323871951,2.0793262026320404e-38,0.023136469499318565,1.9448722013458493e-16,4.3711277868849855e-10,6.002970335123335e-7,0.4943746295069366,4.45565007468655e-5,2.0775478461846755e-16
1.4217085819173983e-5,0.056550081851437145,0.008238968346060464,2.2445222436434238e-5,0.03634470476639136,6.99871974302864e-8,1.4231303105262029e-12,0.0019434388642284633,9.4442784591073e-5,0.00013148824185511628,1.6601551308836204e-42,0.00020589248396112405,0.09915932148533585,0.28771017367376545,0.0005782665468771099,7.064813661125674e-5,0.23497045491406998,0.016903790987186945,0.0022853726997892317,0.0006739277303156011,7.102268125539635e-7,1.7032012505469495e-9,1.051774675118634e-12,0.00023552162338907193,7.457159640220731e-12,4.2217509198739167e-7,7.404191919446427e-19,2.311158424292379e-24,4.4465873053010513e-10,0.02095996618524057,4.286956907782568e-8,9.676814109004518e-10,0.001146713403090854,3.0666585491480238e-6,5.024145105491805e-24,0.1287149064435808,0.051089621000564474,2.476372439203864e-13,2.489712546528329e-8,2.7827300786072315e-18,2.2617221477809722e-38,0.0065336523502574585,1.1842803770322255e-35,1.0528139223685476e-5,2.8869421386546153e-7,3.371165178001628e-7,4.412197752661058e-9,0.045226129185422306,0.00018035568550264783,9.621302709494019e-17
2.991853643261856e-7,0.007173233176187686,0.0021766852635999156,0.003845539280345805,0.13673521636022268,7.966355577403289e-6,1.751989225455906e-7,0.00011690965510197336,0.0018378832747813739,4.3938360259447967e-23,3.884559519786785e-24,0.024659328573110623,0.041334775700695374,0.012598703098839332,0.00020170475892337177,1.3622964668203699e-17,0.056753749552397176,0.08289528570493447,0.0011649644102975248,0.014541687110818812,0.00012409640023040508,1.0687586617874038e-17,5.246856968812702e-16,1.5009957585805692e-5,1.9919634157878807e-8,1.754035842621209e-5,3.413712408910738e-19,1.0612248438195312e-12,1.834752761955758e-15,0.001463117219904138,1.1678349297068436e-5,1.6064279734699742e-7,0.5591046770932767,2.5174230989072355e-10,8.799507333971351e-27,0.025555850658081254,0.013168140222495793,5.2381012975811135e-12,9.946670112780374e-12,1.0967735525346034e-13,1.6015204157009356e-40,4.19949706823351e-9,1.0293070228634521e-30,0.007026499061624835,0.00396431338485677,9.914482794135874e-7,1.3705862528953886e-7,0.0008439951090041126,0.0026596619881628226,1.172102012079192e-16
5.482721776500776e-6,0.04812297068226992,7.113478492838253e-5,0.15735257251604484,0.0012843501603965145,0.0017358291576779945,0.00042859256186798903,0.017386734887718136,0.001219041632439335,5.199305680423804e-15,3.433466173815995e-8,0.16048096575009388,1.4948750744441135e-5,0.0005956568246330018,2.8765156779645e-5,4.7430352763618954e-17,0.0007657585100684761,0.07218882847940533,6.665196727582759e-6,0.0006982828844120121,1.787032417538155e-5,1.9672145497110095e-11,4.6068036735945045e-9,3.9094098880529997e-17,5.042580276833139e-6,0.0010682018979507448,1.3936912538322037e-19,1.797254451434388e-5,5.12413824400756e-6,5.4295018698063566e-5,0.00020164428586359718,0.005184974204013314,0.09160991044228096,3.4582013087046167e-7,1.665394914172815e-22,0.0002794138949450158,0.00016973084784666624,8.791936578225494e-10,2.880696543685457e-7,0.0068904700688308925,1.6059256497243647e-30,6.613728237541217e-7,4.914531038211794e-13,0.4228625404530608,8.554106037869436e-11,1.029162739670876e-9,3.1121226710818286e-5,0.0002578146946643284,0.008955955635591569,8.662079295170825e-10
0.006897732966180485,1.443529030932769e-26,0.00037178953164763014,0.09795258407908851,1.4689368652104174e-28,0.09144902146965787,1.5387829139700605e-17,1.6626882640077214e-28,1.222851318507037e-33,2.399745739047724e-22,1.4002671552046065e-20,1.146043276223675e-25,2.0960185261423777e-33,2.2052902230188014e-24,7.171813323226693e-17,7.731242360271234e-22,0.00047521204634612976,6.907511689892061e-14,0.05394357092355399,1.149932218773463e-25,0.008558188365425577,2.5197131396916396e-19,1.0027056267158495e-11,0.17764598640657903,2.8885287616781295e-12,6.653336886118344e-10,1.5991009813119912e-6,7.981436822629771e-9,1.7973930502552955e-12,0.005026470586139775,2.4634626222368657e-5,1.1301962938789919e-10,2.0958084424926878e-21,6.279629279045181e-28,4.283197670461157e-18,1.755911250842964e-33,0.00330350308964914,0.5041881458372066,2.3996495478367876e-18,4.605462123393427e-29,2.502384581398428e-18,2.0986383241788784e-13,1.2511899125337596e-10,0.050161491409143916,1.1412608456507968e-46,1.4753429274995357e-35,6.066227649595047e-8,7.630452783720273e-38,8.633348890474257e-25,7.303416509181397e-19
1.0713623099517057e-7,0.01074639919238295,0.00016671761161901155,0.00013424805667222253,0.3907396664464329,6.453546146887072e-5,2.7306105957977807e-6,0.0002034611162410453,0.00033173316160237294,7.98589190529872e-11,2.34358107834144e-24,0.0014298731446282327,0.0002863607760364316,0.5145824381627104,0.00027216678297480214,4.109814956347528e-14,0.02332970084744989,0.02458632262055713,0.0011584560068814555,0.0065033241594288985,3.0318872876567355e-5,3.738990193671114e-7,4.926431604722054e-12,4.1015687374144934e-5,3.2079537135565177e-9,3.665102042817044e-6,9.293303664501556e-17,3.4516982906897887e-12,0.0018618342518789976,2.0436626493016687e-5,1.1498285958854548e-6,4.456222747642103e-7,0.020174693858755345,5.5316989109545015e-6,1.960790464902195e-20,0.0008475829291622857,0.0010953423966520719,1.942224386454184e-11,2.4277623917539655e-6,3.02548501236819e-11,7.247338907067729e-20,2.464613518712988e-11,1.863332156184062e-9,3.575496182741572e-5,0.0002624038242026647,4.432086499269429e-5,9.312127366316405e-8,0.00024960323749968164,0.0007847589259697512,5.170672997486785e-15
9.240265429649121e-7,0.00010825089165236443,3.821507880259022e-5,0.046146811187672436,0.23243245983810706,2.5220937106072532e-5,0.002524439563402532,1.4158394593540595e-6,0.02353614686755057,5.246180827709019e-20,2.685731572170168e-31,0.008380488236836622,1.838336638891613e-5,0.0002726975611061624,8.199610325122407e-9,1.1119261279872509e-27,0.0003843871644828418,0.005588344212866622,0.00020609580883638808,0.0061339338587069825,1.532431327348253e-10,6.059601510213796e-16,5.079228915767252e-8,2.0719027844574702e-20,0.00028916806593691735,0.0008282925322521062,1.4392376859828887e-22,0.01951635837602091,0.0006017733679420262,1.140982436909148e-6,6.44803519793594e-5,0.001008645244285412,0.6354922684017938,3.210786611478237e-18,3.190561849668186e-39,9.360416576025202e-5,2.3316098113063747e-5,5.7089264438692726e-11,4.316429798513561e-6,0.014990205819487625,2.080634667745697e-50,5.850531219305753e-13,2.7601831870525376e-28,2.2000063005029975e-6,9.014574006348988e-12,4.954855894652419e-15,4.821425377611045e-7,7.705946615880181e-5,0.0012084148972715467,5.672048156465877e-13
1.127749390685605e-5,9.76724526365392e-5,0.022487885768202022,8.547290955787574e-8,0.18399567247109028,0.1335666415819857,7.558314044946409e-6,0.0014837655686902723,1.3403402946935458e-7,6.456017566431078e-9,1.058182082949849e-21,0.0004079267959670355,0.00939821234583474,0.020266846256339493,0.009151267312478157,2.96463291931367e-7,0.0856830807006552,0.33142313601800816,0.014023614408083473,0.001243735205283122,0.015534373768028846,0.001568071003406929,2.617508359327522e-13,0.001099774942975908,1.1057208999353275e-8,9.656085537580925e-6,1.1389701334101752e-10,2.2358421022564774e-10,0.0010245866465596607,0.0004065122493650042,0.00037987291271644903,1.988866151154411e-7,0.03332339080804849,0.007141585559525207,7.970683706802303e-12,0.0004578509791249427,0.060872371039499766,2.9720655783627033e-9,1.8153979596794975e-5,7.612775143654645e-15,0.0005565313571637656,7.532307868235673e-13,2.0589445003751876e-8,0.0002605943137427926,0.042070668971094134,0.01926857681769915,9.584306692071651e-6,0.00047939476807770085,0.0022694005184526237,1.4285255372287716e-12
0.00023884172638668523,0.026330991805398635,0.041528855190199415,0.019518993250497475,0.027910384861692804,0.024071599882238993,1.828586794225345e-8,0.025211908978494697,0.005353890679647945,2.42059975929304e-16,1.9235462981322895e-17,0.3465014859342013,0.033146867396731276,0.001214513165094396,0.0019477727001183597,1.9353629087465613e-10,0.10085727010610221,0.0010720076021984823,0.011103595611060894,0.003455365584819954,0.02744256998994891,1.032797642887333e-10,1.5748746336073738e-16,0.0020927679569233116,1.1896297426551466e-6,0.0009279468794948903,2.6021593257072224e-14,5.30687351076963e-17,2.922185099874313e-14,0.004699075420065448,0.00011993737806267753,1.929786351188929e-6,0.0064442738782850735,0.020331783354876152,1.1276247041007623e-17,0.00631231639505523,0.004982382037011708,5.851156083776304e-15,1.1776123400796127e-9,1.307791722842655e-14,2.0199274558880746e-21,1.6382561735429636e-5,4.197127569388482e-32,0.005236332519865667,0.00012029794261835635,0.0034993055780015987,9.128396841894276e-6,0.24440508444755085,0.0038929316120792858,2.3517431671703766e-13
1.930875615487718e-6,1.2901852523269522e-5,0.028426760012917066,0.006227841325038326,0.014047475906162885,0.0739470251559224,0.0017343877123578908,0.0021777188951317148,0.020876145480670245,2.0560203315754957e-13,1.1733873627076229e-23,0.00027351937223207704,0.01123112923830986,0.01674705680823799,5.531645978657042e-10,2.6359250397497386e-16,0.009347957768103323,0.2057677741884926,0.0033278915879993635,0.00026375218101615375,4.4489842805784296e-5,2.6739561992576658e-15,3.6035699204035016e-8,5.556086031337993e-17,2.2194340375965868e-5,0.00043101361136424254,4.1546558773987967e-22,3.5073185936832696e-8,0.538647787386783,0.0018198123349576747,0.00795646560156373,4.748124922776086e-5,0.007691437792215994,1.1215903184106089e-10,1.0933791437462894e-27,2.669752873867191e-6,0.00018019380981859306,1.674371416513119e-5,2.1970520184632698e-7,4.073129436939598e-10,1.5751728714358705e-46,4.0877512241560815e-16,8.796150906601891e-8,0.04868173172102483,3.0327015388883373e-17,1.423670707373196e-11,1.3640190260718228e-5,8.55390489397243e-6,2.413639708692332e-5,1.271727673345463e-10
0.0001864591447423941,1.69900789928598e-12,4.6490846643060363e-10,5.190421421669528e-8,1.229452516626725e-8,3.3367341346704076e-6,0.033843275932692304,1.342264057494659e-16,1.1823761615324085e-19,0.4504038988141655,0.000338440854480355,8.531696809461583e-17,3.9618142940873746e-11,0.0003430932300202616,0.06887262352857541,5.996997968624526e-7,3.694963662233593e-6,0.050993828324354395,1.0929469053974554e-8,1.012590214019391e-8,3.04211850297833e-10,0.0011959845610729192,8.121936217332866e-5,0.07301530223676343,1.7357574944175717e-5,0.22518583741421572,0.03404537462310657,1.1156932472884192e-10,1.4757952788151804e-6,1.697993372417847e-8,8.938131578424509e-7,0.004177024400011987,1.6842048801296488e-14,0.013662796291099018,1.2862522916130123e-13,1.6623399842717442e-15,1.4509627700913992e-10,3.431798853670234e-6,3.754175983345875e-5,1.3652272866625617e-12,1.4761456053256686e-8,2.0114007010402216e-7,4.697769588743653e-18,0.003332778779122314,3.847546447552541e-18,1.337591369104024e-9,0.04025340980667163,5.927337571716233e-21,1.0805865678318219e-11,4.4871709372410225e-12
1.6690975596511685e-10,1.0093822416917817e-21,3.764033733914916e-18,6.396531088754064e-14,2.549300913944399e-22,0.06187786688051328,2.1588199857200004e-6,3.541243683971693e-9,7.079379865946132e-25,0.028566726898260304,1.074468940270986e-8,2.2207623451389363e-28,1.4799614560694697e-14,2.0958888916930688e-19,2.424257086387953e-13,2.2070436149345233e-17,1.5071831884969286e-17,1.121465090738965e-18,7.839613849170382e-18,2.6113936884834813e-16,1.4365691894974692e-21,4.255011027026385e-6,0.38119631479267574,1.546608320735298e-15,0.003992119765823288,2.6205863358898774e-8,1.3190427241946968e-11,0.29868904780619526,2.7735492654049373e-6,9.30743877542896e-19,2.5498740235467406e-8,2.2658588768675092e-7,1.7462246382127318e-25,1.2899260512996224e-13,1.8357285315275611e-7,8.859054427424467e-22,6.155650989106025e-19,0.006557332343152031,0.01747335437799509,0.00976690151943008,2.721000475027913e-6,0.013851608883061093,0.0473687951626634,5.7428675083906245e-9,6.502621562385922e-27,0.13064753949537758,1.6053862287613613e-9,8.249904113934131e-14,1.7764377132394432e-16,1.593348363132678e-11
1.5199418602488486e-9,3.0935399599065143e-25,2.32602785957311e-12,0.03679871943992135,6.2302520417266296e-34,2.8100272932520456e-13,0.024082796602047547,7.003227086506234e-22,2.900665155189133e-33,0.002487507250770106,7.684058654681053e-22,3.3237600706807426e-37,1.6958110881055036e-25,1.3809285905917334e-16,0.00032617454749867724,1.571223976784365e-15,8.408371015076937e-9,6.97692698058499e-5,5.7622682951237915e-8,1.3716355433585912e-26,0.02945223331270184,1.4756390424964757e-6,8.971091834905168e-6,5.118726867491994e-12,1.000351655384062e-10,1.88927456038525e-5,3.7237173701008336e-14,0.010459559467856263,0.7885855028820311,0.009978132838890404,3.569795598867489e-9,2.15749054497646e-6,3.3588773337542305e-31,1.015828832468344e-29,7.103600723384116e-10,5.098401528341208e-31,1.7881115981936957e-8,7.466280656157926e-12,0.03701515400187184,0.023635281070882214,7.847856473164755e-18,5.510374914999176e-23,2.0180979909534843e-23,0.03707747236175808,2.8573741730771242e-42,2.99668346079103e-12,1.0657176408527404e-7,1.1949000020909076e-30,2.181293027089681e-35,3.584644062721696e-9
0.036358512617492185,5.522482215541867e-6,0.00047818661787804416,0.00018283668329280398,1.0252333877356983e-9,0.0030744869413436497,0.042167379666279786,2.132987725481881e-5,1.4123987135928e-6,0.4947322778590934,0.027766179602021324,3.922957926260174e-6,2.4032179127342898e-6,7.041514462647312e-6,9.739437204105248e-6,8.106908937172447e-10,2.2682976266011575e-6,0.01954684263112341,0.0011959828018449261,4.1502849552786164e-7,0.007011488205375238,0.006268943629786981,1.709331018816782e-8,1.485377249363292e-14,0.17049063649441207,0.037390437800191835,2.728696148464784e-22,2.2226947812531457e-10,1.2675965876666515e-7,0.0010728610812311612,0.01892144286082757,0.024681222248408536,4.502020934363787e-5,1.0174706460769877e-6,2.3672657391393228e-12,5.2354956796279256e-8,0.0002828973521181267,2.753009823664652e-13,5.3801882742553515e-5,0.00012067511752833336,0.062348788835646006,6.002827899718829e-10,1.655182000681375e-25,0.0002191283541199137,3.334286579329597e-21,2.6773676923028356e-6,0.04469339990745877,7.66737347089847e-6,6.365848781114294e-6,0.0008245884589775847
0.003963989349259396,0.0006440100182628091,0.002110425398012644,0.0010208421750150804,3.406992619812689e-7,0.23881718911603989,0.010331571316134616,0.0012562934193051363,2.706990592611529e-7,0.019204430472770706,5.5434959231799926e-8,0.001457369037064018,0.002939827003558397,8.832687567090051e-6,0.008274059376973168,2.2370283419979528e-11,5.033992714347869e-5,0.0003464119864297701,0.0004086483068294422,0.0001343037021037342,4.1891251078234114e-5,0.002987007721733728,2.679578153715605e-13,1.5752291346834594e-15,0.005737211654262539,0.002711537353515601,1.6097114605703753e-19,0.0003896571804532426,1.5120410943449866e-6,0.0021559009015492537,0.296138695938614,0.08602322924317012,0.0005011355517837356,0.06912219057849397,4.650153409268432e-11,1.530747276199836e-5,0.0004531194497518464,2.3919560589412358e-14,5.471886941422488e-7,0.045019660068365455,8.091736589895742e-17,2.631480602983709e-8,1.510140261381823e-14,3.209146297176666e-8,6.549062959136093e-17,1.5127836403435135e-9,0.0015599172785186464,0.1959186098611728,6.7193973747792e-5,0.00018640517725560288
0.001514417245478177,2.38171543426585e-49,2.574604182485558e-22,3.4868565164987553e-7,1.0103153289166424e-62,0.00577692551786467,0.21881741241223257,5.261389721182378e-22,4.155692393136425e-41,0.13787051390997015,0.01309185394622166,3.00726735622699e-64,2.885985700464122e-37,4.853539067995513e-21,7.892021378851433e-16,1.309653291053881e-16,4.4717790884629704e-15,0.12355487011260675,5.3937709656727976e-14,8.211409560814457e-31,1.0149002079523322e-8,1.2153608203852645e-14,0.07585840323043372,0.20107455604471605,0.00020277358919888668,0.12582628735447987,1.0366309688496262e-19,5.805300831799471e-11,2.5106580269470807e-13,4.08193193284167e-6,3.212103499735978e-5,0.030725978773725262,4.3889958029668313e-57,3.7685972113230034e-41,1.1174146959991551e-15,3.422713786457188e-44,1.6199220264233394e-16,5.088276551226363e-20,0.00010192584847825952,2.6133250179124526e-18,0.030542576585119025,2.961978535513757e-18,5.516248027946968e-10,9.428795278595267e-23,2.2158852414094154e-59,2.3361975730718463e-6,3.0543876855508412e-9,3.617467925370489e-21,1.7510249188731774e-63,0.03500260376592855
6.842772117435727e-10,1.0560893085782588e-40,2.5129652667883454e-25,2.3551688469093397e-7,3.1822314882696008e-37,7.056046792271656e-12,0.0009833193974436434,2.4604989392460107e-24,4.4276550601253034e-45,0.0002581371165787225,0.056497148187842954,4.294312899941226e-49,4.073789633201552e-35,1.2602869145530945e-26,8.163923858011483e-12,3.940319490222914e-7,1.2804832501077963e-26,1.3426822961894308e-12,7.316269510344004e-16,7.643229167250485e-29,6.77679517590762e-14,0.018341276659766,0.4603665773652957,9.879758079662934e-6,3.6908412584997023e-5,2.1527538948694118e-6,1.460551407107331e-6,0.2684298058215179,3.124160360169035e-7,3.902512998793823e-15,1.3036812029837215e-10,0.00019569324259437713,8.087740178838005e-45,3.9977007401433354e-25,0.09898393017529045,1.1753770011671268e-40,6.283162650372928e-21,4.881613341763856e-10,0.00135255687283362,0.07110075772143581,0.001664093991661458,1.1837389166984327e-17,0.021775354286542703,2.337481003479413e-9,7.774622292690176e-42,1.9377180689631912e-13,3.195888938635732e-10,6.299078834084923e-33,4.320280928157771e-39,1.7436548320957757e-9
9.862201979702945e-8,0.008431010702829334,4.975402842620097e-16,6.599052286319043e-9,0.0006292870886916944,0.005974943738480592,0.0006053058455136782,3.3652459221789894e-6,0.04903412293396196,8.132390722622105e-5,4.1143234397323054e-27,0.0001114715568710298,0.00531433365671223,4.951535346643442e-5,6.850082055774603e-12,0.04805307749099017,6.23449005070399e-9,0.14219561001873923,1.786467107761696e-14,1.2517920472304425e-5,6.082633856450916e-10,1.4827322831696984e-10,1.572447937791923e-11,0.0015106034083451373,8.232144553568629e-7,1.9344478210569126e-7,0.019572008217696245,1.6803357519568258e-6,0.00018555549577866794,4.8294257675973665e-14,0.007389660912440433,0.0637352127129066,0.024323048317965883,8.523033050711862e-7,1.1113531964290814e-11,0.0009674339442269815,3.45620793487672e-14,1.3566857891841628e-11,0.25965733960195525,2.196878364805002e-22,2.271028125129268e-15,1.143742961701699e-12,4.34782622754296e-46,1.5544146012115688e-20,2.9019202743377234e-14,1.5752682442381419e-30,2.1976409399072705e-5,0.07793966909323238,0.28419794486681055,4.4125375660705254e-13
2.6725021219333866e-5,0.004965095122201607,0.019599396724036232,2.4556341662519244e-6,0.040664050810697606,0.03917561980163048,0.0005381094004324285,0.0025403629555178953,2.305814999165558e-6,2.368848482383943e-8,1.1055487633797461e-16,0.00038432296550850755,0.04736604799989056,0.020351898274134823,0.0288685138570468,6.609661885179178e-7,0.06015258346478791,0.13024363849843196,0.0021059841635455976,0.007366569709271821,0.10490481628189159,0.0016960853503148372,1.2981911371347766e-11,0.004444790697439084,1.5259109303909604e-8,0.0003422145638846585,6.876078105049113e-17,6.579522522589565e-10,0.13414161402414643,3.720054025257249e-5,6.206569293222073e-5,4.6366362054426295e-9,0.11634675536400117,0.10662424464864866,2.4876315299499646e-14,0.00032199147719461844,0.01163564445518612,1.5956862977479408e-10,3.821216369722405e-5,6.103756057557003e-15,1.0414361927443464e-5,1.9689014964500867e-11,3.75834830981862e-7,0.00376046176144475,0.001465638665236596,0.0002857685242171654,4.804167744821118e-6,0.0007269994429252684,0.10879551634519165,1.873112939184746e-11
0.008999457034794902,0.005032224667281889,0.0015964517214488835,0.0045046032573838836,5.241609566862826e-7,0.10879743656835503,0.008389390599463318,3.3088807730875504e-6,2.5035454025742633e-8,9.670562468657817e-6,3.9322102938519863e-10,4.363953769153642e-5,6.016523709003587e-5,8.384011239553536e-6,3.746459982106918e-6,2.0506816367587375e-5,0.00025472500313914397,0.04895652328887786,0.01663632687941135,3.111182954567927e-5,0.0060531298449677026,0.03395350446597354,1.233156574446105e-14,4.5119605743629724e-10,0.0010283630950065714,0.2219112809598137,1.3314654999516298e-27,1.0472269598039542e-7,0.00017842051486802467,0.01856562895504713,0.27965072709317595,0.038358621746756555,0.006475977430689103,0.00031117461550448646,3.418102931680667e-15,1.0033490006471736e-8,5.734191230579819e-5,1.1905018745358779e-12,3.8143253940269645e-7,5.576958073728047e-5,9.510547678427016e-8,6.986106617790635e-7,7.01634115630257e-39,4.035191121479268e-5,2.1688839034191486e-19,5.311573389501179e-14,0.1674332903892214,0.00012808094532462132,0.0009284031192652516,0.021520421117862423
0.014902188468382094,1.1505341576772508e-5,0.0009584269483299836,0.00016317943952727932,2.6509486307675565e-7,0.0046648942808567035,0.15619561686271533,2.9580025709953587e-6,1.1842336669906806e-7,0.004301740088370271,0.00013641954529142357,8.104220079069531e-5,1.2931659590454558e-5,4.138652950582328e-5,1.8661682868728482e-5,1.3456001600894481e-7,4.6344289311874935e-5,0.005427742478870113,0.0026976659551574728,7.376811245863278e-6,0.016825500423781222,0.3532037689222582,2.4739665603790052e-11,1.0185012082516057e-13,0.04921449585948078,0.0016184729952739934,5.2531395893773833e-20,7.087628798131231e-10,1.8344740490988083e-9,0.01292170757625767,0.03125912965507258,0.3138011045836577,0.0006544982516963428,1.585289558155057e-6,1.0247288466797706e-15,1.1839337758431795e-7,0.001241735768924009,1.8795830684674748e-14,6.338378648973245e-6,2.205212759381189e-7,1.0771033506144404e-7,8.522902151256565e-10,2.0078817600791855e-24,0.00022305416016870093,3.409451566926508e-20,8.431679804376058e-10,0.02897090991931849,0.00021858087058604573,6.677834262430801e-5,0.00010128945093996615
2.992348604449212e-5,0.0023622589541454696,0.0001313874094023184,3.0640330908807302e-6,0.001328730451410625,9.303701243847841e-5,2.9872146726775333e-13,0.0038109315196395437,0.01027250348451412,3.188179995435324e-18,3.8915158636919745e-10,0.0300383179972382,0.001295276117326241,2.651634874737221e-5,0.00924467188021836,0.004204633708385081,3.899230393461953e-6,1.1426979774012673e-10,5.196057925835802e-6,0.0017166341243512004,0.004043353422424501,3.206846242156005e-10,4.378506747395245e-17,1.144189864608498e-6,3.014727653797646e-11,5.2429065955499404e-8,1.2780745248208273e-27,1.7387746354261753e-23,2.6007505028194645e-11,0.00010422468962786763,2.3013196677398313e-8,4.871365388611089e-10,0.010037527086951376,0.022173513833096233,9.08242064943398e-13,0.0018979571413960817,0.0001680555933843065,5.346692515744074e-19,6.272626001902823e-10,6.450152331519888e-16,1.8672515348922725e-7,0.03110540451685649,1.415860086595823e-46,6.413358906806141e-5,1.824380712291464e-6,1.8122993036099788e-9,9.511318229187173e-9,0.8645001798019085,0.0013354244525365776,8.195607035457991e-17
8.94098215862304e-14,1.6899585995852254e-23,2.2915655346732706e-12,8.748671247481185e-13,1.6263982686047715e-23,6.660084808713026e-13,4.549212974581888e-15,2.975485008848298e-19,1.0462635446094204e-26,3.874386428595173e-13,9.628993607891391e-15,1.1110222298515452e-23,6.282936999808017e-20,7.791425784755263e-20,4.381794900568566e-24,0.13049293855543997,1.9302892565669022e-13,2.7742279097359005e-22,6.642077007173026e-16,4.684349271350654e-20,1.5584701408449899e-10,1.4448425596999494e-16,8.025286084314906e-19,2.4567499058752996e-8,3.785586747873825e-21,2.495885708373896e-9,0.273469732046699,2.3946742790470046e-8,1.9447310194211713e-11,9.383365222464301e-17,8.107322851771538e-13,4.7652979997611516e-20,1.5337506362941735e-23,3.8202340536893324e-21,1.2247646898207858e-17,6.718722919895782e-26,1.2944003699356578e-12,0.42265768458169195,1.2305931275021453e-13,5.851979761745388e-12,2.930584716136043e-64,1.2230527390742443e-23,2.8845926556982886e-13,0.03262090280381896,1.9034623111822927e-25,0.14075869081403974,1.5441601144783945e-15,2.831916970494084e-25,8.226324742065993e-20,1.020974221072796e-15
2.6769181116020013e-13,7.096174158440603e-12,5.076324990871137e-27,5.753449516759038e-19,0.03291055955377513,1.0797274997246719e-10,0.3621666595058549,7.100364420088462e-24,1.4855288833447715e-21,9.446568763906538e-12,0.006922840269973145,3.362858288137363e-13,2.1969973175429057e-19,8.085316076659141e-9,3.921180500417282e-10,9.691302644532102e-5,2.134193873319631e-29,3.679888636471965e-27,1.8159333694342902e-25,6.518759495777746e-11,2.012374750962641e-17,5.804180610665115e-8,0.0006316447106588152,7.598611322547899e-14,0.021365788819229917,5.945619601349347e-6,1.694713957713785e-41,3.5260999035072806e-6,1.2057743779222214e-6,1.8522863520068547e-24,1.5151869202275804e-11,2.0090284230417704e-5,6.611912823426661e-6,2.5282586958960584e-38,0.013811883292263996,3.764021164303252e-16,6.505469731463019e-29,1.6497749068920002e-23,0.09303751151164716,0.0006525355974403307,0.3839141710332828,1.5795902836156708e-15,9.343955539357625e-16,1.5339941346960385e-6,9.006581861376623e-20,4.543091860957617e-18,5.537573896691293e-11,1.4606489635776392e-33,3.47643354879567e-6,0.08444703578065456
2.007391000159592e-5,0.04705453452777863,0.0341099068789149,8.394950443272704e-6,0.0003723499813270038,2.4599837248689013e-7,2.542276212469532e-11,0.017182152657188084,0.02088678025289379,2.3739941448855835e-6,7.655491831652458e-40,0.004896813238941204,0.44983250276652914,0.017009976209447848,5.662220627850484e-5,4.56717787354056e-5,0.25329477223164903,0.00010706631531862296,0.00024089373341111363,0.0034997443330409325,1.655705255492578e-5,1.7302504316294588e-6,3.4386155265578796e-13,1.431112096981313e-7,1.4204785096854735e-9,2.3724806044696727e-6,3.530761782141921e-11,2.972076932914793e-26,4.033576705223429e-9,0.002708596250623215,3.499024773444042e-7,2.3166767659805123e-6,0.027568359800266024,9.97155792503469e-5,3.0257502238850484e-24,0.06280599905410286,0.004857499674990443,1.2589907488218688e-15,1.3282460682492232e-7,3.7011671660767664e-19,7.96477437645179e-39,0.0016138482271469685,1.9902872809514088e-39,0.0011880241778162628,9.321810587201806e-6,1.4481013002093003e-7,2.9638114332363867e-8,0.04691869903698979,0.003585278161784638,1.4361781979651764e-17
1.1677718116015376e-6,0.004286106236964657,0.048854030716570476,1.5362045633324407e-6,0.1781211439903186,0.006505864042920532,0.00015839372438561234,0.0016909516039633316,2.3121859702330706e-6,8.811672742843956e-8,4.091205946122186e-21,0.0002999121009424364,0.023091946372756085,0.28364962930548127,0.0008187815451226544,6.041780240981924e-7,0.039701323991395476,0.28948672001291204,0.00305282259540336,0.007965193665635173,0.013111694004388788,0.003703308631466717,1.1572828609823499e-12,0.0008210093151577292,4.0871075784671187e-10,2.5215980311970058e-6,3.949149680146504e-15,6.078739316722983e-10,0.005435565829211402,0.00045290474502553135,3.471661008981561e-6,6.782506723013957e-8,0.024787703703693396,0.0021498899872497107,6.313287429533728e-15,0.012442908095105043,0.023146485927331175,4.848318031800469e-11,3.058318417213437e-6,4.95901679939073e-15,0.0020307608910265875,1.725539585456865e-11,5.29246244691572e-6,0.00019765810165908455,0.0037074147180794575,0.008045492645547337,9.567853127736368e-8,0.002534500809258255,0.009729665606312317,6.205350482017019e-13
0.4725568846060752,0.04020306665195223,1.2205372914494122e-7,9.677742719731076e-9,3.794100354945586e-12,0.07601774546897755,2.6203065625556716e-10,0.01489541704619506,0.05959264725751701,1.4697394854509981e-21,4.625813455325603e-18,1.4331893880633562e-5,1.775436198397569e-5,8.76598916131515e-16,1.5263823406737045e-18,4.122279197904112e-24,2.891996045552527e-16,1.9130091230679543e-25,5.5323131900754755e-11,3.241675549062756e-7,2.9784683331279758e-9,2.0671011608391068e-13,1.8313247490478594e-15,3.8236585486791834e-20,1.9174165840479398e-13,1.5721467123831832e-7,2.6101345140816075e-61,4.624266655095573e-25,1.516530319183717e-7,9.539321545563239e-9,1.7951448529536515e-5,1.0764659593558471e-7,0.0019672167581147545,1.0641129238626668e-39,6.576367272823202e-19,1.7454095724983125e-5,3.5115622211132513e-10,3.056778108182029e-21,7.556795352212208e-11,2.6279825836706315e-29,8.971246013668131e-48,0.23766008463401392,1.495422004757612e-42,1.6862627641753518e-23,1.117614264052745e-18,2.708498967233897e-31,1.7616100831339013e-7,0.09137166937529952,0.005666714560513898,8.24275324782909e-13
0.005845456219466354,2.0170869889247743e-12,1.6357293832906174e-10,1.0095156334977698e-9,2.1304548998604007e-13,5.4259327669231304e-5,0.011580835472609416,3.1223440469099417e-11,1.931939533950434e-12,7.220061089161505e-6,9.106003449871312e-13,9.530186124452505e-13,2.500567040585737e-13,1.3435297250869492e-12,1.6993002713832542e-8,2.601906536946142e-14,8.15391506773728e-15,4.343642465588603e-12,4.970586527625355e-10,6.631602237415797e-12,1.6497010060835812e-9,2.9592270956515605e-7,9.660412160033292e-9,1.1907040626707316e-18,0.18308268205521844,0.000993715974450531,8.529068265747603e-20,2.447961438292225e-9,1.2997603766385118e-9,4.932820668070084e-8,5.4852752903382126e-5,0.027536582789633952,1.8225106609951953e-9,2.62189616253925e-12,6.36155951094021e-13,1.9661039286024143e-14,8.042191337444091e-13,1.3659259240374769e-12,0.6120706742515452,0.00023589344434511126,1.7397679950122414e-8,2.5805521448289543e-12,0.01211617283192668,5.5900908783902645e-8,1.0120628127571473e-23,0.13546248860284818,0.00034339371434419875,3.2422053574761714e-12,3.014948251770959e-10,0.010615318046331968
0.012260114337294077,1.3255797573432729e-8,0.04437275678760414,2.1105006142609285e-12,9.950088362390459e-8,3.6000417997370637e-8,8.005411243738781e-11,2.877745202979272e-10,5.976761700633093e-16,6.803121455272243e-6,5.892862876431563e-18,2.594802934874974e-7,1.7373601004571847e-12,2.0590729994593694e-11,2.207706760873474e-11,1.7728057396463295e-22,5.048192695348033e-9,4.188040588206842e-17,3.1559161921077865e-5,9.167071554323485e-11,1.2809168915021983e-11,2.2431646922941543e-9,2.9346037606298562e-9,3.6339041810578784e-14,7.746012244786363e-9,3.152920585385446e-11,0.18425071998033957,0.19042379867213544,1.190090560806023e-10,2.6689755721420225e-11,7.683462333010873e-8,6.824733352484058e-10,0.00020662426312413064,1.035195198260772e-23,6.045907224042068e-12,1.1607736923977718e-10,4.910384566199809e-5,3.509758613827565e-17,2.2523733658246297e-7,1.4570372847814564e-9,5.089518619930374e-10,0.14348741391219985,6.4146128733335315e-12,0.19970661651540766,2.3082317664431225e-15,0.09628229712395407,1.9714686491048542e-7,3.097556916963355e-15,0.1126759027508563,0.016245360626760453
1.5902411360161417e-6,8.459134827279998e-13,3.802160878958694e-11,0.008508719977648519,5.049696784629281e-25,4.120632792593053e-10,0.0001628516214540031,1.3756349502930429e-27,7.663276875696595e-30,0.052341361845687676,4.084020824815092e-6,6.821495462390324e-10,1.6469965661217682e-22,5.350218280201276e-14,5.682438951687553e-8,4.815756327858989e-39,2.147851431712226e-12,0.008219860227170268,1.1011881471418931e-5,6.286099803469203e-20,3.1247144337757293e-9,2.813111233716606e-7,2.093169770771667e-26,2.696528885470332e-26,0.025098813011328176,4.0116047112706884e-5,1.083569560607028e-37,5.453915257819798e-29,1.403083224957743e-13,6.489155747398483e-6,6.352610341996898e-6,0.0008665377160530411,0.008572560684768095,3.4048628743395475e-28,9.578791241308185e-5,4.562431789776052e-24,1.0293665184926806e-7,5.509596025735354e-22,2.545799438788646e-10,2.3365303748634917e-25,0.8960590566992699,1.8364448230832875e-33,3.948804720715187e-6,1.0165455299114139e-35,1.253689858002404e-40,2.47373989689265e-36,3.342510753277179e-8,9.573219255406515e-35,3.7853086302322527e-7,2.950689191309366e-16
0.000396128979914577,0.07325876313493286,0.003059567356853827,3.195737931159188e-5,5.435330022786758e-12,2.0097145077926056e-8,0.022515611314632342,8.494495040017563e-13,2.36410647686316e-11,1.583327225489054e-7,3.3401160494574626e-52,3.6030841157595316e-8,1.5622830461714273e-12,9.471394896285965e-8,0.00010178629010123075,0.02251992993502293,6.441414156442013e-6,2.2293204638617783e-6,0.3422314673101239,2.1880292095986172e-10,1.838458443606227e-14,0.03647994735608002,1.4646197254520382e-13,1.8699711117138525e-13,2.0466312839127693e-9,8.342765361287673e-7,2.287694587601788e-18,3.3609025850216725e-15,0.042963660414769074,0.00017496929488030444,2.132265409283325e-8,6.073348450903072e-7,3.4722811938486284e-5,0.006017562427584014,2.3287649719553618e-23,4.11086266319594e-9,0.02117012968886559,8.934020722152101e-23,0.005876630220237549,0.10258034777131048,1.2108639198706896e-28,5.939429941826474e-13,7.724504066877322e-34,0.11777615346329179,1.1296916976247187e-21,0.2028001897908435,1.1367514533722847e-9,8.191837862312623e-15,2.4442088994688237e-8,2.2840987314510448e-10
1.1102860583329137e-42,2.0405610395543813e-63,2.498108840394588e-41,6.592938722778379e-54,1.5871352059296976e-12,2.203416456218136e-31,4.170583025132042e-42,7.135751475979835e-40,9.396414846205892e-57,5.003673802420095e-34,0.030458371900364163,5.252459877152094e-75,4.3297794984535076e-58,1.9071022433568964e-72,3.977451035858522e-57,1.0835032313530015e-6,1.738064466510465e-56,2.1914271891538563e-79,1.40360453861366e-45,7.29443304517312e-14,2.7817672248772153e-35,6.192857098407003e-35,3.306359326649281e-16,2.3762112081425137e-14,6.026603374903586e-48,3.1657667452300024e-55,0.004828520827560491,0.2248405387082523,6.693649417501269e-44,2.639061537445515e-52,1.2487550470701056e-43,2.909677476928691e-50,2.997425967353678e-57,8.77819625842407e-23,5.3041722678980674e-21,1.6833561546227427e-52,1.3124209022631477e-42,1.5953360077492988e-39,1.5694533717293705e-29,1.3131544033523118e-40,3.6066278721294604e-53,6.04509491442128e-45,0.5675786380970937,0.1630985908360595,0.009194250665910703,5.459843662162264e-9,8.291484653004999e-50,2.1747357478672845e-31,2.2241943339119e-74,2.3950068138071774e-42
0.021165699175347344,3.689003086705028e-79,6.080600431941181e-12,2.559108561730406e-8,1.2058543650550623e-57,1.4789955458020205e-10,4.172922926861171e-22,2.5933994089259404e-43,5.3649149856709525e-80,7.350899071666367e-10,0.0010852686757575052,7.297174278321036e-94,1.850930362198941e-68,1.146125958670385e-54,2.412421578386283e-24,3.886031629009379e-7,1.3171273156719217e-21,3.641238788209707e-42,1.630836808608635e-8,5.324894747906926e-44,5.04074084055531e-15,6.023326613123649e-12,8.013226769685501e-6,1.0188131382130088e-22,6.865049791224863e-15,2.7368430561406247e-5,0.2948667137461452,0.5518753488635492,7.50993692959304e-11,2.524430788587458e-14,1.557512216241126e-8,2.4618077215248555e-21,6.405363342524262e-76,1.8849962764597558e-34,2.4337707558588763e-12,3.27007875834334e-81,1.9634300389325557e-10,1.1450734577274748e-15,1.5342005096672496e-16,6.853271703880431e-13,0.01749144950279369,8.97189408761341e-32,1.1205627306159458e-5,0.048845708852250966,1.1840063264631358e-50,0.04179266031518612,1.5435843540310712e-10,8.062017262833197e-62,8.670424682294718e-83,0.022830116182542187
0.001466650993335005,1.492339828449153e-10,0.11917920425796759,7.732527381453606e-14,1.511616174876507e-18,0.1211565091648778,1.2339470703596277e-11,0.004622150439158985,2.2329739884891143e-7,8.032867535282046e-27,4.955312612636203e-25,0.3507591839790788,1.1591401080788036e-6,3.572073118171986e-14,1.0173834081104944e-10,6.026582455602071e-32,1.249797939316026e-7,8.640998934937084e-15,1.5702833572704296e-6,3.1608724484722007e-10,5.362776556334553e-10,2.929349439789265e-21,3.641031131931987e-29,2.2285855679873697e-11,1.0701066896809425e-14,3.210117081476393e-8,6.335208426874469e-33,1.2948898260955564e-16,3.288259709402021e-24,1.9274619024713547e-7,1.3012622049577413e-5,2.2669613544010218e-14,7.418977112196071e-10,4.16698174190454e-15,1.3428670265705829e-25,1.6095795154372153e-6,0.000485305492506825,1.0286936760365278e-9,2.620023839538771e-12,1.9653127029021552e-31,2.5835148157387056e-42,6.46003832740499e-5,3.485298536913427e-44,7.97278225630457e-12,0.10350687350633427,9.999091736117457e-9,3.6666827166658096e-9,0.2003825798841553,0.09835900056464664,7.307510096326727e-20
2.0885492695148412e-23,3.780919412189019e-57,4.278042763898688e-36,1.8743401370172923e-22,2.5403012629301867e-50,7.2728896164221415e-31,2.0799693470371877e-20,9.792268082320127e-49,1.2727973108810588e-61,4.173123964804979e-14,0.06293403878421176,4.646945006617716e-62,7.398046757881919e-56,5.7002311719964064e-24,9.557229409347949e-23,4.4728522769367143e-13,1.6476454667166612e-34,0.004575727090520236,4.6613333076918565e-29,6.268783247231623e-40,9.019746983922884e-25,5.686882937764211e-6,1.0337104646003287e-15,0.17611990506051703,1.933795963964769e-21,8.409360396032066e-25,1.46571299645424e-6,4.350103825784691e-6,2.2015686195892792e-21,6.479060097939623e-19,4.578615040436766e-26,1.6394169574862074e-18,1.1869631792716688e-57,2.54736069344147e-47,0.016235966701903193,2.654485153478686e-60,1.4306968556764697e-34,1.2866475369048224e-18,1.8677083684082078e-16,1.216395962415867e-18,0.0003734512180288476,3.441355942859466e-31,0.7397494084215412,2.3023969278984412e-11,1.069049573785636e-60,3.3883128918832187e-15,6.670673078634539e-27,4.4906188690510723e-57,8.880266215601841e-62,2.9671136144868615e-25
0.00467957244175856,0.024466422356366382,3.433800415814437e-6,0.000518303790089968,1.418904461086732e-5,0.010108843489827905,0.0034419596017994714,0.001488074821434582,1.0198318496383312e-6,3.1064572076336985e-5,0.0034888275356292583,0.00042462415309134013,2.8011057209443776e-5,8.109220535562861e-5,1.0879468373383308e-5,0.10065036253091496,6.404151515505671e-6,0.04123033000164716,0.0004727469490580582,0.00043331198152611323,0.03731987152654766,7.745042199790755e-5,4.0404114419530924e-11,1.5571968288141652e-16,0.00016815308045137312,0.0478433040137786,1.5277639649947614e-22,7.869201493937807e-6,3.848459711441116e-7,0.003549134471266407,0.42067931762374355,0.042991440660078845,0.004043954750766151,0.04376291418617375,1.1991323586295866e-17,3.561762502326056e-7,1.7349787506380404e-6,1.724828038457994e-12,5.054055089870435e-8,6.898256380831344e-5,2.54023069330729e-18,3.742701268307135e-7,1.4437936001744512e-16,6.757820408521686e-6,7.709127806788623e-17,3.1032242089746516e-10,0.19966820835798596,4.728169586217927e-5,0.003740914725044535,0.004442069951940437
0.0015965401631619048,0.0015313372508263957,0.25885022435613053,1.4448440582614233e-5,0.000705319621729435,3.468124503161422e-7,2.0458246991426704e-7,0.018701315689677075,0.0015141596842488533,0.0007146472323498096,6.6792561899222535e-52,9.341258642493511e-5,0.02826590854799012,0.03398616656169129,7.309960077355522e-5,0.00014221916403479455,0.044234270196308725,0.0008859397325732622,0.19479310603750158,0.0004103817530280489,6.7193304250815e-6,0.003489937615618159,4.664655285353462e-10,8.126250557466665e-7,7.423536667406712e-8,0.0008635942446570198,1.8292547105804207e-8,1.9139665948067728e-25,3.015584259949218e-9,0.15532431638393465,1.153941157696423e-5,3.197722156826522e-5,0.0014336210300577878,0.011176805875325312,3.385961173393108e-21,0.005814966656677076,0.17678616836388794,1.4942518098317565e-12,1.5285185596425507e-6,1.293728672023594e-17,8.36405605327037e-37,0.00844081262523164,5.752497456194844e-36,3.644062319018592e-5,2.218870450767342e-12,0.00017484778915433045,0.0001750933780848245,0.0494776136138941,0.00024006066545430364,1.71270791721825e-14
0.0008185292530780925,0.07788436901813778,2.8621652145011183e-5,0.00796538084916819,4.1108950468935565e-5,0.0006380832016155561,2.8803781516561346e-8,0.1167593157303013,0.00048021095546838926,3.9589003763601743e-17,1.9619326283407185e-34,8.126142108698438e-5,0.005607611409086398,2.0054782230557623e-6,1.5408152142717348e-7,3.9946665869459335e-11,1.3926488506625276e-5,2.8301401473529314e-10,1.1694330474082793e-5,0.00016181211375544777,3.542120735253821e-6,1.709035117594161e-10,7.170796220560694e-15,5.935443802647309e-13,0.0003799137648741178,8.198432892464878e-7,4.423412970901748e-24,1.5548622370084032e-27,1.5886823870828524e-11,0.001162702493785484,2.9522081856049286e-5,1.6424286548694695e-5,5.971438005881132e-6,8.704090207371131e-11,1.2010250335020925e-19,0.020825154871301016,9.897382794543243e-5,8.801659459515211e-19,7.296887271990089e-9,8.543799220218443e-8,3.983556146643604e-21,9.773220139999369e-7,4.249411429021002e-36,0.12467145137095738,7.732663652368091e-11,0.042522051014253624,1.031367953176171e-6,0.5877096403841561,0.0009251393988062683,0.011152477267100816
0.006602203971012678,1.1694189744960335e-11,1.340839610650959e-9,1.6803609960467919e-10,5.256744596032043e-10,0.00014328488003689606,0.013569008845408922,1.0911657210376706e-12,2.284579578428257e-13,0.05478983887258365,4.2520863097672193e-16,1.0018619929719689e-12,2.69051693735867e-11,1.0369260178863653e-11,1.6514464926626363e-7,1.6654885155067173e-13,3.6135194062524994e-14,8.205056382896709e-13,5.375222790102745e-9,2.42499515227489e-11,5.692073001153316e-10,3.0067361749151175e-5,2.2058717511537055e-11,8.163831905035696e-20,1.9340879926199573e-5,0.0013517187744334625,5.566988086003106e-8,0.08093383144709757,2.5831895195240524e-5,1.439421565299475e-12,0.001526531540473544,0.00025167041231520266,3.4616375606996e-9,3.892718492923159e-10,2.494834410011916e-12,2.143113126171502e-12,1.7747363429767862e-10,1.3983140788170853e-10,0.0013209596165560296,1.2094624446820833e-12,5.477232705873905e-15,2.2134120091278047e-10,6.37866005377712e-7,4.779354842509572e-15,3.7141833760344457e-23,5.106656853206398e-6,0.8394277952617523,2.9679621152665637e-14,2.505170805296031e-9,1.93592441464653e-6
50,35
1.0507084655851644e-198,0.0002168139604369535,0.9988422494379141,0.0009409240486625471,1.2552986085345755e-8,8.434949889615421e-23,4.7846430137361014e-33,8.85730804949241e-29,4.080499202315632e-33,2.7464042793373244e-24,1.0762315073046157e-26,6.660872745937839e-43,4.683020805828239e-56,6.619078660396809e-56,1.0316435858176971e-69,1.6766640782273907e-16,3.3618269452974777e-53,2.1115035344782186e-57,7.132715288894993e-86,2.2623205034499743e-66,1.762992262512096e-76,5.4747734831360106e-70,5.196580521101513e-88,3.363041458323493e-72,3.5523112386158876e-101,9.6651984699417e-133,2.8756496345397426e-111,1.0101667634850057e-89,1.233140906794321e-293,0.0,4.340622198300762e-300,0.0,0.0,0.0,0.0
2.5404154087404368e-17,0.9873692342744098,0.012630765560710024,9.072910399543978e-26,4.3255729991435874e-15,4.978420026133275e-50,5.614928375088868e-61,1.2309999714465654e-35,1.3699554122515077e-14,1.6486211870043458e-10,2.779484470264344e-51,4.5093170042461445e-36,1.3075557460622428e-162,2.1651371581928517e-155,1.9625082914599202e-198,2.2627101163045207e-180,6.978695733712964e-168,2.9059603751508987e-220,1.7547741410463906e-269,4.640630629670014e-218,2.543641259632287e-153,3.7975618999264235e-137,3.908342048622342e-189,8.920199878818968e-104,2.182316800066477e-205,1.1619290551799732e-191,3.070688011128987e-219,2.5666072509534054e-210,0.0,0.0,0.0,0.0,0.0,0.0,0.0
1.6107924471791648e-55,0.11113712655267895,0.8833873801948506,8.854136977268426e-8,0.005475404711100749,7.782574154892189e-45,1.452855537917766e-54,3.951626111742451e-54,3.702818961313565e-45,4.95072740026899e-43,4.4710081106254137e-17,1.1017742666147585e-18,8.9119177820164e-117,1.3653707137547842e-118,1.091767215179867e-188,4.59027826879416e-91,9.54973521829629e-99,6.953757408220123e-173,1.062651964746919e-244,1.9906956552453207e-199,9.065197833908114e-94,3.6470954118252725e-70,1.8250133749880937e-151,3.997838052787011e-87,1.8224608368692534e-183,4.484822170457996e-143,5.590080113325185e-159,3.266378022557422e-230,0.0,0.0,0.0,0.0,0.0,0.0,0.0
4.507180864792149e-107,1.0454803229271054e-7,0.8511000740294473,8.761728668627558e-13,0.023970259186341773,2.5004791486813308e-15,1.496489792994264e-30,2.957761353531497e-26,0.10577045740028279,1.3974085500105786e-12,1.540208507372757e-38,1.880054236251242e-24,5.246345172672861e-63,8.903828730196939e-42,3.969596376925407e-71,2.612333691524187e-17,7.419284414044002e-51,3.7393367930308354e-71,7.657285675713453e-71,5.3429284618604454e-74,9.344718799570572e-69,3.3009010159376653e-75,3.1481713991374937e-46,0.0191591048336196,7.597089536880207e-81,1.2520213577088128e-88,9.197798890900054e-71,5.749822153991737e-58,1.1484637085476621e-263,1.63e-322,1.597023679797e-312,0.0,0.0,0.0,0.0
9.317484069423554e-48,0.9838189333822828,0.011859144551532317,1.4476657363184392e-8,4.970036935710054e-22,7.188779734030893e-110,0.004321907578305382,2.802222001953496e-24,1.514600510619531e-14,1.1207145750076706e-11,1.6594725513948449e-139,1.0190707505748839e-29,2.267005712548509e-171,1.6300422860954887e-172,2.4327694001021065e-195,1.3559918470566948e-186,3.3687793801142063e-122,1.0472599086917434e-227,2.3363010303521246e-257,3.969695584132085e-150,2.2401027411961673e-214,8.76204272904542e-173,7.706978378367649e-146,3.7659012004208495e-102,1.1497589216992129e-167,1.1797919000284418e-177,4.703382880518222e-191,1.7970317308326196e-272,0.0,0.0,0.0,0.0,0.0,0.0,0.0
3.7883598999987914e-179,0.399031348586261,0.6009667445420982,1.9063297112392813e-6,5.392257611623103e-10,1.864317366434923e-16,9.46164962317448e-29,9.192562966587177e-32,5.100572550374939e-45,3.1693317912606795e-18,1.3977100731886804e-16,2.7033999624061158e-12,6.448545153281316e-40,2.9073034661406216e-72,1.1719450829577616e-26,1.624191278448917e-45,1.6181363924089844e-51,2.597030623978126e-49,5.877850167482786e-71,1.5609984209799918e-76,2.668430030282676e-102,2.644205980270054e-62,2.5122831736068957e-62,2.413020707491426e-33,1.8522469542668904e-70,1.3192752829923462e-92,3.3177324715364296e-66,3.396122654324265e-80,0.0,0.0,0.0,0.0,0.0,0.0,0.0
1.8740160491595363e-301,0.030533843694467353,0.9599499594107561,0.00030231249665632593,3.9966419258320285e-11,1.9545778569609717e-20,0.004746594301503147,3.3414993764851166e-18,4.6813362640832987e-45,7.718536334169649e-31,9.033132665294766e-31,8.860029554538166e-17,6.608446233620846e-49,0.004467290056646022,1.712142452377715e-30,9.464663999569799e-47,1.7229363967678194e-42,4.666917167644449e-15,1.6916236191325085e-23,3.911727254547816e-151,4.620930833213185e-65,1.1571233127951275e-55,1.0244924704909498e-128,4.6480184539983504e-120,5.911565067192846e-167,2.141779737726523e-177,2.458294933907543e-174,2.8753171237947076e-199,0.0,0.0,0.0,0.0,0.0,0.0,0.0
7.96158736086194e-71,0.8948785437973296,0.10512136907335144,8.63921302221097e-8,7.371339770101205e-10,3.002626209697216e-19,4.299444345260491e-19,9.329805337932125e-23,5.938358047889399e-23,7.308420330183316e-49,5.486741142263815e-14,5.191141873745389e-29,1.8094279495067708e-107,3.748866510888096e-81,1.6547095716503398e-152,2.3402690487692327e-98,8.859293734847367e-95,3.5938314801321116e-146,1.1548744325468062e-204,8.22101336858429e-153,2.2569328467388184e-84,2.28861004341826e-42,3.999751979600811e-133,7.837486434001889e-81,5.068970656880201e-174,2.0532353335848634e-110,4.3403762096290335e-118,2.5618821788003053e-199,0.0,0.0,0.0,0.0,0.0,0.0,0.0
7.439835387483415e-35,0.9999975169050018,2.4830662278317482e-6,2.023196522515175e-13,6.880297027816457e-18,2.3082067330498326e-28,1.749523088981224e-34,4.487575419121275e-31,1.3583420941030085e-11,1.0178366108428472e-38,2.574127518459619e-27,1.498450435054374e-11,1.8531271418117299e-53,6.576591062835091e-112,3.70384833018672e-135,3.513390189242298e-129,2.8998038370540816e-68,1.3939435453387483e-182,4.605649934555911e-179,9.869413152272624e-178,2.671507755269611e-67,1.491329086503726e-62,7.046274377913136e-134,6.367148157163141e-64,5.892911283366796e-138,4.173236110054997e-77,5.347983281711877e-94,5.521423765140064e-183,0.0,0.0,0.0,0.0,0.0,0.0,0.0
1.1013e-319,4.0842233027570306e-12,0.06861883913387161,0.9038875542730574,1.2511905033587453e-8,5.256053510117623e-17,0.027493556349175066,3.5480889703931814e-14,5.079397718127576e-35,7.050798770692661e-37,3.714437665247432e-31,1.3017756067987279e-25,1.1881575170553285e-32,3.772518750211835e-8,1.8356464977943448e-19,6.254813428237223e-30,2.6836328854115006e-12,5.5795777051030444e-34,2.568807858881912e-23,3.822466400182672e-103,1.1125113886233179e-61,8.266344243109307e-61,1.011319653430267e-114,1.0134393185313464e-138,2.9664966588233918e-61,3.0611923737159273e-134,4.8594352458157185e-92,6.31969717718538e-126,5.2165641416679534e-228,0.0,7.406552279330257e-257,4.6258644106741066e-240,0.0,0.0,0.0
0.0,8.589991235912995e-69,1.9922748663649958e-29,0.07117573652075924,0.49227626519889356,0.26219927157333905,0.02496778725965114,0.020068114704791164,3.140987675853663e-55,2.94237071363324e-35,1.0778304161872946e-12,0.004009158971514397,3.1342398915922063e-40,0.01148747069042126,0.04567499615201354,1.8238532239192783e-22,1.3829770004271884e-26,6.682167260822705e-7,4.7507730116750476e-14,0.03526657559049978,6.829087317942263e-14,0.017144728559422163,1.3140488005575892e-57,9.68669995591684e-37,0.010486612258100826,9.907820044296078e-96,0.005242614302674177,7.089108155100118e-17,5.115449770809609e-149,2.3285988469050565e-236,1.3141299543094831e-216,2.9362659081928033e-202,0.0,0.0,0.0
0.041749447741832625,0.9423792392511378,1.8341999457327263e-6,2.1628580445126843e-30,9.020547804852856e-19,2.7693823818261074e-67,3.114983281423015e-60,4.242980119775887e-28,0.006078425441761723,0.009791053365322253,3.972587006184405e-62,8.414018991631913e-41,3.9979038463690734e-82,2.3753332749924666e-100,9.388313329141541e-120,7.288427198862175e-157,3.4083661786866487e-105,1.5063494992999936e-173,3.855725396460408e-180,2.009704246537533e-122,8.517220805731595e-131,4.7507866497013184e-147,1.014777823394823e-201,1.3443152019019857e-110,7.919375119128504e-133,4.206833472679316e-133,1.5974874223814294e-157,4.235385853773021e-183,0.0,0.0,0.0,0.0,0.0,0.0,0.0
7.71691663157279e-29,0.991734208836556,0.008261595731888323,3.6965826144003284e-16,3.8899013816356745e-10,3.816265631265327e-46,3.826583519300903e-37,9.504056491004722e-45,2.0237734100053932e-32,8.527671997591539e-39,1.4322903140348887e-25,4.195042565166818e-6,3.259696882641657e-139,1.435794441801893e-160,2.078004931128605e-207,6.655245682253764e-153,4.588906735890504e-126,3.652563881378266e-241,4.679426485114894e-279,6.439515917836963e-261,9.222858371503818e-125,2.0521334416214795e-73,1.4459113586640545e-147,1.306118613846426e-71,2.218500096808132e-191,3.726453611552034e-169,1.1166904041054902e-159,4.321816082948024e-257,0.0,0.0,0.0,0.0,0.0,0.0,0.0
2.2283354620370406e-58,0.6394456767438075,0.3605543035127192,9.475080768796801e-15,1.2049900004309606e-12,1.3219344712502855e-73,3.222065774315945e-10,2.006514996816047e-47,5.4731946842458396e-42,8.655354862746963e-29,7.10063249919912e-79,1.9420052317620118e-8,9.414278357889775e-132,4.767497784785642e-177,1.7483376287562102e-176,5.522771532316671e-166,9.649781671493012e-105,1.6764186998535542e-238,2.021468584202639e-213,1.4877482088014957e-213,8.953610890908653e-143,5.5219667265972294e-129,1.0530076139665777e-115,8.378454635676414e-86,3.6921622713051526e-242,1.4616552634922118e-155,1.3103172312194586e-206,2.6757086305e-314,0.0,0.0,0.0,0.0,0.0,0.0,0.0
1.0274202712179026e-92,0.016681038733444852,0.983089224901025,0.0002297160584383412,1.9508316150264323e-8,2.0633691869683665e-15,2.430083842912388e-12,4.583991648000794e-33,4.667037994646131e-15,1.333946537277786e-22,1.7770622349664972e-48,7.963385753915527e-10,9.546530697392375e-49,5.735221241972917e-35,1.019583939739862e-24,3.289078135634716e-70,6.435588214111693e-44,3.761718054075392e-104,8.848908901286954e-62,5.038701171035781e-72,2.4015588951797395e-87,1.740227238298155e-97,1.4667974714993686e-68,1.1575461500046017e-54,4.866652428498074e-93,1.8630632107030493e-36,1.0556682073203399e-75,4.541403973298473e-125,0.0,0.0,0.0,0.0,0.0,0.0,0.0
1.482918057163215e-127,6.67602767819099e-10,9.047870476614922e-6,6.324783754970353e-15,0.19793904050741257,6.541474532015758e-22,0.3081026401119572,0.007718116460524007,0.12820898312951007,1.910324238097058e-40,0.31485469232499264,2.4707574369361405e-24,1.0390166608821866e-7,2.5943848621979337e-45,1.3834030749017464e-48,1.880617303525054e-58,1.2001731041303786e-15,6.099204137963598e-46,1.0395187453886283e-84,4.5987540230325646e-77,0.021581920895369578,0.02158545413047576,1.735831541578592e-66,8.512374367093269e-83,3.3024061401483186e-96,5.108646159618716e-15,3.3104538323311777e-64,4.321158992117383e-65,5.925654253599318e-217,9.709193167003002e-235,3.736446239725694e-223,0.0,0.0,0.0,0.0
4.1600476354419723e-44,0.052139524955305716,0.9426694864060786,1.1555815706140583e-12,2.460193374459776e-7,1.6390360668584052e-43,7.385667772047502e-42,4.184362031803628e-54,4.113442511179402e-43,6.170969732989965e-19,3.9382210240711097e-31,0.0051907426181223015,1.875426594335166e-139,9.722327752607472e-174,1.5247236199373785e-162,3.1370454778750145e-120,1.559985349063024e-116,3.7135771677801597e-231,1.5618890886698884e-276,4.314617978925198e-230,7.6858408702398815e-146,1.1817390497776535e-130,5.679178423328062e-170,1.7491927578484778e-61,4.520576999361898e-174,1.2116705465584101e-195,8.234785750352385e-190,5.751123668413691e-220,0.0,0.0,0.0,0.0,0.0,0.0,0.0
4.397742585384647e-105,0.00010262448954943433,0.9913807863078731,6.51234917019933e-8,1.0044767510020806e-25,1.5821277462854005e-67,0.003093430665343415,5.489039882007981e-56,2.7599635249457144e-36,8.802831293204722e-29,4.8864971776575127e-88,0.005423093413742625,7.829597225931542e-102,7.940928351940098e-136,1.269366133447327e-116,1.4951637501079427e-124,7.991883188359802e-76,3.161633337849077e-173,1.1145099784727725e-148,4.804945599817337e-165,5.967751242250547e-144,1.6963212631905452e-116,3.8903557158086166e-82,7.59754183219986e-80,9.163759128840575e-108,1.5531759670994783e-91,4.798704517676073e-153,1.7949324011266995e-199,0.0,0.0,0.0,0.0,0.0,0.0,0.0
2.709248919724177e-57,8.22229039397427e-5,0.9606416538118961,8.583111313356767e-9,0.039276114700858775,1.6170340312858088e-30,1.0092657948956766e-35,2.6101400043978357e-41,6.582228581832265e-37,1.460477785570276e-48,1.9406998818880643e-13,1.077523817500675e-18,8.801234560098163e-97,1.81765156422916e-108,5.55344021136843e-136,1.016160499328975e-102,9.091139975850152e-113,3.8196549076069485e-141,1.1658170873113724e-184,1.4213665650047913e-161,5.57261490393077e-94,2.022795476290304e-58,2.5190563605382522e-138,3.733016971069161e-70,1.395627663620952e-141,4.5747751024165805e-136,5.449105891562077e-114,1.1864038388032577e-110,0.0,0.0,0.0,0.0,0.0,0.0,0.0
1.087692751829335e-40,0.8589810694981511,0.14098803006973148,4.397862360975608e-10,3.0899992330096746e-5,2.8634269259865364e-54,3.3741433616073628e-21,5.112564060013539e-20,1.2511100048395397e-15,6.2273164195828914e-24,2.4999384706665538e-51,2.3480983789291106e-23,5.702238512755381e-79,9.227919155581919e-100,2.2807905463667197e-125,1.8381131556717137e-126,1.9109328653432287e-75,2.8778222596401716e-164,1.9731321596916658e-174,1.138764130168961e-119,1.2644264057533205e-128,3.2762839439318204e-89,4.469637843295733e-95,5.997083376695971e-29,5.22263417175132e-131,5.11588413810143e-93,4.23216014293551e-142,1.9558506054433072e-206,0.0,0.0,0.0,0.0,0.0,0.0,0.0
5.084202944220585e-110,7.89444794110679e-6,0.718033204087617,0.0002890368062514624,0.23579671553023207,0.0004004486350856209,7.189715664168571e-15,8.013824631412821e-28,4.1745050863782043e-17,0.04547270049281416,6.972191211291831e-45,1.4988152701656402e-33,8.318662780609882e-58,8.674155912159263e-58,1.6467737259409453e-31,5.59939580713473e-46,1.1415197184233607e-49,3.3840561136733515e-92,1.658487090663999e-106,2.9939353599608885e-89,3.657103323102166e-62,9.279900429963847e-101,1.827633598081482e-85,5.1339859918799655e-14,3.9452862723392753e-57,1.2635376130161853e-75,6.185794378557482e-99,9.174182444906298e-89,0.0,0.0,0.0,0.0,0.0,0.0,0.0
1.1641652480930779e-198,6.0324765841478725e-6,0.0396598670044818,0.8869835133147476,0.006581351002190083,0.02752941829869562,1.2346365473193279e-12,0.039239812608748946,2.7810415898376707e-33,7.929242877832221e-10,1.443382282766524e-37,4.828063265184522e-11,1.5704442642001263e-32,1.0254845169155245e-48,4.5223100573721325e-64,2.9979894168422365e-48,3.0136177584923836e-45,4.4521122459885456e-9,2.2646462563165632e-45,4.539166473923055e-77,2.219340351359047e-46,1.6459513427667706e-71,1.0916321654828164e-107,6.809219599361906e-109,3.020372432693676e-123,6.256757502507333e-155,1.0925154628219892e-58,2.7106158091621448e-151,0.0,0.0,0.0,0.0,0.0,0.0,0.0
0.0,8.939838732233398e-33,0.19909284221146448,0.4634816466144725,0.034804742682584475,0.0532502857666443,0.07310318432788564,0.005526548587155628,9.279439827877286e-9,4.043043389604372e-6,0.019540940588362983,1.8346041140952726e-5,7.31495143934655e-14,0.01432107284892692,3.957475103980645e-6,2.6947233497783955e-14,5.330631359184436e-11,0.11504108824574659,2.9247970361547216e-35,0.005281876973067047,4.0407007023865715e-11,0.016362701854642208,0.00016671336615943226,9.489686199586279e-29,5.232476584631965e-69,7.983245187895479e-45,3.1335915255019653e-30,2.6160708057329134e-35,1.4462819229731266e-88,2.954774663436938e-159,5.5389522317841504e-101,3.467908060457849e-81,0.0,0.0,0.0
2.1993575824439485e-246,3.9784257858838935e-28,0.04741901725574208,0.5510908301794011,6.752829083578785e-16,0.1461463239225392,1.492297855956488e-24,1.0806459223102028e-19,0.17250096895610176,0.03248530324005497,0.049803853457173905,2.0497135301887216e-22,0.0005537029889861424,5.868049760339359e-47,8.292624170879294e-32,1.213391999838865e-41,4.6402246567003634e-38,1.4515324968033474e-68,2.5430679241741925e-69,6.823105898666297e-19,1.0768513693934327e-47,1.0826201066387815e-59,9.223124459624914e-50,2.069767616850501e-40,6.2706655466580755e-37,9.828181702858861e-106,1.9321504488577732e-40,7.561775075816094e-17,1.308798604257386e-220,0.0,5.173807941795823e-257,0.0,0.0,0.0,0.0
1.2875572877365e-310,0.005920372558326903,0.98976018557792,0.004318428325459039,9.826858477981707e-7,2.135410105131005e-12,3.037018083982744e-8,4.777176500759069e-10,7.119263718633443e-41,1.0591491026037457e-12,2.2904033728446747e-27,1.351540725202974e-12,6.758699340908592e-30,1.4965380925055563e-45,1.8585934343648777e-59,1.2744227888636827e-34,7.27474038977158e-46,1.340163116145143e-15,3.8168751394349026e-44,2.0659887450062586e-123,1.6052055525057772e-67,1.2092556233909891e-57,6.530785752639359e-129,2.3873695861975433e-120,2.125898720478689e-135,3.557677764372068e-186,1.0851742208841389e-148,6.443101814558329e-154,0.0,0.0,0.0,0.0,0.0,0.0,0.0
1.1662302881103325e-118,1.0946000695962858e-6,0.9999988771629171,7.307221644258588e-9,2.0924351858762135e-8,3.3788349382052183e-25,8.998997810341895e-27,1.99022786008955e-20,1.4776175658898863e-27,5.439707624932837e-12,3.4373324699415326e-36,2.3423756249065558e-26,1.981644259032873e-58,5.909018570219551e-38,1.9280416607785987e-76,9.45114351077623e-53,7.79909643234128e-62,1.935984062645016e-52,4.670391064127204e-74,2.3828804924000006e-107,1.6785081252018176e-66,3.176525764141556e-81,6.804943971838159e-80,1.084892992722374e-27,6.093331342326558e-137,6.847500681646682e-146,1.3615311361666796e-96,7.349922965543374e-117,0.0,0.0,0.0,0.0,0.0,0.0,0.0
3.311176428888415e-303,8.824489594555752e-30,2.44487585084562e-10,2.371160559155925e-6,5.767470491131158e-12,0.27033636201446415,0.1404291326172233,0.3078894710162004,1.3122348615393593e-19,8.645958129271796e-11,7.221617867404582e-5,0.004845232766713254,0.11385533909135077,0.053333098111678266,1.6087559639713442e-35,9.924877100675822e-8,0.04030376277817563,1.4195158677430167e-64,3.6032757693995555e-50,0.002860229857729591,3.0714337063851893e-59,1.461275933467358e-46,1.277137473424844e-65,2.442669824618892e-93,0.015214239250307529,9.465904465739607e-156,1.677523571846187e-50,0.05085844557143821,3.0383653129611497e-274,2.5354774481703e-310,3.2172583817479597e-282,3.2196198493928843e-302,0.0,0.0,0.0
0.0,2.3241420305334016e-55,2.9475095968434563e-10,0.15638839507092628,0.10143651849211062,3.065553025868779e-7,0.02706727709468875,0.08561354241741297,0.0898562807103545,0.02762155044701781,0.06272261400844847,0.06997887839975953,0.05771818057815704,0.029181049411717265,0.09024330280535618,0.0840596575577046,0.0637592575477849,6.536657159031584e-12,7.11690480645751e-21,0.026794004307413567,0.019260489097623006,0.004083705183381174,0.004214990011507953,2.0451678850023486e-12,3.4384841139679317e-43,4.447729715307234e-31,3.602208540707337e-42,2.1052240453594213e-23,5.553826794178732e-135,2.4371456080323795e-187,5.894261836046447e-147,5.1469043344264485e-120,0.0,0.0,0.0
5.25889525946838e-89,6.927503497598542e-11,0.006009864674221381,0.9322139833203769,0.061776150905341214,1.86620357481917e-32,1.7859861545013393e-24,4.721974141662506e-22,1.1878310053239588e-19,1.5205374509358194e-16,1.7558912830590664e-22,1.030785462266539e-9,2.5133700352481376e-58,1.1754800106780632e-57,7.504904104461273e-57,1.0612731983641215e-33,3.923987668476175e-22,3.309816505003989e-55,8.649415112707398e-105,3.354121263107117e-62,8.422277695517446e-97,4.33523099867826e-92,8.688735667000295e-32,1.2487079862418567e-25,5.556969016777591e-87,7.828384697417131e-74,4.761719763598707e-79,1.126184769997843e-111,0.0,0.0,0.0,0.0,0.0,0.0,0.0
1.1466240949519203e-69,2.5031905738690488e-5,0.9981419532973322,1.471093264715941e-10,0.0018330146498193461,1.722817078205325e-38,4.111948518046385e-37,1.7736615491641105e-26,2.5088259449151833e-16,2.1584642509754704e-33,1.6494292201907542e-24,1.1655316439557178e-30,1.7245366996464202e-68,2.1417198719010497e-106,4.108390305719771e-111,9.05360713211611e-71,9.148056948342572e-70,4.211403101220623e-126,2.8896109985523697e-194,5.3434751206108134e-145,5.582685593446281e-85,1.2200023790155242e-36,3.1347821120617995e-111,7.634971206729817e-55,2.088031105604047e-118,2.5580239579017934e-123,1.3357877583701756e-143,2.1005567596382514e-172,0.0,0.0,0.0,0.0,0.0,0.0,0.0
1.3324863581178334e-191,0.04625885528775185,0.9522138334653686,0.0015273111784055943,2.5430946921775003e-16,1.5115670435555256e-19,6.693060089731352e-29,2.0486353071402092e-26,1.1375298538683355e-45,1.0041234062366199e-13,2.9800411131898982e-21,6.837332430779521e-11,9.679318952160049e-77,7.714903848098634e-90,1.2708653148442867e-108,1.0272983210590992e-44,6.892293072158539e-31,2.329406088361489e-32,4.226737327962582e-121,2.5828567952429216e-122,1.7056730302135228e-82,6.684603013554194e-107,5.331055083061489e-90,2.624709107626723e-40,3.353296038514777e-188,1.1829686251962008e-140,1.3146546483147803e-156,1.977411936703505e-197,0.0,0.0,0.0,0.0,0.0,0.0,0.0
1.4197634101956489e-294,0.000224721375969407,0.9783857336092205,0.0021550941440260023,5.285704544444967e-13,3.228066639250744e-14,0.009820768646474564,2.518780990292202e-14,3.5513348103986015e-49,2.0660185080220452e-25,8.048330381274398e-37,0.0049063521113077045,9.685874892250377e-35,2.545480390173713e-21,9.770155447224636e-55,1.4042504963894971e-39,1.746663776795001e-19,0.004507330112415528,7.759712734222437e-38,5.021379136254362e-104,2.0425808436889035e-29,3.436458476408742e-64,3.0004981904376597e-99,3.700841547330652e-110,1.2854872588661978e-170,9.750916759758556e-156,2.5766230016909224e-167,7.303189938442707e-162,0.0,0.0,0.0,0.0,0.0,0.0,0.0
0.0026964542358547867,0.9642036135326325,0.03110778511635963,9.404058982633687e-5,6.802155804093268e-23,3.476075738455068e-100,3.96332382529971e-37,1.4209155569754082e-33,1.287313889197419e-26,0.0018981065253266287,5.9914891688662415e-95,1.5014625284259601e-61,4.2583641988333115e-144,9.352954535399338e-135,1.0987438079394949e-168,1.4246801400553817e-189,4.284480719350463e-106,8.016213708653148e-175,1.6050039874959226e-226,4.492294631709284e-168,9.770491372617152e-163,1.258214923195626e-193,1.3989181177260351e-185,7.029488835318411e-88,3.883476505163607e-135,2.2064967635117208e-147,1.3962714673764993e-169,2.6854402801359608e-283,0.0,0.0,0.0,0.0,0.0,0.0,0.0
6.651691430249717e-284,1.9351990171605221e-10,1.938140060165822e-11,3.312591352275324e-6,0.22341221229244052,0.22779497330272408,4.893360123936254e-13,0.13765058301909444,0.07761587558196388,4.249859679391613e-24,1.8943577440797602e-10,0.09088673657330135,0.09603146218056756,1.6126125025036563e-25,5.212698907183381e-66,1.8568619490283874e-78,0.0755993236773073,4.9292603621339413e-57,1.1817898111237034e-55,3.896508844771498e-85,4.763473753928364e-36,4.90860092324617e-24,0.01566365871948172,1.1434564644060907e-93,1.280946427153117e-74,0.05534185913884019,2.520100400230045e-9,2.892828782283217e-150,0.0,1.4916266381776077e-307,0.0,0.0,0.0,0.0,0.0
0.0,1.9102483756839364e-58,1.611821489251719e-7,0.0863932074789486,0.4494055606283344,0.026250271439831992,1.3093196219142577e-11,0.02555042191195146,1.7530008943352325e-24,0.050816537654310254,0.04500905460882905,2.0696149166452374e-31,6.644985728713948e-14,3.720553138344196e-8,0.09806212432218205,5.925300632319632e-11,0.1235865865713733,5.640407704811196e-47,0.09492603692414592,1.673661340336337e-58,7.37384447205462e-38,1.3720257122342275e-20,4.6011374610750795e-85,3.504262261988559e-120,9.299897342716514e-69,1.8828297295726905e-166,1.342414183266544e-115,5.583096837198173e-82,3.1451329867552827e-236,0.0,3.2010242171354257e-280,2.161362644943947e-290,0.0,0.0,0.0
8.146314420347049e-30,0.9992822196221037,0.0006843828902888681,9.06841009722013e-21,3.339748759695764e-5,3.261385657494957e-30,1.9743778137322684e-35,2.1048443825515925e-29,1.0495358505511778e-14,5.715601213197974e-19,1.3657896370893964e-31,4.921613129261411e-31,3.6369456730803265e-129,5.519702953666565e-140,3.532882285983325e-154,1.1819115549841078e-181,2.3841941593798257e-131,2.138564169687376e-238,2.4882008435430924e-216,2.779050522334324e-169,6.033379381152055e-130,7.706870505054741e-101,4.5832979718765134e-170,3.781286115101379e-70,3.790476373315119e-182,3.077313218994232e-144,4.491769741918494e-163,1.4521332399651742e-199,0.0,0.0,0.0,0.0,0.0,0.0,0.0
4.561456547720202e-53,0.01822356654625129,0.9805445576102051,3.76173628123654e-10,0.0012318754658217075,3.4689617246083262e-43,1.415517556598449e-44,7.025967532123482e-52,1.4741897978268948e-43,1.1218431723842177e-42,7.464193601358999e-17,1.5483125837850929e-12,1.894737154224343e-133,8.932655258574454e-104,5.5523291379525865e-152,1.2115648112463635e-112,2.1878901591548973e-114,4.96822483271161e-186,2.425330705836624e-229,8.912231009046715e-185,3.222390340564324e-107,1.3988143718734922e-54,1.144203274862957e-146,2.8289508964686344e-84,4.0381099398827544e-194,4.8608613588083233e-157,5.560014187098042e-172,9.532362039617612e-236,0.0,0.0,0.0,0.0,0.0,0.0,0.0
8.690345972403643e-198,2.438898492554969e-27,0.47719464944367646,1.3442933126672239e-5,0.2961329997018016,3.4866334166761576e-20,3.4955637582154934e-17,7.822248310937413e-22,5.263607924998771e-35,7.697774614455784e-82,5.88400226523807e-12,0.0750547796367727,9.073291063035745e-26,0.01711410372106272,1.3210735242535787e-68,0.024133365195290166,6.475497140353791e-50,4.7059413468648697e-94,1.7261973535026935e-9,5.920105363554247e-80,9.331442842196411e-191,1.61313275891091e-110,1.8498680110401507e-127,1.418228029204907e-141,1.6736610914171188e-37,0.0,0.09070908794076514,0.019647569695423216,0.0,0.0,0.0,0.0,0.0,0.0,0.0
3.88658488435764e-308,0.04847105706838238,0.6966614645495468,0.12210888912389346,0.11878099055169185,2.57496127058883e-22,7.96517362288099e-14,6.768802074477247e-5,8.32361228111599e-21,6.0783073295968804e-12,0.013909727044891943,1.1633048504646047e-35,1.8805889233583288e-43,1.3639370382577803e-27,1.8100932933196053e-7,3.664218867611115e-37,1.2388618828001532e-11,2.3920500566538042e-12,2.610580622838947e-9,6.357729203896167e-42,5.041883626891881e-59,1.6183926459486275e-42,2.2745799391346014e-64,1.5679619134049205e-77,2.267423711585699e-112,2.036910674800256e-87,2.941463022885471e-65,5.156001337914498e-92,2.603354112196706e-286,1.23765325752103e-310,3.864356098730607e-287,1.8322432192874656e-255,0.0,0.0,0.0
1.190138120006124e-133,1.4294842858884537e-15,0.4583516594938788,0.0004100344329954397,1.914277030613101e-10,3.3926639483240947e-13,4.151255354898533e-17,7.61917405474581e-15,4.0103765434542494e-9,0.5412383013374988,2.38838997883159e-27,3.1235579020401814e-22,2.8407488847826302e-21,1.4145005234202693e-27,1.1184182854323143e-28,9.940454664930935e-30,5.334742938808301e-10,6.1281416468596406e-40,9.168786370454328e-50,3.4648475672494425e-30,2.3121879749451143e-41,4.706370320131531e-31,8.60703060870724e-22,2.3469089070172215e-33,3.968596858776259e-75,2.899880539375945e-53,1.4095374308445984e-41,1.2394912779706301e-64,0.0,2.4308594663532513e-280,1.0841653670733603e-243,9.12515e-319,0.0,0.0,0.0
0.0,5.1139837453831236e-48,0.08395633793005813,0.8452004199264254,0.06616684405335115,2.6303300118688e-43,6.657991280758198e-79,0.00467639809016528,1.466109633500616e-78,9.596650852120293e-110,8.32646305108453e-90,8.269374671801551e-147,7.158163806918761e-74,1.6095425126689873e-105,4.3151346090113384e-23,1.3070733071148697e-37,6.7185681550327245e-43,4.457673358545265e-95,6.218138246668469e-76,1.2825831636431992e-190,8.278781261139867e-116,1.7115786203177044e-23,2.758023732858532e-220,7.977326243905741e-302,9.84051494264741e-205,9.44789774107748e-288,1.128372337969012e-196,1.9325864722104254e-223,0.0,0.0,0.0,0.0,0.0,0.0,0.0
3.102306836166229e-101,0.3646297324604166,2.1769423369136093e-5,0.6353484969350618,6.151968398206882e-14,1.1810866702109362e-9,1.9716233867835985e-18,6.3028497483556634e-18,1.3593307983158134e-29,2.0467798356958073e-43,5.8876595533994204e-30,2.443147760532104e-20,1.1259050608161693e-77,4.366234352913039e-15,5.2708805534866825e-36,3.2763158765415036e-44,3.5548344355251183e-47,3.709489558157015e-77,1.86297020597414e-83,2.2471413621859215e-23,1.694216316826989e-43,6.296248465834091e-51,5.18307099668762e-102,1.8572674813769872e-86,1.2237604876917095e-142,8.713013723401584e-80,1.3138886115253827e-64,5.044270234567505e-91,7.649782986455847e-253,0.0,1.940513439509544e-219,0.0,0.0,0.0,0.0
0.0,1.7014698779087469e-91,3.3377482938044423e-37,1.8705423095419794e-34,0.005474598836930014,6.621536077528614e-41,7.693475402904789e-10,0.034436003783034276,0.0024753879693158952,5.847358721163187e-34,1.761004064337172e-5,0.04269357119970712,0.013272603626499811,1.3391389498472095e-31,8.983566164980263e-10,3.976647059435213e-27,5.139469552358932e-18,0.012634963117078108,8.790068562140131e-8,0.009026889962198918,0.0005639731563740106,0.08345848864787205,0.10844828100922684,0.08278161823730214,0.035315840769764954,0.1326964935502415,0.20516724979099002,0.10923384700618348,0.054825253835357864,0.04639059939914897,0.02108663609052226,4.032186227134578e-10,0.0,0.0,0.0
4.514285183971688e-227,1.0117924552738387e-45,1.925060466348432e-14,4.109676078464326e-18,5.769221134195898e-12,0.047815903405301646,0.07594144690273177,9.92218198632244e-6,0.029427520722142764,4.338318406582691e-11,0.1284442880610079,2.075996642169484e-20,7.455165300020704e-12,0.14530887216766908,0.058578014851995215,3.111678295082861e-19,3.244076960322815e-8,0.06024618973576655,0.08616412957109705,0.0510202270530905,0.16564686594732964,0.07736275034885487,1.3293894104686189e-10,0.016383139843514406,0.022709133679822652,2.1633612816146582e-16,0.029550946577456903,0.005390616319897014,2.267704266774354e-144,3.8520583097496904e-200,8.872661838735615e-175,1.458496840558342e-292,0.0,0.0,0.0
4.732234613068372e-55,0.3968721890981166,1.3230512610461513e-7,1.1367995224618829e-11,3.6218802618502347e-12,2.0526528216635397e-42,1.310900133240013e-16,0.6031276785817536,1.3648549894091992e-14,2.932545902115604e-28,2.668091256700232e-68,1.6443305756957634e-26,1.5511876934836958e-71,4.9065636164507756e-76,5.851235186068121e-107,4.479662842547109e-89,5.37640500155011e-88,2.831351022437206e-51,6.596318727767663e-128,6.652145782346335e-79,1.6576281362086785e-111,9.91779549105583e-126,5.072404582674786e-108,4.966029076085665e-47,6.620311179540539e-101,5.601938081033756e-111,5.758960771170581e-86,1.1300824617789372e-167,7.4e-323,1.4042557714387337e-298,7.012457171691622e-296,0.0,0.0,0.0,0.0
2.246362047999647e-109,5.899022535123261e-16,2.461079873181181e-7,9.299340653872372e-17,0.10604977275627864,1.2005944880606392e-27,0.07847012783331168,5.7054131706320274e-21,0.030400300072515093,0.020660390063915113,0.02311096189349724,0.07184809598530659,0.047630098002692474,0.04972036377838238,0.048652780626171004,0.11357415886526014,0.06463159260454338,0.030639222571029866,0.019189203173039585,0.049450016114010294,0.05608982010291989,0.031508866292704524,1.2409715409860036e-9,2.0365458010302622e-73,0.026342267427707563,0.11310280140457453,1.0802270370010635e-21,4.986372354965055e-5,4.380337212768836e-17,8.833816649035537e-63,5.739073239427746e-27,0.018879049359630615,0.0,0.0,0.0
8.39885710576258e-196,2.297758409907862e-7,0.9001330373819459,9.238566509060354e-5,0.09977434717663809,1.0109552952013471e-20,1.386090818558214e-19,2.2528443754345566e-18,5.7606303306253925e-39,4.843488147528995e-13,3.144836885934261e-19,6.90335526516643e-25,1.6264595415916437e-49,3.066344693943624e-41,1.1198833768168765e-64,6.169699058703658e-42,4.730875597730742e-27,4.1393868864855e-40,4.3859468192117084e-41,1.4987760351534977e-115,5.8962567877107154e-83,2.471459218708236e-88,1.5641101297268354e-45,1.0277971603108393e-46,1.629402883826755e-120,3.609709043873895e-97,1.4203024228665278e-96,4.955534158937709e-114,0.0,0.0,0.0,0.0,0.0,0.0,0.0
2.476781802858544e-51,0.9875842817939208,0.012415704924982665,1.3281096491673905e-8,1.2198599840277672e-24,2.7222631940128084e-27,1.391002276480158e-29,4.0961844289219656e-43,4.441660071313304e-23,1.3935661588410268e-41,1.3499155516464948e-25,5.360498714654842e-55,1.5631505498170844e-143,9.182321067074962e-195,1.0349718449275288e-208,1.2693335276963256e-147,2.998284521843035e-148,2.338719474351205e-209,1.5257687933406496e-293,2.949901749809655e-259,3.6627753364769706e-119,5.103932411910587e-69,1.6927062943290323e-193,7.514649061551289e-111,4.342330588932924e-222,3.127259608759505e-142,3.4541588344381865e-176,1.298011698904054e-222,0.0,0.0,0.0,0.0,0.0,0.0,0.0
1.2085621305217367e-22,0.9999998742116121,1.253108732958636e-7,2.1721516010749154e-15,2.9127355990289083e-19,1.0474270735073456e-39,1.424107798322919e-45,1.9082310106036955e-30,7.451611319759777e-20,1.5229609372243346e-22,1.0586761119511656e-70,4.775124398913462e-10,7.956392316556458e-101,9.488435863130786e-24,1.6833077944804365e-45,1.1240179060630506e-95,1.1809787196462776e-65,8.099259524855093e-72,2.214931731128089e-78,8.786621070971121e-43,2.1978201681946583e-98,1.4839009494520856e-114,5.0859022300909126e-135,8.070455506970638e-109,1.4027942268405742e-137,3.685068092185013e-70,4.860879950897411e-82,7.59085545792385e-155,0.0,0.0,3.8350430694630037e-300,0.0,0.0,0.0,0.0
9.39975778811302e-192,1.0899891939705873e-6,0.1684213535979772,0.01588461919143305,2.474271222673366e-8,6.443320554187392e-22,2.9659574441438544e-17,9.893991436420962e-26,1.1615242705853128e-11,0.8156929124658513,1.2169641125078989e-12,3.698435447362543e-30,3.5554163046109616e-50,9.680288559518389e-43,2.503218158149612e-44,8.371249066336096e-45,2.1048720580761426e-38,8.185365095516759e-44,6.259170284996433e-61,1.0304412104096837e-59,1.1743857221238048e-62,1.2084708704658662e-56,2.6069483102734867e-58,2.3987936909926466e-49,7.622674913081085e-107,1.3850526110710347e-80,4.0362604930544765e-80,6.933277009999516e-88,0.0,0.0,0.0,0.0,0.0,0.0,0.0
1.0,0.0,0.0,0.0,0.0,0.0,0.0,0.0,0.0,0.0,0.0,0.0,0.0,0.0,0.0,0.0,0.0,0.0,0.0,0.0,0.0,0.0,0.0,0.0,0.0,0.0,0.0,0.0,0.0,0.0,0.0,0.0,0.0,0.0,0.0,0.0,0.0,0.0,0.0,0.0,0.0,0.0,0.0,0.0,0.0,0.0,0.0,0.0,0.0,0.0
3000,700,2300,6000,2000,2500,2100,200,800,1100,600,4000,1800,1700,1300,1500,5000,4500,7500,1000,400,1400,1600,300,100,900,3500,5500,500,6500,2400,1900,2200,1200,0
200:3,3000:27,1900:20,700:8,1000:11,1100:12,2200:23,0:1,5000:31,300:4,6000:33,1200:13,2000:21,2500:26,3500:28,800:9,6500:34,500:6,1800:19,900:10,2300:24,1300:14,2400:25,5500:32,600:7,400:5,1400:15,7500:35,1700:18,4000:29,2100:22,4500:30,1600:17,100:2,1500:16
