50
0.15714043043258158,0.0,4.5763705239959274e-5,0.0,8.116628954430517e-59,0.0,0.0,0.0013932218278951947,0.0,1.8195243809799186e-55,5.342691561220184e-13,2.0795106782829448e-44,0.0,2.1942827958229306e-243,6.9713667083510135e-71,2.0309864021751306e-14,0.0,0.01319533077776154,2.8900972537415375e-30,7.199841877063706e-13,6.046602574555437e-31,0.0,0.002977953629728924,7.910612132916536e-272,1.2091291876766994e-20,0.0,1.5217650508572246e-167,2.799851908229765e-9,0.0,0.0,1.7227890086284678e-65,0.0011565725033238566,0.032967002487361945,0.0006867051633136433,7.926657768076364e-131,0.0,3.696844310668125e-201,0.0,5.560093938811793e-44,1.4547614780489153e-35,0.0,0.086862285084342,0.0,2.709515217852916e-8,2.311189964378907e-133,7.034997738180219e-12,8.398544193725514e-18,0.7035747044851376,0.0,1.0894145605828497e-290
2.1166620309887217e-20,0.22261947195513096,1.1006420998563178e-9,0.0,0.0,0.0,6.981049400545332e-9,1.7538676168180985e-87,0.08575683242768194,0.0,0.0,0.0,0.6043052104202195,0.0,0.0,0.0,0.02650127666316782,0.0255511545775533,0.0,0.0,0.0,0.0,0.0,0.0,0.0,0.005704603403041086,0.0,0.022338162847295756,0.004028541534693394,0.00017961952407615346,0.0,0.0,2.536637067277707e-13,1.1142476099787617e-8,0.0,0.0,0.0,2.8861771352218003e-5,0.0,0.0,0.0011347340276233104,0.0,0.0018515116237434515,0.0,0.0,0.0,0.0,3.9058401909246723e-19,7.387728668515211e-29,0.0
1.542012687432403e-5,0.0,0.3516065484349669,0.0,0.0,0.0,0.0,2.0781912966498526e-9,0.0,0.0,0.020823995607644297,3.3093115761584115e-41,0.0,0.0,1.1441799918338317e-65,0.024099134302793822,0.0,0.47373611910935726,3.2260013869355424e-24,1.2042788046430272e-9,9.038260006405984e-39,0.0,0.008815193682736786,0.0,6.226149700653195e-26,0.0,0.0,0.11051143763815884,0.0,0.0,5.178318390036194e-64,0.0,0.00023574382116303252,1.445223149954352e-8,0.0,0.0,0.0,0.0,2.615150916271612e-21,0.0,0.0,2.700762233174044e-5,0.0,0.006725411580843198,0.0,0.003400393555729794,5.957937857538612e-84,3.576782698364169e-6,0.0,0.0
0.0,2.1723140011414828e-73,0.0,0.48423448734352476,9.740840605535002e-11,0.0,5.2873599739172436e-211,0.0,3.402743476300631e-89,0.09402884676790499,0.0,0.0,1.1471129598066802e-49,9.269481478661333e-8,0.0,0.0,4.730069437989305e-50,0.0,0.0,0.0,0.0,0.0,0.0,2.4134047739588047e-16,0.0,8.310873155318988e-92,0.0352515524132742,0.0,1.510606138959807e-77,3.138059225635394e-35,0.0,3.813526427921896e-7,0.0,0.0,0.10872815712645187,0.0001410243967665235,0.27176027190667773,0.005855178115707561,0.0,3.188163275847254e-61,4.612470491109599e-96,0.0,1.821121163835107e-77,0.0,2.0003068217527332e-16,0.0,0.0,0.0,9.452879109655695e-22,7.784825810472896e-9
0.0,9.117619012216e-22,0.0,7.831592996105077e-12,0.07996888450849342,0.0,3.973827627818736e-199,0.0,1.309148877129319e-67,2.1108096166264354e-7,0.0,0.0,4.061192832333003e-6,2.2495236036473662e-5,0.0,0.0,1.1152376240623329e-15,0.0,0.0,0.0,0.0,8.309689466582478e-197,0.0,0.03052005242255801,0.0,6.74491898622702e-44,1.2237955899488876e-6,0.0,0.043590535468357436,5.313161461475804e-11,0.0,1.0673374308857415e-6,0.0,0.0,3.869803829100065e-7,0.030736414780020285,2.2640981967923403e-8,7.655936864129646e-6,0.0,1.2878314613250236e-19,5.760408977275095e-104,0.0,8.956675509397462e-8,0.0,0.8100298611286432,0.0,0.0,0.0,0.005116905941016395,1.319221117271797e-7
0.0,0.0,0.0,0.0,0.0,0.5014222566530413,0.0,0.0,0.0,0.0,1.5035300202182772e-92,4.195428032087103e-64,0.0,0.0,3.276870298677157e-54,4.918540033449498e-108,0.0,0.0,8.468644652705321e-20,0.4187734578928381,0.05571175931728603,6.285479267616528e-94,3.10660613150118e-110,0.0,1.1276774818105963e-6,0.0,0.0,0.0,0.0,0.0,0.010650227648169685,0.0,0.0,0.0,0.0,0.0,0.0,0.0,4.509253327311578e-16,1.4724205035857685e-161,0.0,5.8985667707230515e-61,0.0,8.77765609412675e-85,0.0,1.6715813541656337e-35,0.013441170811182393,0.0,0.0,0.0
4.345808828969773e-36,0.012656112801499265,1.605237598035505e-29,0.0,0.0,0.0,0.7743684985842437,0.06250799624336593,1.0447678968785955e-53,0.0,0.0,0.0,1.7730319584877498e-10,0.0,0.0,0.0,5.3877144417675716e-15,5.193033637054799e-48,0.0,0.0,0.0,0.0,0.0,0.0,0.0,4.833190745227635e-7,0.0,5.565800306571459e-19,7.249198903977415e-23,5.120922522353424e-22,0.0,0.0,7.990394059630058e-10,0.12695196057984137,0.0,0.0,0.0,1.3489294475597e-25,0.0,0.0,0.02351494749562699,0.0,1.4708202435761554e-30,0.0,0.0,0.0,0.0,1.299500078951813e-24,7.047907428909214e-50,0.0
0.009517138378695078,0.0,0.012520981538693273,0.0,0.0,2.400677260168641e-12,0.0,0.6875532840764423,0.0,0.0,2.112630007150706e-117,1.4721053226910498e-118,0.0,0.0,9.381800221849347e-81,2.8227115886363176e-154,0.0,0.004762926338674722,2.033164223014817e-33,0.004914946869990352,0.0009923011572563238,0.0,1.2918425440116406e-143,0.0,0.00039419483221064637,0.0,0.0,0.04266992095037601,0.0,0.0,5.495343629144762e-29,0.0,0.006351001507658168,0.20728853835714955,0.0,0.0,0.0,0.0,1.1933336948621739e-33,0.0,0.0,1.60285987207646e-23,0.0,6.275531149861786e-19,0.0,6.2962034825770585e-21,0.015514054748103235,0.0075207112423493145,0.0,0.0
0.008657722163922663,0.19348881684674768,8.979787191509863e-5,0.0,0.0,0.0,2.650748984744767e-42,3.0161035023888434e-118,0.5639891606256646,0.0,0.0,0.0,0.0003155008403509062,0.0,0.0,0.0,0.08106392952944304,0.045929208200294745,0.0,0.0,0.0,0.0,0.0,0.0,0.0,4.3037204632198044e-20,0.0,1.5835661531290453e-7,4.4075256837446156e-11,7.0859550973451774e-6,0.0,0.0,0.02097522967861606,8.445416952159102e-44,0.0,0.0,0.0,0.05907189442700231,0.0,0.0,1.0279173908778222e-24,0.0,0.026369939558219712,0.0,0.0,0.0,0.0,4.1555902035345714e-5,6.944922119490758e-32,0.0
0.0,7.849302190953498e-47,0.0,7.093618616251162e-13,3.548704507052307e-5,0.0,7.164246714380844e-137,0.0,2.748775183132185e-64,0.06152595342989905,0.0,0.0,5.597425126400233e-24,8.302255731915988e-14,0.0,0.0,7.925763153049469e-27,0.0,0.0,0.0,0.0,1.4442808855579401e-302,0.0,1.5465098488372548e-14,0.0,5.59688160666518e-19,5.935865326139127e-13,0.0,9.613294001605665e-23,1.340829684881882e-7,0.0,0.8655530295370245,0.0,0.0,3.146805446255277e-7,3.5949367412480677e-10,0.015085942601330438,5.788250982299203e-7,0.0,1.9329948891855577e-14,1.1049046167397184e-24,0.0,8.166244501746237e-8,0.0,1.0709983261467557e-7,0.0,0.0,0.0,0.05779837067487221,4.4754786024115215e-18
0.0,0.0,0.0,6.801522490039715e-9,3.5561654817481286e-54,0.009535229347223922,0.0,0.0,0.0,2.8872420014726265e-6,0.5619017970023047,0.034563269260440344,0.0,1.2401554542107378e-6,1.1150678118141415e-7,0.0009061967572376432,0.0,0.0,0.00011704646130944967,2.2937603129209453e-19,5.8580960985400796e-8,2.0320077897660366e-137,0.3142168476416074,0.0015879356656654088,0.0010754016914562108,0.0,0.0019034137199530736,0.0,0.0,0.0,1.3312543642873002e-18,1.3190240679962247e-50,0.0,0.0,1.5537749385335352e-7,1.437479488386802e-8,5.7545684803825265e-5,0.0,0.029666134669640628,1.1193018128666697e-52,0.0,0.02430699071725945,0.0,0.020125567020144418,3.651746867469967e-60,3.214529655629454e-5,5.025388213145104e-9,0.0,0.0,2.477186428561702e-72
0.0,0.0,0.0,0.010129980218425396,2.2164602329070897e-10,1.1231039328461108e-28,0.0,0.0,0.0,0.03138466336553267,4.134386636846585e-18,0.3839346209200743,0.0,0.0016626703829126538,0.28278452660050796,5.053616735495937e-25,0.0,0.0,0.09103967046507593,2.2188219031347611e-13,0.00010138565879470738,9.830199074274693e-58,6.6872304162985576e-18,1.394020830542335e-6,0.012139609122663531,0.0,0.05963609876587583,0.0,0.0,0.0,6.962637361953654e-16,0.008526351770018504,0.0,0.0,1.0109822026744637e-6,6.455295176269405e-17,0.0647653989226557,0.0,0.003937411049588193,0.009495432727679142,0.0,1.1823711733758656e-17,0.0,2.869401090570892e-18,4.046804825126927e-19,0.04045977480529352,3.819740934398164e-20,0.0,0.0,4.155431493705291e-66
4.737844500128074e-17,0.0005300768406878669,1.3572958182520665e-13,0.0,0.0,0.0,0.0018996990898857856,1.2121538211423176e-58,0.0021322931974747726,0.0,0.0,0.0,0.4565248415624283,0.0,0.0,0.0,0.3156878981927641,1.8876422297751562e-6,0.0,0.0,0.0,0.0,0.0,0.0,0.0,9.8335402457406e-6,0.0,0.0019540579343871422,0.00047529468641805805,0.020995344830563322,0.0,0.0,8.480461232397047e-14,5.5371203129261227e-8,0.0,0.0,0.0,0.17680650875344825,0.0,0.0,0.018321367070452364,0.0,0.004660841287590806,0.0,0.0,0.0,0.0,3.067287438374404e-17,1.071513380739917e-25,0.0
0.0,1.2033497813630178e-19,0.0,8.509675524146592e-5,6.176333775388063e-6,0.0,2.6844005326611603e-185,0.0,0.0018968193422717783,4.976957799771728e-5,0.0,0.0,0.004761987811372645,0.011883204698604106,0.0,0.0,2.1335190514744005e-14,0.0,0.0,0.0,0.0,2.3044949076184647e-301,0.0,5.246815088255143e-9,0.0,1.0861421696791669e-51,0.8721156871259892,0.0,1.302312003183321e-23,7.763777871093103e-11,0.0,4.982944081707212e-6,0.0,0.0,0.008198059327798305,0.03206021863812459,1.7599396061026352e-6,0.018777258863114925,0.0,6.163770863208659e-6,1.8061522061761296e-67,0.0,6.227212696277724e-16,0.0,5.300617530037909e-12,0.0,0.0,0.0,0.002611807959672963,0.04754100158171014
0.0,0.0,0.0,6.703639903976051e-61,0.0003298523637613654,0.0002456523043255535,0.0,0.0,0.0,0.0003061044125458716,3.3960276174570265e-27,0.07297593678998357,0.0,5.056701610214972e-7,0.5620151140400899,1.1038188688248668e-22,0.0,0.0,7.959448209229178e-9,2.8432958404195636e-8,5.0946785827297116e-14,1.8069961024252437e-58,6.272277526452067e-25,0.003283168214621641,3.63667802608387e-11,0.0,0.005256192828539133,0.0,0.0,0.0,0.18319007641761426,2.3844621930231894e-7,0.0,0.0,0.009301393784308052,2.8239935877412634e-17,0.007602546438893842,0.0,1.487262489110044e-7,0.1553183167084903,0.0,1.7506710163944735e-28,0.0,9.592444861423299e-26,0.0001747163358717635,8.949401701732411e-11,7.282304820713212e-15,0.0,0.0,7.925790595710208e-75
0.0,0.0,0.0,0.008106504381186883,3.1524353788302625e-116,4.315562971319077e-7,0.0,0.0,0.0,1.7932831046387091e-59,0.5924216573560532,0.004682467337063313,0.0,1.1411553963712451e-31,6.220916804403855e-9,0.13866120856501005,0.0,0.0,9.059838657187383e-6,4.931078567493831e-10,2.7658144176689706e-23,1.1325662699956916e-149,0.030096592927807222,3.697795380008104e-29,1.5587747742483305e-48,0.0,1.1586617425990516e-59,0.0,0.0,0.0,1.1928320479344545e-56,1.1730394872412256e-101,0.0,0.0,1.4676578284472626e-64,0.007656408186749376,3.896372850277784e-22,0.0,0.016492336273465847,5.956924512520844e-110,0.0,0.20114837684334685,0.0,4.825289253048862e-5,2.2695087407914433e-122,0.0006766971272727374,5.35013485807795e-13,0.0,0.0,1.022236594335565e-67
0.023985068915798165,0.0013025255998667118,7.600725236822531e-10,0.0,0.0,0.0,9.232751833535189e-5,1.809383186585707e-72,0.13974290721728644,0.0,0.0,0.0,7.026729647367187e-6,0.0,0.0,0.0,0.16139250941001648,0.024572446446150923,0.0,0.0,0.0,0.0,0.0,0.0,0.0,2.2841923927404186e-6,0.0,0.01261916507740087,0.0007947268699533447,0.07027576315090348,0.0,0.0,0.03526962905592413,0.0048213940051523175,0.0,0.0,0.0,0.5121305208027835,0.0,0.0,0.004530114747236446,0.0,0.0019270439668213812,0.0,0.0,0.0,0.0,0.006534545534257698,1.7297879296124608e-26,0.0
0.030703455656964116,0.0,0.0007167855138398412,0.0,0.0,0.0,0.0,2.9938098809518164e-10,0.0,0.0,0.01398347457721888,3.6498035518546303e-41,0.0,0.0,1.6088570297568823e-78,1.5411128380894607e-7,0.0,0.6484436467870135,8.489185711852046e-32,3.3320275309247517e-50,1.2999884131127377e-28,0.0,0.023888786862359686,0.0,5.695689992337352e-11,0.0,0.0,3.298982830407231e-5,0.0,0.0,2.8040350418106985e-60,0.0,0.2778557906234622,0.004364855519236324,0.0,0.0,0.0,0.0,1.5124415960283354e-35,0.0,0.0,8.102377784481604e-7,0.0,3.8236261208756426e-18,0.0,8.218998121075784e-6,4.319542546232776e-13,1.0309276481904497e-6,0.0,0.0
0.0,0.0,0.0,1.2363250122801053e-80,2.8689811925677186e-20,0.009529124962262919,0.0,0.0,0.0,9.463259115848077e-34,1.209068763118202e-13,0.048451344126938606,0.0,1.4607643607622094e-32,0.08365786271085973,2.6388305029824345e-10,0.0,0.0,0.6474545528519275,2.975708288210868e-6,3.3210118396050907e-7,1.862061634350316e-61,5.270084091802686e-13,1.9785490404680902e-23,0.023546813550906338,0.0,6.620596011629973e-32,0.0,0.0,0.0,0.14798019205684246,1.754561486829659e-26,0.0,0.0,3.4112093407952395e-34,2.0304674580934088e-40,4.659156729756589e-22,0.0,0.00693494005016505,1.51184362780378e-13,0.0,6.388179968440734e-16,0.0,3.558173203950487e-15,3.2472701191418734e-17,0.03138020495906386,0.0010616566568748115,0.0,0.0,4.400594699436056e-97
0.0,0.0,0.0,0.0,4.2557485843134975e-167,0.015324376284168249,0.0,0.0,0.0,0.0,0.014092879091839816,1.2401933365083935e-8,0.0,0.0,2.094203190714524e-29,1.884681751143915e-9,0.0,0.0,0.06924513312537997,0.006259172031352527,0.8618172095730885,8.105716052270723e-24,2.0179594819058042e-8,1.14e-322,0.00972107083103616,0.0,0.0,0.0,0.0,0.0,0.021692626289973406,6.84280956479051e-167,0.0,0.0,0.0,0.0,0.0,0.0,2.3887867617904297e-8,3.9299708934159683e-60,0.0,6.681411503803814e-8,0.0,1.4354842736358042e-12,2.5079218057858776e-266,1.8681128742860105e-5,0.001828726474790357,0.0,0.0,0.0
0.0,0.0,0.0,1.3068096028817876e-202,7.123252434875153e-95,3.288884082701236e-9,0.0,0.0,0.0,3.513017508791027e-142,4.1577316536249486e-30,3.0116440468253213e-28,0.0,5.877926800888937e-134,4.1045787698716396e-24,2.241581766548049e-31,0.0,0.0,0.2952028813637517,5.9224364860434035e-5,0.14915524918904158,1.1490812560489141e-24,6.111003038967222e-17,4.26872733857278e-124,0.5240836881342426,0.0,7.468668934020593e-131,0.0,0.0,0.0,7.574930712905472e-7,3.618376012396048e-105,0.0,0.0,1.7238445690810232e-155,1.1515930221515863e-156,2.18650207308435e-150,0.0,0.022248036452090617,1.4117253306378368e-8,0.0,3.468662489496496e-6,0.0,0.002786300496825003,1.4765720538375633e-91,0.006065165755743686,0.00039521068174629516,0.0,0.0,1.1719269220899962e-204
0.0,0.0,0.0,2.06396720044989e-217,1.3809032001149667e-76,1.371195204384299e-65,0.0,0.0,0.0,4.2084032016684074e-132,4.637327830658017e-72,2.1654409399347928e-35,0.0,1.7632204692073307e-139,1.1028926344731651e-73,5.22805012743131e-81,0.0,0.0,7.524438008154735e-45,6.16065208747546e-51,2.2420709700017336e-52,0.7614273090875501,3.475086880459738e-55,4.963146610588742e-117,7.521547704879887e-61,0.0,3.7746999112083685e-143,0.0,0.0,0.0,1.981832338463446e-81,2.695893409584748e-73,0.0,0.0,6.621430560094918e-179,1.2992175521173156e-185,6.813044272373138e-191,0.0,1.5450340434872949e-75,0.2385726909124499,0.0,7.326277617496698e-68,0.0,4.7029092651354434e-82,1.0463475205502861e-96,6.589934583150313e-71,2.9207235295771566e-70,0.0,0.0,1.839661477886726e-222
0.0,0.0,0.0,0.0018944405844829738,6.178206757855123e-60,0.00803116494160617,0.0,0.0,0.0,0.016805239184432504,0.015970636602414646,0.00011998630546490675,0.0,6.995278507088064e-10,7.911914948404533e-5,9.798091215878524e-5,0.0,0.0,0.00013933120894345422,7.991210324881783e-15,0.017148856011058127,2.0117300881324354e-155,0.2581616774518565,1.4516265540703552e-8,0.03330767747608817,0.0,1.6771103061483877e-14,0.0,0.0,0.0,1.6105106756699226e-18,9.555215586038905e-50,0.0,0.0,4.333222687344383e-14,6.736663526633055e-10,0.0007679571970836173,0.0,0.01816402832888064,9.757700671084246e-56,0.0,0.5876451595996824,0.0,0.024970647158868462,3.9789275240945294e-66,0.00922861810509044,0.0074674638928766135,0.0,0.0,1.4236800604046067e-73
0.0,5.006875391939366e-12,0.0,0.0007234541064928908,7.004870323853972e-7,0.0,2.312780964789616e-200,0.0,3.3746612729981534e-48,3.6782844502016427e-6,0.0,0.0,0.0640186476556565,0.8631593274270277,0.0,0.0,5.378065181818038e-18,0.0,0.0,0.0,0.0,1.1166743341115135e-287,0.0,0.024259794895229732,0.0,2.110022441562816e-51,0.007911271235767311,0.0,3.9149452912847127e-7,6.936650497433327e-10,0.0,2.9059369980277493e-7,0.0,0.0,6.444915587616978e-7,0.03836006180755568,5.783392877755797e-9,4.834668908090537e-8,0.0,2.1879859983915183e-17,2.627871696386088e-98,0.0,4.6921539072234564e-5,0.0,4.1744358690142834e-7,0.0,0.0,0.0,1.0171630164526588e-10,0.0015143436078707126
0.0,0.0,0.0,9.113532886345327e-185,1.2505872278179962e-76,3.4531568765502826e-7,0.0,0.0,0.0,9.650509081856105e-110,0.0057551999047140414,7.610497516038095e-19,0.0,4.742530968649297e-100,2.8569850623428156e-16,1.825425612018322e-7,0.0,0.0,0.33657078439760096,0.012377026510199927,1.551519651455127e-5,0.015182358538229144,0.0013414228711001231,3.6044227226879164e-94,0.5438408285779415,0.0,2.302836212717771e-94,0.0,0.0,0.0,3.640058023663248e-7,5.368562644358074e-90,0.0,0.0,1.1551198509293096e-122,1.5103983674564236e-126,9.540330289177748e-123,0.0,4.036092164832057e-7,1.6497961972197144e-8,0.0,2.2657849766883939e-10,0.0,0.015609563167998108,3.430675050256271e-65,0.04339601482890353,0.02590997380898958,0.0,0.0,7.535851255635281e-171
6.418644434038131e-28,0.00554434688760203,2.159820409345869e-7,0.0,0.0,0.0,5.852260059312022e-9,3.0768142489062266e-8,2.096586652478077e-34,0.0,0.0,0.0,0.08886627504304619,0.0,0.0,0.0,0.00947573266448766,1.1289991960262126e-17,0.0,0.0,0.0,0.0,0.0,0.0,0.0,0.3404395900722648,0.0,0.06961722133354982,0.22446324580089153,0.03297240431353888,0.0,0.0,3.4765862013352505e-21,0.02220889437434754,0.0,0.0,0.0,1.0453352509371712e-5,0.0,0.0,0.2063881475280234,0.0,1.3436027294997595e-5,0.0,0.0,0.0,0.0,1.8262166037892667e-16,8.847536423548026e-28,0.0
0.0,2.89868251247191e-25,0.0,1.204034706985838e-7,8.24140047225922e-10,0.0,3.4990472704895897e-178,0.0,4.275074292312267e-25,0.01743814730675021,0.0,0.0,8.161685296948042e-7,4.263326863567383e-8,0.0,0.0,2.5341841480356e-12,0.0,0.0,0.0,0.0,1.0641202475765286e-306,0.0,6.204593392394417e-15,0.0,1.5689701005891266e-47,0.10375131874344667,0.0,1.754311016279854e-24,8.105102879118706e-15,0.0,1.16586126000774e-6,0.0,0.0,0.8772187660143476,0.0007043422176392527,6.036297334694319e-5,4.633436200705834e-7,0.0,2.4871223307399117e-15,7.566456222603405e-62,0.0,1.4914539392965918e-16,0.0,1.1219489041223693e-13,0.0,0.0,0.0,1.3448453615224448e-6,0.0008231086621555405
0.005928884030345744,0.0,1.1706480040651848e-9,0.0,0.0,0.0,0.0,0.07507085009808075,0.0,0.0,4.373147085100699e-6,1.7781847116846545e-49,0.0,0.0,2.372796915856322e-76,0.008688611903056894,0.0,0.00015219056779094443,4.0069922782243884e-29,0.0014161071783519142,4.498435896728429e-45,0.0,2.8762002135598747e-6,0.0,2.4547932647182678e-46,0.0,0.0,0.5457771031856888,0.0,0.0,4.072803460091643e-91,0.0,0.1634623177071316,0.19949009000119405,0.0,0.0,0.0,0.0,2.0333435117268313e-26,0.0,0.0,1.4112169786944938e-7,0.0,6.59524490734771e-17,0.0,3.3590794128126115e-17,1.1545656626702233e-40,6.453688714506594e-6,0.0,0.0
2.23702683499601e-27,0.42782185646727794,0.01954869579464777,0.0,0.0,0.0,6.963986921893498e-12,3.3308968533063255e-10,0.005581045456003193,0.0,0.0,0.0,0.19264996160495096,0.0,0.0,0.0,1.619965606211468e-5,2.7806372992546474e-9,0.0,0.0,0.0,0.0,0.0,0.0,0.0,0.0010883498288516962,0.0,0.0003679520459250186,0.3187339315771809,0.0007726659487613408,0.0,0.0,2.5232875620379674e-46,0.0018324655548006856,0.0,0.0,0.0,0.00013824528847447613,0.0,0.0,0.03026986818375783,0.0,5.0171259976067026e-5,0.0,0.0,0.0,0.0,0.0011285882126388905,2.122839813310593e-26,0.0
2.8787093758618797e-19,0.011977134956196256,7.4251675750724335e-6,0.0,0.0,0.0,6.149578225383522e-8,2.0416177119316692e-20,0.007251513079182492,0.0,0.0,0.0,0.0004278567982065415,0.0,0.0,0.0,0.0008196653598127385,1.0937106362282182e-5,0.0,0.0,0.0,0.0,0.0,0.0,0.0,0.006154526616609971,0.0,2.0703725315544703e-7,0.06344973562131824,0.05675715103836331,0.0,0.0,1.0847121372913278e-39,0.0018301097787067312,0.0,0.0,0.0,3.6877642860812285e-5,0.0,0.0,0.05228566157981513,0.0,0.7454961893934666,0.0,0.0,0.0,0.0,0.053494947328488356,6.331869096783193e-26,0.0
0.0,0.0,0.0,5.386074546537315e-97,0.0001751340632120688,0.008390869325888596,0.0,0.0,0.0,2.620857024358852e-44,8.316994328047841e-37,1.0275228665814819e-10,0.0,2.690074870842995e-10,0.37099017801769624,1.2605264381477753e-34,0.0,0.0,0.006807885214403365,0.0006616319322007339,1.1856023972197915e-10,7.924820615243668e-8,1.0088575347172533e-50,6.923829243460324e-19,1.393319708356158e-7,0.0,0.001326964257598723,0.0,0.0,0.0,0.4683412938344061,1.2132742916998314e-22,0.0,0.0,3.354385271075699e-44,4.050060242840928e-40,3.5248800760823385e-40,0.0,0.018589886115647044,0.11999733060301232,0.0,2.0143053975886096e-20,0.0,3.1919624788790203e-21,0.00032566987509338453,1.7685963166579765e-5,0.004375251727177781,0.0,0.0,6.817048362328681e-88
0.0,3.1294484714585192e-30,0.0,8.86526895183572e-24,0.630935188236716,0.0,1.6949968365927398e-199,0.0,1.789775697049548e-74,6.917207112988014e-11,0.0,0.0,5.175619626400676e-11,1.9650241474773435e-9,0.0,0.0,5.198591747976548e-19,0.0,0.0,0.0,0.0,2.595424538222382e-268,0.0,1.9890564230604135e-6,0.0,8.975911985338584e-40,6.900532680633663e-13,0.0,1.3080308534076391e-8,5.528872274541173e-9,0.0,0.18192045448862734,0.0,0.0,3.9147216805225093e-13,0.00074021252650386,0.0003342912233887862,3.2727254270942037e-10,0.0,7.258944365003332e-24,3.18496547268141e-98,0.0,0.05856944456370512,0.0,0.12652241532413255,0.0,0.0,0.0,0.0009666456608537075,9.337896162117625e-6
0.8379316866724587,0.0,1.2655559460648947e-6,0.0,0.0,7.4499918711436425e-267,0.0,0.010331246509444112,0.0,0.0,8.114133653628073e-11,4.4917541238817813e-45,0.0,0.0,8.951161993744487e-74,1.1925007743110072e-16,0.0,7.497936297502486e-6,2.3034580353362218e-30,1.8508680581094376e-14,1.4237427663729824e-17,0.0,9.92269974719405e-6,0.0,0.003901459752114193,0.0,0.0,0.00010108377996118549,0.0,0.0,2.3903382794619473e-52,0.0,0.11837992427088322,0.00019951178766170692,0.0,0.0,0.0,0.0,4.138414895440114e-33,0.0,0.0,0.0005974279019528471,0.0,7.196672989168625e-16,0.0,0.0021683217770907055,0.0011344326734785092,0.025236218601803237,0.0,0.0
0.00012870545242726878,0.0,6.159032994152478e-9,0.0,0.0,4.850098638801672e-52,0.0,0.09485744642973015,0.0,0.0,2.4205020754732956e-27,6.328147393794766e-65,0.0,0.0,1.5457142271540355e-56,2.5625326606406047e-26,0.0,0.0027034468597667985,2.0065918097190286e-16,4.74533685294106e-48,2.320153788776951e-10,0.0,2.0822940736115137e-37,0.0,0.018335357970250505,0.0,0.0,0.09760251053943922,0.0,0.0,9.605217217505673e-27,0.0,2.4317677998449877e-7,0.7260822125069321,0.0,0.0,0.0,0.0,0.0011079864413634391,0.0,0.0,0.01120509394636887,0.0,0.016565167274940965,0.0,0.0012305016030229798,7.401828893342917e-64,0.030181321407929125,0.0,0.0
0.0,2.799057652082811e-48,0.0,3.964754004713505e-5,3.182453108797422e-11,0.0,7.640744659553984e-160,0.0,6.944635508383342e-50,0.9480684290837338,0.0,0.0,2.1164067227815356e-23,4.903940977980277e-13,0.0,0.0,1.6936800006729413e-24,0.0,0.0,0.0,0.0,3.1460556988094257e-288,0.0,5.475076218891527e-18,0.0,2.1383237080579414e-38,5.472633078544809e-10,0.0,4.5178385548485565e-32,5.601619198718725e-13,0.0,1.2821629104604155e-6,0.0,0.0,0.017554393540876526,5.046010512049773e-9,0.00017761648541330118,0.030051174626026536,0.0,3.2570727300732523e-10,9.088948038610291e-42,0.0,1.6108632716940334e-17,0.0,1.22729061173859e-17,0.0,0.0,0.0,0.004107450511545981,9.75901051426533e-11
0.0,6.477968694902127e-20,0.0,0.6647563048512386,2.3412144209510269e-7,0.0,2.7563263274113216e-172,0.0,4.1411157036798723e-13,0.004956719223203434,0.0,0.0,4.825976869143375e-5,0.009508082633393753,0.0,0.0,1.4150527695929175e-12,0.0,0.0,0.0,0.0,0.0,0.0,2.8375444978017884e-7,0.0,1.5990964059139405e-42,0.021764864988491887,0.0,1.9851499203891287e-17,1.0660215779989763e-9,0.0,5.007952531668949e-6,0.0,0.0,0.012056773047612839,0.11923277715338572,2.4505111506962325e-5,0.002897155955635929,0.0,9.084664163189051e-12,4.680069252200348e-56,0.0,5.99233885753522e-10,0.0,1.4739685790888007e-9,0.0,0.0,0.0,0.012997332802406884,0.15175169548587128
0.0,1.2921520286190392e-21,0.0,0.07443483804978297,0.013194205391728733,0.0,4.1565835904726747e-138,0.0,2.436818372975556e-39,1.7553603149698213e-7,0.0,0.0,9.436552779365295e-9,6.312831496461442e-13,0.0,0.0,6.82605776379829e-26,0.0,0.0,0.0,0.0,0.0,0.0,1.016376768123699e-12,0.0,4.9297717065356277e-20,1.929991710944636e-15,0.0,0.017605340138997647,3.506106190939495e-6,0.0,1.1153188084490324e-5,0.0,0.0,9.92511590441954e-12,0.0042715451180765215,0.8545007005179772,1.6233073820479013e-11,0.0,7.379395012842889e-39,4.240178953800767e-23,0.0,8.229484152996983e-7,0.0,0.03503103216737037,0.0,0.0,0.0,0.0009466712598041248,1.1317967536562616e-10
0.010021521625860064,4.90878562209909e-5,2.1787233767322384e-11,0.0,0.0,0.0,5.0333579612367135e-8,4.153044768213273e-76,0.003449489061428371,0.0,0.0,0.0,2.747767079008234e-5,0.0,0.0,0.0,0.019658168781096608,1.711899009466038e-5,0.0,0.0,0.0,0.0,0.0,0.0,0.0,8.07684729625874e-7,0.0,0.00030691072105424455,6.372757581990881e-5,0.8772149136805606,0.0,0.0,0.00025769760510688705,0.0010357657512899939,0.0,0.0,0.0,0.023675756845703177,0.0,0.0,0.04491123915116621,0.0,0.019307833907956054,0.0,0.0,0.0,0.0,2.4327357555427933e-6,1.6993735104593344e-24,0.0
0.0,0.0,0.0,1.589609444520924e-69,4.040210943178402e-41,0.3127084588257883,0.0,0.0,0.0,1.362647713506309e-64,1.4297773063192057e-10,2.5167769670594722e-11,0.0,1.5419899552342124e-52,1.3761222644617774e-17,2.361449325487491e-11,0.0,0.0,0.00029306993844132874,0.3893165294970914,3.5916411129529936e-5,1.4514079192830505e-6,0.009629767431790882,1.0883250167714128e-52,4.338421812550277e-7,0.0,1.0576325903293623e-52,0.0,0.0,0.0,1.5934017048848497e-8,1.88200106737803e-49,0.0,0.0,1.3252357372396778e-66,9.701194798029521e-60,2.7842682611144696e-56,0.0,0.10630216104256311,5.9165999528223244e-33,0.0,5.746579865305e-6,0.0,9.779246488730576e-12,1.2603589510314292e-42,0.18023078505264495,0.0014756638350285063,0.0,0.0,5.052138708657671e-122
0.0,0.0,0.0,2.791827465233989e-51,0.03658574716810452,0.0,0.0,0.0,0.0,0.007690975163304634,0.0,0.0,0.0,0.00475455518938436,0.0,0.0,0.0,0.0,0.0,0.0,0.0,3.071104688575011e-136,0.0,0.056030731305394044,0.0,0.0,0.04616472172194106,0.0,0.0,0.0,0.0,2.602834591526693e-5,0.0,0.0,0.0323631479522892,8.937015185777561e-5,0.0018253227671863343,0.0,0.0,0.8143698878174468,0.0,0.0,0.0,0.0,9.951241717600531e-5,0.0,0.0,0.0,8.676e-321,2.127079013209337e-69
2.437786954969189e-38,2.778609526065045e-6,1.980082097766583e-18,0.0,0.0,0.0,0.08792385797514174,0.04225343824295533,2.252748432788744e-28,0.0,0.0,0.0,2.246668766832511e-6,0.0,0.0,0.0,0.015283171023297034,1.3864794743818492e-36,0.0,0.0,0.0,0.0,0.0,0.0,0.0,0.2878485869825104,0.0,1.0072783288887729e-14,1.0428938317938655e-5,7.414004197383349e-5,0.0,0.0,1.722503714486215e-53,0.034589667109067315,0.0,0.0,0.0,0.012446868266142913,0.0,0.0,0.5195648105827565,0.0,5.559533870431954e-9,0.0,0.0,0.0,0.0,2.172518257692425e-17,1.0509436691293878e-25,0.0
0.0,0.0,0.0,5.237095420067222e-49,0.0027831923744956813,0.009807255738579114,0.0,0.0,0.0,4.224931269968533e-56,0.00017116314254077614,5.392113859948329e-7,0.0,5.607044353504205e-43,1.3835486651463868e-14,0.0061512640118005545,0.0,0.0,4.7783681828705e-7,8.969671948970405e-15,3.846806376920783e-8,3.409930467945612e-170,0.001945960552874157,6.813054723220803e-34,0.12549681953268105,0.0,6.923202878259324e-50,0.0,0.0,0.0,7.307286471515482e-14,8.350349952400145e-8,0.0,0.0,1.6914601833594838e-76,9.233535154366872e-26,8.753471516529574e-42,0.0,4.712687231169345e-6,9.124926469217248e-21,0.0,0.3675687834451878,0.0,0.4839353628259601,3.139689141053917e-6,8.923450856743082e-8,0.002131117745136541,0.0,0.0,1.3184117866891087e-106
1.905384937257834e-22,2.9243355875177682e-5,0.0037692312677452757,0.0,0.0,0.0,2.069111992258577e-12,3.092884930341588e-22,1.171561145890855e-5,0.0,0.0,0.0,5.678889862646951e-7,0.0,0.0,0.0,3.888563790473688e-8,0.00492559433406311,0.0,0.0,0.0,0.0,0.0,0.0,0.0,0.0006612990833186616,0.0,1.6278948983761915e-14,0.6163570563190691,0.008661047616840488,0.0,0.0,6.307283664386692e-47,2.4023872248958414e-11,0.0,0.0,0.0,0.0015641120731654916,0.0,0.0,2.2685734141293056e-5,0.0,0.34273537074707455,0.0,0.0,0.0,0.0,0.021262037056514697,4.652802762323586e-25,0.0
0.0,0.0,0.0,4.740348156730277e-30,4.44908418915813e-17,0.00797114989665343,0.0,0.0,0.0,3.873119783951572e-42,0.04826838673223447,5.258783191239585e-7,0.0,2.697160753870187e-10,6.310432491905308e-16,0.2761758271425986,0.0,0.0,1.6123471606642627e-9,0.006486876270277149,0.0013590503124707041,1.3285106549260594e-149,0.012288711273809419,0.0012228361531690368,0.05922983816780613,0.0,3.400590067053391e-12,0.0,0.0,0.0,4.149682701659324e-15,5.559071662379686e-18,0.0,0.0,8.584421378807636e-39,0.0016925816545989931,2.0895698339717184e-15,0.0,7.185301727900229e-7,1.598983144289969e-39,0.0,4.35016156616592e-5,0.0,0.4624098194660135,0.0016541961071210676,0.10950494280676439,0.011691036106858777,0.0,0.0,1.6349773244777313e-74
0.0,1.0536965286120278e-15,0.0,0.006040243661286942,5.2379258231885254e-6,0.0,2.8800920507605446e-204,0.0,1.7507425318017724e-60,1.4622057908142856e-7,0.0,0.0,0.05682303322544066,0.008733842075048013,0.0,0.0,2.340682032836597e-17,0.0,0.0,0.0,0.0,1.2521377296371665e-234,0.0,0.7912252356681256,0.0,8.717420296813268e-49,2.8135765349037548e-5,0.0,0.02711864221440288,5.567845020973833e-13,0.0,1.3358021469387997e-11,0.0,0.0,8.031583897186646e-7,0.009701511424291378,4.0828169045482735e-8,8.309859980379545e-8,0.0,8.424633123386765e-29,3.024878776955577e-104,0.0,1.0791856353942157e-12,0.0,0.08323516123087163,0.0,0.0,0.0,0.00010169995977006429,0.01698618352885779
0.0,0.0,0.0,9.363980069013471e-57,2.1357126193573497e-24,0.0002756511101840089,0.0,0.0,0.0,2.2359412145604348e-45,1.0140297344403452e-10,0.00011695622538583933,0.0,3.832293798438574e-24,2.204685445626346e-9,3.520029994238287e-14,0.0,0.0,0.006327565287160239,0.051228568074584944,0.06820594876406048,7.087170363471239e-59,9.162903848155659e-8,2.1428589343282413e-23,3.6424470785733005e-5,0.0,1.768489054509373e-24,0.0,0.0,0.0,3.4247734044321307e-10,1.8692887943267675e-30,0.0,0.0,6.902894732606209e-39,2.166132093326815e-30,5.3045997125119046e-30,0.0,0.36165494938706466,4.150182876525355e-24,0.0,3.1668002366471067e-7,0.0,2.3701716741759296e-9,6.156407648809761e-19,0.5121534431601571,8.019278215113876e-8,0.0,0.0,2.8196924019994487e-89
0.0,0.0,0.0,0.0,2.8821413651984286e-191,0.16262370547983127,0.0,0.0,0.0,0.0,6.551932933465293e-10,2.42175942805072e-17,0.0,0.0,2.0556529494115453e-36,0.01028638253431104,0.0,0.0,1.0753142583141407e-14,0.14905416464974447,0.0061122227949870645,0.02740586014705823,1.2932410545152148e-13,0.0,7.103002833168074e-5,0.0,0.0,0.0,0.0,0.0,6.978965297821807e-16,2.5550420883113476e-176,0.0,0.0,0.0,0.0,0.0,0.0,4.893842953376116e-19,1.0308221602505903e-63,0.0,9.855690775739215e-22,0.0,0.01060114779481185,0.0,3.556255535102047e-17,0.6338454859155903,0.0,0.0,0.0
5.66533556417286e-5,0.0,0.45225061564645697,0.0,0.0,2.2653237881047333e-263,0.0,0.017087522086970175,0.0,0.0,1.395702968328558e-9,3.1178068884687025e-42,0.0,0.0,3.485782123947518e-59,0.011127553935845896,0.0,0.002043882762375799,8.844210571507713e-19,3.096498324142781e-128,1.5556350594407564e-24,0.0,1.547446100016941e-5,0.0,0.0011337806546902994,0.0,0.0,2.261845395879668e-6,0.0,0.0,3.2283715982375664e-31,0.0,3.9419437098297615e-6,0.0010431085014877212,0.0,0.0,0.0,0.0,2.2726857242788987e-30,0.0,0.0,0.00013406598235665243,0.0,0.026435818165962223,0.0,1.9638960508303194e-24,1.5120206561613538e-116,0.48866531926240353,0.0,0.0
0.0,2.253958231598703e-29,0.0,5.354248310775407e-72,5.057702214320344e-72,0.0,9.223974112272356e-127,0.0,2.622627644335954e-59,4.5942223249365454e-71,0.0,0.0,9.671955444598916e-14,3.757811614617603e-77,0.0,0.0,3.1723354105045107e-28,0.0,0.0,0.0,0.0,0.0,0.0,3.1995657670250757e-74,0.0,2.642231395148537e-15,1.2881454661371513e-78,0.0,1.741542739602427e-8,0.003424195222566066,0.0,1.141005303711937e-70,0.0,0.0,9.351615359432555e-76,1.780779227525125e-75,1.9927864398108656e-68,0.030682544847497814,0.0,2.5150245567467197e-89,8.066671095207501e-30,0.0,0.9582421464570735,0.0,1.5386128825911676e-70,0.0,0.0,0.0,0.007651096057335903,2.0580896626562776e-75
0.0,9.507333674101927e-16,0.0,8.105718433758246e-5,6.03675619435635e-9,0.0,1.894050795947471e-172,0.0,1.0605189610500216e-23,0.0005436938019639873,0.0,0.0,0.2909060126391944,4.708784836960334e-7,0.0,0.0,5.316032551096588e-11,0.0,0.0,0.0,0.0,0.0,0.0,3.604800237692856e-11,0.0,5.581843782593146e-40,0.0005204662060897106,0.0,1.2763325989797062e-11,9.147615802010125e-8,0.0,2.7045998375649052e-9,0.0,0.0,0.0005866425523142054,0.01516489939683366,3.6875754805710365e-7,0.5141041712051825,0.0,3.4650235154158502e-18,3.045194402528069e-57,0.0,1.1055565095352475e-5,0.0,9.578895110125485e-11,0.0,0.0,0.0,0.057159889715258524,0.12092117168242254
50,111
8.32990035390733e-54,9.660693438532984e-154,0.0,2.144753705825558e-222,0.4415852187693302,1.1515006073412434e-103,0.0,1.713414792255003e-156,0.5497706343952063,6.9876876050427035e-102,0.0011570420682454842,5.576212725496586e-166,0.0017793462667885956,1.8841450686725064e-114,0.0,0.0,0.0009687330249351762,3.350227391091726e-131,0.0,2.061092230860314e-242,1.5235447236751566e-8,0.0,0.0,0.0,0.0030304514527393685,1.3775199347196922e-133,0.0,0.0,2.5398604226238313e-51,5.278952404649957e-181,0.0,0.0,1.0903386341058402e-39,0.0,0.0,0.0,0.00170855878730758,2.1413487345126135e-99,0.0,7.420959542e-314,3.512414856750585e-162,0.0,0.0,1.615316981847137e-87,0.0,0.0,0.0,1.8279355812559882e-182,0.0,6.096572772236235e-287,2.658743270113091e-175,0.0,0.0,4.5399736711606527e-181,0.0,0.0,0.0,6.160641991240773e-210,0.0,0.0,1.1570801876621237e-157,0.0,0.0,0.0,1.2605842001137859e-133,0.0,0.0,0.0,1.2413672326570824e-190,0.0,0.0,0.0,9.573743521087515e-50,0.0,0.0,3.329255020917675e-131,0.0,0.0,0.0,4.7006001840490667e-200,0.0,0.0,0.0,1.5617425377772338e-191,0.0,0.0,0.0,3.4732153591862657e-143,0.0,0.0,0.0,3.172063330364361e-252,0.0,0.0,0.0,2.155574485903223e-39,0.0,0.0,0.0,0.0,0.0,0.0,0.0,0.0,0.0,0.0,0.0,0.0,0.0,0.0,0.0
1.1646154346993814e-113,0.0,0.0,4.3652663628840536e-13,7.96706338700288e-113,0.0,0.0,0.9987281410294054,5.141946341485493e-108,0.0,0.0,7.232398220721007e-5,0.0,0.0,0.0,1.2253964705831968e-44,3.37415388593686e-81,0.0,0.0,1.377539717604936e-94,1.2573127822393025e-245,0.0,0.0,0.001199534852981261,2.6104746140514585e-160,0.0,0.0,1.3487069004992187e-10,1.3377099878805535e-155,0.0,0.0,3.291622516342941e-18,0.0,0.0,0.0,4.6476415094736485e-17,0.0,0.0,0.0,1.185074708479946e-75,0.0,0.0,9.897036852738242e-14,1.5235802890795653e-260,0.0,0.0,1.004233706732355e-63,0.0,0.0,2.688318507448222e-88,2.1317856496937998e-259,0.0,2.599940062694679e-199,0.0,0.0,0.0,4.7062474326571944e-203,0.0,0.0,2.14842537e-315,0.0,0.0,0.0,3.3297035065108775e-201,0.0,0.0,0.0,4.655460634488169e-232,0.0,0.0,0.0,6.395634232642411e-222,0.0,0.0,0.0,0.0,0.0,0.0,0.0,0.0,0.0,0.0,1.1168019553142216e-233,3.736978504184138e-286,0.0,0.0,0.0,0.0,0.0,0.0,2.313259509519226e-284,0.0,0.0,0.0,0.0,0.0,0.0,0.0,0.0,0.0,0.0,0.0,0.0,0.0,0.0,0.0,0.0,0.0,0.0,0.0,0.0
4.561103748366039e-16,5.082783749564244e-183,0.0,6.91532674204462e-288,0.7243123163251444,7.93635304032049e-118,0.0,1.2316149715945798e-147,0.27379648646075266,5.932053441581817e-121,0.0,2.0776350826247018e-156,1.0913715630126001e-14,8.125690787473192e-207,0.0,2.0427579639642185e-265,4.858877204185251e-90,1.9990280775612772e-120,0.0,1.7099955364596266e-145,3.7420418576718087e-41,0.0,0.0,0.0,2.042803718915603e-26,1.5328178024730611e-229,0.0,0.0,1.0620205887132287e-100,2.935994276231517e-198,0.0,0.0,8.289720549642892e-36,1.2929410236145683e-268,0.0,3.9361153218254326e-182,2.2248552872580755e-14,7.939854330576309e-219,0.0,0.0,0.0013196813964732417,0.0,0.0,1.845790450885305e-171,0.0,0.0,0.0,1.1376114500386209e-97,0.0,0.0,8.264550368031927e-123,0.0,0.0,1.6957316506928684e-158,0.0,0.0,0.0,2.568365146831575e-143,0.0,0.0,4.7056883179467835e-113,0.0,0.0,0.0,6.089764636838082e-193,0.0,0.0,0.0,4.342957483010619e-189,0.0,0.0,0.0,1.2987896965216968e-117,0.0,0.0,2.189436686636943e-183,0.0,0.0,0.0,4.343820068935911e-294,0.0,0.0,0.0,0.0005715158175960462,0.0,0.0,0.0,7.539472223290575e-121,0.0,0.0,0.0,4.024638340294313e-172,0.0,0.0,0.0,1.731683005635694e-246,0.0,0.0,0.0,0.0,0.0,0.0,0.0,0.0,0.0,0.0,0.0,0.0,0.0,0.0,0.0
0.0,2.5497810986777624e-132,0.7807637564793284,1.7021539081141124e-233,0.0,1.0828660950364197e-149,0.21923624352067156,7.304175571636708e-234,0.0,4.75412706377311e-192,4.886676387764009e-19,6.417805367372538e-240,0.0,0.0,1.0048160055708207e-181,0.0,0.0,0.0,7.12115992562e-312,0.0,0.0,0.0,1.3741034873546845e-181,0.0,0.0,0.0,1.4612939768069283e-215,0.0,0.0,0.0,0.0,0.0,0.0,0.0,0.0,0.0,0.0,0.0,0.0,0.0,0.0,0.0,0.0,0.0,0.0,0.0,0.0,0.0,0.0,0.0,0.0,0.0,0.0,0.0,0.0,0.0,0.0,0.0,0.0,0.0,0.0,0.0,0.0,0.0,0.0,0.0,0.0,0.0,0.0,0.0,0.0,0.0,0.0,0.0,0.0,0.0,0.0,0.0,0.0,0.0,0.0,0.0,0.0,0.0,0.0,0.0,0.0,0.0,0.0,0.0,0.0,0.0,0.0,0.0,0.0,0.0,0.0,0.0,0.0,0.0,0.0,0.0,0.0,0.0,0.0,0.0,0.0,0.0,0.0,0.0,0.0
0.0,5.547899292075627e-290,2.938539875039878e-166,0.0,0.0,1.4066530871388365e-165,0.00015907248484393612,6.029565727621323e-202,0.0,4.616806420278079e-159,0.8888546232985295,3.453194912772316e-186,0.0,1.156888775835532e-164,0.11098617264125521,2.911085387279976e-196,0.0,3.0e-323,2.0303444964930694e-94,0.0,0.0,0.0,1.3157507080508115e-7,0.0,0.0,0.0,3.006155868348725e-13,0.0,0.0,0.0,6.4688157225306e-95,0.0,0.0,0.0,7.610711643658644e-237,0.0,0.0,0.0,0.0,0.0,0.0,0.0,0.0,0.0,0.0,0.0,0.0,0.0,0.0,0.0,0.0,0.0,0.0,0.0,0.0,0.0,0.0,0.0,0.0,0.0,0.0,0.0,0.0,0.0,0.0,0.0,0.0,0.0,0.0,0.0,0.0,0.0,0.0,0.0,0.0,0.0,0.0,0.0,0.0,0.0,0.0,0.0,0.0,0.0,0.0,0.0,0.0,0.0,0.0,0.0,0.0,0.0,0.0,0.0,0.0,0.0,0.0,0.0,0.0,0.0,0.0,0.0,0.0,0.0,0.0,0.0,0.0,0.0,0.0,0.0,0.0
0.0,2.2245778179060857e-109,0.0,0.0,0.0,3.2498295923684444e-42,0.0,0.0,0.0,1.75501026343425e-31,0.0,0.0,0.0,6.6787415398653154e-9,0.0,0.0,0.0,0.00023397208234421195,0.0,0.0,0.0,2.5398045059773527e-26,0.0,0.0,0.0,0.0027717458983441434,0.0,0.0,0.0,1.91392912977799e-7,0.0,0.0,0.0,1.1539926836546958e-23,0.0,0.0,0.0,3.563541527597993e-11,0.0,0.0,0.0,0.007970558303554974,0.0,0.0,0.00977897559414086,0.0,0.0,0.0,1.4970014018992002e-11,0.0,0.0,0.06022357520179916,0.0,0.0,0.042718123525171,0.0,0.0,0.0,0.10011020450277613,0.0,0.0,0.09126918769288374,0.0,0.0,0.0,0.09848889632948961,0.0,0.0,0.0,0.08992124512357101,0.0,0.0,0.0,0.06278025848159849,0.0,0.0,0.05604043731422389,0.0,0.0,0.0,0.03087521579855864,0.0,0.0,0.0,0.04951160672904252,0.0,0.0,0.0,0.04341613553731643,0.0,0.0,0.0,0.052456906181522364,0.0,0.0,0.0,0.10327227320504075,0.0,0.0,0.0,0.07342823649269985,0.0,0.0,0.018208260768997595,0.0,0.0,0.0065239871146643225,0.0,0.0,0.0,0.0
0.0,0.0,0.0,2.469402911332114e-164,2.3404337155076194e-82,0.0,0.0,0.00780124460801724,1.6659839961142083e-79,0.0,0.0,0.0971624746345314,7.060262428363078e-65,0.0,0.0,0.2416304239489122,2.754512736814085e-72,0.0,0.0,0.11578391229482972,4.965060784459571e-126,0.0,0.0,0.07871235162666144,2.3954745467197302e-68,0.0,0.0,0.03509233751127022,1.713013089690039e-58,0.0,0.0,0.045119111495948265,4.438215720744252e-78,0.0,0.0,0.04579187961345035,6.263581915081001e-150,0.0,0.0,0.03875170154712127,2.518033381112031e-76,0.0,0.02471514257743382,1.6396675924120223e-135,0.0,0.0,0.01727193592472258,0.0,0.0,4.558796458024046e-13,3.180921658179143e-56,0.0,0.02015689689855771,1.5460658061568364e-74,0.0,0.0,0.026043060269111983,1.227527019306094e-99,0.0,0.03374108678121011,6.73634417158919e-97,0.0,0.0,2.6671848213703306e-57,6.269826989269767e-101,0.0,0.0,2.5868391722031172e-12,0.0,0.0,0.0,0.028117572317675088,2.125457779395969e-35,0.0,0.03936460124474512,0.0,0.0,0.0,0.022494057854140055,0.0,0.0,0.0,4.323194591024075e-13,8.025150786050655e-23,0.0,0.0,0.016870543390605054,3.517387979634012e-30,0.0,0.0,0.033732054977813786,0.0,0.0,0.0,0.005623514463535017,0.0,0.0,0.0,0.014777067089162349,0.0,0.0,0.005623514463535017,1.7198628664951405e-38,0.0,0.0,0.0,0.0,0.005623514463535017,0.0,0.0,0.0
2.193547926088296e-94,0.0,0.0,0.0,8.507725609533568e-11,6.662253161906762e-257,0.0,7.387309381651597e-134,1.1134032581875663e-5,3.347521419378045e-155,0.0,4.051564036257294e-133,0.05035210100451235,2.6884354154503386e-119,0.0,4.547686279461827e-146,0.1146780546002667,4.0578388535924265e-154,0.0,1.7497519815071694e-135,0.06785879899119159,1.5914938922167575e-200,0.0,0.0,0.032397110600270375,7.988513430027415e-137,0.0,6.43865931285811e-120,0.041154551266689036,2.552642191022536e-119,0.0,2.883732132894669e-151,0.05177231472953579,1.877993133117416e-217,0.0,1.92764140520621e-137,0.06754055397669656,6.901583856437612e-90,0.0,4.9701411531476254e-200,0.05271048101335123,0.0,1.2749355422899913e-164,0.027372241541494074,9.234335734799119e-87,0.0,4.8744421879876604e-114,0.035669590013888565,4.820537313283781e-121,2.564108803239181e-192,0.020371654146747954,0.0,2.3422256392811682e-127,0.04074555062591395,0.0,0.0,9.780621888038139e-136,0.043313073648198065,0.0,2.781651735036081e-149,0.06242178261070211,0.0,0.0,0.0,0.03184784826663846,1.2424161236130332e-294,0.0,0.0,0.02802610647827442,0.0,0.0,4.5478877640421205e-139,0.03325379612459938,0.0,5.5324074241616925e-167,0.024913650578552608,2.635967703477487e-158,0.0,0.0,0.03566959006293725,2.2437764853987017e-176,0.0,2.0531398678641159e-103,0.03349883449353578,0.0,0.0,2.7013943544853915e-109,0.024204364673064683,0.0,0.0,1.7591495517012887e-153,0.02802610647827442,3.171475747739057e-169,0.0,0.0,0.008877636308762956,9.373355557642623e-160,0.0,0.0,0.017834795031629175,3.1958020377847657e-196,0.0,0.01910870896245983,0.0,0.0,0.0012739139308306554,0.0,0.0,0.005095655723322622,0.0,0.0
1.7290789125792759e-99,0.0,0.0,0.4968424269998852,3.0640099900796496e-110,0.0,2.927137574091644e-299,0.4982134474287894,2.5855008863649616e-84,0.0,8.6768357e-317,2.2514771575471848e-10,0.0,0.0,0.0,2.4687212896682186e-158,2.5907341669543635e-156,0.0,0.0,1.3589160980390097e-132,0.0,0.0,0.0,0.0024811238676643098,4.0e-322,0.0,0.0,0.0024630014785134544,0.0,0.0,0.0,4.017723574076954e-78,0.0,0.0,0.0,1.0880498965028809e-87,0.0,0.0,0.0,3.8509817628754565e-147,0.0,0.0,8.251871644656338e-45,0.0,0.0,0.0,1.432644852949109e-211,0.0,0.0,5.862147937796986e-207,0.0,0.0,0.0,0.0,0.0,0.0,0.0,0.0,0.0,0.0,0.0,0.0,0.0,0.0,0.0,0.0,0.0,0.0,0.0,0.0,0.0,4.43434e-318,0.0,0.0,0.0,0.0,0.0,0.0,0.0,0.0,0.0,0.0,0.0,0.0,0.0,0.0,0.0,0.0,0.0,0.0,0.0,0.0,0.0,0.0,0.0,0.0,0.0,0.0,0.0,0.0,0.0,0.0,0.0,0.0,0.0,0.0,0.0,0.0,0.0,0.0,0.0
0.0,5.638846000239036e-197,1.7523050294161263e-5,1.0146686734039514e-263,0.0,1.9171727243411665e-169,0.6669006856826656,4.188114603754157e-164,0.0,2.1295592587546937e-181,0.33308179126704024,4.297597372150653e-176,0.0,7.166796776091312e-265,1.9275708960777855e-44,0.0,0.0,0.0,8.54456021499771e-144,0.0,0.0,0.0,5.21995732378874e-103,0.0,0.0,0.0,2.7171136095427504e-100,0.0,0.0,0.0,9.494938631594402e-236,0.0,0.0,0.0,5.982407862961789e-225,0.0,0.0,0.0,0.0,0.0,0.0,0.0,0.0,0.0,0.0,0.0,0.0,0.0,0.0,0.0,0.0,0.0,0.0,0.0,0.0,0.0,0.0,0.0,0.0,0.0,0.0,0.0,0.0,0.0,0.0,0.0,0.0,0.0,0.0,0.0,0.0,0.0,0.0,0.0,0.0,0.0,0.0,0.0,0.0,0.0,0.0,0.0,0.0,0.0,0.0,0.0,0.0,0.0,0.0,0.0,0.0,0.0,0.0,0.0,0.0,0.0,0.0,0.0,0.0,0.0,0.0,0.0,0.0,0.0,0.0,0.0,0.0,0.0,0.0,0.0,0.0
5.682954786582356e-111,0.09302986427713386,2.733184057706478e-216,0.0,2.3385469705511953e-102,0.8002390249551111,2.9950149014609392e-202,0.0,2.5291641814660843e-108,0.10345741139321912,1.3030266960526989e-213,0.0,1.9129100039916616e-178,1.6956041774914442e-61,5.12317e-318,0.0,0.0,1.4372904021145863e-48,0.0,0.0,1.653633988664527e-309,3.759703093675582e-76,0.0,0.0,1.9036333001665858e-172,0.0016732726137554264,0.0,0.0,0.0,7.396433523325039e-107,0.0,0.0,0.0,0.001600426760780651,0.0,0.0,0.0,7.361848744558616e-49,0.0,0.0,0.0,3.3463291439566257e-28,0.0,0.0,3.01326651449465e-159,0.0,0.0,0.0,1.3867521486363701e-186,0.0,0.0,2.335513943905484e-187,0.0,2.183336277347934e-191,4.358067687103002e-121,0.0,0.0,0.0,1.594226138517022e-240,0.0,0.0,1.5934897478030837e-302,0.0,0.0,0.0,3.3505841712797776e-226,0.0,0.0,0.0,9.521822232751232e-198,0.0,0.0,0.0,1.8872657046981765e-201,0.0,0.0,2.3087649197449595e-251,0.0,0.0,0.0,1.6867521072257465e-294,0.0,0.0,0.0,1.3611104254335803e-230,0.0,0.0,0.0,7.810378778328905e-210,0.0,0.0,0.0,2.1916295999604075e-190,0.0,0.0,0.0,5.693385617198015e-200,0.0,0.0,0.0,4.152057379812152e-268,0.0,0.0,0.0,0.0,0.0,0.0,0.0,0.0,0.0,0.0
0.0,0.013779108645843367,1.1302091189522145e-103,0.0,0.0,0.8745870541360615,2.780126069082281e-76,0.0,0.0,0.11163383721809517,1.8178380526053928e-66,0.0,0.0,5.813811104862396e-26,7.871056179919875e-121,0.0,0.0,4.0365262427896346e-28,0.0,0.0,0.0,6.244684821846468e-30,1.5413415071786075e-37,0.0,0.0,3.0003582692060864e-70,0.0,0.0,0.0,1.7649057879259963e-39,0.0,0.0,0.0,7.010579165426289e-24,0.0,0.0,0.0,1.7185768794272294e-83,0.0,0.0,0.0,1.0455233516318947e-23,0.0,0.0,1.0679929662705647e-62,0.0,0.0,0.0,7.470551340842275e-105,0.0,0.0,3.8432769528500932e-112,0.0,0.0,3.753200699750292e-69,0.0,0.0,0.0,7.728668020558477e-252,0.0,0.0,1.0310716702282785e-292,0.0,0.0,0.0,2.338395557135945e-99,0.0,0.0,0.0,6.862189589313825e-112,0.0,0.0,0.0,8.064578829763502e-68,0.0,0.0,1.5078798817437654e-190,0.0,0.0,0.0,1.4855635021387932e-221,1.948452589698603e-279,0.0,0.0,1.4434210154726532e-156,0.0,0.0,0.0,5.6079158974905346e-111,0.0,0.0,0.0,6.18759621028143e-205,0.0,0.0,0.0,1.2434313093318845e-223,0.0,0.0,0.0,2.663353082584804e-177,0.0,0.0,0.0,0.0,0.0,0.0,0.0,0.0,0.0,0.0
3.199680516204478e-269,0.0,5.179931281145358e-192,4.7223518566540666e-29,6.85638983021279e-237,0.0,1.8299543809524743e-128,0.7357570929826012,1.1106445228909544e-233,0.0,2.931009412802047e-127,0.2603974037370377,0.0,0.0,1.0089941385876796e-226,1.31265003019204e-44,1.879584297224398e-154,0.0,0.0,5.44645134705003e-97,0.0,0.0,0.0,0.001166575543164567,3.7133559561325517e-289,0.0,0.0,1.0641529393616361e-19,1.0205259675470034e-282,0.0,0.0,0.0006808711146013264,0.0,0.0,0.0,1.679275969160805e-17,0.0,0.0,0.0,1.2486783898006044e-56,0.0,0.0,0.001998056622595199,0.0,0.0,0.0,1.7112204843411038e-81,0.0,0.0,8.525152217479438e-106,5.37412201967e-313,0.0,5.427288464682801e-185,0.0,0.0,0.0,2.617957952894548e-171,0.0,0.0,0.0,0.0,0.0,0.0,1.0791828141210384e-167,0.0,0.0,0.0,1.6684928915972855e-204,0.0,0.0,0.0,1.046504692049097e-170,0.0,0.0,0.0,0.0,0.0,0.0,0.0,0.0,0.0,0.0,3.4164138501909772e-211,0.0,0.0,0.0,0.0,0.0,0.0,0.0,0.0,0.0,0.0,0.0,0.0,0.0,0.0,0.0,7.15061385339812e-309,0.0,0.0,0.0,0.0,0.0,0.0,0.0,0.0,0.0,0.0,0.0,0.0
0.0,1.628501961680867e-257,2.0136521422449392e-19,1.8116574003554436e-154,0.0,5.49e-321,0.8931411109786306,9.934214464705875e-130,0.0,0.0,0.10685888902136924,1.1434655362928738e-124,0.0,0.0,3.158470040915975e-102,3.6455460426361865e-245,0.0,0.0,4.281331522266778e-175,0.0,0.0,0.0,2.4672271205560134e-136,0.0,0.0,0.0,1.0789054747452804e-98,0.0,0.0,0.0,9.289191506983799e-281,0.0,0.0,0.0,0.0,0.0,0.0,0.0,0.0,0.0,0.0,0.0,0.0,0.0,0.0,0.0,0.0,0.0,0.0,0.0,0.0,0.0,0.0,0.0,0.0,0.0,0.0,0.0,0.0,0.0,0.0,0.0,0.0,0.0,0.0,0.0,0.0,0.0,0.0,0.0,0.0,0.0,0.0,0.0,0.0,0.0,0.0,0.0,0.0,0.0,0.0,0.0,0.0,0.0,0.0,0.0,0.0,0.0,0.0,0.0,0.0,0.0,0.0,0.0,0.0,0.0,0.0,0.0,0.0,0.0,0.0,0.0,0.0,0.0,0.0,0.0,0.0,0.0,0.0,0.0,0.0
0.0,2.623761533945683e-71,6.73355896918526e-241,0.0,0.0,0.009087980773267156,5.405122019914862e-63,0.0,0.0,0.9908074357626269,8.41143512181747e-50,0.0,0.0,0.00010457351859116696,4.4524490110812146e-57,0.0,0.0,4.580065306175653e-24,7.584194557854676e-127,0.0,0.0,1.2384494523577843e-15,2.6086455728922543e-68,0.0,0.0,9.945513343074867e-9,0.0,0.0,0.0,1.2061779766006345e-70,0.0,0.0,0.0,3.116776942752962e-48,0.0,0.0,0.0,3.3297052579082334e-62,0.0,0.0,0.0,8.404577213065619e-44,0.0,0.0,2.6020390762939825e-68,0.0,0.0,0.0,1.3888535344408817e-135,0.0,0.0,7.135816970194091e-125,0.0,0.0,1.5201162789217378e-92,0.0,0.0,0.0,1.950714706534053e-220,0.0,0.0,1.3970105470763445e-211,0.0,0.0,0.0,1.2744691511260466e-74,0.0,0.0,0.0,6.108382509358892e-137,0.0,0.0,0.0,1.2637108361011912e-127,0.0,0.0,3.8859978532793597e-202,0.0,0.0,0.0,1.5742783523984217e-219,3.31354171241592e-95,0.0,0.0,5.221686872106949e-140,0.0,0.0,0.0,1.4394283470807924e-57,0.0,0.0,0.0,2.254159410322065e-192,0.0,0.0,0.0,5.877282294569214e-229,0.0,0.0,0.0,3.9790125412605234e-243,0.0,0.0,0.0,0.0,0.0,0.0,0.0,0.0,0.0,0.0
2.018044503113765e-125,4.723805767071672e-17,4.882211620839023e-262,0.0,2.6377797804406218e-83,0.9953383593950832,1.042727877515264e-159,0.0,9.462493144055442e-87,0.0008266476718283262,4.038539336839186e-274,0.0,1.3044490940217958e-124,5.8634724357430945e-31,1.1389621703291561e-286,0.0,0.0,5.2326040937924115e-58,0.0,0.0,7.400829646469237e-218,1.7056920330416084e-37,0.0,0.0,3.575125528727917e-133,1.8092011966544915e-20,0.0,0.0,0.0,1.839659278412389e-70,0.0,0.0,4.56035456122706e-301,4.157097098415177e-27,0.0,0.0,0.0,3.606040411427916e-46,0.0,0.0,0.0,0.0038349929330885437,0.0,0.0,3.7960606124820954e-119,0.0,0.0,0.0,7.972143747969701e-124,0.0,0.0,7.139675373963864e-165,0.0,0.0,1.1468015128792527e-64,0.0,0.0,0.0,1.9389737656983471e-227,0.0,0.0,4.2423329482604475e-276,0.0,0.0,0.0,1.2959544061228985e-201,0.0,0.0,0.0,1.66750343769504e-191,0.0,0.0,0.0,1.5229422881588044e-169,0.0,0.0,1.8078960601987223e-196,0.0,0.0,0.0,3.4197715516768033e-279,0.0,0.0,0.0,2.098324734210926e-149,0.0,0.0,0.0,4.076818995261685e-143,0.0,0.0,0.0,7.583717129121969e-129,0.0,0.0,0.0,1.800050180302896e-110,0.0,0.0,0.0,1.1628105493395152e-235,0.0,0.0,0.0,0.0,0.0,0.0,0.0,0.0,0.0,0.0
1.487162451425527e-103,0.0,0.0,2.1689816552892913e-19,2.430120570625873e-92,0.0,0.0,0.9999994223233353,4.8641577132130375e-88,0.0,0.0,5.468567710143609e-7,0.0,0.0,0.0,2.8600111638194785e-70,4.4958382419502145e-81,0.0,0.0,6.616756033486792e-74,5.643875566911021e-225,0.0,0.0,1.9335295977743236e-8,5.454621540153804e-181,0.0,0.0,2.0726561078540454e-11,1.2647021658631089e-211,0.0,0.0,1.146387116518214e-8,0.0,0.0,0.0,8.424950226874243e-37,2.2655401580607994e-228,0.0,0.0,1.3246259998645272e-87,0.0,0.0,4.720650992804825e-37,8.419110384509638e-208,0.0,0.0,2.6690340636579404e-144,0.0,0.0,4.907806043097877e-121,1.0933665595836158e-169,0.0,5.633967468949472e-212,0.0,0.0,0.0,1.6985390587056674e-196,0.0,0.0,0.0,0.0,0.0,0.0,2.7554960366088515e-153,0.0,0.0,0.0,5.161370594176816e-192,0.0,0.0,0.0,9.58380101560556e-165,0.0,0.0,0.0,0.0,0.0,0.0,0.0,0.0,0.0,0.0,1.181368224477733e-225,7.917645125489868e-273,0.0,0.0,0.0,7.722595954024046e-296,0.0,0.0,3.217236426e-315,0.0,0.0,0.0,0.0,0.0,0.0,0.0,3.4490529093835306e-254,0.0,0.0,0.0,0.0,0.0,0.0,0.0,0.0,0.0,0.0,0.0,0.0
0.15126068547601507,2.709594630685701e-133,0.0,1.7024175227236092e-164,0.8421817965369077,1.2480738450841085e-141,0.0,9.031782466058823e-143,0.006014707654170646,1.3947234202881987e-165,0.0,9.700427754835551e-172,8.357769801586666e-23,3.377579373294008e-300,0.0,0.0,4.049810386576002e-90,1.6579375739459946e-127,0.0,2.0730683633137298e-156,1.2994044984441169e-40,0.0,0.0,0.0,1.3784678546191683e-5,3.685453848026785e-71,0.0,0.0,4.905006557876153e-167,0.0,0.0,0.0,4.308082103826915e-98,0.0,0.0,0.0,0.0005290256543601916,0.0,0.0,0.0,5.876962005194259e-111,0.0,0.0,4.319917888207738e-183,0.0,0.0,0.0,6.3897982162292574e-152,0.0,0.0,5.34874378321905e-139,0.0,0.0,1.9694784905867037e-236,0.0,0.0,0.0,1.6537892607292134e-185,0.0,0.0,2.2483861491051876e-255,0.0,0.0,0.0,2.0420767778873865e-146,0.0,0.0,0.0,1.8947811307325493e-181,0.0,0.0,0.0,1.2843507892080525e-234,0.0,0.0,1.789379755096804e-161,0.0,0.0,0.0,7.083127885015492e-261,0.0,0.0,0.0,2.168560738119249e-91,0.0,0.0,0.0,1.874523436539627e-161,0.0,0.0,0.0,2.808463725050932e-217,0.0,0.0,0.0,9.184348821685873e-62,0.0,0.0,0.0,0.0,0.0,0.0,0.0,0.0,0.0,0.0,0.0,0.0,0.0,0.0,0.0
0.0,1.3652051386975795e-72,0.0,0.0,0.0,8.680222167408409e-8,0.0,0.0,0.0,0.9601543028634796,0.0,0.0,0.0,0.027577889372048192,0.0,0.0,0.0,0.006520603649285867,0.0,0.0,0.0,0.0012005311116561844,0.0,0.0,0.0,8.108547112309238e-18,0.0,0.0,0.0,6.009519523145066e-6,0.0,0.0,0.0,0.0027505694624633775,0.0,0.0,0.0,1.7410512824234688e-26,0.0,0.0,0.0,4.658749641757346e-25,0.0,0.0,0.0017900072183301993,0.0,0.0,0.0,1.1194086964689604e-58,0.0,0.0,2.3680229302592935e-45,0.0,0.0,9.888379323255762e-13,0.0,0.0,0.0,7.767263875555232e-138,0.0,0.0,8.2628941504670665e-137,0.0,0.0,0.0,2.822775301217267e-15,0.0,0.0,0.0,2.5247068893978165e-68,0.0,0.0,0.0,1.9814104097376787e-48,0.0,0.0,6.1647967936696884e-89,0.0,0.0,0.0,4.3785975246327206e-147,0.0,0.0,0.0,1.0411249864120622e-51,0.0,0.0,0.0,1.0536627554642914e-22,0.0,0.0,0.0,1.00478876582783e-110,0.0,0.0,0.0,9.993696331449701e-162,0.0,0.0,0.0,1.3860322632295414e-170,0.0,0.0,1.1962219060631363e-273,0.0,0.0,0.0,0.0,0.0,0.0,0.0
0.0,2.775064588675979e-42,0.0,0.0,1.906284362261233e-279,9.68198388677796e-29,0.0,0.0,2.0318133078359072e-210,7.057265065086039e-9,0.0,0.0,4.291548383678071e-186,0.0010369300366131038,0.0,0.0,4.493157715874545e-237,0.11891507204846238,0.0,0.0,2.034514731190225e-163,0.018038653708049933,0.0,0.0,5.643327888433717e-237,0.1414795459620583,0.0,0.0,0.0,0.025525836299206007,0.0,0.0,3.968646981529969e-203,0.10175562224245986,0.0,0.0,6.885871516872128e-234,0.09597874660791154,0.0,0.0,0.0,0.07554357503947257,0.0,0.0,0.06847925756887266,0.0,0.0,0.0,0.055570177442941265,0.0,0.0,0.049262573633368736,0.0,1.3993586611946465e-248,0.09311957997361871,0.0,0.0,9.625028885735688e-286,0.027517925352161725,0.0,5.4183994207141554e-148,0.033185302453709,0.0,0.0,0.0,0.012506650250629848,0.0,0.0,0.0,0.014372866180467665,0.0,0.0,5.452478781735502e-134,0.0013954761715036623,0.0,0.0,0.016792265094989576,0.0,0.0,0.0,0.005078675648903348,0.0,0.0,0.0,5.6735706711118495e-8,0.0,0.0,0.0,0.03209169815561862,0.0,0.0,3.2140122346374048e-236,0.006460959221719294,0.0,0.0,1.5198897618744724e-191,0.005892547114289745,0.0,0.0,0.0,5.141952804793984e-16,0.0,1.7284910993797792e-285,1.0623866229431447e-74,0.0,0.0,3.408202607792329e-133,0.0,0.0,0.0,0.0
0.0,9.967835184935702e-54,0.0,0.0,3.925939393620999e-276,3.519160663362464e-45,0.0,0.0,8.110649995799396e-204,0.1517973700258296,0.0,0.0,1.3569278518417092e-153,0.3748552422719785,0.0,0.0,4.0948256424941263e-191,0.13596779443050955,0.0,0.0,3.959903904623413e-166,0.08168260420044034,0.0,0.0,6.931398198535424e-266,0.03214486002515475,0.0,0.0,0.0,0.08380295384906188,0.0,0.0,3.5436848051860854e-165,0.028134808905030412,0.0,0.0,1.9588221669778446e-267,0.02621798169853372,0.0,0.0,0.0,0.034398421245582414,0.0,0.0,9.656025410272882e-6,0.0,0.0,0.0,0.038259103592132006,0.0,0.0,8.941776575651194e-15,0.0,0.0,5.708220018294505e-13,0.0,0.0,7.517695077479688e-300,2.601377509575304e-6,0.0,3.006828054135929e-175,7.142712597756877e-25,0.0,0.0,0.0,2.0078735669348257e-10,0.0,0.0,0.0,2.3949094877021065e-8,0.0,0.0,3.3039963066389864e-158,0.002660342975452242,0.0,0.0,1.5070857631713427e-7,0.0,0.0,0.0,0.005061453430069172,0.0,0.0,0.0,0.0050046310882673984,0.0,0.0,0.0,3.3039746944598078e-34,0.0,0.0,9.784326244899987e-253,4.364746437325543e-37,0.0,0.0,3.495225162285976e-250,1.6075993727212453e-23,0.0,0.0,0.0,2.493414365527216e-94,0.0,2.6135300929048613e-308,9.360683701679172e-157,0.0,0.0,1.2209403606612627e-262,0.0,0.0,0.0,0.0
0.0,0.0,0.0,0.0,0.0,0.02551389132271507,5.323737726187246e-239,0.0,0.0,1.742722443139233e-135,1.45749153182772e-57,0.0,0.0,9.691298276253174e-38,0.5823303766964816,0.0,0.0,6.370099872948156e-34,0.2812113109799868,0.0,0.0,4.385280627694468e-163,1.0251396760185918e-218,0.0,0.0,3.7956511507989626e-97,0.0,0.0,0.0,0.018800472788164137,0.0,0.0,0.0,0.012175367756630346,0.0,0.0,0.0,1.194363800966313e-71,0.0,0.0,0.0,0.0,0.0,0.0,0.0,0.0,0.0,0.0,2.1090806486804903e-26,0.0,0.0,0.0,0.0,0.0,0.0,3.2113747014899796e-10,0.0,0.0,0.0,0.0,0.0,0.0,0.0,0.0,0.0,0.0,0.013589853591762171,0.0,0.0,0.02560914337368428,0.0,0.0,0.0,0.013589828764086452,0.0,0.0,0.0,0.0,0.0,0.0,0.0,0.013589853591762171,0.0,0.0,0.0,0.0,0.0,0.0,0.0,0.0,0.0,0.0,4.7221827216435035e-8,0.0,0.0,0.0,0.0,0.013589853591762171,0.0,0.0,0.0,0.0,0.0,0.0,0.0,0.0,0.0,0.0,0.0,0.0,0.0
5.248688240529468e-129,1.3595654045941914e-6,4.787669761134464e-187,0.0,5.601995292558665e-87,0.9513437337177617,1.1766678382162819e-214,0.0,1.2359844692906222e-91,0.04865490620143671,1.048952895611757e-196,0.0,5.587812198500198e-104,4.1148948556051225e-16,0.0,0.0,0.0,8.669836041593553e-16,0.0,0.0,1.957163186356542e-189,1.8301993248455632e-56,2.4903890874852176e-292,0.0,2.1710586967299908e-83,5.153451365480672e-10,0.0,0.0,0.0,6.973928518542878e-58,0.0,0.0,1.1995263949121965e-308,5.080852027238904e-14,0.0,0.0,0.0,8.344602584106718e-41,0.0,0.0,0.0,5.0469539078129826e-33,0.0,0.0,6.313614862731483e-112,0.0,0.0,0.0,5.035877345437143e-106,0.0,0.0,6.680236718874364e-100,0.0,1.395665032077504e-39,9.980879744392928e-82,0.0,0.0,0.0,4.4248072232757103e-150,0.0,0.0,7.130043848960246e-208,0.0,0.0,0.0,2.522711048050248e-134,0.0,0.0,0.0,1.0034595673932525e-115,0.0,0.0,0.0,6.823941042812407e-91,0.0,0.0,4.464059715934841e-197,0.0,0.0,0.0,9.627668751304895e-184,0.0,0.0,0.0,3.644931782486702e-131,0.0,0.0,0.0,4.8219599687515436e-91,0.0,0.0,0.0,7.256804478551708e-102,0.0,0.0,0.0,6.364313426445256e-140,0.0,0.0,0.0,5.4677013528920854e-176,0.0,0.0,0.0,0.0,0.0,0.0,0.0,0.0,0.0,0.0
0.0,1.0228518238023734e-201,7.062032020131247e-111,1.0170583186738243e-243,0.0,9.363203511207515e-203,0.7512298137805947,7.969626435544367e-116,0.0,4.667362024842652e-257,0.24877018621940536,5.171235291372365e-107,0.0,0.0,1.864000998362123e-38,4.9733596373649506e-138,0.0,0.0,2.707017241940126e-168,0.0,0.0,0.0,1.5641166426914404e-126,0.0,0.0,0.0,1.3990487078564607e-63,0.0,0.0,0.0,1.3186655736790782e-299,0.0,0.0,0.0,0.0,0.0,0.0,0.0,0.0,0.0,0.0,0.0,0.0,0.0,0.0,0.0,0.0,0.0,0.0,0.0,0.0,0.0,0.0,0.0,0.0,0.0,0.0,0.0,0.0,0.0,0.0,0.0,0.0,0.0,0.0,0.0,0.0,0.0,0.0,0.0,0.0,0.0,0.0,0.0,0.0,0.0,0.0,0.0,0.0,0.0,0.0,0.0,0.0,0.0,0.0,0.0,0.0,0.0,0.0,0.0,0.0,0.0,0.0,0.0,0.0,0.0,0.0,0.0,0.0,0.0,0.0,0.0,0.0,0.0,0.0,0.0,0.0,0.0,0.0,0.0,0.0
0.0,5.935660749846136e-97,0.0,0.0,2.900122405186168e-183,1.6284723480505923e-45,0.0,0.0,2.9980258422813524e-145,0.006817212505420312,2.0861475790966524e-228,0.0,1.2339178792318045e-119,0.9343058908215768,2.863853254061784e-174,0.0,3.6292061559556995e-197,0.048753999571360326,1.9678143960293417e-274,0.0,4.676050813697103e-165,0.0035405494955200205,0.0,0.0,1.980955757939816e-120,0.0003828218175240328,0.0,0.0,0.0,5.982932158676938e-24,0.0,0.0,4.992627962232309e-142,5.181628314964093e-18,0.0,0.0,2.65947104966503e-287,4.898765502084235e-14,0.0,0.0,0.0,0.00315599514240002,0.0,0.0,1.9548221807926546e-6,0.0,0.0,0.0,4.026723629806275e-35,0.0,0.0,1.41145032574202e-12,0.0,8.65374469702353e-297,7.757795332031268e-21,0.0,0.0,2.8958158447716895e-274,4.295317895049684e-85,0.0,1.6136306577270292e-230,1.1324633580381327e-120,0.0,0.0,0.0,3.9715289555360917e-72,0.0,0.0,0.0,0.0012210969340026119,0.0,0.0,7.336134552141052e-233,3.706585205714833e-60,0.0,0.0,4.9360138900861614e-54,0.0,0.0,0.0,3.405899411365661e-54,7.010292515547075e-180,0.0,0.0,0.0018204788885546415,0.0,0.0,0.0,9.215576923484205e-29,0.0,0.0,8.132759403123537e-196,9.5647047734257e-60,0.0,0.0,3.719488280584567e-196,7.968551090138974e-96,1.6781178408068802e-274,0.0,0.0,5.761333161887381e-144,0.0,8.169596680350053e-243,2.2005833454414507e-201,0.0,0.0,0.0,0.0,0.0,0.0,0.0
7.009841535353721e-197,0.0,0.0,1.906165572642276e-100,6.760710281731827e-117,0.0,0.0,0.0493194435625803,1.2631795841158458e-87,0.0,0.0,0.33390639008873596,4.607452809932488e-137,0.0,0.0,0.38200979595925255,2.9079521167158702e-139,0.0,0.0,0.06515625299916422,4.7921936049918005e-90,0.0,0.0,0.019174795321331668,4.6770680477298125e-105,0.0,0.0,6.0299388656599146e-5,1.978222387591734e-109,0.0,0.0,0.054580106691240866,3.0607535624883696e-199,0.0,0.0,9.595021807249283e-5,1.4008483681201761e-67,0.0,0.0,0.041855712252429386,1.1019178796415428e-242,0.0,0.05381886810616824,1.8766443036440623e-99,0.0,0.0,6.256945103247581e-24,0.0,0.0,3.7116118105860196e-20,7.585219381443445e-61,0.0,7.996287978328437e-16,3.570700337386996e-298,0.0,0.0,7.555617269887847e-35,7.06241110600748e-218,0.0,8.601846110445027e-94,0.0,0.0,0.0,3.786020095818077e-12,3.3017315047370126e-280,0.0,0.0,2.2385408580826785e-5,0.0,0.0,0.0,1.9126352089960575e-87,6.22543616606366e-306,0.0,4.5330206736397945e-112,0.0,0.0,0.0,7.82262839746629e-42,0.0,0.0,0.0,5.414790579832822e-21,1.3690165449808448e-88,0.0,0.0,3.0418977997002634e-118,1.0610651580423376e-92,0.0,0.0,1.8288490832066585e-31,0.0,0.0,0.0,6.727910251984559e-110,0.0,0.0,0.0,5.474580247716779e-32,0.0,0.0,0.0,0.0,0.0,0.0,0.0,0.0,0.0,0.0,0.0,0.0
0.0,1.154848314974181e-77,1.89974806890637e-20,0.0,0.0,4.644831570985498e-117,0.8028618700993069,0.0,0.0,3.779154756213221e-134,0.1971381299006934,0.0,0.0,1.0430457271313418e-215,6.285241348441492e-110,0.0,0.0,0.0,4.3404729098492595e-107,0.0,0.0,0.0,2.314271408766153e-80,0.0,0.0,0.0,1.4719289129885601e-61,0.0,0.0,0.0,5.270360512920164e-205,0.0,0.0,0.0,0.0,0.0,0.0,0.0,0.0,0.0,0.0,0.0,0.0,0.0,0.0,0.0,0.0,0.0,0.0,0.0,0.0,0.0,0.0,0.0,0.0,0.0,0.0,0.0,0.0,0.0,0.0,0.0,0.0,0.0,0.0,0.0,0.0,0.0,0.0,0.0,0.0,0.0,0.0,0.0,0.0,0.0,0.0,0.0,0.0,0.0,0.0,0.0,0.0,0.0,0.0,0.0,0.0,0.0,0.0,0.0,0.0,0.0,0.0,0.0,0.0,0.0,0.0,0.0,0.0,0.0,0.0,0.0,0.0,0.0,0.0,0.0,0.0,0.0,0.0,0.0,0.0
0.003921652308145907,2.963544288481825e-309,0.0,6.506505558961313e-213,0.7894121575184194,4.867710527133252e-238,0.0,6.776499200505902e-103,0.19164833095965633,9.237836199791932e-248,0.0,5.408927214694649e-132,5.583612495385364e-14,0.0,0.0,2.0439624481717107e-172,0.0028198871049802047,1.831304691030475e-245,0.0,1.9826908391772083e-114,0.006957035187443384,0.0,0.0,0.0,0.005200876019143439,8.161378291088121e-303,0.0,1.8303987459941097e-270,7.902812660048273e-37,0.0,0.0,0.0,3.8399294428769854e-5,0.0,0.0,9.234275913916971e-175,5.267100842694288e-14,0.0,0.0,5.295201147217225e-180,1.0272058769977544e-16,0.0,0.0,3.16832805911439e-51,0.0,0.0,5.009756743089527e-216,6.109816741049973e-67,0.0,6.766983768546583e-143,1.6616076738334386e-6,0.0,0.0,1.9464497646122678e-41,0.0,0.0,0.0,1.0007216069133044e-67,0.0,0.0,5.758796704164576e-78,0.0,0.0,0.0,5.34836279589334e-52,0.0,0.0,0.0,1.6032853398951366e-50,0.0,0.0,0.0,1.761802815180558e-82,0.0,0.0,9.087494168528956e-33,0.0,0.0,0.0,5.225796370537319e-80,0.0,0.0,0.0,1.1203587384255422e-35,0.0,0.0,3.3542046207184265e-201,1.1895347818539434e-41,0.0,0.0,1.1468506334537054e-241,8.806184191729892e-77,0.0,0.0,0.0,5.122056029065042e-17,0.0,0.0,0.0,1.3031378321554437e-153,0.0,0.0,6.785347457044647e-168,0.0,0.0,1.6491219144542536e-205,0.0,0.0,1.1850934286876573e-221,0.0,0.0
1.5376684702473767e-154,0.0,0.0,2.215319100563034e-50,1.359032775251863e-162,0.0,1.2399965311069349e-138,0.005286950646142738,5.487764212963773e-146,0.0,3.703104748828372e-139,0.9572448984593814,3.6592668075861236e-301,0.0,1.1874410625389638e-137,0.032413193474977585,1.1235070186268912e-281,0.0,0.0,7.868103350536755e-64,3.916478827204954e-247,0.0,0.0,2.430585941551858e-8,6.195795216004369e-112,0.0,0.0,0.0005149732897177956,3.811032748140336e-148,0.0,0.0,0.0014512871985840514,0.0,0.0,0.0,0.0008866940889893898,0.0,0.0,0.0,3.447175518988901e-35,0.0,0.0,8.424382721554242e-7,8.375151716962976e-176,0.0,0.0,0.0022011360980751394,0.0,0.0,8.949813100516623e-64,2.134975574375067e-289,0.0,8.473296834808099e-44,0.0,0.0,0.0,3.947412181360071e-130,0.0,0.0,1.0924405894572722e-265,0.0,0.0,0.0,3.2448182493142525e-168,0.0,0.0,0.0,4.833816282166345e-139,0.0,0.0,0.0,3.531013101449442e-244,0.0,0.0,0.0,0.0,0.0,0.0,9.85885782159794e-301,0.0,0.0,0.0,8.068029167636268e-151,5.637881634416488e-199,0.0,0.0,0.0,3.742734303956435e-244,0.0,0.0,1.7645861407787278e-255,0.0,0.0,0.0,0.0,0.0,0.0,0.0,0.0,0.0,0.0,0.0,0.0,0.0,0.0,0.0,0.0,0.0,0.0,0.0,0.0
1.405670074251242e-275,0.0,0.0,6.250474867655365e-48,1.21031686703035e-122,0.0,6.857742674898023e-264,0.2798351185597276,6.962280595183232e-109,0.0,1.352890242389378e-271,0.720164881439951,6.357e-320,0.0,1.818288838711328e-269,4.463830294497789e-23,1.2393016178571486e-169,0.0,0.0,1.3243280497709775e-39,0.0,0.0,0.0,2.3380188531938258e-32,8.032856674241188e-163,0.0,0.0,2.0322056155628702e-14,8.214090024579513e-201,0.0,0.0,1.2807823926335294e-29,0.0,0.0,0.0,1.4607205982213225e-64,0.0,0.0,0.0,3.010382059455609e-13,0.0,0.0,2.9764553775994252e-21,4.111886974512244e-171,0.0,0.0,1.6017632454091508e-103,0.0,0.0,1.4472399471464817e-80,0.0,0.0,3.573964246975127e-123,0.0,0.0,0.0,2.1861021802384825e-78,1.131623e-317,0.0,2.473564806909253e-308,0.0,0.0,0.0,5.127071993232718e-93,0.0,0.0,0.0,1.7252436927865897e-177,0.0,0.0,0.0,1.0416920801813277e-106,0.0,0.0,0.0,0.0,0.0,0.0,5.08225801e-315,0.0,0.0,0.0,1.2927540752349136e-177,8.569939182952131e-236,0.0,0.0,0.0,1.6357274774009006e-305,0.0,0.0,1.2887568826815664e-273,0.0,0.0,0.0,0.0,0.0,0.0,0.0,0.0,0.0,0.0,0.0,0.0,0.0,0.0,0.0,0.0,0.0,0.0,0.0,0.0
0.0,3.295307756127226e-145,0.0,0.0,0.0,1.5119366818533703e-17,8.207498692396931e-109,0.0,0.0,0.030760502972570717,2.9046528791154302e-92,0.0,0.0,0.9504730747375605,3.8618742255556956e-76,0.0,0.0,0.011239232291056306,3.837840273003478e-116,0.0,0.0,0.004937292236241639,1.2068967511291965e-171,0.0,0.0,0.0022361542791335906,0.0,0.0,0.0,3.3286666358533995e-54,0.0,0.0,0.0,1.4493897884851837e-37,0.0,0.0,0.0,8.166805415411609e-5,0.0,0.0,0.0,8.906373912950016e-39,0.0,0.0,1.2755673161673139e-18,0.0,0.0,0.0,2.6288368361806956e-83,0.0,0.0,3.3595932475053376e-66,0.0,0.0,8.534606843815734e-45,0.0,0.0,0.0,9.348437854977198e-143,0.0,0.0,9.565988429260729e-135,0.0,0.0,0.0,0.000272058048282574,9.63286455364315e-263,0.0,0.0,1.3211338419520684e-96,0.0,0.0,0.0,9.586547111333022e-89,0.0,0.0,2.403288650276032e-109,0.0,0.0,0.0,7.416979397430384e-157,4.0151807127711735e-81,0.0,0.0,1.2940344262422318e-78,0.0,0.0,0.0,1.738100061053246e-8,0.0,0.0,0.0,1.6632407451461708e-126,0.0,0.0,0.0,1.857367966969741e-129,2.156148768473487e-248,0.0,0.0,5.112735851189001e-168,0.0,0.0,1.1401046842043286e-295,0.0,0.0,0.0,0.0,0.0,0.0,0.0
0.0,0.0,1.0171102663888947e-43,0.0,0.0,4.639823705936448e-201,0.00017465374981797863,2.434050579402347e-128,0.0,2.160307006631925e-206,0.9611796853639115,1.4709625112474459e-123,0.0,5.284633765729036e-230,0.03864566088627053,2.403077649334643e-127,0.0,0.0,4.1100701840436683e-159,0.0,0.0,0.0,2.1612234500937256e-21,0.0,0.0,0.0,3.7849279809050836e-107,0.0,0.0,0.0,2.4642441082904484e-252,0.0,0.0,0.0,2.3545341770140397e-303,0.0,0.0,0.0,0.0,0.0,0.0,0.0,0.0,0.0,0.0,0.0,0.0,0.0,0.0,0.0,0.0,0.0,0.0,0.0,0.0,0.0,0.0,0.0,0.0,0.0,0.0,0.0,0.0,0.0,0.0,0.0,0.0,0.0,0.0,0.0,0.0,0.0,0.0,0.0,0.0,0.0,0.0,0.0,0.0,0.0,0.0,0.0,0.0,0.0,0.0,0.0,0.0,0.0,0.0,0.0,0.0,0.0,0.0,0.0,0.0,0.0,0.0,0.0,0.0,0.0,0.0,0.0,0.0,0.0,0.0,0.0,0.0,0.0,0.0,0.0,0.0
1.9003475719179752e-19,1.3433466110735131e-269,0.0,3.837676616343893e-163,0.9913482694925599,1.115531853055455e-178,0.0,2.5239824289479478e-104,0.0036432914463496364,7.698511523039998e-227,0.0,1.0720826341576133e-129,0.0015507030571063427,1.0269017373231737e-198,0.0,1.5237318004375125e-211,3.1266256867219526e-10,1.414593171392682e-182,0.0,2.7521745521061605e-132,0.0007418213600465254,0.0,0.0,0.0,0.0015044950215204731,7.824301489757138e-112,0.0,0.0,7.186143042240762e-92,3.445055283486797e-271,0.0,0.0,1.695366478132966e-51,5.537358258851608e-251,0.0,0.0,3.457468031132783e-16,2.230136753229803e-295,0.0,4.868181328070574e-205,3.1667174120926224e-160,0.0,0.0,7.231733936365578e-98,0.0,0.0,0.0,9.463310826759053e-170,2.095291439403225e-309,1.349386421425455e-187,3.6217837401995977e-90,0.0,0.0,1.4027275561926833e-130,0.0,0.0,0.0,1.7569473912118092e-161,0.0,0.0,2.6869492920782816e-167,0.0,0.0,0.0,8.684499476491728e-103,0.0,0.0,0.0,4.925335923760093e-171,0.0,0.0,0.0,4.59183441952475e-124,0.0,0.0,8.931582895377768e-124,0.0,0.0,0.0,5.52092334650566e-150,0.0,0.0,0.0,1.1202818736063275e-170,0.0,0.0,0.0,1.3317480925689883e-121,0.0,0.0,0.0,2.6483052096836218e-256,0.0,0.0,0.0,0.001211419309754131,0.0,0.0,0.0,3.3527e-320,0.0,0.0,3.189130991868e-311,0.0,0.0,0.0,0.0,0.0,0.0,0.0,0.0
5.647902777661357e-49,0.0,0.0,0.0,0.013325274864098959,8.323140470572651e-192,0.0,5.503644378411335e-145,0.5130713473163934,1.396862493082809e-155,0.0,4.058455900715395e-121,0.29727676474786785,2.084721292749555e-155,0.0,6.661013216894282e-139,0.03726663508182839,1.1014478747513869e-118,0.0,1.822656908727612e-142,0.032807061890343645,0.0,0.0,0.0,0.040173390754301284,3.3171662488343485e-201,0.0,1.848700707777948e-142,0.029536741339871393,1.1747789876593e-108,0.0,6.725930621192229e-157,0.014338028799399882,7.12969624801211e-291,0.0,2.426486612864319e-112,0.014579951637223944,5.4065607136730105e-40,0.0,2.355250030986588e-154,0.00013841089354707346,0.0,9.750913632678242e-191,0.00112603181056914,0.0,0.0,2.355066609144678e-108,2.8837306107971365e-11,8.242344517139383e-169,8.5900631734555e-118,0.001493711524623462,0.0,7.632214436939483e-181,1.1504108587317618e-5,0.0,0.0,2.0728557674580948e-184,2.5827292231498267e-14,0.0,1.4770708304840296e-195,4.572309848266396e-19,0.0,0.0,0.0,2.411152806842612e-12,0.0,0.0,0.0,3.1536122712403466e-25,0.0,0.0,7.318948852420292e-243,8.032454869759432e-24,0.0,5.779774385428777e-234,0.003306219234607493,0.0,0.0,0.0,1.8755951237502995e-13,0.0,0.0,4.249507655241344e-129,0.0015489259578463142,0.0,0.0,9.501809311453853e-131,7.428556388041321e-12,0.0,0.0,1.3703396921137717e-139,1.9862465234990803e-55,0.0,0.0,0.0,4.2707186986003424e-54,0.0,0.0,0.0,3.42361397779838e-73,5.0e-324,0.0,1.956404297075669e-82,0.0,0.0,4.1924432029748695e-107,0.0,0.0,2.2161468933507166e-103,0.0,0.0
0.0,7.827896729130563e-208,8.57828740240489e-29,0.0,0.0,3.443220703819795e-126,0.8656159763096317,0.0,0.0,6.02650365102748e-135,0.13438402369036842,0.0,0.0,2.4856143462808556e-176,1.3379507991184228e-102,0.0,0.0,0.0,2.1791150754684045e-95,0.0,0.0,0.0,4.1368562465084947e-35,0.0,0.0,0.0,3.496823420805502e-25,0.0,0.0,0.0,3.631914843415276e-169,0.0,0.0,0.0,3.3565819529102747e-220,0.0,0.0,0.0,0.0,0.0,0.0,0.0,0.0,0.0,0.0,0.0,0.0,0.0,0.0,0.0,0.0,0.0,0.0,0.0,0.0,0.0,0.0,0.0,0.0,0.0,0.0,0.0,0.0,0.0,0.0,0.0,0.0,0.0,0.0,0.0,0.0,0.0,0.0,0.0,0.0,0.0,0.0,0.0,0.0,0.0,0.0,0.0,0.0,0.0,0.0,0.0,0.0,0.0,0.0,0.0,0.0,0.0,0.0,0.0,0.0,0.0,0.0,0.0,0.0,0.0,0.0,0.0,0.0,0.0,0.0,0.0,0.0,0.0,0.0,0.0,0.0
0.0,5.001088361297279e-289,2.541201325405093e-9,2.2574380356936943e-172,0.0,7.043011427680473e-242,0.999999935134004,5.249309402492805e-137,0.0,4.0506923442028264e-256,6.232479482704676e-8,6.452124584055063e-135,0.0,0.0,4.747876726232322e-86,6.574678209357851e-272,0.0,0.0,2.0317734574688356e-158,0.0,0.0,0.0,1.3009983056497127e-111,0.0,0.0,0.0,7.206036285101009e-104,0.0,0.0,0.0,3.3765547e-316,0.0,0.0,0.0,0.0,0.0,0.0,0.0,0.0,0.0,0.0,0.0,0.0,0.0,0.0,0.0,0.0,0.0,0.0,0.0,0.0,0.0,0.0,0.0,0.0,0.0,0.0,0.0,0.0,0.0,0.0,0.0,0.0,0.0,0.0,0.0,0.0,0.0,0.0,0.0,0.0,0.0,0.0,0.0,0.0,0.0,0.0,0.0,0.0,0.0,0.0,0.0,0.0,0.0,0.0,0.0,0.0,0.0,0.0,0.0,0.0,0.0,0.0,0.0,0.0,0.0,0.0,0.0,0.0,0.0,0.0,0.0,0.0,0.0,0.0,0.0,0.0,0.0,0.0,0.0,0.0
0.0,6.08031775951157e-205,3.681519877079237e-5,1.3152356218747462e-276,0.0,4.836460470000553e-219,0.8610819190227441,1.4802572632657894e-130,0.0,1.534642730016383e-238,0.13888126577848506,5.0314083267305084e-157,0.0,2.24642252680933e-310,7.764684501863707e-78,6.125985815242812e-225,0.0,0.0,1.6434917264423674e-265,0.0,0.0,0.0,9.885470436420335e-180,0.0,0.0,0.0,4.2301778912077575e-194,0.0,0.0,0.0,0.0,0.0,0.0,0.0,0.0,0.0,0.0,0.0,0.0,0.0,0.0,0.0,0.0,0.0,0.0,0.0,0.0,0.0,0.0,0.0,0.0,0.0,0.0,0.0,0.0,0.0,0.0,0.0,0.0,0.0,0.0,0.0,0.0,0.0,0.0,0.0,0.0,0.0,0.0,0.0,0.0,0.0,0.0,0.0,0.0,0.0,0.0,0.0,0.0,0.0,0.0,0.0,0.0,0.0,0.0,0.0,0.0,0.0,0.0,0.0,0.0,0.0,0.0,0.0,0.0,0.0,0.0,0.0,0.0,0.0,0.0,0.0,0.0,0.0,0.0,0.0,0.0,0.0,0.0,0.0,0.0
7.302038751852955e-215,0.0,1.8676814729759613e-188,4.6343471471933856e-33,1.6947125132557445e-164,0.0,4.214351557316646e-148,0.9955568794959921,1.1734197787726084e-165,0.0,2.253400334521066e-155,0.0020475060497963968,0.0,0.0,2.9085192057517737e-206,1.7835996392681512e-50,1.733978010681877e-116,0.0,0.0,3.0925513433007626e-49,0.0,0.0,0.0,0.000638325027059327,2.0697018770556594e-303,0.0,0.0,0.0012638906882930256,9.02272236078697e-310,0.0,0.0,7.44497421102828e-19,0.0,0.0,0.0,8.69290377810305e-43,0.0,0.0,0.0,6.55851070569295e-45,0.0,0.0,0.0004933987388589941,1.3294482968045e-311,0.0,0.0,2.2707205355582193e-151,0.0,0.0,1.601637411938871e-105,3.49566e-319,0.0,4.672286733431879e-194,0.0,0.0,0.0,4.47664478152755e-102,0.0,0.0,0.0,0.0,0.0,0.0,3.0099667368323036e-93,0.0,0.0,0.0,3.3431915705224723e-180,0.0,0.0,0.0,1.87356441128572e-111,0.0,0.0,0.0,0.0,0.0,0.0,0.0,0.0,0.0,0.0,1.3453767415001563e-188,1.7971479361131142e-298,0.0,0.0,0.0,0.0,0.0,0.0,0.0,0.0,0.0,0.0,0.0,0.0,0.0,0.0,1.3611290992328243e-274,0.0,0.0,0.0,0.0,0.0,0.0,0.0,0.0,0.0,0.0,0.0,0.0
0.0,9.380021030123356e-35,0.0,0.0,2.2353384919447243e-257,0.12594744667324012,0.0,0.0,1.959403766554888e-251,0.14693701040043292,0.0,0.0,2.3060202780100717e-294,0.14796395405809507,0.0,0.0,0.0,0.00014832581056997696,0.0,0.0,5.1266042403084775e-285,0.10786013028544701,0.0,0.0,0.0,0.0393161479894163,0.0,0.0,0.0,0.0852910297458233,0.0,0.0,0.0,0.0683593213762267,0.0,0.0,0.0,0.08009653172161614,0.0,0.0,0.0,0.0718417160207128,0.0,0.0,0.05674579050981083,0.0,0.0,0.0,0.047285143315832695,0.0,0.0,0.0002640543315033899,0.0,1.20682830688451e-201,0.009284869428978926,0.0,0.0,0.0,8.215873424716979e-27,0.0,0.0,7.30455332829922e-30,0.0,0.0,0.0,4.75542393857365e-20,0.0,0.0,0.0,5.117255818106966e-6,0.0,0.0,0.0,0.012648029466175959,0.0,0.0,4.500041164172033e-14,0.0,0.0,0.0,3.396435817651068e-27,0.0,0.0,0.0,2.1395438946167762e-19,0.0,0.0,0.0,3.2047999555748363e-7,0.0,0.0,0.0,5.061128689131697e-6,0.0,0.0,0.0,1.5701294190618687e-12,0.0,0.0,0.0,1.8785328793530607e-40,0.0,0.0,5.4903573725616926e-64,0.0,0.0,0.0,0.0,0.0,0.0,0.0
0.0,1.0382104520183179e-303,5.0e-324,0.0,0.0,6.905849755707928e-53,0.013438320205754733,0.0,0.0,6.827528569217951e-66,0.7474240003560376,0.0,0.0,6.11914475005551e-64,0.21206803410633734,0.0,0.0,1.1559158813062901e-68,0.0070982944020423185,0.0,0.0,0.0,0.007575301670701566,0.0,0.0,9.311603396522006e-28,0.005509355233432699,0.0,0.0,7.169494059130294e-185,0.0013773388083934601,0.0,0.0,0.0,0.00137733880839346,0.0,0.0,0.0,0.0,0.0,0.0,0.0,0.0,0.0,0.0,0.0,0.0,0.0,0.0,0.0,0.0,0.0,0.0,0.0,0.0,0.0006886693879230043,0.0,0.0,0.0,0.0,0.0,0.0,0.0006886694041967301,0.0,0.0,0.0,7.047391009310832e-280,0.0,0.0,0.0,0.0,0.0,0.0,0.0,0.0,0.0,0.0,0.0006886694041967301,0.0,0.0,0.0,4.7955672412195667e-73,0.0,0.0,0.0,0.0,0.0,0.0,0.0,0.0,0.0,0.0,2.6659894881649636e-262,0.00206600821259019,0.0,0.0,0.0,0.0,0.0,0.0,0.0,0.0,0.0,0.0,0.0,0.0,0.0,0.0,0.0,0.0,0.0
0.0,0.0,0.0,2.1178535934789187e-104,7.71787113778541e-96,0.0,0.0,0.030235562377600046,1.682381939788024e-102,0.0,0.0,0.4962862552143339,2.054043439260339e-105,0.0,0.0,0.15763143740406357,2.1249355976812815e-111,0.0,0.0,0.029222197231953777,4.5174560794967594e-151,0.0,0.0,0.01313490789134545,3.282006048601599e-92,0.0,0.0,0.057080215353515665,2.2930122116944135e-119,0.0,0.0,0.021971654600476474,8.354301065565439e-120,0.0,0.0,0.07786819733582007,9.142574044174639e-173,0.0,0.0,0.03275022161718548,3.1256112191067394e-70,0.0,1.5042264478521567e-9,5.862550201476927e-82,0.0,0.0,5.343925471323612e-31,0.0,0.0,0.030996637373485306,3.395945879119737e-133,0.0,0.008144020834441686,1.4831583370466486e-167,0.0,0.0,0.010417015045307943,1.9049897324618254e-134,0.0,1.3366246937464728e-51,6.857096215236891e-218,0.0,0.0,0.0071530701613340165,7.297711643280739e-72,0.0,0.0,0.016679720748692187,0.0,0.0,0.0,4.03025046112024e-30,7.322281941655783e-112,0.0,3.62489282437535e-66,0.0,0.0,0.0,6.0629782634158865e-18,0.0,0.0,0.0,0.009537426884025497,5.405705838507924e-47,0.0,0.0,2.4660302754877723e-52,9.586121881217168e-71,0.0,0.0,3.829463100144274e-6,0.0,0.0,0.0,7.996525791259678e-72,0.0,0.0,0.0,0.0008876289590923588,0.0,0.0,2.448281164999023e-58,3.1179963803276825e-162,0.0,0.0,0.0,0.0,8.856180126831705e-125,0.0,0.0,0.0
2.0807679961354575e-266,1.6681294057933735e-40,0.0,0.0,8.194551341102e-80,0.017103515055491608,0.0,0.0,1.3265723536593764e-73,0.9674507757144549,0.0,0.0,1.5861511811124582e-65,0.0019794713913557165,0.0,0.0,0.0,3.1141303695581065e-9,0.0,0.0,1.0983634699213566e-174,1.06947267906236e-43,0.0,0.0,6.416173430137942e-26,0.0026554877802347724,0.0,0.0,0.0,0.008247435594241721,0.0,0.0,2.6164479978547857e-155,5.106129523616105e-20,0.0,0.0,0.0,0.0025633113500902857,0.0,0.0,0.0,5.616343969181331e-16,0.0,0.0,5.625064709039962e-72,0.0,0.0,0.0,6.565659313408332e-119,0.0,0.0,4.202239345292492e-105,0.0,2.4724856962425614e-51,5.766583778452951e-53,0.0,0.0,0.0,1.539225558333057e-181,0.0,0.0,5.3999093155493205e-210,0.0,0.0,0.0,1.4790407319909276e-178,0.0,0.0,0.0,5.050241249315967e-192,0.0,0.0,0.0,8.295539863168454e-142,0.0,0.0,2.0070625919261648e-233,0.0,0.0,0.0,4.78782990930809e-184,0.0,0.0,0.0,2.3795292263796473e-195,0.0,0.0,0.0,2.39921403620034e-177,0.0,0.0,0.0,3.6781078410481904e-151,0.0,0.0,0.0,1.5061771337547084e-203,0.0,0.0,0.0,9.814126013024015e-224,0.0,0.0,0.0,0.0,0.0,0.0,0.0,0.0,0.0,0.0
0.0,0.0,0.0,8.824392419119806e-116,2.153674944212251e-303,0.0,1.4301322664160315e-123,0.00010360078381789119,1.243935000042903e-292,0.0,6.127845586994167e-107,0.9412489521281853,0.0,0.0,1.9052343461989137e-75,0.056481863536710177,0.0,0.0,0.0,1.431844567744947e-51,0.0,0.0,0.0,9.90941165007897e-8,6.943227798398449e-305,0.0,0.0,4.305249033243193e-16,0.0,0.0,0.0,0.001395130752510596,0.0,0.0,0.0,6.993082090299246e-43,0.0,0.0,0.0,0.0007703537046591708,0.0,0.0,4.5201929350346165e-25,2.7067557200353323e-303,0.0,0.0,5.130963235263515e-19,0.0,0.0,3.5098645289586145e-93,0.0,0.0,1.6393437681190725e-22,0.0,0.0,0.0,1.165223250942164e-307,0.0,0.0,0.0,0.0,0.0,0.0,1.42254465874e-311,0.0,0.0,0.0,2.5747358621688827e-284,0.0,0.0,0.0,0.0,0.0,0.0,0.0,0.0,0.0,0.0,0.0,0.0,0.0,0.0,7.5211819674592765e-211,0.0,0.0,0.0,0.0,0.0,0.0,0.0,0.0,0.0,0.0,0.0,0.0,0.0,0.0,0.0,0.0,0.0,0.0,0.0,0.0,0.0,0.0,0.0,0.0,0.0,0.0,0.0,0.0
7.794169730369606e-238,5.571360271838565e-28,0.0,0.0,2.734007012864204e-97,0.0002794891919712577,1.8610158972284956e-290,0.0,1.8666896397649408e-97,0.9383468789839907,5.48348361193481e-297,0.0,1.335540393682051e-94,0.06046113192853086,0.0,0.0,1.003449489700019e-282,3.4902825187096795e-34,0.0,0.0,2.5747976939524668e-207,0.0009124973785503844,0.0,0.0,1.1229119092774855e-136,3.406794046949155e-26,0.0,0.0,0.0,2.516956754743827e-9,0.0,0.0,2.388638960257197e-175,4.1516615466565335e-19,0.0,0.0,0.0,7.694749359454643e-19,0.0,0.0,0.0,2.0558093334083854e-23,0.0,0.0,1.2971687821851115e-61,0.0,0.0,0.0,3.662380224413784e-108,0.0,0.0,1.2363645654653776e-88,0.0,0.0,8.442102271560512e-50,0.0,0.0,0.0,9.489506702232836e-189,0.0,1.1717696315845078e-267,8.013651021885996e-204,0.0,0.0,0.0,2.657457358513179e-146,0.0,0.0,0.0,2.115198651626244e-168,0.0,0.0,4.908940189615209e-279,1.082927284734019e-130,0.0,0.0,7.095402952249585e-165,0.0,0.0,0.0,3.606179324683968e-171,0.0,0.0,0.0,1.3189948783396628e-157,0.0,0.0,0.0,6.82621013367587e-108,0.0,0.0,8.861240526120181e-223,2.1827706327689114e-140,0.0,0.0,6.239640151289439e-257,7.45417679172387e-145,0.0,0.0,0.0,3.089369694530016e-228,0.0,0.0,0.0,0.0,0.0,0.0,0.0,0.0,0.0,0.0
0.0,0.0,4.827411005803247e-124,8.331484881451344e-290,0.0,8.856697580109048e-307,0.028716184209566148,1.644862727158795e-95,0.0,6.608091883891516e-303,0.9592142830540691,5.33310726949263e-88,0.0,0.0,0.012069532736364933,1.049379972790172e-104,0.0,0.0,2.5273312578001707e-151,0.0,0.0,0.0,1.922892297614473e-61,0.0,0.0,0.0,1.6970231442711562e-27,0.0,0.0,0.0,0.0,0.0,0.0,0.0,0.0,0.0,0.0,0.0,0.0,0.0,0.0,0.0,0.0,0.0,0.0,0.0,0.0,0.0,0.0,0.0,0.0,0.0,0.0,0.0,0.0,0.0,0.0,0.0,0.0,0.0,0.0,0.0,0.0,0.0,0.0,0.0,0.0,0.0,0.0,0.0,0.0,0.0,0.0,0.0,0.0,0.0,0.0,0.0,0.0,0.0,0.0,0.0,0.0,0.0,0.0,0.0,0.0,0.0,0.0,0.0,0.0,0.0,0.0,0.0,0.0,0.0,0.0,0.0,0.0,0.0,0.0,0.0,0.0,0.0,0.0,0.0,0.0,0.0,0.0,0.0,0.0
1.5316789514041593e-271,0.0028163596028449155,0.0,0.0,1.3904564357750727e-191,0.1699508903376013,0.0,0.0,1.6292307595599182e-166,0.6797452514164412,0.0,0.0,2.49453608213527e-181,0.07026795989341351,0.0,0.0,3.621289385701333e-297,0.04640914904458931,0.0,0.0,1.917838176431116e-197,1.3633603243762571e-6,0.0,0.0,7.188232563613223e-213,0.012730819591839247,0.0,0.0,0.0,0.0019916955293038446,0.0,0.0,1.5551080674463022e-266,2.3347476225997163e-5,0.0,0.0,4.971576395188527e-252,0.009175915911202476,0.0,0.0,0.0,6.397607057242263e-10,0.0,0.0,0.004066946961995161,0.0,0.0,0.0,1.7548127034331023e-16,0.0,0.0,3.244398738281204e-22,0.0,4.477163595762389e-251,0.0028203002344576677,0.0,0.0,0.0,2.4037500666341717e-56,0.0,3.4292897742493996e-238,5.0119350884657404e-88,0.0,0.0,0.0,2.8853258258486383e-33,0.0,0.0,0.0,9.166538997548521e-29,0.0,0.0,8.981759440462233e-247,6.552289481749301e-29,0.0,0.0,2.368695069869227e-23,0.0,0.0,0.0,2.2888196333864464e-60,0.0,0.0,0.0,6.842979813903209e-30,0.0,0.0,0.0,3.2288333838937205e-21,0.0,0.0,1.992750155548685e-236,2.085316907689133e-28,0.0,0.0,0.0,7.141722902166095e-17,0.0,0.0,0.0,2.1896364167647106e-57,0.0,0.0,6.282653933169228e-160,0.0,0.0,0.0,0.0,0.0,0.0,0.0
0.0,5.131396075207015e-232,0.0,0.0,2.5635703158623557e-232,6.303742014440757e-51,0.0,0.0,9.663959199937855e-213,4.43977398668361e-33,0.0,0.0,4.3110881156798076e-235,4.476459839406047e-6,0.0,0.0,1.4473895266694685e-121,0.5404312580204788,0.0,0.0,1.0005524686168002e-168,0.14809288107432605,0.0,0.0,0.0,0.02083082583353124,0.0,0.0,0.0,0.05048590335357827,0.0,0.0,8.833802019155312e-94,0.007672246078209604,0.0,0.0,5.047692084388256e-96,0.02574982730175746,0.0,0.0,0.0,2.938684605759196e-15,0.0,0.0,0.006967891757458368,0.0,0.0,0.0,0.04663480713032167,0.0,0.0,0.010023573028224785,0.0,2.803919313720515e-183,1.8879005542767627e-34,0.0,0.0,8.660275469989603e-89,1.7966197675811818e-24,0.0,3.0110904321416014e-79,3.287995241178067e-34,0.0,0.0,0.0,0.01780525680288494,0.0,0.0,0.0,0.0009208121550021339,0.0,0.0,6.019346641563469e-39,3.217383781812744e-17,0.0,0.0,0.023591635623849395,0.0,0.0,0.0,0.025824588627758993,0.0,0.0,0.0,0.008578819910272557,0.0,0.0,0.0,8.307714031903458e-15,0.0,0.0,5.281795599666801e-38,0.024956089874470223,0.0,0.0,0.019601334021685363,0.00982431545560221,0.0,0.0,0.0,0.00937316536211643,0.0,5.181753565919459e-52,0.002630292128620817,0.0,0.0,7.588893987278555e-81,0.0,0.0,0.0,0.0
3.721162067507033e-87,2.597481590454465e-250,0.0,5.007049599668263e-264,8.26506593178298e-5,5.675739051565482e-144,0.0,2.9056733199853536e-136,0.9793522734862002,3.142865759732959e-134,0.0,9.318378386762393e-119,0.01991125519348427,1.2927785890641062e-149,0.0,1.507763258177637e-242,4.016091659253115e-9,5.631153442917772e-132,0.0,2.128796064739196e-230,4.2783078979589655e-7,0.0,0.0,0.0,2.8531067404767476e-8,1.910939794018033e-168,0.0,0.0,1.3415601340529025e-8,1.103114648092472e-163,0.0,0.0,4.270536852738396e-5,0.0,0.0,9.967627993352472e-186,5.507546915458061e-7,9.747542716850164e-114,0.0,1.0421390192447334e-259,1.52392699214051e-43,0.0,0.0,5.838545303192018e-59,0.0,0.0,6.458123226e-315,3.8978481998278596e-95,4.8352546109011824e-223,2.820153041051006e-203,2.5917961530432807e-95,0.0,0.0,3.0355529019632248e-120,0.0,0.0,0.0,3.2890655311182003e-136,0.0,0.0,3.357332410663591e-117,0.0,0.0,0.0,6.79167120512311e-95,0.0,0.0,0.0,1.9822158314797808e-134,0.0,0.0,0.0,0.0006100907442282104,0.0,0.0,2.1851592035094526e-87,0.0,0.0,0.0,4.7288446430934424e-136,0.0,0.0,0.0,4.098438526725144e-31,0.0,0.0,0.0,5.806489831021486e-82,0.0,0.0,0.0,1.8078834214979578e-135,0.0,0.0,0.0,1.1782859032389813e-196,0.0,0.0,0.0,2.517541350894512e-276,0.0,0.0,3.0497143183211496e-284,0.0,0.0,1.0056186887053167e-298,0.0,0.0,3.1402830356447594e-300,0.0,0.0
0.0,0.0,1.1186506357520571e-32,5.62154737386733e-66,0.0,0.0,0.06162223065284187,0.1228093884613422,0.0,0.0,2.4565027373396144e-9,0.8155683784180602,0.0,0.0,5.729502099555276e-12,5.523545229967204e-12,0.0,0.0,0.0,0.0,0.0,0.0,0.0,0.0,0.0,0.0,0.0,0.0,0.0,0.0,0.0,0.0,0.0,0.0,0.0,0.0,0.0,0.0,0.0,0.0,0.0,0.0,0.0,0.0,0.0,0.0,0.0,0.0,0.0,0.0,0.0,0.0,0.0,0.0,0.0,0.0,0.0,0.0,0.0,0.0,0.0,0.0,0.0,0.0,0.0,0.0,0.0,0.0,0.0,0.0,0.0,0.0,0.0,0.0,0.0,0.0,0.0,0.0,0.0,0.0,0.0,0.0,0.0,0.0,0.0,0.0,0.0,0.0,0.0,0.0,0.0,0.0,0.0,0.0,0.0,0.0,0.0,0.0,0.0,0.0,0.0,0.0,0.0,0.0,0.0,0.0,0.0,0.0,0.0,0.0,0.0
0.0,0.0,5.2360287151915144e-39,2.9783603547292867e-19,0.0,0.0,0.8861197930467266,1.275302124276466e-28,0.0,0.0,0.11388020695327296,3.076950198076042e-16,0.0,0.0,3.019830240012183e-104,1.5044032143492818e-104,0.0,0.0,2.9416345015702676e-279,0.0,0.0,0.0,4.374204594892764e-189,0.0,0.0,0.0,2.790140977970288e-175,0.0,0.0,0.0,0.0,0.0,0.0,0.0,0.0,0.0,0.0,0.0,0.0,0.0,0.0,0.0,0.0,0.0,0.0,0.0,0.0,0.0,0.0,0.0,0.0,0.0,0.0,0.0,0.0,0.0,0.0,0.0,0.0,0.0,0.0,0.0,0.0,0.0,0.0,0.0,0.0,0.0,0.0,0.0,0.0,0.0,0.0,0.0,0.0,0.0,0.0,0.0,0.0,0.0,0.0,0.0,0.0,0.0,0.0,0.0,0.0,0.0,0.0,0.0,0.0,0.0,0.0,0.0,0.0,0.0,0.0,0.0,0.0,0.0,0.0,0.0,0.0,0.0,0.0,0.0,0.0,0.0,0.0,0.0,0.0
1.0,0.0,0.0,0.0,0.0,0.0,0.0,0.0,0.0,0.0,0.0,0.0,0.0,0.0,0.0,0.0,0.0,0.0,0.0,0.0,0.0,0.0,0.0,0.0,0.0,0.0,0.0,0.0,0.0,0.0,0.0,0.0,0.0,0.0,0.0,0.0,0.0,0.0,0.0,0.0,0.0,0.0,0.0,0.0,0.0,0.0,0.0,0.0,0.0,0.0
1703,4003,103,1701,4501,2202,2403,1001,3000,301,101,1602,3503,401,700,1103,1801,2300,602,2000,202,2002,1,1201,4001,2500,701,3001,1702,1603,802,702,2302,2100,603,502,200,1901,1503,800,2203,2001,1303,1401,2201,501,1501,1403,1100,1903,2102,600,4000,1800,2501,1700,1301,2,1300,1101,1500,801,703,5000,2402,1402,2103,3501,4500,203,1000,2303,102,303,902,400,1203,1400,201,1600,300,100,900,3500,2301,601,1102,1003,402,803,1601,500,503,302,2400,3003,2101,2502,1803,1900,2200,403,1200,3,2503,903,2401,0,1802,2003,901
402:19,2102:82,501:22,703:32,1603:64,1703:68,700:29,1100:44,1801:70,1900:73,2002:78,2001:77,1503:60,4001:107,4501:110,2302:90,2202:86,2300:88,1300:51,3501:104,1700:65,1901:74,2401:93,4000:106,603:28,1401:55,1500:58,1203:50,1501:59,2101:81,5000:111,2501:97,300:13,302:15,1701:66,2103:83,2303:91,802:35,1200:48,901:38,1702:67,1903:75,2402:94,801:34,2500:96,1602:63,203:12,1001:42,903:40,103:8,2503:99,702:31,2201:85,2:3,301:14,3003:102,2301:89,100:5,202:11,1102:46,200:9,3001:101,803:36,1601:62,2200:84,1301:52,0:1,1101:45,2003:79,1303:53,1003:43,2000:76,3500:103,503:24,502:23,1103:47,900:37,902:39,2400:92,2502:98,303:16,3503:105,600:25,102:7,401:18,1803:72,1600:61,101:6,1802:71,4003:108,3000:100,1000:41,1:2,201:10,601:26,1201:49,3:4,800:33,2203:87,500:21,1800:69,2403:95,602:27,701:30,400:17,1400:54,403:20,4500:109,2100:80,1403:57,1402:56
