20
0.624776448676931,0.0,0.0,0.0,0.0765179902271057,0.045587030039661816,0.0,0.0,4.157451378015977e-55,0.0,0.14324430598515886,0.08939939038383125,0.0,0.0,0.0,0.0,0.0,0.0,0.0005027759129082041,0.01997205877440318
0.0,0.8727292644813319,0.03776848813897941,0.0,0.0,0.0,0.033975177782539105,0.04653217034138334,0.0,0.0,0.0,0.0,0.0,0.0,0.0,0.008994899255766126,0.0,0.0,0.0,0.0
0.0,0.13905212697089533,0.7167325870924962,0.0,0.0,0.0,0.11257271254690408,7.2259659696755296e-6,0.0,0.0,0.0,0.0,0.0,0.0,0.0,0.03163534742373469,0.0,0.0,0.0,0.0
0.0,0.0,0.0,0.9166666666666666,0.0,0.0,0.0,0.0,0.0,0.015578369779805569,0.0,0.0,0.04421109401618643,0.0,0.012576292820709406,0.0,0.010967576716631934,0.0,0.0,0.0
0.0,0.06284773985176832,0.009114728345431066,0.0,0.9166393901292941,0.0,0.0,0.0,0.0,0.0,0.0,0.0,0.0,0.0,0.0,0.01139814167350656,0.0,0.0,0.0,0.0
0.3655158885088606,0.0,0.0,0.0,0.10555609466642865,0.509009832292641,0.0,0.0,0.0,0.0,0.01991817922865494,5.303414749523707e-9,0.0,0.0,0.0,0.0,0.0,0.0,0.0,1.6916460918224806e-20
0.0,0.0,0.0,0.07688190737692631,0.0,0.0,0.7483992251797188,0.17471886744335488,0.0,0.0,0.0,0.0,0.0,0.0,0.0,0.0,0.0,0.0,0.0,0.0
0.0,0.0,0.0,0.09339266901506067,0.0,0.0,0.2756321303120818,0.6309752006728575,0.0,0.0,0.0,0.0,0.0,0.0,0.0,0.0,0.0,0.0,0.0,0.0
0.0,0.0,0.0,0.0,0.0,0.0,0.0,0.0,0.3252958612026851,0.0,0.0,0.0,0.0,0.5239004703270483,0.0,0.0,0.0,0.15076727756965222,3.6390900614300356e-5,0.0
0.0,0.0,0.0,0.0,0.0,0.0,0.0,0.0,0.007462790094073426,0.6196324003203992,0.0,0.0,1.6644411482837088e-16,0.09366543415870471,0.07259859067646457,0.0,0.18453324292633233,0.0,0.02210754182402551,0.0
0.022885478407560805,0.0,0.0,0.0,0.0012008390474460724,9.083288907561375e-6,0.0,0.0,0.0,0.0,0.4797171497089368,0.489903564185366,0.0,0.0,0.0,0.0,0.0,0.0,0.0,0.006283885361782778
0.5181453377351494,0.0,0.0,0.0,0.1336438630314334,0.005844818998981231,0.0,0.0,0.0,0.0,1.1518664055247086e-5,0.26480072068813565,0.0,0.0,0.0,0.0,0.0,0.0,0.0,0.07755374088224513
0.0,0.0,0.0,0.0,0.0,0.0,0.0,0.0,3.511876188040092e-41,0.017748900671838146,0.0,0.0,0.7220727096777694,2.283380803449406e-68,0.19102576694544401,0.0,0.066493302722076,0.0,0.0026593199828724317,0.0
0.0,0.0,0.0,0.0,0.0,0.0,0.0,0.0,0.042203697086077824,0.0,0.0,0.0,0.0,0.6846200044771029,0.0,0.0,0.0,0.0675728776819931,0.20560342075482588,0.0
0.0,0.0,0.0,0.0,0.0,0.0,0.0,0.0,0.0320883848835803,0.018929536029085023,0.0,0.0,0.002256671672872106,1.8109520576998362e-9,0.22143109117159057,0.0,0.7252688513764547,0.0,2.5463055465159412e-5,0.0
0.0,0.056255899169837704,0.18248778527722143,0.0,0.0,0.0,1.0285447913829596e-19,0.043681077322200036,0.0,0.0,0.0,0.0,0.0,0.0,0.0,0.717575238230741,0.0,0.0,0.0,0.0
0.0,0.0,0.0,0.0,0.0,0.0,0.0,0.0,0.015441854791273175,0.4351162239903384,0.0,0.0,5.181375824446241e-7,0.04504951890460495,0.36807038730974584,0.0,0.07738133916846614,0.0,0.058940157697989125,0.0
0.04128739766331878,0.0,0.0,0.0,0.0,0.004347953892966868,0.0,0.0,0.0,0.0,0.02200968683497029,0.013574481389720533,0.0,0.0,0.0,0.0,0.0,0.9166666666666666,0.0,0.0021138135523568673
0.0,0.0,0.0,0.0,0.0,0.0,0.0,0.0,0.39638871300572937,0.0,0.0,0.0,0.0,0.04689301428347912,0.0,0.0,0.0,0.061919292955565426,0.49479897975522596,0.0
0.02478142532119622,0.0,0.0,0.0,0.14145517043302105,1.980732161084047e-21,0.0,0.0,0.0,0.0,0.04663720901710144,0.02657273169751104,0.0,0.0,0.0,0.0,0.0,0.0,0.0,0.7605534635311703
20,196
2.940431326387252e-116,0.0,0.0,0.0,0.0,0.0,5.358684056278168e-57,6.142080152122984e-18,4.9207343066414265e-114,0.0,0.0,0.0,0.0,0.0,3.6986382487396847e-91,0.9967101314775351,2.5172910456195624e-118,0.0,0.0,0.0,0.0,0.0005030794725566976,7.651980538591467e-101,0.0007250987335495136,8.558114883802377e-216,0.0,0.0,0.0,0.0,0.0,9.834366112397991e-85,1.5155310931235737e-30,5.2643048037579264e-154,0.0,0.0,0.0,0.0,0.0,0.0,1.1198416491627735e-55,1.9165532264229993e-246,0.0,0.0,0.0,0.0,0.0,0.0016110761427409665,1.8796492819408702e-150,0.0,0.0,0.0,0.0,0.0,5.154239712238391e-10,1.515974996196635e-179,0.0,0.0,0.0,0.0,0.0,2.900831429786461e-15,3.3930499736047036e-192,0.0,0.0,0.0,0.0,0.0,1.0322662731708076e-21,0.0,0.0,0.0,0.0,0.0,4.4165045253394845e-108,1.483154438459907e-34,2.4441156201954917e-144,0.0,0.0,0.0,0.0,0.00045061365819123615,4.7836545740163636e-144,0.0,0.0,0.0,0.0,0.0,1.6821807613039054e-140,0.0,0.0,0.0,0.0,0.0,6.930470845133926e-42,7.077768634824702e-280,0.0,0.0,0.0,0.0,5.335227011421458e-211,9.779957035774578e-303,0.0,0.0,0.0,0.0,0.0,2.039777354721653e-141,3.531715677229646e-150,0.0,0.0,0.0,7.108292397743926e-164,7.058480588409979e-302,0.0,0.0,0.0,0.0,0.0,6.918597037237675e-123,1.5273881752871175e-131,0.0,0.0,0.0,0.0,0.0,1.5974229506965784e-170,0.0,0.0,0.0,0.0,0.0,0.0,1.7367248900275668e-139,1.150581652904758e-251,0.0,0.0,0.0,2.2052945618595575e-270,0.0,0.0,0.0,0.0,0.0,2.071687921009819e-278,0.0,0.0,0.0,0.0,0.0,0.0,1.9002811041899234e-194,1.079245129121986e-146,0.0,0.0,0.0,0.0,0.0,4.91590808748695e-280,6.670410301197778e-190,0.0,0.0,0.0,0.0,3.2512212594996225e-180,0.0,0.0,0.0,0.0,0.0,0.0,0.0,0.0,0.0,0.0,0.0,2.5057606036751163e-197,0.0,0.0,0.0,0.0,0.0,1.864832420975758e-262,0.0,0.0,0.0,0.0,0.0,0.0,0.0,0.0,0.0,0.0,0.0,0.0,0.0,0.0
5.376649036942283e-95,0.03929958712545735,8.233348655589299e-83,0.0,0.0,0.0,0.0,0.0,1.7028578030286953e-95,0.6220304020619829,1.7945382539540577e-84,0.0,0.0,0.0,0.0,0.0,3.012461742698616e-102,0.33557042500272694,6.180668512815383e-104,0.0,0.0,0.0,0.0,0.0,1.3234001385515017e-101,3.141770604560257e-8,3.0950657500876253e-164,0.0,0.0,0.0,0.0,0.0,4.687549741666181e-111,6.946439171544251e-20,1.064742770410136e-147,0.0,0.0,0.0,0.0,0.0,1.9164503445300417e-123,0.0007443225330421636,1.1007600768624026e-307,0.0,0.0,0.0,0.0,4.856280136872024e-97,0.0007134609602182003,1.791674700954557e-158,0.0,0.0,0.0,0.0,2.7848470293601026e-128,2.2439408987714924e-19,1.494396976202259e-151,0.0,0.0,0.0,0.0,1.1778673012905234e-144,0.00043949657332586985,1.5576385317005979e-152,0.0,0.0,0.0,0.0,2.8553877950325e-235,0.000355922901597079,2.27942946115736e-173,0.0,0.0,0.0,0.0,9.67848799793198e-175,0.0007873251681730558,0.0,0.0,0.0,0.0,5.2493095286208924e-226,5.093302918591049e-29,2.3670813682129023e-209,0.0,0.0,0.0,0.0,3.787755875547479e-113,1.2088695566905108e-235,3.766212053380353e-263,0.0,0.0,0.0,0.0,1.9111724409045908e-69,0.0,0.0,0.0,0.0,5.341216700295272e-135,5.9026255770423436e-5,0.0,0.0,0.0,0.0,0.0,8.837659262867955e-190,5.014140554239183e-136,0.0,0.0,0.0,2.742561959973324e-107,2.218063154400562e-118,0.0,0.0,0.0,0.0,0.0,1.0246339843365487e-67,1.5061078792604923e-54,1.5716007454056357e-199,0.0,0.0,0.0,0.0,0.0,4.259368345865209e-62,0.0,0.0,0.0,0.0,0.0,4.0362741259993264e-156,6.808436490167244e-152,0.0,0.0,0.0,0.0,7.259633818652881e-101,7.008833457151006e-256,0.0,0.0,0.0,7.668856458253663e-157,4.384004619122591e-143,1.5717911976998018e-260,0.0,0.0,0.0,0.0,2.8741041747211087e-207,1.4337817206300402e-109,0.0,0.0,0.0,0.0,0.0,1.0920450830150533e-210,4.3965089232246196e-38,0.0,0.0,0.0,0.0,9.182800347923593e-154,1.5405497423003226e-125,3.534418207448339e-252,0.0,0.0,0.0,0.0,1.4767235179336753e-209,4.7309264402141866e-271,0.0,0.0,0.0,0.0,4.7378837495549865e-244,1.3112251206507795e-277,0.0,0.0,0.0,7.560664379649582e-220,0.0,0.0,0.0,0.0,0.0,0.0,0.0,0.0,0.0,0.0,0.0,0.0,0.0
4.185939549289789e-177,6.7114231470762535e-77,1.4421713547087008e-161,0.0,0.0,0.0,0.0,0.0,1.5379003398848709e-145,0.00456865232388724,1.4152367445585987e-94,0.0,0.0,0.0,0.0,0.0,7.260619724359716e-120,0.5961521783077943,5.861283009600933e-85,0.0,0.0,0.0,0.0,0.0,5.541887139045647e-79,0.29497850221822736,7.952748084017507e-77,0.0,0.0,0.0,0.0,0.0,1.6645727659130404e-110,0.027749590233352484,6.014155071731052e-75,0.0,0.0,0.0,0.0,0.0,2.0372600400820992e-147,0.015274151911481498,1.8223743639901047e-288,0.0,0.0,0.0,0.0,4.57285474288707e-120,0.02991790809116594,8.841287669858203e-96,0.0,0.0,0.0,0.0,2.5590329952971022e-80,0.015590688049034226,4.4666864188570476e-66,0.0,0.0,0.0,0.0,6.387540461387325e-170,0.012642550762362526,3.8972579836490807e-253,0.0,0.0,0.0,0.0,9.456557952771485e-193,0.0014697863126305712,3.176053816850537e-48,0.0,0.0,0.0,0.0,1.5016345149375311e-139,0.0011735998310216597,0.0,0.0,0.0,0.0,6.384962864775503e-171,0.00048239061960702765,8.950885055317525e-163,0.0,0.0,0.0,0.0,3.5468913440304353e-122,2.5163727334424003e-68,4.045455331730557e-105,0.0,0.0,0.0,0.0,1.1964848991814182e-52,0.0,0.0,0.0,0.0,3.635651409700341e-59,2.6220635466757455e-52,0.0,0.0,0.0,0.0,0.0,2.7160771595674164e-167,2.4236777118970074e-76,0.0,0.0,0.0,5.269402598448619e-116,1.3945421046486908e-67,0.0,0.0,0.0,0.0,0.0,2.0584264314455163e-118,8.947024085404057e-12,0.0,0.0,0.0,0.0,0.0,0.0,2.8253569238942157e-19,0.0,0.0,0.0,0.0,0.0,3.222171265406808e-157,1.4683099280425482e-71,0.0,0.0,0.0,0.0,2.0191374492321937e-32,7.45090336266e-312,0.0,0.0,0.0,6.344513364747295e-116,8.000783358146187e-84,8.733852054381187e-304,0.0,0.0,0.0,0.0,7.989338367901324e-176,1.3304880796059942e-9,0.0,0.0,0.0,0.0,0.0,7.901397251673026e-152,2.4992773368244534e-49,0.0,0.0,0.0,0.0,1.673454612029373e-110,3.103592670085246e-82,4.654134671996893e-305,0.0,0.0,0.0,0.0,2.805747945880482e-166,2.0e-323,0.0,0.0,0.0,0.0,5.632012532354391e-125,1.73629e-318,0.0,0.0,0.0,5.416280027946924e-156,0.0,0.0,0.0,0.0,1.804956312622811e-172,0.0,0.0,0.0,0.0,1.8658953450966054e-188,0.0,0.0,0.0
0.0,0.0,8.895707713600904e-100,0.007762557077625571,1.1148303892610704e-138,0.0,0.0,0.0,0.0,0.0,5.5763280923603195e-124,0.10547945205479452,4.843727891736767e-103,0.0,0.0,0.0,0.0,0.0,9.038638208272718e-104,0.5116438356164383,6.978658902498719e-98,0.0,0.0,0.0,0.0,0.0,7.283068697089964e-86,0.2648401826484018,1.1130205905064756e-106,0.0,0.0,0.0,0.0,0.0,7.781197489983123e-100,0.025570776255707764,4.688654728483401e-143,0.0,0.0,0.0,0.0,0.0,4.3489793794126516e-88,0.00821917808219178,2.4894768897087465e-77,0.0,0.0,0.0,0.0,2.6259509476440634e-67,0.00684931506849315,0.0,0.0,0.0,0.0,0.0,8.8758938594285e-96,0.0073059360730593605,0.0,0.0,0.0,0.0,0.0,1.556060398720629e-60,0.005479452054794521,0.0,0.0,0.0,0.0,0.0,4.686910375143793e-74,0.006621004566210046,0.0,0.0,0.0,0.0,0.0,2.291958035082708e-90,0.005936073059360731,0.0,0.0,0.0,0.0,1.4216477610432226e-58,0.0038812785388127853,0.0,0.0,0.0,0.0,0.0,4.83968592902998e-78,0.0038812785388127853,0.0,0.0,0.0,0.0,8.072376438378939e-80,0.0038812785388127853,0.0,0.0,0.0,0.0,4.6379326123198886e-94,0.0031963470319634705,0.0,0.0,0.0,0.0,0.0,2.2341851106712216e-67,0.0043378995433789955,0.0,0.0,0.0,0.0,0.0029680365296803654,0.0,0.0,0.0,0.0,0.0,1.8145063641362576e-90,0.0018264840182648401,4.140948392415268e-61,0.0,0.0,0.0,0.0,1.2531614365632156e-82,0.0027397260273972603,0.0,0.0,0.0,0.0,0.0,1.7566996954262864e-94,0.0018264840182648401,0.0,0.0,0.0,2.330663802441765e-128,0.0027397260273972603,0.0,0.0,0.0,0.0,1.369586543133508e-116,0.0013698630136986301,1.0024087139829372e-65,0.0,0.0,0.0,0.0,4.28563846342474e-110,0.002511415525114155,0.0,0.0,0.0,0.0,0.0,4.8701066591487535e-98,0.00228310502283105,0.0,0.0,0.0,0.0,6.098573681397473e-66,0.00228310502283105,0.0,0.0,0.0,0.0,1.169213558348665e-88,0.0029680365296803654,1.7442185999469852e-60,0.0,0.0,0.0,4.072385113088334e-113,0.001141552511415525,0.0,0.0,0.0,1.3051556541090192e-80,0.00045662100456621003,0.0,0.0,0.0,0.0,0.0,0.0,0.0,0.0,0.0,0.0,0.0
0.03128877685558004,2.397158555759417e-96,0.0,0.0,0.0,0.0,0.0,1.3812583195142319e-155,0.44877698190667725,7.214752514604578e-105,0.0,0.0,0.0,0.0,0.0,4.3758551995148294e-98,0.3412075373885882,3.864462584887801e-100,0.0,0.0,0.0,0.0,0.0,1.803236430150462e-95,0.04750412836467626,1.6463219297616393e-102,0.0,0.0,0.0,0.0,0.0,1.8118098088831056e-101,0.016900507206663667,3.267645707988539e-70,0.0,0.0,0.0,0.0,0.0,7.592821896341598e-116,0.011876032091169067,1.4763356980531828e-104,0.0,0.0,0.0,0.0,0.0,0.01004895023098921,4.469359618052686e-106,0.0,0.0,0.0,0.0,3.97802384293057e-145,0.009592179765944247,1.5892837527222372e-116,0.0,0.0,0.0,0.0,1.9214307220351317e-160,0.0089070240683768,1.3944989250612323e-119,0.0,0.0,0.0,0.0,7.725576148016108e-109,0.010277335463511693,7.648050749233845e-115,0.0,0.0,0.0,0.0,3.365858786515797e-73,0.003882548952882195,2.5637758241495204e-78,0.0,0.0,0.0,9.217728658622012e-173,0.003882548952882195,0.0,0.0,0.0,0.0,0.0,6.618801235941863e-93,0.004796089882972123,0.0,0.0,0.0,0.0,1.2372286220298733e-47,0.0029690080227922667,3.38478232372341e-142,0.0,0.0,0.0,3.114529562839668e-147,0.005024475115494604,1.1170373596335336e-141,0.0,0.0,0.0,0.0,6.17758326530134e-164,0.0034257784878372307,7.160316352803415e-170,0.0,0.0,2.7319821441004587e-146,0.005252860348017087,5.4174754503144966e-139,0.0,0.0,0.0,0.0,0.0,0.002740622790269785,2.644042956020883e-85,0.0,0.0,0.0,0.0,0.0,0.002740622790269785,1.018677053994986e-110,0.0,0.0,0.0,0.0,2.8353560374251198e-139,0.005024475115494605,0.0,0.0,0.0,1.4465638806456979e-157,0.0036541637203597126,0.0,0.0,0.0,0.0,0.0,0.004339319417927159,0.0,0.0,0.0,0.0,0.0,5.655812087290538e-119,0.005024475115493794,0.0,0.0,0.0,0.0,0.0,9.81800836367789e-121,0.0029690080178655805,0.0,0.0,0.0,0.0,4.027237308619364e-138,0.0028700748117710985,0.0,0.0,0.0,0.0,0.0,0.0011419261626124102,3.68136195249977e-147,0.0,0.0,0.0,0.0,0.0015986966276573744,2.09414231658744e-159,0.0,0.0,0.0,0.0018270818601795749,4.857755703023269e-136,0.0,0.0,0.0,0.0,0.0,0.0,0.0,0.0,0.0004567704650449641,0.0,0.0,0.0,0.0
9.252530555516599e-57,0.0,0.0,0.0,0.0,0.0,7.80210816983065e-37,0.6544781031968409,9.973605236112592e-74,0.0,0.0,0.0,0.0,0.0,4.314545318303775e-101,0.34140919232391415,2.659896608920925e-96,0.0,0.0,0.0,0.0,0.0,4.608311692247673e-140,2.7989830094799764e-10,1.7418949308158467e-234,0.0,0.0,0.0,0.0,0.0,3.80921943745354e-130,2.562876236206772e-58,1.228511066878097e-135,0.0,0.0,0.0,0.0,0.0,0.0,1.8814720203451804e-111,4.951061455564491e-266,0.0,0.0,0.0,0.0,0.0,3.8268886922063845e-14,2.1862346919938334e-178,0.0,0.0,0.0,0.0,0.0,0.004112704199308253,1.5475835190819019e-204,0.0,0.0,0.0,0.0,0.0,1.9521796605757155e-58,7.724568363373511e-218,0.0,0.0,0.0,0.0,0.0,1.9333317294588558e-60,0.0,0.0,0.0,0.0,0.0,0.0,4.5076714272070316e-46,7.687320686577293e-171,0.0,0.0,0.0,0.0,1.5731242737037833e-44,6.364023996447899e-176,0.0,0.0,0.0,0.0,0.0,2.1593685997515986e-167,0.0,0.0,0.0,0.0,0.0,5.845281241741646e-23,0.0,0.0,0.0,0.0,0.0,0.0,0.0,0.0,0.0,0.0,0.0,0.0,5.479209550885303e-286,5.853255419155261e-124,0.0,0.0,0.0,0.0,0.0,0.0,0.0,0.0,0.0,0.0,0.0,4.04912179135279e-161,0.0,0.0,0.0,0.0,0.0,2.3422113313167326e-274,0.0,0.0,0.0,0.0,0.0,0.0,1.4081199562737229e-218,2.742931372220955e-264,0.0,0.0,0.0,0.0,0.0,0.0,0.0,0.0,0.0,0.0,0.0,0.0,0.0,0.0,0.0,0.0,0.0,1.8171106366010333e-164,0.0,0.0,0.0,0.0,0.0,0.0,9.953077996910762e-202,0.0,0.0,0.0,0.0,3.265134982217101e-196,0.0,0.0,0.0,0.0,0.0,0.0,0.0,0.0,0.0,0.0,0.0,0.0,0.0,0.0,0.0,0.0,0.0,0.0,0.0,0.0,0.0,0.0,0.0,0.0,0.0,0.0,0.0,0.0,0.0,0.0,0.0,0.0
0.0,1.0768397934695648e-163,1.6925557954285824e-18,1.8620365059117386e-124,0.0,0.0,0.0,0.0,0.0,7.369105874341777e-112,0.01605190961139085,2.0895990342078614e-105,0.0,0.0,0.0,0.0,0.0,4.0530092135510545e-98,0.6922818922262939,3.4881593835595503e-112,0.0,0.0,0.0,0.0,0.0,6.583253382006442e-122,0.24319944022315804,3.658813322648837e-111,0.0,0.0,0.0,0.0,0.0,2.658348031533968e-159,0.018613671926968316,5.881284046840612e-116,0.0,0.0,0.0,0.0,0.0,1.0978408584914462e-112,0.001769245338966394,1.495022022811027e-76,0.0,0.0,0.0,0.0,2.337266620685705e-74,0.004706848046316012,2.3397877105026496e-49,0.0,0.0,0.0,0.0,0.0,0.0071216231106485586,4.42386247411479e-88,0.0,0.0,0.0,0.0,2.497284494306946e-125,0.005906791845989112,2.598438544418456e-79,0.0,0.0,0.0,0.0,8.957052887387295e-282,0.004933172009243117,6.506519890597357e-59,0.0,0.0,0.0,0.0,0.0,0.002513329603257174,2.572485882484619e-53,0.0,0.0,0.0,0.0,0.0028928373604007315,9.016494041797724e-57,0.0,0.0,0.0,0.0,0.0,9.238697367896635e-6,4.055874217219112e-70,0.0,0.0,0.0,0.0,5.838003703520678e-34,1.2873748730195017e-53,0.0,0.0,0.0,9.118032468960573e-78,2.748847474140793e-20,4.171501512373423e-58,0.0,0.0,0.0,0.0,0.0,6.350399674518581e-31,6.531624191955687e-76,0.0,0.0,0.0,6.904875287766155e-45,4.84484786230585e-73,0.0,0.0,0.0,0.0,0.0,5.143087581159976e-26,3.2073312167020447e-60,0.0,0.0,0.0,0.0,0.0,3.4436714873446e-42,1.6406412618210981e-112,0.0,0.0,0.0,0.0,7.319790248136199e-223,3.7182597642069993e-60,6.634641790268028e-41,0.0,0.0,0.0,7.457852933578255e-34,0.0,0.0,0.0,0.0,0.0,2.5134374545873053e-54,3.404203868562717e-110,0.0,0.0,0.0,0.0,0.0,1.2104935556538004e-78,9.365818647689415e-62,0.0,0.0,0.0,0.0,0.0,1.327828610039031e-41,3.566517565295792e-127,0.0,0.0,0.0,1.2655094282788595e-102,1.8339227889644856e-42,2.0078228209572244e-85,0.0,0.0,0.0,0.0,6.561210534943158e-40,1.9165566480547922e-77,0.0,0.0,0.0,0.0,7.211610181167064e-69,4.631718808746351e-98,0.0,0.0,0.0,4.4639337642388337e-67,0.0,0.0,0.0,0.0,9.24265367075806e-98,0.0,0.0,0.0,0.0,0.0,0.0,0.0
0.0,7.100186829566293e-100,0.017529056287922947,3.437047059432937e-67,0.0,0.0,0.0,0.0,0.0,3.2857808197176736e-102,0.5990055886963417,1.384527421425248e-87,0.0,0.0,0.0,0.0,0.0,1.3428150517109838e-106,0.023142487044221505,2.991908392284202e-112,0.0,0.0,0.0,0.0,0.0,4.100937310891342e-166,5.082982540037659e-6,2.4785578600630674e-104,0.0,0.0,0.0,0.0,0.0,4.225142355989448e-165,0.05394764331956178,8.231868095707019e-82,0.0,0.0,0.0,0.0,0.0,2.8095318967024226e-93,0.03288373242469947,2.0669407254275584e-57,0.0,0.0,0.0,0.0,1.4338635090653888e-97,0.021875977623298723,4.95995361123648e-34,0.0,0.0,0.0,0.0,0.0,0.015189249013476515,9.338719767727301e-54,0.0,0.0,0.0,0.0,2.9727687248482028e-152,0.015330559580901692,4.684260881018816e-42,0.0,0.0,0.0,0.0,8.654477167243372e-194,0.01626436685886641,9.896378577579228e-33,0.0,0.0,0.0,0.0,0.0,0.0165316760428251,3.835096321195563e-35,0.0,0.0,0.0,0.0,0.011265516515523736,8.95121346745516e-45,0.0,0.0,0.0,0.0,0.0,0.019851858425999316,2.2248529212180707e-27,0.0,0.0,0.0,0.0,0.010517433772753769,1.1480134887958059e-45,0.0,0.0,0.0,4.687786474702247e-10,0.01811335816418705,3.3421962560949646e-20,0.0,0.0,0.0,0.0,3.151427025078807e-184,0.011686037525281965,2.2745947562909233e-38,0.0,0.0,7.062931348442541e-153,0.014607546906602457,2.132294912550378e-48,0.0,0.0,0.0,0.0,0.0,0.016944754411658852,1.0794367767072291e-27,0.0,0.0,0.0,0.0,0.0,0.01343894315407426,1.2789226490253349e-52,0.0,0.0,0.0,0.0,2.225634986369439e-107,0.00993313189648967,1.667181877556271e-39,0.0,0.0,0.0,0.008180226267697375,0.0,0.0,0.0,0.0,0.0,0.006427320638905081,6.533798147422658e-53,0.0,0.0,0.0,0.0,0.0,0.005258716886376884,9.828638903230214e-28,0.0,0.0,0.0,0.0,0.0,0.007595924391433277,2.4932357771371985e-73,0.0,0.0,0.0,7.2807778437935e-140,0.007011622515169179,2.343341155990352e-55,0.0,0.0,0.0,6.17002376190814e-122,0.012854641277810162,4.587175887705811e-46,0.0,0.0,0.0,0.0,0.011101735649017867,1.792110192680289e-47,0.0,0.0,8.638781732560036e-151,0.002337207505056393,0.0,0.0,0.0,0.0,0.0011686037525281965,0.0,0.0,0.0,0.0,0.0,0.0,0.0
0.0,0.0,0.0,0.0,1.9765481648534794e-124,5.97588102109146e-47,8.247236712699451e-250,0.0,0.0,0.0,0.0,0.0,1.8395644642074056e-93,0.10974835601090464,3.991173113180438e-155,0.0,0.0,0.0,0.0,0.0,2.9247233886830126e-86,0.8749030951881541,2.8177237367143746e-136,0.0,0.0,0.0,0.0,0.0,7.547793202313023e-109,0.015348548800941041,6.229114661302987e-170,0.0,0.0,0.0,0.0,0.0,0.0,2.182990996622364e-29,0.0,0.0,0.0,0.0,0.0,0.0,0.0,0.0,0.0,0.0,0.0,0.0,0.0,0.0,0.0,0.0,0.0,0.0,0.0,0.0,0.0,0.0,0.0,0.0,0.0,0.0,0.0,0.0,0.0,0.0,0.0,0.0,0.0,0.0,0.0,0.0,0.0,0.0,0.0,0.0,0.0,0.0,0.0,0.0,0.0,0.0,0.0,0.0,0.0,0.0,0.0,0.0,0.0,0.0,0.0,0.0,0.0,0.0,0.0,0.0,0.0,0.0,0.0,0.0,0.0,0.0,0.0,0.0,0.0,0.0,0.0,0.0,0.0,0.0,0.0,0.0,0.0,0.0,0.0,0.0,0.0,0.0,0.0,0.0,0.0,0.0,0.0,0.0,0.0,0.0,0.0,0.0,0.0,0.0,0.0,0.0,0.0,0.0,0.0,0.0,0.0,0.0,0.0,0.0,0.0,0.0,0.0,0.0,0.0,0.0,0.0,0.0,0.0,0.0,0.0,0.0,0.0,0.0,0.0,0.0,0.0,0.0,0.0,0.0,0.0,0.0,0.0,0.0,0.0,0.0,0.0,0.0,0.0,0.0,0.0,0.0,0.0,0.0,0.0,0.0,0.0,0.0,0.0,0.0,0.0,0.0,0.0,0.0,0.0,0.0,0.0,0.0,0.0,0.0,0.0,0.0,0.0,0.0
0.0,0.0,0.0,1.3022648924396194e-90,0.05374137545437423,3.082462461725322e-73,0.0,0.0,0.0,0.0,0.0,1.6579048852135269e-71,0.9459074991318278,4.1552951288264515e-85,0.0,0.0,0.0,0.0,0.0,1.0303268799442945e-124,0.0003511254137980409,9.835816186664918e-90,0.0,0.0,0.0,0.0,0.0,3.097358961069671e-166,4.4626720614977366e-40,4.1699786686155746e-136,0.0,0.0,0.0,0.0,0.0,4.523122085686569e-297,6.345692026127238e-91,0.0,0.0,0.0,0.0,0.0,0.0,0.0,1.4868865410436078e-35,0.0,0.0,0.0,0.0,0.0,0.0,3.397713747056432e-67,0.0,0.0,0.0,0.0,0.0,9.285744562886459e-270,4.519353912755387e-59,0.0,0.0,0.0,0.0,0.0,0.0,9.783549515876407e-88,0.0,0.0,0.0,0.0,0.0,0.0,0.0,0.0,0.0,0.0,0.0,0.0,0.0,0.0,0.0,0.0,0.0,0.0,0.0,0.0,0.0,0.0,0.0,0.0,0.0,0.0,0.0,0.0,0.0,0.0,0.0,0.0,0.0,0.0,0.0,0.0,0.0,0.0,3.7954351501458075e-263,0.0,0.0,0.0,0.0,0.0,0.0,0.0,0.0,0.0,0.0,0.0,2.53441000541018e-201,0.0,0.0,0.0,0.0,0.0,0.0,1.0166064981533864e-137,0.0,0.0,0.0,0.0,0.0,0.0,0.0,0.0,0.0,0.0,0.0,0.0,0.0,0.0,0.0,0.0,0.0,0.0,0.0,0.0,0.0,0.0,0.0,0.0,0.0,0.0,0.0,0.0,0.0,0.0,0.0,0.0,0.0,0.0,0.0,0.0,0.0,0.0,0.0,0.0,0.0,0.0,0.0,0.0,3.045975512274211e-149,0.0,0.0,0.0,0.0,0.0,1.832259420435965e-275,0.0,0.0,0.0,0.0,0.0,0.0,0.0,0.0,0.0,0.0,0.0,0.0,0.0,0.0,0.0,0.0,0.0,0.0,0.0,0.0,0.0
0.0,0.0,0.0,0.0,0.0,0.0,2.1933069854574584e-120,1.0233352103526873e-59,0.0,0.0,0.0,0.0,0.0,0.0,4.4400423161012925e-93,4.1812191568326745e-5,4.4e-323,0.0,0.0,0.0,0.0,0.0,5.817127550797579e-69,0.9607090115424725,0.0,0.0,0.0,0.0,0.0,0.0,4.469055120772127e-52,0.025497935036409135,0.0,0.0,0.0,0.0,0.0,0.0,0.0,8.992817089872511e-6,0.0,0.0,0.0,0.0,0.0,0.0,0.000570957192009597,0.0,0.0,0.0,0.0,0.0,0.0,0.00482171828181626,0.0,0.0,0.0,0.0,0.0,0.0,0.007195308468460323,0.0,0.0,0.0,0.0,0.0,0.0,3.2194153173588e-39,0.0,0.0,0.0,0.0,0.0,4.798581051082797e-96,0.0011542644701741376,0.0,0.0,0.0,0.0,0.0,1.5616527009030117e-34,1.03548e-318,0.0,0.0,0.0,0.0,0.0,2.139173604958107e-237,0.0,0.0,0.0,0.0,0.0,2.4915204592644834e-103,0.0,0.0,0.0,0.0,0.0,5.876719600056836e-178,0.0,0.0,0.0,0.0,0.0,0.0,1.4065269998295585e-134,0.0,0.0,0.0,0.0,6.420282158555296e-149,0.0,0.0,0.0,0.0,0.0,0.0,1.530042828433783e-107,2.307955966317419e-306,0.0,0.0,0.0,0.0,0.0,1.5193986204391722e-105,0.0,0.0,0.0,0.0,0.0,0.0,1.7957769514014272e-157,0.0,0.0,0.0,0.0,1.876103283435789e-168,0.0,0.0,0.0,0.0,0.0,6.00772359946435e-259,0.0,0.0,0.0,0.0,0.0,0.0,6.581257479459128e-157,0.0,0.0,0.0,0.0,0.0,0.0,6.614454155494025e-286,0.0,0.0,0.0,0.0,0.0,2.694007502802638e-166,0.0,0.0,0.0,0.0,0.0,6.559538626769761e-283,0.0,0.0,0.0,0.0,0.0,7.889571642664279e-157,0.0,0.0,0.0,0.0,5.868209822308677e-275,0.0,0.0,0.0,0.0,0.0,0.0,0.0,0.0,0.0,2.0206638976111843e-278,0.0,0.0,0.0,0.0,0.0
1.5083628496019308e-101,0.0,0.0,0.0,0.0,0.0,7.099989838168893e-112,9.90448506125057e-38,1.3474113400536733e-92,0.0,0.0,0.0,0.0,0.0,2.3689164924621705e-137,0.04997505723296398,2.3475018992764555e-64,0.0,0.0,0.0,0.0,0.0,5.8395021818830384e-139,0.9312872649453185,9.045184216225994e-133,0.0,0.0,0.0,0.0,0.0,2.693072608786835e-112,0.008505036711409597,1.4485628567744234e-107,0.0,0.0,0.0,0.0,0.0,0.0,5.57674829782781e-29,6.252436803106172e-141,0.0,0.0,0.0,0.0,0.0,0.002234080201506966,3.81635454693663e-71,0.0,0.0,0.0,0.0,0.0,1.20401813161014e-9,5.882066514184879e-109,0.0,0.0,0.0,0.0,0.0,0.004122000111995202,3.257327191300594e-113,0.0,0.0,0.0,0.0,0.0,0.0020773141506682706,1.4086050727026416e-217,0.0,0.0,0.0,0.0,1.0882723849374873e-87,2.3801418235485882e-29,4.353401959362466e-69,0.0,0.0,0.0,0.0,0.0017992454414230453,1.231297580241032e-58,0.0,0.0,0.0,0.0,0.0,2.0471994390863442e-67,0.0,0.0,0.0,0.0,0.0,6.962772277915969e-13,1.5170283565866314e-168,0.0,0.0,0.0,0.0,6.912310992953305e-109,1.6049534359605022e-191,0.0,0.0,0.0,0.0,0.0,9.905384126052152e-77,2.6387302020208033e-121,0.0,0.0,0.0,1.0522178412086438e-124,7.674321386722671e-190,0.0,0.0,0.0,0.0,0.0,9.182113386566018e-88,4.189524750075338e-45,0.0,0.0,0.0,0.0,0.0,2.2654506156371145e-82,0.0,0.0,0.0,0.0,0.0,0.0,5.398857222662791e-107,9.57625452605636e-158,0.0,0.0,0.0,8.426095966063108e-164,0.0,0.0,0.0,0.0,0.0,1.4389948620851428e-199,0.0,0.0,0.0,0.0,0.0,0.0,8.433394985856284e-77,6.636246281490346e-73,0.0,0.0,0.0,0.0,0.0,3.159668999991556e-164,2.0084569300039938e-84,0.0,0.0,0.0,0.0,2.666414626831902e-94,0.0,0.0,0.0,0.0,0.0,5.376913056585643e-227,0.0,0.0,0.0,0.0,0.0,5.933519128164504e-81,0.0,0.0,0.0,0.0,2.2496625070007998e-216,5.885582364149369e-151,0.0,0.0,0.0,0.0,0.0,0.0,0.0,0.0,3.596716832529152e-224,0.0,0.0,0.0,0.0,0.0
0.0,0.0,0.0,2.883823133339232e-148,7.527030506122934e-157,0.0,0.0,0.0,0.0,0.0,0.0,5.611553920160369e-63,4.880227100927117e-9,0.0,0.0,0.0,0.0,0.0,0.0,1.0729340355026953e-49,0.539393473668984,1.7812703514825188e-225,0.0,0.0,0.0,0.0,0.0,1.0119243241950207e-45,0.40418555199504674,0.0,0.0,0.0,0.0,0.0,0.0,4.7929138499405546e-89,0.04099297245981831,0.0,0.0,0.0,0.0,0.0,0.0,0.0,0.006865606205410387,0.0,0.0,0.0,0.0,0.0,2.1207482675276613e-80,8.428268833859383e-10,0.0,0.0,0.0,0.0,0.0,1.3539907379558887e-57,1.9047570208617128e-129,0.0,0.0,0.0,0.0,0.0,0.0,1.5716746229094033e-60,0.0,0.0,0.0,0.0,0.0,0.0,0.0,0.0,0.0,0.0,0.0,0.0,0.0,0.0,0.0,0.0,0.0,0.0,0.0,0.0,0.0,0.0,0.0,0.0,0.0,6.84695837228471e-58,0.0,0.0,0.0,0.0,0.0,0.0,0.0,0.0,0.0,0.0,0.0,0.0,0.0014197257098852738,0.0,0.0,0.0,0.0,0.0,0.0,0.0,0.0,0.0,0.0,0.0,0.0014197257098852738,0.0,0.0,0.0,0.0,0.0,0.0,0.0014197257098852738,0.0,0.0,0.0,0.0,0.0,0.0,0.0,0.0,0.0,0.0,0.0,0.0,4.5020974087297786e-35,0.0,0.0,0.0,0.0,0.0,0.0014197257098852738,0.0,0.0,0.0,0.0,0.0,0.0014197257098852738,0.0,0.0,0.0,0.0,0.0,0.0,0.0,0.0,0.0,0.0,0.0,0.0,0.0,0.0,0.0,0.0,0.0,0.0,4.828691166603423e-38,4.403568837479622e-5,0.0,0.0,0.0,0.0,0.0,0.0014197257098852738,0.0,0.0,0.0,0.0,0.0,0.0,0.0,0.0,0.0,0.0,0.0,0.0,0.0,0.0,0.0,0.0,0.0,0.0,0.0,0.0,0.0
0.0,0.0,0.0,0.0,7.518003700181528e-85,0.05006234061082238,1.2717531562044886e-169,0.0,0.0,0.0,0.0,0.0,2.1034136928999015e-98,0.9499263923914856,7.934623620064599e-110,0.0,0.0,0.0,0.0,0.0,1.211415511080369e-103,1.1266997691756901e-5,2.839962503070572e-124,0.0,0.0,0.0,0.0,0.0,2.7515530589272684e-183,2.2988646398881534e-41,9.350678114588917e-165,0.0,0.0,0.0,0.0,0.0,0.0,1.4724932733890169e-72,0.0,0.0,0.0,0.0,0.0,0.0,0.0,0.0,0.0,0.0,0.0,0.0,0.0,0.0,0.0,0.0,0.0,0.0,0.0,0.0,0.0,0.0,0.0,0.0,0.0,0.0,0.0,0.0,0.0,0.0,0.0,0.0,0.0,0.0,0.0,0.0,0.0,0.0,0.0,0.0,0.0,0.0,0.0,0.0,0.0,0.0,0.0,0.0,0.0,0.0,0.0,0.0,0.0,0.0,0.0,0.0,0.0,0.0,0.0,0.0,0.0,0.0,0.0,0.0,0.0,0.0,0.0,0.0,0.0,0.0,0.0,0.0,0.0,0.0,0.0,0.0,0.0,0.0,0.0,0.0,0.0,0.0,0.0,0.0,0.0,0.0,0.0,0.0,0.0,0.0,0.0,0.0,0.0,0.0,0.0,0.0,0.0,0.0,0.0,0.0,0.0,0.0,0.0,0.0,0.0,0.0,0.0,0.0,0.0,0.0,0.0,0.0,0.0,0.0,0.0,0.0,0.0,0.0,0.0,0.0,0.0,0.0,0.0,0.0,0.0,0.0,0.0,0.0,0.0,0.0,0.0,0.0,0.0,0.0,0.0,0.0,0.0,0.0,0.0,0.0,0.0,0.0,0.0,0.0,0.0,0.0,0.0,0.0,0.0,0.0,0.0,0.0,0.0,0.0,0.0,0.0,0.0,0.0
0.0,0.0,0.0,8.157562057357921e-145,3.620557763891468e-101,1.246768762904253e-194,0.0,0.0,0.0,0.0,0.0,1.454348261374779e-78,3.0993739123006404e-5,6.489829713327398e-159,0.0,0.0,0.0,0.0,0.0,3.677997494126629e-99,0.8566393500375906,3.0353820181673198e-146,0.0,0.0,0.0,0.0,0.0,1.188060900869426e-113,0.12773607530523406,1.0994668331214239e-116,0.0,0.0,0.0,0.0,0.0,5.19579756184696e-232,4.3203223568186615e-27,0.0,0.0,0.0,0.0,0.0,0.0,0.0,0.006573716438497522,0.0,0.0,0.0,0.0,0.0,1.512527236696676e-262,0.004754078804792412,0.0,0.0,0.0,0.0,0.0,5.8588406790894e-207,0.002132892837381224,0.0,0.0,0.0,0.0,0.0,0.0,0.002132892837381224,0.0,0.0,0.0,0.0,0.0,0.0,0.0,0.0,0.0,0.0,0.0,0.0,0.0,0.0,0.0,0.0,0.0,0.0,0.0,0.0,0.0,0.0,0.0,0.0,0.0,1.8107959208813645e-256,0.0,0.0,0.0,0.0,0.0,0.0,0.0,0.0,0.0,0.0,0.0,0.0,2.2115892955803982e-83,0.0,0.0,0.0,0.0,0.0,0.0,0.0,0.0,0.0,0.0,0.0,5.46469409704751e-38,0.0,0.0,0.0,0.0,0.0,0.0,2.401842422784773e-78,0.0,0.0,0.0,0.0,0.0,0.0,0.0,0.0,0.0,0.0,0.0,0.0,3.005715041244154e-232,0.0,0.0,0.0,0.0,0.0,1.3765169411073357e-191,0.0,0.0,0.0,0.0,0.0,7.0375713159097165e-196,0.0,0.0,0.0,0.0,0.0,0.0,0.0,0.0,0.0,0.0,0.0,0.0,0.0,0.0,0.0,0.0,0.0,0.0,4.133416009859429e-219,7.544576829358196e-44,0.0,0.0,0.0,0.0,0.0,6.69826843668945e-186,0.0,0.0,0.0,0.0,0.0,0.0,0.0,0.0,0.0,0.0,0.0,0.0,0.0,0.0,0.0,0.0,0.0,0.0,0.0,0.0,0.0
3.529728555935252e-224,1.5070811451812147e-126,4.246643143931201e-174,0.0,0.0,0.0,0.0,0.0,5.112778510507563e-148,1.157329205381711e-10,1.263621946101406e-156,0.0,0.0,0.0,0.0,0.0,3.216590555081974e-134,0.012231818586399759,3.8601341846666377e-160,0.0,0.0,0.0,0.0,0.0,1.336138757675237e-63,0.06826312612035167,2.396744301784609e-82,0.0,0.0,0.0,0.0,0.0,1.5692261060459362e-100,0.12632372437247222,3.1655652436556574e-82,0.0,0.0,0.0,0.0,0.0,3.742130149919938e-119,0.09834101254274556,3.251943125626115e-89,0.0,0.0,0.0,0.0,4.183150997450869e-89,0.04495416150363837,8.989579424757996e-75,0.0,0.0,0.0,0.0,2.7876626170844023e-113,0.04722333404953554,5.9431746496277e-133,0.0,0.0,0.0,0.0,3.0835027392634497e-208,0.025462663365206976,1.6366040259108617e-230,0.0,0.0,0.0,0.0,4.493058541024491e-115,0.07497193732302222,2.6282745510710285e-180,0.0,0.0,0.0,0.0,3.3784127722296307e-32,0.06103527763325405,0.0,0.0,0.0,0.0,1.1618499656985326e-56,0.01520114373626951,1.7515223277670443e-29,0.0,0.0,0.0,0.0,5.517757981047144e-75,0.018963800165392265,3.2579939493666063e-218,0.0,0.0,0.0,0.0,0.013545571546708761,0.0,0.0,0.0,0.0,1.0618981908996827e-17,0.026578450593775418,0.0,0.0,0.0,0.0,0.0,9.921806136070372e-60,0.05147317187749329,0.0,0.0,0.0,2.6403040680598002e-23,0.07043697204288556,0.0,0.0,0.0,0.0,0.0,2.1040857863269482e-159,0.03521848600190246,6.225476012915777e-71,0.0,0.0,0.0,0.0,0.0,0.027091143093417522,0.0,0.0,0.0,0.0,0.0,3.4981489100473807e-99,0.013545571546708761,0.0,0.0,0.0,0.0,0.021672914474734017,2.8798518196053303e-36,0.0,0.0,0.0,2.339006414531352e-28,0.02438202878407577,9.303157650716629e-27,0.0,0.0,0.0,0.0,1.2928393569731354e-95,0.018963797259603524,0.0,0.0,0.0,0.0,0.0,7.028514024703211e-37,0.016254685856050513,0.0,0.0,0.0,0.0,0.00388266381902903,0.021672914474734017,3.404133261621135e-30,0.0,0.0,0.0,0.0,0.016254685856050513,1.2903589810798108e-49,0.0,0.0,0.0,0.0,0.018963800165392265,9.252328711500814e-47,0.0,0.0,0.0,0.018963800165392265,0.0,0.0,0.0,0.0,0.002709114309341752,0.0,0.0,0.0,0.0,0.005418228618683504,0.0,0.0,0.0
0.0,0.0,0.0,1.1821233204205001e-135,3.23267071617332e-43,4.5294712943354874e-113,0.0,0.0,0.0,0.0,0.0,7.27695311754525e-113,0.052648426179806716,2.4416773864549354e-96,0.0,0.0,0.0,0.0,0.0,5.843693856684084e-154,0.9394234659019267,3.719741374483492e-84,0.0,0.0,0.0,0.0,0.0,2.8189653806009e-177,0.001323184720452736,3.123044975569809e-91,0.0,0.0,0.0,0.0,0.0,2.7682814662079727e-268,0.0009739135618170727,0.0,0.0,0.0,0.0,0.0,0.0,0.0,6.675623371045839e-16,0.0,0.0,0.0,0.0,0.0,7.021e-320,0.0030633423846165085,0.0,0.0,0.0,0.0,0.0,8.281139912946468e-241,3.796521074413169e-109,0.0,0.0,0.0,0.0,0.0,0.0,4.069915674635929e-125,0.0,0.0,0.0,0.0,0.0,0.0,0.0,0.0,0.0,0.0,0.0,0.0,0.0,0.0,0.0,0.0,0.0,0.0,0.0,0.0,0.0,0.0,0.0,0.0,0.0,0.0,0.0,0.0,0.0,0.0,0.0,0.0,0.0,0.0,0.0,0.0,0.0,0.0,1.4800688428225136e-171,0.0,0.0,0.0,0.0,0.0,0.0,0.0,0.0,0.0,0.0,0.0,9.468624059523172e-117,0.0,0.0,0.0,0.0,0.0,0.0,1.8150262953421031e-143,0.0,0.0,0.0,0.0,0.0,0.0,0.0,0.0,0.0,0.0,0.0,0.0,0.0,0.0,0.0,0.0,0.0,0.0,0.0,0.0,0.0,0.0,0.0,0.0,0.0,0.0,0.0,0.0,0.0,0.0,0.0,0.0,0.0,0.0,0.0,0.0,0.0,0.0,0.0,0.0,0.0,0.0,0.0,0.0,0.0025676672513795314,0.0,0.0,0.0,0.0,0.0,7.39975023454385e-242,0.0,0.0,0.0,0.0,0.0,0.0,0.0,0.0,0.0,0.0,0.0,0.0,0.0,0.0,0.0,0.0,0.0,0.0,0.0,0.0,0.0
0.0,0.0,0.0,0.0,0.0,1.667983878975364e-199,0.01643835616438356,1.0596458264490529e-123,0.0,0.0,0.0,0.0,0.0,7.633903315362406e-94,0.4577625570776256,2.9491860099262294e-101,0.0,0.0,0.0,0.0,0.0,4.224757080623041e-105,0.4860730593607306,5.154974305850998e-97,0.0,0.0,0.0,0.0,0.0,8.207493430318068e-87,0.030593607305936073,1.942624938932954e-108,0.0,0.0,0.0,0.0,0.0,0.0,0.0013698630136986301,0.0,0.0,0.0,0.0,0.0,0.0,0.00045662100456621003,1.5715499170492697e-84,0.0,0.0,0.0,0.0,0.0,0.00022831050228310502,8.568724370941122e-209,0.0,0.0,0.0,0.0,0.0,0.0015981735159817352,1.5832274434651972e-105,0.0,0.0,0.0,0.0,0.0,0.00045662100456621003,5.1179550822187374e-219,0.0,0.0,0.0,0.0,0.0,0.002054794520547945,3.580844571938102e-64,0.0,0.0,0.0,0.0,0.001141552511415525,0.0,0.0,0.0,0.0,0.0,0.0,0.0006849315068493151,0.0,0.0,0.0,0.0,0.0,0.0006849315068493151,0.0,0.0,0.0,0.0,0.0,0.00022831050228310502,0.0,0.0,0.0,0.0,0.0,0.0,0.0,0.0,0.0,0.0,0.0,0.0,1.2337222721743683e-148,0.0,0.0,0.0,0.0,0.0,0.0,0.0,0.0,0.0,0.0,0.0,0.0,0.0,0.0,0.0,0.0,0.0,0.0,0.0,0.0,0.0,0.0,0.0,0.0,0.0,0.0,0.0,0.0,0.0,0.0,0.0,0.0,0.0,0.0,0.0,0.0,0.0,0.00022831050228310502,0.0,0.0,0.0,0.0,0.0,0.0,0.0,0.0,0.0,0.0,0.0,0.0,0.0,0.0,0.0,0.0,0.0,0.0,0.0,0.0,0.0,0.0,0.0,0.0,0.0,0.0,0.0,0.0,0.0,0.0,0.0,0.0,0.0,0.0,0.0,0.0,0.0,0.0,0.0,0.0,0.0,0.0,0.0,0.0,0.0,0.0
0.0,0.0,0.0,0.0,1.0446082012045623e-194,8.146675001845921e-61,1.498005587702302e-159,0.0,0.0,0.0,0.0,0.0,1.1112620543820369e-123,0.0009436890579735475,4.051229151769954e-89,0.0,0.0,0.0,0.0,0.0,1.0732843184432947e-110,0.9547239160500447,3.8581883644667934e-82,0.0,0.0,0.0,0.0,0.0,5.321458915289258e-119,0.043463792076619163,1.9942098118992164e-117,0.0,0.0,0.0,0.0,0.0,0.0,0.0008686028153625383,0.0,0.0,0.0,0.0,0.0,0.0,0.0,0.0,0.0,0.0,0.0,0.0,0.0,0.0,0.0,0.0,0.0,0.0,0.0,0.0,0.0,0.0,0.0,0.0,0.0,0.0,0.0,0.0,0.0,0.0,0.0,0.0,0.0,0.0,0.0,0.0,0.0,0.0,0.0,0.0,0.0,0.0,0.0,0.0,0.0,0.0,0.0,0.0,0.0,0.0,0.0,0.0,0.0,0.0,0.0,0.0,0.0,0.0,0.0,0.0,0.0,0.0,0.0,0.0,0.0,0.0,0.0,0.0,0.0,0.0,0.0,0.0,0.0,0.0,0.0,0.0,0.0,0.0,0.0,0.0,0.0,0.0,0.0,0.0,0.0,0.0,0.0,0.0,0.0,0.0,0.0,0.0,0.0,0.0,0.0,0.0,0.0,0.0,0.0,0.0,0.0,0.0,0.0,0.0,0.0,0.0,0.0,0.0,0.0,0.0,0.0,0.0,0.0,0.0,0.0,0.0,0.0,0.0,0.0,0.0,0.0,0.0,0.0,0.0,0.0,0.0,0.0,0.0,0.0,0.0,0.0,0.0,0.0,0.0,0.0,0.0,0.0,0.0,0.0,0.0,0.0,0.0,0.0,0.0,0.0,0.0,0.0,0.0,0.0,0.0,0.0,0.0,0.0,0.0,0.0,0.0,0.0,0.0
1.3470489382842891e-142,0.0,0.0,0.0,0.0,0.0,1.31360666208113e-243,5.281753959461697e-109,4.111614718989426e-113,0.0,0.0,0.0,0.0,0.0,1.3973713200157357e-201,0.024695502983261838,3.7912437539349464e-83,0.0,0.0,0.0,0.0,0.0,8.550951599466207e-158,0.2081844133652519,1.4077173599465413e-38,0.0,0.0,0.0,0.0,0.0,2.875504359163916e-89,0.26815361009840105,9.783182911584684e-44,0.0,0.0,0.0,0.0,0.0,0.0,0.07910646258490331,1.7791353759809743e-65,0.0,0.0,0.0,0.0,0.0,0.04037619717645816,2.3170838304127022e-51,0.0,0.0,0.0,0.0,0.0,0.05388701076038236,7.32851379630374e-51,0.0,0.0,0.0,0.0,0.0,0.033167884573870536,3.303761430580803e-64,0.0,0.0,0.0,0.0,0.0,0.07556401883404207,6.169397081068035e-86,0.0,0.0,0.0,0.0,1.900603880539166e-29,0.03974100751440293,3.5075576166398813e-39,0.0,0.0,0.0,0.0,0.02283898577577851,1.1360065701651802e-116,0.0,0.0,0.0,0.0,0.0,0.005934034857375408,0.0,0.0,0.0,0.0,0.0,0.0197801161900593,2.3310404898318536e-35,0.0,0.0,0.0,0.0,0.011868069714750816,9.022281660719656e-55,0.0,0.0,0.0,0.0,0.0,0.017802104572126227,4.4390292157769843e-69,0.0,0.0,0.0,0.011868069714750816,5.0220973355939076e-54,0.0,0.0,0.0,0.0,0.0,0.005934034857375408,3.753859798269314e-101,0.0,0.0,0.0,0.0,0.0,0.01384608133387595,0.0,0.0,0.0,0.0,0.0,0.0,0.00989005809562568,2.753252001203477e-31,0.0,0.0,0.0,0.01384608133387595,0.0,0.0,0.0,0.0,0.0,0.007912046476500543,0.0,0.0,0.0,0.0,0.0,0.0,0.005934034857375408,7.023966577192033e-15,0.0,0.0,0.0,0.0,0.0,0.005934034857375408,4.266931923208182e-11,0.0,0.0,0.0,0.0,0.011868069714750816,0.0,0.0,0.0,0.0,0.0,0.0019780116191251357,0.0,0.0,0.0,0.0,0.0,0.005934034857375408,0.0,0.0,0.0,0.0,0.0019780116191251357,2.437394909121172e-15,0.0,0.0,0.0,0.0,0.0,0.0,0.0,0.0,0.0019780116191251357,0.0,0.0,0.0,0.0,0.0
1.0,0.0,0.0,0.0,0.0,0.0,0.0,0.0,0.0,0.0,0.0,0.0,0.0,0.0,0.0,0.0,0.0,0.0,0.0,0.0
1703,4003,207,1407,107,2504,103,1701,4,4501,2202,2403,307,2007,1001,1607,1406,3000,301,101,206,1207,904,906,7,1602,3503,401,1502,700,1103,1801,2300,4503,405,602,2000,202,2002,1,1201,4001,507,2500,204,3502,701,707,606,3001,1702,1603,802,5001,702,2302,2100,1804,1104,603,907,502,406,200,1901,1503,800,2203,2001,2206,1303,1401,1202,807,2201,404,501,1501,1403,1907,504,1100,1106,1903,2102,2106,600,4000,205,1800,105,2501,1507,1700,1301,2204,2407,2,804,1300,304,1101,5,1606,1500,801,703,704,1704,3007,1807,2402,1902,1402,2103,2207,3501,1006,4500,1307,203,1000,2303,1404,6,607,102,306,303,604,902,1206,4007,400,1203,1604,4502,4002,1400,201,1600,300,100,900,106,3500,2301,601,1102,305,1003,402,1706,803,2507,1601,500,2404,407,2104,503,1306,1707,302,1002,3002,2400,706,806,3003,3507,1806,2101,2502,1803,2107,104,1900,2307,2200,403,2304,506,1200,2004,3,2503,1302,903,2401,0,1007,1802,2003,901,1107
402:35,2102:147,1107:88,2004:143,1302:97,501:42,1703:123,1900:134,1100:82,6:7,1106:87,1307:100,2207:158,1503:111,4001:188,2104:149,2302:161,404:37,2300:159,1406:106,3501:183,1407:107,1704:124,4:5,405:38,1901:135,1700:120,207:24,506:46,2401:166,603:51,104:13,1401:102,1500:108,1501:109,2101:146,2501:172,300:25,607:54,302:27,2307:164,802:64,2500:171,1702:122,801:63,406:39,1602:115,1002:78,4502:194,103:12,2503:174,702:57,2407:170,2:3,307:32,3003:180,2301:160,100:9,1102:84,200:17,1202:91,1301:96,0:1,1101:83,2003:142,904:73,5001:196,1003:79,502:43,1103:85,1907:138,2400:165,107:16,1502:110,1404:105,3503:185,1803:130,401:34,3002:179,806:67,1802:129,4003:190,1806:132,1000:76,1:2,201:18,707:61,1006:80,206:23,604:52,601:49,1807:133,507:47,1207:94,2007:144,500:41,1800:127,2403:168,602:50,4503:195,4002:189,400:33,1400:101,403:36,4500:192,2100:145,1604:117,1706:125,5:6,2204:156,1104:86,305:30,703:58,1603:116,2002:141,700:55,1801:128,2001:140,4501:193,1804:131,2202:154,804:66,1300:95,704:59,4000:187,606:53,1306:99,205:22,706:60,1203:92,2206:157,2106:150,3507:186,2103:148,1701:121,2304:163,2303:162,1200:89,204:21,901:70,1903:137,2402:167,907:75,7:8,203:20,2507:176,1001:77,903:72,2201:153,2107:151,1007:81,304:29,301:26,906:74,202:19,1206:93,3001:178,2200:152,807:68,803:65,1601:114,1902:136,1303:98,1507:112,3500:182,2000:139,503:44,106:15,4007:191,900:69,902:71,2502:173,303:28,600:48,102:11,1707:126,1600:113,3502:184,101:10,1607:119,105:14,3000:177,3007:181,2404:169,407:40,1201:90,1606:118,800:62,3:4,2203:155,306:31,2504:175,701:56,504:45,1403:104,1402:103
