5
0.9582241617513884,0.03278346337271242,3.13045619128004e-201,0.00011414219314172449,0.008878232682757715
6.910600906437969e-115,0.9274670259675167,0.04326939935118947,0.0,0.0292635746812937
5.426864175947333e-128,1.0740156778096618e-230,0.9583443753762085,0.041655624623791444,2.6062924505605158e-36
0.0416874509574145,0.0,4.81434974746567e-125,0.9583125490425856,4.827045065940204e-230
1.2278890785750593e-172,0.09088923136109996,0.036679431421268276,1.080196735161879e-154,0.8724313372176319
5,111
2.918315286276328e-22,5.309024924140477e-288,4.566197388878001e-64,0.025681867431454192,3.718403743410707e-22,1.2068508452813973e-267,7.647355724508926e-40,0.47060595297726954,4.6460140700575335e-22,1.9682928695816374e-270,0.00011929466872019842,0.4335099222429468,4.265855598034543e-31,4.512096980371042e-280,3.055833750434235e-47,0.03390006500951953,5.2609906839367904e-33,1.3342391014062482e-287,2.6667450949508974e-125,0.005250515119319521,6.020502336703165e-29,0.0,3.4255202707960637e-121,0.0031959657248031887,4.306779957214703e-25,2.463300895223734e-279,2.671427221421713e-129,0.003766673889946615,1.4439249412478398e-29,1.372213e-318,4.9948678544263857e-129,0.003766673889946615,9.092449873063367e-38,9.507416e-317,2.281066772415291e-115,0.0047939485872047815,1.378516444570458e-29,0.0,0.0,0.0034242489908605594,2.125870740795144e-35,0.0,0.002168691027545021,1.7780198548352537e-36,1.0e-323,0.0,0.0006848497981721116,0.0,0.0,0.001483841229372909,1.541939292706657e-22,0.0,0.0007989914312007972,2.1600067031779953e-43,0.0,8.771306204280043e-137,0.0010272746972581678,5.324894782827493e-48,1.128158065475e-312,0.0006848497981721117,4.5649761224540344e-46,0.0,7.305059192755271e-133,0.0003424248990860559,2.767051795822886e-39,0.0,0.0,0.0007989914312007972,4.0502412210481835e-195,0.0,0.0,0.0005707081651434262,9.398049501474806e-32,0.0,0.0007989914312007972,0.0,0.0,1.361730325800484e-134,0.0004565665321147412,1.7524082848137822e-279,0.0,1.8558397729835905e-275,0.00045656653211457917,3.113410059504569e-29,0.0,0.0,0.00034242489908284347,1.456112969437509e-31,0.0,0.0,0.0006848497981721118,0.0,0.0,7.624718288531128e-100,0.0001141416330286853,0.0,6.0e-323,0.0,0.0003424248990860559,0.0,0.0,0.0001141416330286853,4.283167732560152e-46,0.0,0.0,0.0,0.0,0.0001141416330286853,0.0,0.0,0.0
0.0396711824055927,1.2123651564100132e-30,0.0,1.469195151929595e-30,0.5889080761708021,6.867034182578251e-23,0.0,1.2532489941891107e-31,0.36371612034367173,8.46485777755045e-29,1.415281599912362e-268,6.791399343873424e-32,0.004144461914278575,9.454401860405332e-41,2.977652132471992e-271,1.4352455780690382e-26,4.674623215663991e-5,2.084553356878853e-34,1.7284620797214478e-277,2.9605591690226416e-18,0.0011977473367791325,2.239447223523186e-47,3.335830342163544e-301,2.7971120613060974e-149,0.0014190167767232623,1.410348956070977e-35,0.0,1.7368364833261844e-21,3.1330234464594393e-5,7.509915078289954e-38,0.0,6.797885360011531e-29,0.00019231190185911614,4.454117326407615e-34,0.0,1.828324024911213e-18,0.0004944975888241908,2.4058196876357117e-37,0.0,2.8926671083076426e-26,5.893144259157171e-5,3.821711992978923e-151,3.095739765577674e-32,2.2751876946266797e-11,2.909028901238899e-40,0.0,1.777774905654455e-19,3.109942602956651e-14,4.314391858360586e-47,6.899602359083823e-22,4.289504706517686e-7,1.83819309077993e-160,4.97198400924745e-22,1.863547524705341e-7,1.1802329532317715e-64,0.0,1.2942255032122412e-19,5.533978218001517e-16,2.785996575871061e-150,3.6926256217261114e-20,5.521033276930136e-15,3.1103099754471785e-98,0.0,8.566923962114795e-86,4.28277672943383e-12,8.195495908751356e-37,0.0,3.5174879591419837e-279,1.7021426704482827e-16,1.1227766935376115e-141,0.0,3.8900814360577705e-19,1.1877599126814034e-5,1.6205806348493644e-82,5.162471218236589e-21,2.933676984478024e-13,3.629474236389309e-41,0.0,0.0,2.8931535628531233e-18,7.275571524125684e-38,0.0,2.141560976826854e-16,1.7638182440066565e-9,8.433452390627191e-141,0.0,4.245366734381912e-15,5.256459593612141e-11,3.689230118804187e-149,0.0,3.3764008957988096e-22,1.1761598970666864e-16,4.082360787428028e-42,0.0,0.0,0.000107082904153686,2.618454807234482e-40,0.0,0.0,1.1619101543621596e-30,2.535543653534076e-39,3.870279649685248e-148,2.734887418707247e-22,9.777699949731966e-153,0.0,3.826592601479386e-41,1.4017526779656674e-133,0.0,1.0093090673115611e-34,0.0,0.0
4.656670060867751e-33,0.007303999934034664,1.4359157720540146e-31,0.0,4.201618046494694e-28,0.17461124842301617,6.359097931032753e-32,7.898247e-318,2.9536133237365487e-29,0.4711079957452358,2.1816666250227206e-24,1.5938084930371612e-293,1.4073427839848672e-34,0.20645212313544856,3.1055827896460707e-16,1.4506899127382734e-276,6.739940679407441e-48,0.028987749738199634,1.815273877423012e-20,9.748484441506637e-263,8.631541864625039e-38,0.011070124900021284,7.899906771470093e-20,0.0,1.8397376736524073e-28,0.009129999917507401,0.0,2.9029774167812766e-265,1.230322906510724e-133,0.008787624920624718,0.0,1.5468114294300399e-280,1.0924258450463236e-41,0.007532249931973247,0.0,4.2522037327190534e-280,5.493707074191281e-53,0.007988749927849745,0.0,0.0,3.1778539234947556e-137,0.006961624937126789,3.318177226033781e-260,4.358631173150745e-135,0.005021499950935086,0.0,0.0,5.888082177081254e-138,0.005820374947431418,0.0,2.0152082345213174e-137,0.003994374963925207,1.528912563437931e-279,5.581004292104014e-45,0.005135624953618123,9.983232280200608e-13,0.0,8.689584177446445e-48,0.0044508749598023735,2.399888582864134e-223,5.647621896740105e-41,0.0043367499608330815,0.0,0.0,5.849517008101089e-135,0.00422262494749135,0.00011412499896929123,0.0,6.417626035560363e-141,0.003994374963925207,0.0,2.431985123068124e-196,2.711778534592752e-45,0.0028531249742322906,1.3451722452623416e-244,1.6749627206653622e-139,0.0029672499045386657,3.093315529017809e-254,0.0,4.847725625184894e-136,0.0019401092057139302,3.679507557884558e-5,0.0,3.3159847100171513e-137,0.0022824999793858323,0.0,3.763153503707504e-294,3.8350639280932826e-138,0.0026248749762937075,0.0,0.0,3.4143266219372503e-43,0.002510749669061084,5.668077683466178e-186,0.0,3.5533957024898394e-47,0.003994374690954157,0.00011410635868803424,0.0,3.146193610820451e-137,0.002738999014831472,0.0,3.168319148886236e-49,0.0006847499938157498,0.0,7.230616356267553e-150,0.00022824999793858325,0.0,2.5882448707395364e-141,0.0,0.0
2.1724067627417813e-265,6.747770276580242e-28,0.022956650766542457,6.2085530673946695e-65,3.0305750003014314e-269,1.1534261264666645e-24,0.4407448522790416,9.080985919959573e-41,3.317540659345107e-279,2.1225442202566734e-22,0.4756886270755785,2.9582011966775066e-38,1.5058831420582716e-293,2.3246949371649204e-22,0.05367973064813379,3.629517449825842e-51,2.5442393156712524e-295,1.0554514249551745e-34,0.0035405779789194837,4.71679467106405e-127,4.349540347702475e-290,3.686041959893142e-192,0.0012563341215520746,9.961918616701677e-132,1.4806301185172678e-286,5.345272271772165e-35,0.0009136975429469635,1.315898845105554e-130,1.856637755411433e-300,1.4903811349444074e-31,0.00022842438573674088,7.058053646282588e-132,0.0,0.0,0.00022842438573674088,1.2216214106847908e-130,1.4576583658332667e-289,7.861717147002191e-187,0.0,3.430925567181876e-131,0.0,0.0,2.423240003384204e-134,7.813130364861171e-308,0.0,0.0,6.84233696517713e-133,0.0,3.2621460338012535e-87,2.690194246634176e-134,4.880889064030881e-282,0.0,4.670289558055257e-134,0.0,0.0,0.00011421219186928447,1.0066947496653664e-130,0.0,0.0,9.10125538380988e-127,0.0,0.0,0.00011421219286837043,1.2500767238152968e-134,0.0,0.0,3.9472085609094047e-19,4.77345453139791e-130,0.0,2.9960647415176987e-253,0.0,5.458056813233362e-125,0.0,1.44366867068019e-194,1.3278244608463695e-130,0.0,0.0,0.00011421219286837044,4.403417523277039e-133,0.0,0.0,7.738900507804099e-5,9.041950270125695e-134,0.0,0.0,0.0,2.3640776097784012e-130,0.0,0.0,0.0,1.1798161024884583e-130,0.0,2.089492097482181e-24,0.0003426365786051113,3.0916138376641977e-125,0.0,0.0,1.8654522824218215e-8,5.167877547387808e-133,0.0,0.0,4.22383180483428e-130,0.0,0.0,0.0,0.0,0.0,9.730767562266643e-132,0.0,0.0,0.0
1.0883095377327908e-19,8.968101115189959e-28,0.0,3.2250108196702966e-88,0.027615758199632384,2.1539237601194507e-19,2.947087e-318,5.2815434667037026e-77,0.3021563459779474,3.6763492678093497e-19,4.808103146176494e-226,5.863196618959628e-70,0.20817823250431935,3.231031400438016e-20,7.877978522025245e-214,4.486944954743639e-55,0.06697484655839679,1.8060924495337793e-15,1.3737042372884578e-226,1.193956769852113e-44,0.04461835891187757,1.607868609675459e-17,1.6022521370028164e-244,7.413780402988747e-207,0.036419869129985315,1.4776603555683106e-13,2.86341785684447e-310,4.5330012567215365e-45,0.033697349457749395,4.4160676381133e-14,0.0,1.786389115926697e-61,0.027563948581916856,2.8362443812339067e-31,0.0,2.177291106006507e-47,0.03366422733962846,2.7525058848869174e-15,0.0,2.6705500121922017e-50,0.01999965209917306,1.940061561939218e-99,1.0184003741917783e-63,0.01079557379370063,1.5273873345805365e-11,0.0,5.901301654345605e-41,0.013142437747987474,1.0098357847978028e-14,4.696925792739444e-49,0.008447375213331526,1.1033794171386104e-99,5.8441429537030194e-46,0.015019348973827392,3.0184231906821073e-33,0.0,3.405983241367234e-45,0.01595867440838629,1.764644049057788e-85,3.2599752964482968e-21,0.02299926605913025,1.0284739745609837e-64,0.0,6.691275646016734e-136,0.01173431940460562,5.911090644513504e-11,3.2687e-320,0.0,0.01032620108777995,1.858878519281243e-90,0.0,1.9950168235774177e-23,0.012636105379701423,2.7404836458714985e-48,4.323963415690121e-45,0.011264946640302193,2.8239653124569996e-10,0.0,0.0,0.013142437748084237,6.488660333778567e-8,7.52165788246003e-173,4.633348853991308e-41,0.013611805036318439,3.884474964167306e-88,0.0,3.382741536173874e-35,0.008918082594063044,2.37950598667875e-98,0.0,7.546022859843837e-48,0.010326201087780111,1.2678240288352267e-9,0.0,0.0,0.004829890071839155,1.122674094893948e-9,3.65990682861875e-241,0.0,0.006571218874042123,3.950058415370967e-9,3.104714509735673e-189,0.007040591650759417,3.2257689619940652e-96,0.0,0.00046937277671729445,7.107735316903638e-82,0.0,0.0018774911068691778,0.0,0.0
1.0,0.0,0.0,0.0,0.0
1703,4003,103,1701,4501,2202,2403,1001,3000,301,101,1602,3503,401,700,1103,1801,2300,602,2000,202,2002,1,1201,4001,2500,701,3001,1702,1603,802,702,2302,2100,603,502,200,1901,1503,800,2203,2001,1303,1401,2201,501,1501,1403,1100,1903,2102,600,4000,1800,2501,1700,1301,2,1300,1101,1500,801,703,5000,2402,1402,2103,3501,4500,203,1000,2303,102,303,902,400,1203,1400,201,1600,300,100,900,3500,2301,601,1102,1003,402,803,1601,500,503,302,2400,3003,2101,2502,1803,1900,2200,403,1200,3,2503,903,2401,0,1802,2003,901
402:19,2102:82,501:22,703:32,1603:64,1703:68,700:29,1100:44,1801:70,1900:73,2002:78,2001:77,1503:60,4001:107,4501:110,2302:90,2202:86,2300:88,1300:51,3501:104,1700:65,1901:74,2401:93,4000:106,603:28,1401:55,1500:58,1203:50,1501:59,2101:81,5000:111,2501:97,300:13,302:15,1701:66,2103:83,2303:91,802:35,1200:48,901:38,1702:67,1903:75,2402:94,801:34,2500:96,1602:63,203:12,1001:42,903:40,103:8,2503:99,702:31,2201:85,2:3,301:14,3003:102,2301:89,100:5,202:11,1102:46,200:9,3001:101,803:36,1601:62,2200:84,1301:52,0:1,1101:45,2003:79,1303:53,1003:43,2000:76,3500:103,503:24,502:23,1103:47,900:37,902:39,2400:92,2502:98,303:16,3503:105,600:25,102:7,401:18,1803:72,1600:61,101:6,1802:71,4003:108,3000:100,1000:41,1:2,201:10,601:26,1201:49,3:4,800:33,2203:87,500:21,1800:69,2403:95,602:27,701:30,400:17,1400:54,403:20,4500:109,2100:80,1403:57,1402:56
