25
0.7136306495082296,0.0,0.08111853792106687,0.0,0.0,0.0,0.0,0.0,0.022772051212164884,0.18160882583985963,0.0008699355186790039,0.0,0.0,0.0,0.0,0.0,0.0,0.0,0.0,0.0,2.5648329112242655e-212,0.0,0.0,0.0,0.0
0.08581404379422401,0.8050637789321833,2.3466400779039173e-5,0.0,0.0,0.0,0.0,0.0,0.03043052422738889,0.0,0.0,0.0,0.0,0.0,0.0,0.07045761500598066,0.008210571639444058,0.0,0.0,0.0,0.0,0.0,0.0,0.0,0.0
0.1510454189864285,0.0,0.7582248142563495,0.0,0.0,0.0,0.0,0.0,0.018344789618264027,0.07238497713895795,0.0,0.0,0.0,0.0,0.0,0.0,0.0,0.0,0.0,0.0,0.0,0.0,0.0,0.0,0.0
0.0,0.0,0.0,0.5963204338732431,0.0,0.0,0.10779689435044972,0.0,0.0,0.0,0.0,0.0,0.0,0.0,0.0,0.0,0.0,0.0,0.035589624906287955,0.0,0.0,0.0,0.2602930468700193,0.0,0.0
0.0,0.0,0.0,0.0,0.8463113257516391,0.12002723335392163,0.0,0.0,0.0,0.0,0.0,0.0,0.0,0.0,0.0,0.0,0.0,0.033661440894439315,0.0,0.0,0.0,0.0,0.0,0.0,0.0
0.0,0.0,0.0,0.0,0.0,0.8750000000000085,0.0,0.0,0.0,0.0,0.0,0.0,0.0,0.0,0.0,0.0,0.0,0.0,0.0,0.12499999999999145,0.0,0.0,0.0,0.0,0.0
0.0,0.0,0.0,0.0,0.0,0.0,0.6357348224051718,0.07114025042641457,0.0,0.0,0.0,0.0,0.0,0.0,0.03343092487205553,0.0,0.0,0.0,0.2596940022963581,0.0,0.0,0.0,0.0,0.0,0.0
0.0,0.0,0.0,0.0,0.09442059699991442,0.0,0.0,0.6214546702973859,0.0,0.0,0.0,0.0,0.0,0.0,0.24558395294725072,0.0,0.0,0.03854077975544894,0.0,0.0,0.0,0.0,0.0,0.0,0.0
0.08761383216879423,1.3031926078606695e-239,0.016806602348337772,0.0,0.0,0.0,0.0,0.0,0.7103782421986239,0.1852013232842438,0.0,0.0,0.0,0.0,0.0,0.0,0.0,0.0,0.0,0.0,0.0,0.0,0.0,0.0,0.0
0.0,0.0,0.0,0.0,0.0,0.0,0.0,0.0,0.0,0.0,0.0,0.0,0.0,0.0,0.0,0.0,0.0,0.0,0.0,0.0,0.0,0.0,0.0,1.0,0.0
0.0,0.0,0.0,0.07911218788131523,0.0,0.0,0.0,0.0,0.0,0.0,0.6056602560335069,0.0,0.0,0.0,0.0,0.0,0.0,0.0,0.0,0.0,0.27770881340978676,0.0,0.03751874267539107,0.0,0.0
0.0,0.0,0.0,0.0,0.0,0.0,0.0,0.0,0.0,0.0,0.0,0.5308521491497253,0.10679607893239634,0.001171432624305203,0.0,0.0,0.0,0.0,0.0,0.0,0.0,0.3604893440793062,0.0,0.0,0.0006909952142667912
0.0,0.0,0.0,0.0,0.0,0.0,0.0,0.0,0.0,0.0,0.05229098640878622,0.0,0.7676479616720502,0.0,0.0,0.0,0.0,0.0,0.0,0.0,0.002525733600260165,0.0,0.0,0.0,0.1775353183189035
0.0,0.0,0.0,0.0,0.0,0.0,0.0,0.0,0.0,0.0,0.0,4.27289765189565e-15,0.008619071057561451,0.6024760110269994,0.0,0.0,0.0,0.0,0.0,0.0,0.0,0.20560559858469818,0.0,0.0,0.18329931933073657
0.0,0.0,0.0,0.0,0.11330103282056672,0.0,0.0,0.2424337223574592,0.0,0.0,0.0,0.0,0.0,0.0,0.6392436256343497,0.0,0.0,0.005021619187624415,0.0,0.0,0.0,0.0,0.0,0.0,0.0
0.023344113661122892,0.0006575197772050454,0.23272963320227183,0.0,0.0,0.0,0.0,0.0,2.9494022233649093e-45,0.0,0.0,0.0,0.0,0.0,0.0,0.7432687333594001,1.2275119482706072e-23,0.0,0.0,0.0,0.0,0.0,0.0,0.0,0.0
5.5695775046834796e-34,0.034425189250242974,9.69242209812914e-31,0.0,0.0,0.0,0.0,0.0,3.3013525648945187e-81,0.0,0.0,0.0,0.0,0.0,0.0,0.21932051879110037,0.7462542919586566,0.0,0.0,0.0,0.0,0.0,0.0,0.0,0.0
0.0,0.0,0.0,0.0,0.09475939887170133,0.14307977004541095,0.0,4.472001741166626e-122,0.0,0.0,0.0,0.0,0.0,0.0,1.8193838897595007e-231,0.0,0.0,0.7621608310828877,0.0,0.0,0.0,0.0,0.0,0.0,0.0
0.0,0.0,0.0,0.0,0.0,0.0,0.27753080863363766,0.035936652466327185,0.0,0.0,0.0,0.0,0.0,0.0,0.11300239774387744,0.0,0.0,0.0,0.5735301411561576,0.0,0.0,0.0,0.0,0.0,0.0
0.0,0.023584021837702054,0.0,0.0,0.0,0.0,0.0,0.0,0.0,0.0,0.0,0.0,0.0,0.0,0.0,4.629545388845028e-34,0.10153259278771266,0.0,0.0,0.8748833853745853,0.0,0.0,0.0,0.0,0.0
0.0,0.0,0.0,0.028883831529990307,0.0,0.0,0.0,0.0,0.0,0.0,0.21903617647835616,0.0,0.0,0.0,0.0,0.0,0.0,0.0,0.0,0.0,0.6484085224121422,0.0,0.10367146957951129,0.0,0.0
0.0,0.0,0.0,0.0,0.0,0.0,0.0,0.0,0.0,0.0,0.0,0.16325261091390333,0.09709811056471958,0.07130673958784355,0.0,0.0,0.0,0.0,0.0,0.0,0.0,0.6470652769479446,0.0,0.0,0.02127726198558885
0.0,0.0,0.0,0.2440360032639112,0.0,0.0,0.03590167818211452,0.0,0.0,0.0,0.0,0.0,0.0,0.0,0.0,0.0,0.0,0.0,0.07362586095662671,0.0,0.0,0.0,0.6464364575973475,0.0,0.0
0.0,0.0,0.0,0.0,0.0,0.0,0.0,0.0,0.0,0.75,0.0,0.09995749369192651,0.0,0.025734995520978375,0.0,0.0,0.0,0.0,0.0,0.0,0.0,0.12430751078709511,0.0,0.0,0.0
0.0,0.0,0.0,0.0,0.0,0.0,0.0,0.0,0.0,0.0,0.07306612323159328,0.0,0.03338960296577543,0.0,0.0,0.0,0.0,0.0,0.0,0.0,0.1109031990046466,0.0,0.0,0.0,0.7826410747979846
25,283
0.0,0.0,3.4541656021933594e-219,0.00038969699669048956,0.0,0.0,0.0,0.0,0.0,0.0,0.0,0.0,0.0,0.0,9.718135152077474e-144,5.392053867715465e-7,0.0,0.0,0.0,0.0,0.0,0.0,0.0,0.0,0.0,0.0,5.759809683695641e-104,0.6348801079666371,0.0,0.0,0.0,0.0008708811475340929,0.0,0.0,0.0,0.0,0.0,0.0,2.5730974696166385e-93,0.3166014372742864,0.0,0.0,0.0,0.0,0.0,0.0,0.0,0.0,0.0,0.0,4.62404692997955e-162,0.01286171280057321,0.0,0.0,0.0,0.0,0.0,0.0,0.0,0.0,0.0,6.517685632675979e-104,0.004288791095481658,0.0,0.0,0.0,0.0,0.0,0.0,0.0,0.0,0.0,3.5723758428085263e-81,0.008350150638137531,0.0,0.0,0.0,0.0,0.0,0.0,0.0,0.0,0.0,0.0,0.007463248531359444,0.0,0.0,0.0,0.0,0.0,0.0,0.0,0.0,2.869058295912803e-105,0.004225875516723316,0.0,0.0,0.0,0.0,0.0,0.0,0.0,0.0,1.2199425562173223e-201,0.003462237329135396,0.0,0.0,0.0,0.0,0.0,0.0,0.0,0.0,0.0,0.006274817993881415,0.0,0.0,0.0,0.0,0.0,0.0,0.0,0.0,3.586343497373709e-8,0.0,0.0,0.0,0.0,0.0,0.0,0.0,0.0,0.0,0.00032961883228298434,0.0,0.0,0.0,0.0,0.0,0.0,0.0,0.0,3.987891550699268e-21,0.0,0.0,0.0,0.0,0.0,0.0,0.0,4.474813715663957e-96,6.025357196658787e-71,0.0,0.0,0.0,0.0,0.0,0.0,0.0,0.0,5.764782158383606e-176,1.1210960139451156e-7,0.0,0.0,0.0,0.0,0.0,0.0,2.1981482326783786e-102,1.1226794542570197e-27,0.0,0.0,0.0,0.0,0.0,0.0,0.0,0.0,0.0,1.0400271551303242e-154,0.0,0.0,0.0,0.0,0.0,0.0,0.0,0.0,1.9908046636105227e-102,0.0,0.0,0.0,0.0,0.0,0.0,0.0,1.8214550850300494e-104,1.098792565901621e-49,0.0,0.0,0.0,0.0,0.0,0.0,0.0,1.8421737546797318e-92,0.0,0.0,0.0,0.0,0.0,0.0,0.0,0.0,1.2727762570583607e-117,0.0,0.0,0.0,0.0,0.0,0.0,0.0,0.0,0.0,8.455826819265012e-25,0.0,0.0,0.0,0.0,0.0,0.0,0.0,0.0,0.0,1.1210571202568897e-115,0.0,0.0,0.0,0.0,0.0,0.0,0.0,7.346997139807935e-138,1.3770066226327047e-132,0.0,0.0,0.0,0.0,0.0,0.0,0.0,2.03781030482947e-161,7.366988539769659e-7,0.0,0.0,0.0,0.0,0.0,0.0,0.0,7.802470310249937e-116,0.0,0.0,0.0,0.0,0.0,2.1006077092118802e-144,7.463221847971802e-256,0.0,0.0,0.0,0.0,0.0,1.2872240632515975e-121,0.0,0.0,0.0,0.0,0.0,0.0,0.0,0.0,0.0
0.0,1.778943248367988e-184,8.981948200601405e-75,0.0,0.0,0.0,0.0,0.0,0.0,0.0,0.0,0.0,0.0,6.214353876956593e-127,0.005526254767272529,8.219331943870519e-187,0.0,0.0,0.0,0.0,0.0,0.0,0.0,0.0,0.0,1.3910393066667048e-101,0.29141176061827573,2.7758400746384817e-99,0.0,0.0,0.0,0.0,0.0,0.0,0.0,0.0,0.0,5.983066970287167e-34,0.31240094005253494,7.606551192475333e-73,0.0,0.0,0.0,0.0,0.0,0.0,0.0,0.0,0.0,1.2563977013535285e-27,0.0769835519175627,3.0878850262642346e-69,0.0,0.0,0.0,0.0,0.0,0.0,0.0,0.0,8.841611214976933e-45,0.042156456559639656,3.670979260029436e-123,0.0,0.0,0.0,0.0,0.0,0.0,0.0,0.0,2.876911738466974e-57,0.037552726927043735,6.284149103153484e-44,0.0,0.0,0.0,0.0,0.0,0.0,0.0,0.0,1.3400728439460097e-32,0.02092952288958186,2.4133219090861488e-67,0.0,0.0,0.0,0.0,0.0,0.0,0.0,3.116144698645045e-57,0.020021869476775398,8.258289865085456e-169,0.0,0.0,0.0,0.0,0.0,0.0,0.0,3.594567816787092e-32,0.024558223125949623,5.803064697564394e-29,0.0,0.0,0.0,0.0,0.0,0.0,0.0,1.3033355824379367e-42,0.021562874996649162,0.0,0.0,0.0,0.0,0.0,0.0,0.0,2.5151670821252565e-9,0.007063878852073454,2.932568355481813e-57,0.0,0.0,0.0,0.0,0.0,0.0,0.0,4.790038532538612e-8,0.003531939426036727,3.7912667859945617e-35,0.0,0.0,0.0,0.0,0.0,0.0,0.0,0.0017659697130183634,0.0,0.0,0.0,0.0,0.0,0.0,0.0,7.360534011480798e-53,0.007063878852073454,0.0,0.0,0.0,0.0,0.0,0.0,0.0,0.0,1.0302766149521937e-44,0.01589372741716527,0.0,0.0,0.0,0.0,0.0,0.0,1.590604520508196e-36,0.028255515408293817,0.0,0.0,0.0,0.0,0.0,0.0,0.0,0.0,9.557744525979783e-50,0.008829848565091818,2.0462739562276126e-132,0.0,0.0,0.0,0.0,0.0,0.0,0.0,0.003531939426036727,0.0,0.0,0.0,0.0,0.0,0.0,0.0,0.0,0.007063804620770482,0.0,0.0,0.0,0.0,0.0,0.0,2.1678621324099054e-6,0.007063878852073454,7.31660110841525e-121,0.0,0.0,0.0,0.0,0.0,0.0,0.0,0.010595818278110182,8.056235757704482e-231,0.0,0.0,0.0,0.0,0.0,0.0,0.0,0.0,0.008829848565091818,0.0,0.0,0.0,0.0,0.0,0.0,0.0,0.0,1.60241235335218e-61,0.007063878852073454,0.0,0.0,0.0,0.0,0.0,0.0,0.0,6.454574960763875e-68,0.0123617867389345,1.234897225214653e-89,0.0,0.0,0.0,0.0,0.0,0.0,0.0,0.0025780613695147343,7.69925055616067e-111,0.0,0.0,0.0,0.0,0.0,0.001411388871872791,0.003531939426036727,5.55332528549454e-241,0.0,0.0,0.0,0.0,0.0,0.005297909139055091,0.0,0.0,0.0,0.0,0.0,0.0017659697130183636,0.0,0.0,0.0,0.0,0.0,0.003392618304688597,0.0,0.0,0.0,0.0
0.0,0.0,7.935259414970098e-67,0.012800611425759167,0.0,0.0,0.0,0.0,0.0,0.0,0.0,0.0,0.0,0.0,4.659578499619586e-74,0.5445457216772782,0.0,0.0,0.0,0.0,0.0,0.0,0.0,0.0,0.0,0.0,1.2914140263977718e-72,0.4335377823725117,0.0,0.0,0.0,0.0,0.0,0.0,0.0,0.0,0.0,0.0,5.4304394753043786e-71,5.674463537555452e-21,0.0,0.0,0.0,0.0,0.0,0.0,0.0,0.0,0.0,0.0,4.3086644171147615e-266,8.197366969366405e-5,0.0,0.0,0.0,0.0,0.0,0.0,0.0,0.0,0.0,3.249635665059148e-44,5.562349239517592e-26,0.0,0.0,0.0,0.0,0.0,0.0,0.0,0.0,0.0,1.63706978702111e-31,0.0019647870741519064,0.0,0.0,0.0,0.0,0.0,0.0,0.0,0.0,0.0,0.0,8.168707919589116e-32,0.0,0.0,0.0,0.0,0.0,0.0,0.0,0.0,8.51904419337253e-161,0.0020206672551892906,0.0,0.0,0.0,0.0,0.0,0.0,0.0,0.0,0.0,0.0025095387526303274,0.0,0.0,0.0,0.0,0.0,0.0,0.0,0.0,0.0,0.0018842233297085033,0.0,0.0,0.0,0.0,0.0,0.0,0.0,0.0,3.522411091943049e-104,0.0,0.0,0.0,0.0,0.0,0.0,0.0,0.0,0.0,1.3540501292297253e-31,0.0,0.0,0.0,0.0,0.0,0.0,0.0,0.0,1.2100394916342197e-33,0.0,0.0,0.0,0.0,0.0,0.0,0.0,6.807407473228029e-40,1.1646653541229521e-85,0.0,0.0,0.0,0.0,0.0,0.0,0.0,0.0,0.0,8.408961819272968e-41,0.0,0.0,0.0,0.0,0.0,0.0,0.0,2.2918974220901743e-75,0.0,0.0,0.0,0.0,0.0,0.0,0.0,0.0,0.0,5.467079600160307e-171,0.0,0.0,0.0,0.0,0.0,0.0,0.0,0.0,4.015668230676356e-216,0.0,0.0,0.0,0.0,0.0,0.0,0.0,2.355753335091866e-305,4.1873146287984985e-34,0.0,0.0,0.0,0.0,0.0,0.0,0.0,4.0235537143871215e-183,0.0,0.0,0.0,0.0,0.0,0.0,0.0,0.0,5.031132480258137e-230,0.0,0.0,0.0,0.0,0.0,0.0,0.0,0.0,0.0,0.0006546944430772476,0.0,0.0,0.0,0.0,0.0,0.0,0.0,0.0,0.0,5.305215075295092e-147,0.0,0.0,0.0,0.0,0.0,0.0,0.0,4.660790445133854e-287,4.223141973409153e-132,0.0,0.0,0.0,0.0,0.0,0.0,0.0,0.0,2.479483944802743e-48,0.0,0.0,0.0,0.0,0.0,0.0,0.0,7.675698943512944e-234,0.0,0.0,0.0,0.0,0.0,0.0,0.0,0.0,0.0,0.0,0.0,0.0,9.793449663566265e-245,0.0,0.0,0.0,0.0,0.0,0.0,0.0,0.0,0.0
0.0,0.0,0.0,0.0,0.0,0.0,0.0,4.016417089215623e-157,1.4223720916074358e-32,1.4744344972107921e-152,0.0,0.0,0.0,0.0,0.0,0.0,0.0,0.0,0.0,3.4157761379654983e-103,0.005558647468664909,2.165466926736996e-68,0.0,0.0,0.0,0.0,0.0,0.0,0.0,0.0,0.0,2.002022152628008e-91,0.9592180975951603,4.036235934589376e-71,0.0,0.0,0.0,0.0,0.0,0.0,0.0,0.0,0.0,3.242191723385395e-122,0.035223254936175,7.61442973808385e-96,0.0,0.0,0.0,0.0,0.0,0.0,0.0,0.0,0.0,0.0,0.0,0.0,0.0,0.0,0.0,0.0,0.0,0.0,0.0,0.0,0.0,0.0,0.0,0.0,0.0,0.0,0.0,0.0,0.0,0.0,0.0,0.0,0.0,0.0,0.0,0.0,0.0,0.0,0.0,0.0,0.0,0.0,0.0,0.0,0.0,0.0,0.0,0.0,0.0,0.0,0.0,0.0,0.0,0.0,0.0,0.0,0.0,0.0,0.0,0.0,0.0,0.0,0.0,0.0,0.0,0.0,0.0,0.0,0.0,0.0,0.0,0.0,0.0,0.0,0.0,0.0,0.0,0.0,0.0,0.0,0.0,0.0,0.0,0.0,0.0,0.0,0.0,0.0,0.0,0.0,0.0,0.0,0.0,0.0,0.0,0.0,0.0,0.0,0.0,0.0,0.0,0.0,0.0,0.0,0.0,0.0,0.0,0.0,0.0,0.0,0.0,0.0,0.0,0.0,0.0,0.0,0.0,0.0,0.0,0.0,0.0,0.0,0.0,0.0,0.0,0.0,0.0,0.0,0.0,0.0,0.0,0.0,0.0,0.0,0.0,0.0,0.0,0.0,0.0,0.0,0.0,0.0,0.0,0.0,0.0,0.0,0.0,0.0,0.0,0.0,0.0,0.0,0.0,0.0,0.0,0.0,0.0,0.0,0.0,0.0,0.0,0.0,0.0,0.0,0.0,0.0,0.0,0.0,0.0,0.0,0.0,0.0,0.0,0.0,0.0,0.0,0.0,0.0,0.0,0.0,0.0,0.0,0.0,0.0,0.0,0.0,0.0,0.0,0.0,0.0,0.0,0.0,0.0,0.0,0.0,0.0,0.0,0.0,0.0,0.0,0.0,0.0,0.0,0.0,0.0,0.0,0.0,0.0,0.0,0.0,0.0,0.0,0.0,0.0,0.0,0.0,0.0,0.0,0.0,0.0,0.0,0.0,0.0,0.0,0.0,0.0,0.0,0.0,0.0,0.0,0.0,0.0,0.0,0.0,0.0,0.0,0.0
3.183083239063356e-61,0.0,0.0,0.0,0.0,0.0,0.0,0.0,0.0,0.0,4.5687054191140927e-82,0.041903385745775706,3.420666151068906e-65,0.0,0.0,0.0,0.0,0.0,0.0,0.0,0.0,0.0,1.0226380514381296e-95,0.6003681878596376,3.038815861128148e-63,0.0,0.0,0.0,0.0,0.0,0.0,0.0,0.0,0.0,2.5477266197360348e-107,0.35516956222916474,7.56179746492699e-128,0.0,0.0,0.0,0.0,0.0,0.0,0.0,0.0,0.0,4.377830799781468e-143,4.530303101863084e-5,3.557133249515646e-101,0.0,0.0,0.0,0.0,0.0,0.0,0.0,0.0,6.930524645775977e-149,2.3113168525948694e-71,1.821209299692139e-142,0.0,0.0,0.0,0.0,0.0,0.0,0.0,0.0,3.0709206287625913e-308,0.001555764661725291,3.2496206295857766e-87,0.0,0.0,0.0,0.0,0.0,0.0,0.0,0.0,2.735205651650481e-112,1.9730142594008057e-32,3.699647074094451e-116,0.0,0.0,0.0,0.0,0.0,0.0,0.0,1.633810906937555e-309,0.0009577963029998735,1.1209386758991232e-137,0.0,0.0,0.0,0.0,0.0,0.0,0.0,1.3151355787008227e-249,4.682734743265883e-24,1.4090570733229806e-181,0.0,0.0,0.0,0.0,0.0,0.0,0.0,4.696272127024974e-261,2.600867875844782e-20,4.408260343442676e-68,0.0,0.0,0.0,0.0,0.0,0.0,1.634815151937905e-75,7.060908621159338e-42,2.975902102771504e-89,0.0,0.0,0.0,0.0,0.0,0.0,0.0,0.0,3.093857280628762e-105,0.0,0.0,0.0,0.0,0.0,0.0,0.0,3.27127085252926e-310,1.6967810749916705e-10,9.022364398656621e-133,0.0,0.0,0.0,0.0,0.0,0.0,0.0,7.460734311353644e-126,2.4369584864286986e-151,0.0,0.0,0.0,0.0,0.0,0.0,0.0,0.0,6.067758122870283e-120,6.727865263544435e-82,0.0,0.0,0.0,0.0,0.0,1.0553592157403924e-294,5.098695309950297e-150,1.2130056418389953e-148,0.0,0.0,0.0,0.0,0.0,0.0,0.0,0.0,5.836739730981011e-96,3.7934279437312705e-65,0.0,0.0,0.0,0.0,0.0,0.0,3.343473818139712e-269,3.5806646162199997e-169,0.0,0.0,0.0,0.0,0.0,0.0,0.0,0.0,1.7998149988685815e-105,9.129237275010932e-127,0.0,0.0,0.0,0.0,0.0,0.0,5.5246186734433815e-149,0.0,0.0,0.0,0.0,0.0,0.0,0.0,0.0,0.0,0.0,0.0,0.0,0.0,0.0,0.0,0.0,0.0,3.529684022908654e-298,2.995562240537434e-77,5.74915044994752e-80,0.0,0.0,0.0,0.0,0.0,0.0,0.0,0.0,1.2461046148179756e-128,1.0349138012242569e-100,0.0,0.0,0.0,0.0,0.0,0.0,3.969439123234044e-284,4.4525360636338785e-135,0.0,0.0,0.0,0.0,0.0,0.0,0.0,0.0,0.0,0.0,0.0,0.0,0.0,0.0,0.0,0.0,1.0721574658471728e-205,0.0,0.0,0.0,0.0,0.0,0.0,0.0,1.1642992312902586e-123,0.0,0.0,0.0,0.0,0.0,0.0,0.0,0.0,0.0,0.0,0.0,0.0,0.0,0.0,0.0,0.0,0.0,0.0
0.030136986301367803,6.601456216089307e-82,0.0,0.0,0.0,0.0,0.0,0.0,0.0,0.0,0.0,2.555806883078301e-85,0.45308219178079095,2.120445196749064e-87,0.0,0.0,0.0,0.0,0.0,0.0,0.0,0.0,0.0,1.3625960516383426e-82,0.34589041095888046,7.744553185153359e-75,0.0,0.0,0.0,0.0,0.0,0.0,0.0,0.0,0.0,7.5167688123231555e-78,0.04452054794520244,5.048710374684011e-94,0.0,0.0,0.0,0.0,0.0,0.0,0.0,0.0,0.0,4.382453263382079e-64,0.01575342465753317,5.981563625249081e-74,0.0,0.0,0.0,0.0,0.0,0.0,0.0,0.0,4.501025421784362e-88,0.011986301369862194,6.269538424541024e-90,0.0,0.0,0.0,0.0,0.0,0.0,0.0,0.0,0.0,0.00924657534246512,6.362732479876247e-95,0.0,0.0,0.0,0.0,0.0,0.0,0.0,0.0,6.894031314308243e-111,0.008561643835615853,4.65653883605108e-65,0.0,0.0,0.0,0.0,0.0,0.0,0.0,3.421634231520516e-123,0.010273972602739023,4.685558235140698e-47,0.0,0.0,0.0,0.0,0.0,0.0,0.0,1.360509045596664e-74,0.011301369863012925,2.652950479015357e-66,0.0,0.0,0.0,0.0,0.0,0.0,0.0,4.829402525315805e-34,0.003082191780821707,8.871519564669614e-91,0.0,0.0,0.0,0.0,0.0,0.0,2.330805330055749e-136,0.004794520547944878,0.0,0.0,0.0,0.0,0.0,0.0,0.0,0.0,1.3282437394933918e-81,0.00410958904109561,3.5121434112824925e-51,0.0,0.0,0.0,0.0,0.0,0.0,2.278040417268198e-23,0.002739726027397073,3.0379149442289224e-61,0.0,0.0,0.0,0.0,0.0,0.0,4.805428460311772e-108,0.004452054794520243,1.26863515595765e-105,0.0,0.0,0.0,0.0,0.0,0.0,0.0,4.294702125669726e-128,0.002739726027397073,6.320302244127835e-111,0.0,0.0,0.0,0.0,0.0,1.9698082433625835e-101,0.00410958904109561,1.0699347974998207e-92,0.0,0.0,0.0,0.0,0.0,0.0,0.0,0.0,0.002397260273972439,0.0,0.0,0.0,0.0,0.0,0.0,0.0,0.0,0.002397260273972439,0.0,0.0,0.0,0.0,0.0,0.0,0.0,3.4185448662077633e-109,0.004452054794520243,5.494518276335299e-63,0.0,0.0,0.0,0.0,0.0,3.48539511246716e-121,0.0037671232876709754,6.929947774663894e-45,0.0,0.0,0.0,0.0,0.0,0.0,0.0,0.0034246575342463414,1.5056123136456735e-45,0.0,0.0,0.0,0.0,0.0,0.0,0.0,3.0746664340858183e-65,0.00582191780821878,7.999056064037254e-79,0.0,0.0,0.0,0.0,0.0,0.0,0.0,1.2443136024853408e-86,0.0034246575342463414,0.0,0.0,0.0,0.0,0.0,0.0,0.0,3.9039671474033816e-104,0.002397260273972439,1.4411010131192848e-83,0.0,0.0,0.0,0.0,0.0,0.0,0.0,0.0006849315068492682,0.0,0.0,0.0,0.0,0.0,0.0,0.0,0.002054794520547805,1.804070671295609e-71,0.0,0.0,0.0,0.0,0.0,0.002054794520547805,0.0,0.0,0.0,0.0,0.0,0.0,0.0,0.0,0.0,0.0,0.0,0.0,0.0003424657534246341,6.835947798783908e-14,0.0,0.0,0.0,0.0
0.0,0.0,0.0,0.0,0.0,0.0,0.0,0.0,6.580765229133147e-201,9.375413595986378e-44,4.261643210700568e-148,0.0,0.0,0.0,0.0,0.0,0.0,0.0,0.0,0.0,1.2419581676882312e-88,0.000189403499183655,4.162087347445315e-89,0.0,0.0,0.0,0.0,0.0,0.0,0.0,0.0,0.0,5.959546326468447e-88,0.939888216936762,8.55102598683176e-80,0.0,0.0,0.0,0.0,0.0,0.0,0.0,0.0,0.0,8.637160885314535e-67,0.049507781258407865,3.788772883994805e-74,0.0,0.0,0.0,0.0,0.0,0.0,0.0,0.0,0.0,0.001904145433015687,0.0,0.0,0.0,0.0,0.0,0.0,0.0,0.0,0.0,0.0,0.0006347151443385624,1.121127336096864e-43,0.0,0.0,0.0,0.0,0.0,0.0,0.0,0.0,0.0,0.0,2.585479377013512e-81,0.0,0.0,0.0,0.0,0.0,0.0,0.0,0.0,0.0025388605773542495,4.2562135352517644e-79,0.0,0.0,0.0,0.0,0.0,0.0,0.0,0.0,0.0,0.0,0.0,0.0,0.0,0.0,0.0,0.0,0.0,0.0,9.94878533333418e-5,4.267136726817475e-95,0.0,0.0,0.0,0.0,0.0,0.0,0.0,0.002698528720250087,0.0,0.0,0.0,0.0,0.0,0.0,0.0,0.0,0.0,0.0006347151443385624,0.0,0.0,0.0,0.0,0.0,0.0,0.0,0.0,0.0012694302886771247,0.0,0.0,0.0,0.0,0.0,0.0,0.0,0.0,0.0006347151443385624,0.0,0.0,0.0,0.0,0.0,0.0,0.0,0.0,0.0,0.0,0.0,0.0,0.0,0.0,0.0,0.0,0.0,0.0,0.0,0.0,0.0,0.0,0.0,0.0,0.0,0.0,0.0,0.0,0.0,0.0,0.0,0.0,0.0,0.0,0.0,0.0,0.0,0.0,0.0,0.0,0.0,0.0,0.0,0.0,0.0,0.0,0.0,0.0,0.0,0.0,0.0,0.0,0.0,0.0,0.0,0.0,0.0,0.0,0.0,0.0,0.0,0.0,0.0,0.0,0.0,0.0,0.0,0.0,0.0,0.0,0.0,0.0,0.0,4.836793315648122e-22,0.0,0.0,0.0,0.0,0.0,0.0,0.0,0.0,0.0,0.0,0.0,0.0,0.0,0.0,0.0,0.0,0.0,0.0,0.0,0.0,0.0,0.0,0.0,0.0,0.0,0.0,0.0,0.0,0.0,0.0,0.0,0.0,0.0,0.0,0.0,0.0,0.0,0.0,0.0,0.0,0.0,0.0,0.0,0.0,0.0,0.0,0.0,0.0,0.0,0.0,0.0,0.0,0.0,0.0,0.0,0.0,0.0,0.0,0.0,0.0,0.0,0.0,0.0
0.0,0.0,0.0,0.0,0.0,0.0,0.0,0.0,0.0,1.247367945575051e-215,1.344525579346856e-36,3.0889339473258666e-127,0.0,0.0,0.0,0.0,0.0,0.0,0.0,0.0,0.0,4.830592617751931e-111,0.001308381197477711,2.907203388906845e-60,0.0,0.0,0.0,0.0,0.0,0.0,0.0,0.0,0.0,2.808051897417497e-120,0.8846131076634237,1.9804839485861032e-60,0.0,0.0,0.0,0.0,0.0,0.0,0.0,0.0,0.0,7.14041531577959e-112,0.06952273165266758,1.4222915198170073e-101,0.0,0.0,0.0,0.0,0.0,0.0,0.0,0.0,0.0,0.00716729192295542,4.175787740013108e-69,0.0,0.0,0.0,0.0,0.0,0.0,0.0,0.0,0.0,0.0028669167691821678,5.824049163647325e-90,0.0,0.0,0.0,0.0,0.0,0.0,0.0,0.0,0.0,0.005732716123922564,1.3451592716581835e-80,0.0,0.0,0.0,0.0,0.0,0.0,0.0,2.0338938273475568e-81,0.00819290388580715,3.053203518609053e-67,0.0,0.0,0.0,0.0,0.0,0.0,0.0,0.0,0.0057338335383643356,1.96138029476776e-52,0.0,0.0,0.0,0.0,0.0,0.0,0.0,0.0,0.0057338335383643356,2.051076682286979e-77,0.0,0.0,0.0,0.0,0.0,0.0,0.0,0.0021501092769945465,2.6847123539805263e-55,0.0,0.0,0.0,0.0,0.0,0.0,0.0,0.0,0.0014334581480454848,6.298985101088385e-70,0.0,0.0,0.0,0.0,0.0,0.0,0.0,0.0028669167691821678,0.0,0.0,0.0,0.0,0.0,0.0,0.0,0.0,0.0,0.0,0.0,0.0,0.0,0.0,0.0,0.0,0.0,0.0,0.0007167291922955419,0.0,0.0,0.0,0.0,0.0,0.0,0.0,3.535618356768285e-49,0.0,0.0,0.0,0.0,0.0,0.0,0.0,0.0,0.0,0.0007167291922955419,0.0,0.0,0.0,0.0,0.0,0.0,0.0,0.0,1.0352632874073781e-19,0.0,0.0,0.0,0.0,0.0,0.0,0.0,0.0,0.0,6.599717640363145e-89,0.0,0.0,0.0,0.0,0.0,0.0,0.0,0.0,0.0,0.0,0.0,0.0,0.0,0.0,0.0,0.0,0.0,0.0,0.0,0.0,0.0,0.0,0.0,0.0,0.0,0.0012443411290215824,0.0,0.0,0.0,0.0,0.0,0.0,0.0,0.0,0.0,0.0,2.5232795715579312e-73,0.0,0.0,0.0,0.0,0.0,0.0,0.0,7.668685055472446e-27,2.0172274292476634e-101,0.0,0.0,0.0,0.0,0.0,0.0,0.0,0.0,0.0,0.0,0.0,0.0,0.0,0.0,0.0,0.0,0.0,0.0,0.0,0.0,0.0,0.0,0.0,0.0,0.0,0.0,0.0,0.0,0.0,0.0,0.0,0.0,0.0,0.0,0.0,0.0,0.0,0.0,0.0,0.0,0.0,0.0,0.0
0.0,0.0,0.0,2.1972112510291447e-63,0.0,0.0,0.0,0.0,0.0,0.0,0.0,0.0,0.0,0.0,1.5075108533353907e-229,0.0009887496297250923,0.0,0.0,0.0,0.0,0.0,0.0,0.0,0.0,0.0,0.0,1.3468293736377266e-142,7.418180563500865e-22,0.0,0.0,0.0,0.0,0.0,0.0,0.0,0.0,0.0,0.0,2.6492815256214706e-157,0.05296782838172601,0.0,0.0,0.0,0.0,0.0,0.0,0.0,0.0,0.0,0.0,4.945152340505805e-102,0.24375629069909546,0.0,0.0,0.0,0.0,0.0,0.0,0.0,0.0,0.0,3.154551740013855e-121,0.061104230789573874,0.0,0.0,0.0,0.0,0.0,0.0,0.0,0.0,0.0,2.3339325339228806e-185,0.017842039595152105,0.0,0.0,0.0,0.0,0.0,0.0,0.0,0.0,0.0,0.0,0.046308351754864,0.0,0.0,0.0,0.0,0.0,0.0,0.0,0.0,6.653497853400209e-47,0.024554769386386614,0.0,0.0,0.0,0.0,0.0,0.0,0.0,0.0,2.502119178624062e-86,0.02508631193562583,0.0,0.0,0.0,0.0,0.0,0.0,0.0,0.0,0.0,0.01179515802470361,0.0,0.0,0.0,0.0,0.0,0.0,0.0,0.0,0.03243740294771295,0.0,0.0,0.0,0.0,0.0,0.0,0.0,0.0,0.0,0.051174725773538626,0.0,0.0,0.0,0.0,0.0,0.0,0.0,0.0,0.020273481315103807,0.0,0.0,0.0,0.0,0.0,0.0,0.0,2.134245083046214e-215,0.04865635515624914,0.0,0.0,0.0,0.0,0.0,0.0,0.0,0.0,2.512640417182231e-85,0.028382351307725255,0.0,0.0,0.0,0.0,0.0,0.0,1.6057785951651166e-66,0.06892983647135294,0.0,0.0,0.0,0.0,0.0,0.0,0.0,0.0,0.0,0.05676574768229066,0.0,0.0,0.0,0.0,0.0,0.0,0.0,0.0,0.02432817757812457,0.0,0.0,0.0,0.0,0.0,0.0,0.0,1.704363243274555e-7,0.02432817757812457,0.0,0.0,0.0,0.0,0.0,0.0,0.0,0.02432817757812457,0.0,0.0,0.0,0.0,0.0,0.0,0.0,0.0,0.020273481315103807,0.0,0.0,0.0,0.0,0.0,0.0,0.0,0.0,1.18106e-319,9.277745623726875e-42,0.0,0.0,0.0,0.0,0.0,0.0,0.0,0.0,0.0,0.016218785052083042,0.0,0.0,0.0,0.0,0.0,0.0,0.0,2.875058660554326e-9,0.016218785052083046,0.0,0.0,0.0,0.0,0.0,0.0,0.0,0.014354208904172668,0.032434136412787765,0.0,0.0,0.0,0.0,0.0,0.0,1.7663254680321703e-287,0.02838287384114533,0.0,0.0,0.0,0.0,0.0,2.2824683519356267e-19,0.004054696263020761,0.0,0.0,0.0,0.0,0.0,0.004054696263020761,0.0,0.0,0.0,0.0,0.0,0.0,0.0,0.0,0.0
0.0,0.0,0.0,0.0,0.007534246575342466,0.0,0.0,0.0,0.0,0.0,0.0,0.0,0.0,0.0,0.0,0.0,0.1404109589041096,0.0,0.0,0.0,0.0,0.0,0.0,0.0,0.0,0.0,0.0,0.0,0.36506849315068496,0.0,0.0,0.0,0.0,0.0,0.0,0.0,0.0,0.0,0.0,0.0,0.21232876712328766,0.0,0.0,0.0,0.0,0.0,0.0,0.0,0.0,0.0,0.0,0.0,0.04178082191780822,0.0,0.0,0.0,0.0,0.0,0.0,0.0,0.0,0.0,0.0,0.02671232876712329,0.0,0.0,0.0,0.0,0.0,0.0,0.0,0.0,0.0,0.0,0.019178082191780823,0.0,0.0,0.0,0.0,0.0,0.0,0.0,0.0,0.0,0.0,0.017123287671232876,0.0,0.0,0.0,0.0,0.0,0.0,0.0,0.0,0.0,0.0136986301369863,0.0,0.0,0.0,0.0,0.0,0.0,0.0,0.0,0.0,0.01780821917808219,0.0,0.0,0.0,0.0,0.0,0.0,0.0,0.0,0.0,0.015068493150684932,0.0,0.0,0.0,0.0,0.0,0.0,0.0,0.0,0.009589041095890411,0.0,0.0,0.0,0.0,0.0,0.0,0.0,0.0,0.0,0.010958904109589041,0.0,0.0,0.0,0.0,0.0,0.0,0.0,0.0,0.00821917808219178,0.0,0.0,0.0,0.0,0.0,0.0,0.0,0.0,0.010958904109589041,0.0,0.0,0.0,0.0,0.0,0.0,0.0,0.0,0.0,0.00684931506849315,0.0,0.0,0.0,0.0,0.0,0.0,0.0,0.007534246575342466,0.0,0.0,0.0,0.0,0.0,0.0,0.0,0.0,0.0,0.009589041095890411,0.0,0.0,0.0,0.0,0.0,0.0,0.0,0.0,0.0061643835616438354,0.0,0.0,0.0,0.0,0.0,0.0,0.0,0.0,0.007534246575342466,0.0,0.0,0.0,0.0,0.0,0.0,0.0,0.004794520547945206,0.0,0.0,0.0,0.0,0.0,0.0,0.0,0.0,0.004794520547945206,0.0,0.0,0.0,0.0,0.0,0.0,0.0,0.0,0.0,0.007534246575342466,0.0,0.0,0.0,0.0,0.0,0.0,0.0,0.0,0.0,0.0061643835616438354,0.0,0.0,0.0,0.0,0.0,0.0,0.0,0.0,0.005479452054794521,0.0,0.0,0.0,0.0,0.0,0.0,0.0,0.0,0.00821917808219178,0.0,0.0,0.0,0.0,0.0,0.0,0.0,0.005479452054794521,0.0,0.0,0.0,0.0,0.0,0.0,0.0027397260273972603,0.0,0.0,0.0,0.0,0.0,0.0006849315068493151,0.0,0.0,0.0,0.0,0.0,0.0,0.0,0.0
0.0,0.0,0.0,0.0,0.0,0.0,2.960759287447278e-100,3.6146923071802714e-65,2.602033055350765e-142,0.0,0.0,0.0,0.0,0.0,0.0,0.0,0.0,0.0,2.92114873378846e-92,3.1010120535201164e-6,4.8813204259558895e-99,0.0,0.0,0.0,0.0,0.0,0.0,0.0,0.0,0.0,3.455108930132204e-69,0.9426949828677456,3.951414805391243e-77,0.0,0.0,0.0,0.0,0.0,0.0,0.0,0.0,0.0,8.978129858307486e-54,0.05283667685508115,4.250652558839464e-115,0.0,0.0,0.0,0.0,0.0,0.0,0.0,0.0,0.0,1.0252033870707992e-86,0.004465071283527984,0.0,0.0,0.0,0.0,0.0,0.0,0.0,0.0,0.0,1.3934163427399586e-64,0.0,0.0,0.0,0.0,0.0,0.0,0.0,0.0,0.0,0.0,0.0,1.679815918181511e-7,0.0,0.0,0.0,0.0,0.0,0.0,0.0,0.0,0.0,0.0,0.0,0.0,0.0,0.0,0.0,0.0,0.0,0.0,0.0,0.0,0.0,0.0,0.0,0.0,0.0,0.0,0.0,0.0,0.0,0.0,0.0,0.0,0.0,0.0,0.0,0.0,0.0,0.0,0.0,0.0,0.0,0.0,0.0,0.0,0.0,0.0,0.0,0.0,0.0,0.0,0.0,0.0,0.0,0.0,0.0,0.0,0.0,0.0,0.0,0.0,0.0,0.0,0.0,0.0,0.0,0.0,0.0,0.0,0.0,0.0,0.0,0.0,0.0,0.0,0.0,0.0,0.0,0.0,0.0,0.0,0.0,0.0,0.0,0.0,0.0,0.0,0.0,0.0,0.0,0.0,0.0,0.0,0.0,0.0,0.0,0.0,0.0,0.0,0.0,0.0,0.0,0.0,0.0,0.0,0.0,0.0,0.0,0.0,0.0,0.0,0.0,0.0,0.0,0.0,0.0,0.0,0.0,0.0,0.0,0.0,0.0,0.0,0.0,0.0,0.0,0.0,0.0,0.0,0.0,0.0,0.0,0.0,0.0,0.0,0.0,0.0,0.0,0.0,0.0,0.0,0.0,0.0,0.0,0.0,0.0,0.0,0.0,0.0,0.0,0.0,0.0,0.0,0.0,0.0,0.0,0.0,0.0,0.0,0.0,0.0,0.0,0.0,0.0,0.0,0.0,0.0,0.0,0.0,0.0,0.0,0.0,0.0,0.0,0.0,0.0,0.0,0.0,0.0,0.0,0.0,0.0,0.0,0.0,0.0,0.0,0.0,0.0,0.0,0.0,0.0,0.0,0.0,0.0,0.0,0.0,0.0,0.0,0.0,0.0,0.0,0.0,0.0,0.0,0.0,0.0
0.0,0.0,0.0,0.0,0.0,5.081054158124433e-218,0.0,0.0,0.0,0.0,0.0,0.0,0.0,0.0,0.0,0.0,0.0,3.7021113252509133e-13,6.720703068730134e-106,0.0,0.0,0.0,0.0,0.0,0.0,0.0,0.0,0.0,0.0,0.013058288389223351,2.2151230106271366e-99,0.0,0.0,0.0,0.0,0.0,0.0,0.0,0.0,0.0,0.0,0.8375976677272922,1.308618418277436e-79,0.0,0.0,0.0,0.0,0.0,0.0,0.0,0.0,0.0,0.0,0.06677508818522469,7.477458665044353e-96,0.0,0.0,0.0,0.0,0.0,0.0,0.0,0.0,0.0,0.01584493468859017,3.7585020641771407e-231,0.0,0.0,0.0,0.0,0.0,0.0,0.0,0.0,0.0,0.006790686934090647,0.0,0.0,0.0,0.0,0.0,0.0,0.0,0.0,0.0,0.0,0.009054249245454195,0.0,0.0,0.0,0.0,0.0,0.0,0.0,0.0,0.0,0.006790686934090647,0.0,0.0,0.0,0.0,0.0,0.0,0.0,0.0,0.0,0.004527124622727098,0.0,0.0,0.0,0.0,0.0,0.0,0.0,0.0,0.0,0.004527124622727098,0.0,0.0,0.0,0.0,0.0,0.0,0.0,0.0,0.0,0.0,0.0,0.0,0.0,0.0,0.0,0.0,0.0,0.0,0.0033953434670453233,0.0,0.0,0.0,0.0,0.0,0.0,0.0,0.0,0.0,0.0,0.0,0.0,0.0,0.0,0.0,0.0,0.0,0.002263562311363549,1.486056895690454e-40,0.0,0.0,0.0,0.0,0.0,0.0,0.0,0.0,0.002263562311363549,0.0,0.0,0.0,0.0,0.0,0.0,0.0,0.002263562311363549,0.0,0.0,0.0,0.0,0.0,0.0,0.0,0.0,0.0,0.0011317811556817744,7.073571480804184e-15,0.0,0.0,0.0,0.0,0.0,0.0,0.0,0.0033442762910815492,0.0,0.0,0.0,0.0,0.0,0.0,0.0,0.0,0.0033953434670453233,0.0,0.0,0.0,0.0,0.0,0.0,0.0,0.0033953434670453233,0.0,0.0,0.0,0.0,0.0,0.0,0.0,0.0,0.0011317811556817744,2.2713394182298972e-28,0.0,0.0,0.0,0.0,0.0,0.0,0.0,0.0,0.0011317811556817744,0.0,0.0,0.0,0.0,0.0,0.0,0.0,0.0,0.0,0.005658905778408873,0.0,0.0,0.0,0.0,0.0,0.0,0.0,0.0,0.0033953434670453233,0.0,0.0,0.0,0.0,0.0,0.0,0.0,0.0,0.002263562311363549,3.135140338480402e-14,0.0,0.0,0.0,0.0,0.0,0.0,0.0,0.0,0.0,0.0,0.0,0.0,0.0,0.0,0.0,0.0,0.0,0.0,0.0,0.0,0.0,0.0,0.0,0.0,0.0,0.0,0.0
0.0,0.0,0.0,0.0,0.0,1.1846942474714545e-270,2.9077515735528915e-158,0.0,0.0,0.0,0.0,0.0,0.0,0.0,0.0,0.0,0.0,2.0416396647249674e-55,4.084191989095652e-11,5.69475552627771e-130,0.0,0.0,0.0,0.0,0.0,0.0,0.0,0.0,0.0,2.059881943409304e-64,0.6976700259042689,1.3242241000916234e-121,0.0,0.0,0.0,0.0,0.0,0.0,0.0,0.0,0.0,5.463188945419877e-57,0.26345711118660126,1.410685943062695e-59,0.0,0.0,0.0,0.0,0.0,0.0,0.0,0.0,0.0,2.7344986223430943e-97,0.018711442555866566,8.166288029333368e-63,0.0,0.0,0.0,0.0,0.0,0.0,0.0,0.0,0.0,0.00823303472458129,0.0,0.0,0.0,0.0,0.0,0.0,0.0,0.0,0.0,2.0067123258789077e-65,0.0037422885111733136,2.066854599862944e-90,0.0,0.0,0.0,0.0,0.0,0.0,0.0,0.0,6.113109801563866e-50,0.0014969154044693254,0.0,0.0,0.0,0.0,0.0,0.0,0.0,0.0,0.0,0.0014969154044693254,0.0,0.0,0.0,0.0,0.0,0.0,0.0,0.0,0.0,0.0,0.0,0.0,0.0,0.0,0.0,0.0,0.0,0.0,0.0,0.0,0.0,0.0,0.0,0.0,0.0,0.0,0.0,0.0,0.0,0.0,0.0,0.0,0.0,0.0,0.0,0.0,0.0,6.575741525943696e-60,0.0,0.0,0.0,0.0,0.0,0.0,0.0,0.0,0.0,0.0,0.0,0.0,0.0,0.0,0.0,0.0,0.0,0.0,0.0007484577022346627,0.0,0.0,0.0,0.0,0.0,0.0,0.0,0.0,0.0,0.0,0.0,0.0,0.0,0.0,0.0,0.0,0.0,5.941634950152455e-21,0.0,0.0,0.0,0.0,0.0,0.0,0.0,0.0,0.0,0.0007484577022299848,0.0,0.0,0.0,0.0,0.0,0.0,0.0,0.0,0.0,0.0,0.0,0.0,0.0,0.0,0.0,0.0,1.0716149887536881e-44,0.0,0.0,0.0,0.0,0.0,0.0,0.0,0.0,0.0007015200543458744,0.0,0.0,0.0,0.0,0.0,0.0,0.0,0.0,5.31701533776749e-94,0.0,0.0,0.0,0.0,0.0,0.0,0.0,0.0,0.0,0.0,0.0,0.0,0.0,0.0,0.0,0.0,0.0,0.0,0.0,0.0,0.0,0.0,0.0,0.0,0.0,0.0,0.0,1.7079161010233417e-42,0.0022453731067039883,0.0,0.0,0.0,0.0,0.0,0.0,0.0,0.0,0.0007484577022139297,0.0,0.0,0.0,0.0,0.0,0.0,0.0,0.0,0.0,0.0,0.0,0.0,0.0,0.0,0.0,0.0,0.0,0.0,0.0,0.0,0.0,0.0,0.0,0.0,0.0,0.0,0.0
0.0,0.0,0.0,0.0,0.0,0.0560890396833495,8.736631609909973e-48,0.0,0.0,0.0,0.0,0.0,0.0,0.0,0.0,0.0,0.0,0.7437276726840204,7.502209798445136e-53,0.0,0.0,0.0,0.0,0.0,0.0,0.0,0.0,0.0,0.0,0.20018328763263007,9.633785575480885e-66,0.0,0.0,0.0,0.0,0.0,0.0,0.0,0.0,0.0,0.0,1.0558461600870634e-21,9.556881982349172e-117,0.0,0.0,0.0,0.0,0.0,0.0,0.0,0.0,0.0,0.0,3.923090421477636e-111,8.046349296984509e-254,0.0,0.0,0.0,0.0,0.0,0.0,0.0,0.0,0.0,1.2203352127763748e-81,1.7823756950656544e-54,0.0,0.0,0.0,0.0,0.0,0.0,0.0,0.0,0.0,2.4420960636974903e-112,0.0,0.0,0.0,0.0,0.0,0.0,0.0,0.0,0.0,0.0,5.08715808325601e-83,0.0,0.0,0.0,0.0,0.0,0.0,0.0,0.0,0.0,3.4497706616281053e-184,0.0,0.0,0.0,0.0,0.0,0.0,0.0,0.0,0.0,2.7400590939200727e-202,0.0,0.0,0.0,0.0,0.0,0.0,0.0,0.0,0.0,8.8396593927346e-205,0.0,0.0,0.0,0.0,0.0,0.0,0.0,0.0,0.0,0.0,0.0,0.0,0.0,0.0,0.0,0.0,0.0,0.0,4.4392426364014755e-184,0.0,0.0,0.0,0.0,0.0,0.0,0.0,0.0,0.0,0.0,0.0,0.0,0.0,0.0,0.0,0.0,0.0,7.997380682769894e-85,1.2960994894272717e-70,0.0,0.0,0.0,0.0,0.0,0.0,0.0,0.0,0.0,0.0,0.0,0.0,0.0,0.0,0.0,0.0,4.183239241975622e-273,0.0,0.0,0.0,0.0,0.0,0.0,0.0,0.0,0.0,3.3610027161070015e-217,4.032143912360317e-198,0.0,0.0,0.0,0.0,0.0,0.0,0.0,1.743218593254147e-83,0.0,0.0,0.0,0.0,0.0,0.0,0.0,0.0,2.9931925586317275e-203,0.0,0.0,0.0,0.0,0.0,0.0,0.0,2.7175097137813782e-196,0.0,0.0,0.0,0.0,0.0,0.0,0.0,0.0,0.0,2.5567719889507967e-155,0.0,0.0,0.0,0.0,0.0,0.0,0.0,0.0,1.0008686588968019e-155,0.0,0.0,0.0,0.0,0.0,0.0,0.0,0.0,0.0,3.9177604586972347e-300,0.0,0.0,0.0,0.0,0.0,0.0,0.0,0.0,2.73021358301612e-223,0.0,0.0,0.0,0.0,0.0,0.0,0.0,0.0,0.0,4.782015829402168e-200,0.0,0.0,0.0,0.0,0.0,0.0,0.0,0.0,0.0,0.0,0.0,0.0,0.0,0.0,0.0,0.0,0.0,0.0,0.0,0.0,0.0,0.0,0.0,0.0,0.0,0.0,0.0
0.0,0.0,0.0,0.0,0.0,0.0,0.0,0.0,0.0,4.274295724449278e-90,0.06064830290854082,7.171143776718958e-113,0.0,0.0,0.0,0.0,0.0,0.0,0.0,0.0,0.0,1.598091174042612e-71,0.9236832193027191,6.489527873690397e-88,0.0,0.0,0.0,0.0,0.0,0.0,0.0,0.0,0.0,1.0688376954891265e-87,0.015665594983071043,7.202230711017709e-98,0.0,0.0,0.0,0.0,0.0,0.0,0.0,0.0,0.0,4.675716583240235e-93,4.92548427397434e-19,9.58016141231965e-156,0.0,0.0,0.0,0.0,0.0,0.0,0.0,0.0,0.0,5.62210623705252e-29,1.8108084437581764e-147,0.0,0.0,0.0,0.0,0.0,0.0,0.0,0.0,0.0,3.585859984390607e-24,2.1093113121892228e-158,0.0,0.0,0.0,0.0,0.0,0.0,0.0,0.0,0.0,1.0277559785458497e-6,1.8379654480706761e-155,0.0,0.0,0.0,0.0,0.0,0.0,0.0,1.686736874518416e-86,1.854832124896676e-6,1.3005726005482988e-100,0.0,0.0,0.0,0.0,0.0,0.0,0.0,0.0,2.1962191147206834e-24,2.260944323913258e-99,0.0,0.0,0.0,0.0,0.0,0.0,0.0,0.0,4.5579226533509035e-28,2.557012150579037e-160,0.0,0.0,0.0,0.0,0.0,0.0,0.0,2.202108353568885e-37,5.676359105602529e-110,0.0,0.0,0.0,0.0,0.0,0.0,0.0,0.0,2.17565788269641e-10,4.8495908067937915e-222,0.0,0.0,0.0,0.0,0.0,0.0,0.0,1.9369991015568653e-35,0.0,0.0,0.0,0.0,0.0,0.0,0.0,0.0,0.0,0.0,0.0,0.0,0.0,0.0,0.0,0.0,0.0,0.0,3.5569226829368097e-57,0.0,0.0,0.0,0.0,0.0,0.0,0.0,2.7510345958298956e-189,0.0,0.0,0.0,0.0,0.0,0.0,0.0,0.0,0.0,3.2513600398400967e-56,0.0,0.0,0.0,0.0,0.0,0.0,0.0,0.0,1.9947539009831926e-149,0.0,0.0,0.0,0.0,0.0,0.0,0.0,0.0,0.0,2.9187267730449205e-239,0.0,0.0,0.0,0.0,0.0,0.0,0.0,0.0,0.0,0.0,0.0,0.0,0.0,0.0,0.0,0.0,0.0,0.0,0.0,0.0,0.0,0.0,0.0,0.0,0.0,2.9437286279896833e-50,0.0,0.0,0.0,0.0,0.0,0.0,0.0,0.0,0.0,0.0,1.2965316855097652e-224,0.0,0.0,0.0,0.0,0.0,0.0,0.0,1.5450005633770275e-169,1.3115397265906463e-246,0.0,0.0,0.0,0.0,0.0,0.0,0.0,0.0,0.0,0.0,0.0,0.0,0.0,0.0,0.0,0.0,0.0,0.0,0.0,0.0,0.0,0.0,0.0,0.0,0.0,0.0,0.0,0.0,0.0,0.0,0.0,0.0,0.0,0.0,0.0,0.0,0.0,0.0,0.0,0.0,0.0,0.0,0.0
0.0,0.0,0.02693789628950099,4.7700194109662285e-35,0.0,0.0,0.0,0.0,0.0,0.0,0.0,0.0,0.0,0.0,0.5495244325381161,6.467369646552296e-54,0.0,0.0,0.0,0.0,0.0,0.0,0.0,0.0,0.0,0.0,0.40941085502471214,1.1240949055023224e-52,0.0,0.0,0.0,0.0,0.0,0.0,0.0,0.0,0.0,0.0,0.007108053159740696,3.698379203577167e-84,0.0,0.0,0.0,0.0,0.0,0.0,0.0,0.0,0.0,0.0,0.00012135059268951062,0.0008329351337286145,0.0,0.0,0.0,0.0,0.0,0.0,0.0,0.0,0.0,0.0014113557331979696,0.0,0.0,0.0,0.0,0.0,0.0,0.0,0.0,0.0,0.0,0.003244608431782707,1.2065674793033167e-30,0.0,0.0,0.0,0.0,0.0,0.0,0.0,0.0,0.0,0.00047239575238480584,3.6111625723087737e-99,0.0,0.0,0.0,0.0,0.0,0.0,0.0,0.0,5.510407554671899e-48,4.530142057359698e-98,0.0,0.0,0.0,0.0,0.0,0.0,0.0,0.0,0.0009361173441464068,7.94338929104214e-51,0.0,0.0,0.0,0.0,0.0,0.0,0.0,0.0,6.499788873469404e-85,0.0,0.0,0.0,0.0,0.0,0.0,0.0,0.0,0.0,4.5202929841549886e-260,0.0,0.0,0.0,0.0,0.0,0.0,0.0,0.0,5.113275550261516e-128,4.6197656423779396e-197,0.0,0.0,0.0,0.0,0.0,0.0,0.0,1.057136583260385e-199,0.0,0.0,0.0,0.0,0.0,0.0,0.0,0.0,0.0,0.0,0.0,0.0,0.0,0.0,0.0,0.0,0.0,0.0,3.345037308398179e-263,0.0,0.0,0.0,0.0,0.0,0.0,0.0,3.546882751634169e-205,0.0,0.0,0.0,0.0,0.0,0.0,0.0,0.0,0.0,4.0486623916116847e-246,0.0,0.0,0.0,0.0,0.0,0.0,0.0,0.0,1.8642567664526533e-251,0.0,0.0,0.0,0.0,0.0,0.0,0.0,0.0,7.386887087603391e-270,0.0,0.0,0.0,0.0,0.0,0.0,0.0,0.0,0.0,0.0,0.0,0.0,0.0,0.0,0.0,0.0,0.0,0.0,0.0,0.0,0.0,0.0,0.0,0.0,0.0,0.0,1.4068178298698521e-241,0.0,0.0,0.0,0.0,0.0,0.0,0.0,0.0,0.0,0.0,0.0,0.0,0.0,0.0,0.0,0.0,0.0,0.0,0.0,0.0,0.0,0.0,0.0,0.0,0.0,0.0,0.0,0.0,0.0,0.0,0.0,0.0,0.0,0.0,0.0,0.0,0.0,0.0,0.0,0.0,0.0,0.0,0.0,0.0,0.0,0.0,0.0,0.0,0.0,0.0,0.0,0.0,0.0,0.0,0.0,0.0,0.0,0.0,0.0
0.0,1.98957592542909e-49,0.03840106858590105,0.0,0.0,0.0,0.0,0.0,0.0,0.0,0.0,0.0,0.0,1.5097707140173103e-49,0.5557226529201837,0.0,0.0,0.0,0.0,0.0,0.0,0.0,0.0,0.0,0.0,1.2223591206399892e-53,0.3843400677482195,0.0,0.0,0.0,0.0,0.0,0.0,0.0,0.0,0.0,0.0,1.0923031811173019e-67,0.00910521525802119,0.0,0.0,0.0,0.0,0.0,0.0,0.0,0.0,0.0,0.0,2.4274570613160106e-65,0.0019107480209478126,0.0,0.0,0.0,0.0,0.0,0.0,0.0,0.0,0.0,3.4425360092092303e-72,0.002091380248741783,0.0,0.0,0.0,0.0,0.0,0.0,0.0,0.0,0.0,6.314634787857015e-66,0.002483736357318207,0.0,0.0,0.0,0.0,0.0,0.0,0.0,0.0,0.0,1.3516119072465924e-70,0.002190012510201383,0.0,0.0,0.0,0.0,0.0,0.0,0.0,0.0,2.944320264472778e-129,0.0022455544815306277,0.0,0.0,0.0,0.0,0.0,0.0,0.0,0.0,4.055861547903457e-111,2.168429150204646e-22,0.0,0.0,0.0,0.0,0.0,0.0,0.0,0.0,5.294711735843183e-92,0.0015095638689346504,0.0,0.0,0.0,0.0,0.0,0.0,0.0,1.6730482454892464e-89,8.67217852985915e-88,0.0,0.0,0.0,0.0,0.0,0.0,0.0,0.0,1.3104727172925713e-87,4.637883155805723e-177,0.0,0.0,0.0,0.0,0.0,0.0,0.0,0.0,9.291207492371707e-241,0.0,0.0,0.0,0.0,0.0,0.0,0.0,8.997779493379255e-133,4.354850640145657e-292,0.0,0.0,0.0,0.0,0.0,0.0,0.0,0.0,5.274409010733917e-52,6.274551696661953e-264,0.0,0.0,0.0,0.0,0.0,0.0,4.322680625527362e-118,1.1319564057433085e-108,0.0,0.0,0.0,0.0,0.0,0.0,0.0,0.0,4.907677329702937e-129,1.5754188094799806e-73,0.0,0.0,0.0,0.0,0.0,0.0,0.0,0.0,1.2791385912408053e-66,0.0,0.0,0.0,0.0,0.0,0.0,0.0,0.0,7.670523281686274e-290,0.0,0.0,0.0,0.0,0.0,0.0,3.873057964893827e-84,3.6472212396532657e-131,0.0,0.0,0.0,0.0,0.0,0.0,0.0,0.0,1.256820242138524e-90,0.0,0.0,0.0,0.0,0.0,0.0,0.0,0.0,0.0,4.130247306543745e-74,0.0,0.0,0.0,0.0,0.0,0.0,0.0,0.0,1.0331396659437468e-44,2.2856790739358576e-280,0.0,0.0,0.0,0.0,0.0,0.0,0.0,5.05029368406421e-68,9.478164408494084e-146,0.0,0.0,0.0,0.0,0.0,0.0,0.0,0.0,4.283099337588631e-297,0.0,0.0,0.0,0.0,0.0,0.0,3.046330491384769e-73,4.560139421519418e-286,0.0,0.0,0.0,0.0,0.0,0.0,6.453245058871666e-299,0.0,0.0,0.0,0.0,0.0,2.196033337959563e-219,0.0,0.0,0.0,0.0,0.0,5.161579261852777e-107,0.0,0.0,0.0,0.0
4.5852319188964094e-181,0.0,0.0,0.0,0.0,0.0,0.0,0.0,0.0,0.0,5.394048535970247e-156,1.6598561964032493e-58,5.886234503314173e-120,0.0,0.0,0.0,0.0,0.0,0.0,0.0,0.0,0.0,7.388817420759097e-79,0.018520961500520863,2.6601826708354444e-88,0.0,0.0,0.0,0.0,0.0,0.0,0.0,0.0,0.0,1.0804980910155857e-45,0.3842365054217073,3.831127470951042e-43,0.0,0.0,0.0,0.0,0.0,0.0,0.0,0.0,0.0,6.557949033585462e-51,0.20690973674803378,1.457593112392137e-47,0.0,0.0,0.0,0.0,0.0,0.0,0.0,0.0,1.4005875076187677e-46,0.056016034886256096,1.0692093761188467e-78,0.0,0.0,0.0,0.0,0.0,0.0,0.0,0.0,6.008290052760923e-31,0.03286530820825783,6.258891830412481e-50,0.0,0.0,0.0,0.0,0.0,0.0,0.0,0.0,5.908631849744998e-35,0.042436390065345525,3.190969903198976e-46,0.0,0.0,0.0,0.0,0.0,0.0,0.0,0.002658596909796414,0.023356970716227488,5.680596106847159e-71,0.0,0.0,0.0,0.0,0.0,0.0,0.0,2.479442232552047e-33,0.057713490488869916,3.9605510366021577e-97,0.0,0.0,0.0,0.0,0.0,0.0,0.0,0.001697455602613821,0.0322516564496626,2.4421862963163407e-43,0.0,0.0,0.0,0.0,0.0,0.0,1.85440459133971e-7,0.018672011628752032,9.975695358855422e-160,0.0,0.0,0.0,0.0,0.0,0.0,0.0,0.0,0.005092366807841463,0.0,0.0,0.0,0.0,0.0,0.0,0.0,8.837055931846837e-32,0.011882188544698115,3.6516450276401496e-38,0.0,0.0,0.0,0.0,0.0,0.0,0.001697455602613821,0.008487278013069106,9.238673826624853e-59,0.0,0.0,0.0,0.0,0.0,0.0,0.0,0.0,0.013579644820910569,8.067425487166986e-81,0.0,0.0,0.0,0.0,0.0,0.003394911205227642,0.006789822410455284,7.011632319787782e-56,0.0,0.0,0.0,0.0,0.0,0.0,0.0,0.0,0.003394911205227642,1.1693068676216956e-145,0.0,0.0,0.0,0.0,0.0,0.0,0.0016974556026138207,0.010184733615682926,0.0,0.0,0.0,0.0,0.0,0.0,0.0,0.0,0.008487278013069106,1.4192859398281007e-33,0.0,0.0,0.0,0.0,0.0,0.0,0.011882189218296748,0.0,0.0,0.0,0.0,0.0,0.0,0.0,0.0,0.006789822410455284,0.0,0.0,0.0,0.0,0.0,0.0,0.0,0.0,0.0004478932189007712,0.003394911205227642,3.0585182157796774e-28,0.0,0.0,0.0,0.0,0.0,0.0,0.0,0.0,0.005092366807841463,2.0769984670086553e-34,0.0,0.0,0.0,0.0,0.0,0.0,0.001697455602613821,0.008487278013069106,0.0,0.0,0.0,0.0,0.0,0.0,0.0,0.0,0.001697455602613821,0.0,0.0,0.0,0.0,0.0,0.0,0.0,0.005092366807841463,0.0,0.0,0.0,0.0,0.0,0.0,0.001697455602613821,3.0637833910550234e-31,0.0,0.0,0.0,0.0,0.0,0.0,0.0,0.0,0.0,0.0,0.0,0.001697455602613821,0.0,0.0,0.0,0.0,0.0,0.0
0.0,0.0,0.0,0.0,0.0,0.0,0.0,0.0,3.0474817637642567e-145,0.026032174028719716,4.1644047527582247e-125,0.0,0.0,0.0,0.0,0.0,0.0,0.0,0.0,0.0,3.5418831283210174e-76,0.9704062549194761,4.582706098316344e-79,0.0,0.0,0.0,0.0,0.0,0.0,0.0,0.0,0.0,2.9021857094293634e-91,0.001633927866362519,2.983568913830491e-86,0.0,0.0,0.0,0.0,0.0,0.0,0.0,0.0,0.0,1.7241207295012623e-94,4.324676195515059e-27,2.916358740239645e-87,0.0,0.0,0.0,0.0,0.0,0.0,0.0,0.0,0.0,2.746605790974595e-57,0.0,0.0,0.0,0.0,0.0,0.0,0.0,0.0,0.0,0.0,2.797040953192505e-25,4.415792820300444e-87,0.0,0.0,0.0,0.0,0.0,0.0,0.0,0.0,0.0,0.0,3.290459793340411e-100,0.0,0.0,0.0,0.0,0.0,0.0,0.0,0.0,1.3362196013369561e-27,2.6867518559284125e-90,0.0,0.0,0.0,0.0,0.0,0.0,0.0,0.0,0.0,0.0,0.0,0.0,0.0,0.0,0.0,0.0,0.0,0.0,0.0013709702399397684,6.238217525687358e-172,0.0,0.0,0.0,0.0,0.0,0.0,0.0,0.0005566729455019949,0.0,0.0,0.0,0.0,0.0,0.0,0.0,0.0,0.0,2.853612994573042e-51,0.0,0.0,0.0,0.0,0.0,0.0,0.0,0.0,4.0816927268293796e-61,0.0,0.0,0.0,0.0,0.0,0.0,0.0,0.0,1.8255026487408823e-55,0.0,0.0,0.0,0.0,0.0,0.0,0.0,0.0,0.0,0.0,0.0,0.0,0.0,0.0,0.0,0.0,0.0,0.0,0.0,0.0,0.0,0.0,0.0,0.0,0.0,0.0,0.0,0.0,0.0,0.0,0.0,0.0,0.0,0.0,0.0,0.0,0.0,0.0,0.0,0.0,0.0,0.0,0.0,0.0,0.0,0.0,0.0,0.0,0.0,0.0,0.0,0.0,0.0,0.0,0.0,0.0,0.0,0.0,0.0,0.0,0.0,0.0,0.0,0.0,0.0,0.0,0.0,0.0,0.0,0.0,0.0,0.0,0.0,4.984625776236124e-70,0.0,0.0,0.0,0.0,0.0,0.0,0.0,0.0,0.0,0.0,0.0,0.0,0.0,0.0,0.0,0.0,0.0,0.0,0.0,0.0,0.0,0.0,0.0,0.0,0.0,0.0,0.0,0.0,0.0,0.0,0.0,0.0,0.0,0.0,0.0,0.0,0.0,0.0,0.0,0.0,0.0,0.0,0.0,0.0,0.0,0.0,0.0,0.0,0.0,0.0,0.0,0.0,0.0,0.0,0.0,0.0,0.0,0.0,0.0,0.0,0.0,0.0,0.0
2.801720205851892e-76,0.03359295406380998,7.06554223350896e-83,0.0,0.0,0.0,0.0,0.0,0.0,0.0,0.0,0.0,1.2195099538276982e-78,0.4579610880535727,1.825519027912826e-89,0.0,0.0,0.0,0.0,0.0,0.0,0.0,0.0,0.0,1.022201661075246e-82,0.324274842289431,1.1142247616684958e-80,0.0,0.0,0.0,0.0,0.0,0.0,0.0,0.0,0.0,3.172301698685521e-85,0.04970386060461681,3.2654781368003624e-84,0.0,0.0,0.0,0.0,0.0,0.0,0.0,0.0,0.0,2.358995425632955e-66,0.017482047523003152,1.192654745523962e-77,0.0,0.0,0.0,0.0,0.0,0.0,0.0,0.0,1.1583302733088043e-96,0.013711409821963255,1.3614477578064136e-125,0.0,0.0,0.0,0.0,0.0,0.0,0.0,0.0,1.4798624175239988e-102,0.010969127857570605,5.991409437625039e-54,0.0,0.0,0.0,0.0,0.0,0.0,0.0,0.0,1.611127093419954e-99,0.010969127857570605,6.01464424765019e-67,0.0,0.0,0.0,0.0,0.0,0.0,0.0,3.99306354289339e-90,0.005484563928785303,1.2843117340729646e-124,0.0,0.0,0.0,0.0,0.0,0.0,0.0,1.38112841672794e-137,0.009255201629825198,4.9263607700117365e-99,0.0,0.0,0.0,0.0,0.0,0.0,0.0,1.2366435238276613e-88,0.006855704910981628,7.108358490616287e-68,0.0,0.0,0.0,0.0,0.0,0.0,4.902184903812977e-103,0.0017139257395364874,1.6769725798346218e-81,0.0,0.0,0.0,0.0,0.0,0.0,0.0,4.5243520722077995e-46,0.004798984139936886,0.0,0.0,0.0,0.0,0.0,0.0,0.0,2.142365324318949e-59,0.0030850672099417323,0.0,0.0,0.0,0.0,0.0,0.0,0.0,2.3277587213020826e-101,0.005141778683236221,0.0,0.0,0.0,0.0,0.0,0.0,0.0,0.0,6.395326738925975e-84,0.005827349174334384,0.0,0.0,0.0,0.0,0.0,0.0,1.2882582527016937e-98,0.0071984901565307095,2.5686528607798616e-120,0.0,0.0,0.0,0.0,0.0,0.0,0.0,0.0,0.004456208192138058,3.3384531855431434e-118,0.0,0.0,0.0,0.0,0.0,0.0,0.0,0.004456208192138058,3.556453993997037e-87,0.0,0.0,0.0,0.0,0.0,0.0,1.2076866534828351e-74,0.003427852455490814,0.0,0.0,0.0,0.0,0.0,0.0,7.42315666387593e-54,0.003084646414982512,4.362925245348895e-110,0.0,0.0,0.0,0.0,0.0,0.0,0.0,0.004113422946588977,2.2843785184830442e-82,0.0,0.0,0.0,0.0,0.0,0.0,0.0,4.277039950348438e-70,0.00239949671884357,9.263951740933885e-121,0.0,0.0,0.0,0.0,0.0,0.0,0.0,8.360695750541809e-53,0.001713926227745407,0.0,0.0,0.0,0.0,0.0,0.0,0.0,2.493446624132381e-52,0.0027422819643926513,1.320425271665587e-128,0.0,0.0,0.0,0.0,0.0,0.0,0.0,0.0013711409821963256,0.0,0.0,0.0,0.0,0.0,0.0,3.853408119069809e-74,0.001782752482127393,0.0,0.0,0.0,0.0,0.0,0.0,0.0020567114732944884,0.0,0.0,0.0,0.0,0.0,0.0,1.4439636401031767e-204,0.0,0.0,0.0,0.0,0.0,0.000369828305415059,0.0,0.0,0.0,0.0
0.0,0.0,0.0,0.0,0.0,0.0,1.0260815661872809e-69,0.05346111056594783,5.9998264043474926e-83,0.0,0.0,0.0,0.0,0.0,0.0,0.0,0.0,0.0,8.113848013469733e-87,0.9451134097207694,7.133136688493675e-80,0.0,0.0,0.0,0.0,0.0,0.0,0.0,0.0,0.0,3.108042612648067e-93,0.0014254797132826334,4.63360909683326e-80,0.0,0.0,0.0,0.0,0.0,0.0,0.0,0.0,0.0,2.1042006938074354e-100,1.153044833344946e-51,6.584408130383881e-173,0.0,0.0,0.0,0.0,0.0,0.0,0.0,0.0,0.0,4.7421473829355746e-212,3.603432300101692e-76,0.0,0.0,0.0,0.0,0.0,0.0,0.0,0.0,0.0,2.4034867959237947e-149,0.0,0.0,0.0,0.0,0.0,0.0,0.0,0.0,0.0,0.0,0.0,1.3731935201591458e-66,0.0,0.0,0.0,0.0,0.0,0.0,0.0,0.0,0.0,0.0,0.0,0.0,0.0,0.0,0.0,0.0,0.0,0.0,0.0,0.0,0.0,0.0,0.0,0.0,0.0,0.0,0.0,0.0,0.0,0.0,0.0,0.0,0.0,0.0,0.0,0.0,0.0,0.0,0.0,0.0,0.0,0.0,0.0,0.0,0.0,0.0,0.0,0.0,0.0,0.0,0.0,0.0,0.0,0.0,0.0,0.0,0.0,0.0,0.0,0.0,0.0,0.0,0.0,0.0,0.0,0.0,0.0,0.0,0.0,0.0,0.0,0.0,0.0,0.0,0.0,0.0,0.0,0.0,0.0,0.0,0.0,0.0,0.0,0.0,0.0,0.0,0.0,0.0,0.0,0.0,0.0,0.0,0.0,0.0,0.0,0.0,0.0,0.0,0.0,0.0,0.0,0.0,0.0,0.0,0.0,0.0,0.0,0.0,0.0,0.0,0.0,0.0,0.0,0.0,0.0,0.0,0.0,0.0,0.0,0.0,0.0,0.0,0.0,0.0,0.0,0.0,0.0,0.0,0.0,0.0,0.0,0.0,0.0,0.0,0.0,0.0,0.0,0.0,0.0,0.0,0.0,0.0,0.0,0.0,0.0,0.0,0.0,0.0,0.0,0.0,0.0,0.0,0.0,0.0,0.0,0.0,0.0,0.0,0.0,0.0,0.0,0.0,0.0,0.0,0.0,0.0,0.0,0.0,0.0,0.0,0.0,0.0,0.0,0.0,0.0,0.0,0.0,0.0,0.0,0.0,0.0,0.0,0.0,0.0,0.0,0.0,0.0,0.0,0.0,0.0,0.0,0.0,0.0,0.0,0.0,0.0,0.0,0.0,0.0,0.0,0.0,0.0,0.0,0.0,0.0
0.0,0.0,0.0,0.0,0.0,5.262452117420592e-92,1.8395568660090244e-204,0.0,0.0,0.0,0.0,0.0,0.0,0.0,0.0,0.0,0.0,0.0001732895039457164,2.2522602681453493e-83,0.0,0.0,0.0,0.0,0.0,0.0,0.0,0.0,0.0,0.0,0.9585097663277853,4.990391302854156e-90,0.0,0.0,0.0,0.0,0.0,0.0,0.0,0.0,0.0,0.0,0.04007386242773404,5.37132764018405e-91,0.0,0.0,0.0,0.0,0.0,0.0,0.0,0.0,0.0,0.0,4.1102679542896444e-29,3.8230828259968845e-124,0.0,0.0,0.0,0.0,0.0,0.0,0.0,0.0,0.0,8.007231158384099e-10,3.6510594607457557e-113,0.0,0.0,0.0,0.0,0.0,0.0,0.0,0.0,0.0,2.4961456171252987e-20,0.0,0.0,0.0,0.0,0.0,0.0,0.0,0.0,0.0,0.0,3.390237726604308e-33,0.0,0.0,0.0,0.0,0.0,0.0,0.0,0.0,0.0,9.641552923067197e-45,0.0,0.0,0.0,0.0,0.0,0.0,0.0,0.0,0.0,3.132883339317104e-41,0.0,0.0,0.0,0.0,0.0,0.0,0.0,0.0,0.0,4.916589965551939e-44,0.0,0.0,0.0,0.0,0.0,0.0,0.0,0.0,0.0,0.0,0.0,0.0,0.0,0.0,0.0,0.0,0.0,0.0,1.2243409283197972e-43,0.0,0.0,0.0,0.0,0.0,0.0,0.0,0.0,0.0,0.0,0.0,0.0,0.0,0.0,0.0,0.0,0.0,5.564159784729063e-40,1.2212620849626459e-23,0.0,0.0,0.0,0.0,0.0,0.0,0.0,0.0,1.0341410087977974e-62,0.0,0.0,0.0,0.0,0.0,0.0,0.0,2.3069088494688898e-61,0.0,0.0,0.0,0.0,0.0,0.0,0.0,0.0,0.0,5.773343934527692e-74,1.0019781064010624e-47,0.0,0.0,0.0,0.0,0.0,0.0,0.0,0.0006352533845296341,0.0,0.0,0.0,0.0,0.0,0.0,0.0,0.0,8.750008915923311e-38,0.0,0.0,0.0,0.0,0.0,0.0,0.0,6.778545597053985e-37,0.0,0.0,0.0,0.0,0.0,0.0,0.0,0.0,1.4956670320222285e-61,0.0006078275552821707,0.0,0.0,0.0,0.0,0.0,0.0,0.0,0.0,9.492628269366114e-63,0.0,0.0,0.0,0.0,0.0,0.0,0.0,0.0,0.0,5.925638259533609e-61,0.0,0.0,0.0,0.0,0.0,0.0,0.0,0.0,6.4320169335149565e-50,0.0,0.0,0.0,0.0,0.0,0.0,0.0,0.0,2.9024732622980766e-70,7.309602529648516e-47,0.0,0.0,0.0,0.0,0.0,0.0,0.0,0.0,0.0,0.0,0.0,0.0,0.0,0.0,0.0,0.0,0.0,0.0,0.0,0.0,0.0,0.0,0.0,0.0,0.0,0.0,0.0
0.0,0.0,0.0,0.0,0.0,0.0,0.0,3.929678165255489e-65,0.04603777860998476,4.101382186909793e-202,0.0,0.0,0.0,0.0,0.0,0.0,0.0,0.0,0.0,9.48130052388368e-61,0.9539171784974247,2.1206526764650226e-155,0.0,0.0,0.0,0.0,0.0,0.0,0.0,0.0,0.0,2.4653355170654768e-62,4.504289259037368e-5,5.552028999870427e-151,0.0,0.0,0.0,0.0,0.0,0.0,0.0,0.0,0.0,1.4862026344879262e-86,1.9422785433811016e-36,3.1421343879016445e-205,0.0,0.0,0.0,0.0,0.0,0.0,0.0,0.0,0.0,0.0,0.0,0.0,0.0,0.0,0.0,0.0,0.0,0.0,0.0,0.0,0.0,0.0,0.0,0.0,0.0,0.0,0.0,0.0,0.0,0.0,0.0,0.0,0.0,0.0,0.0,0.0,0.0,0.0,0.0,0.0,0.0,0.0,0.0,0.0,0.0,0.0,0.0,0.0,0.0,0.0,0.0,0.0,0.0,0.0,0.0,0.0,0.0,0.0,0.0,0.0,0.0,0.0,0.0,0.0,0.0,0.0,0.0,0.0,0.0,0.0,0.0,0.0,0.0,0.0,0.0,0.0,0.0,0.0,0.0,0.0,0.0,0.0,0.0,0.0,0.0,0.0,0.0,0.0,0.0,0.0,0.0,0.0,0.0,0.0,0.0,0.0,0.0,0.0,0.0,0.0,0.0,0.0,0.0,0.0,0.0,0.0,0.0,0.0,0.0,0.0,0.0,0.0,0.0,0.0,0.0,0.0,0.0,0.0,0.0,0.0,0.0,0.0,0.0,0.0,0.0,0.0,0.0,0.0,0.0,0.0,0.0,0.0,0.0,0.0,0.0,0.0,0.0,0.0,0.0,0.0,0.0,0.0,0.0,0.0,0.0,0.0,0.0,0.0,0.0,0.0,0.0,0.0,0.0,0.0,0.0,0.0,0.0,0.0,0.0,0.0,0.0,0.0,0.0,0.0,0.0,0.0,0.0,0.0,0.0,0.0,0.0,0.0,0.0,0.0,0.0,0.0,0.0,0.0,0.0,0.0,0.0,0.0,0.0,0.0,0.0,0.0,0.0,0.0,0.0,0.0,0.0,0.0,0.0,0.0,0.0,0.0,0.0,0.0,0.0,0.0,0.0,0.0,0.0,0.0,0.0,0.0,0.0,0.0,0.0,0.0,0.0,0.0,0.0,0.0,0.0,0.0,0.0,0.0,0.0,0.0,0.0,0.0,0.0,0.0,0.0,0.0,0.0,0.0,0.0,0.0,0.0,0.0,0.0,0.0,0.0,0.0,0.0
0.0,0.0,0.0,0.0,0.007534246575342466,0.0,0.0,0.0,0.0,0.0,0.0,0.0,0.0,0.0,0.0,0.0,0.13767123287671232,0.0,0.0,0.0,0.0,0.0,0.0,0.0,0.0,0.0,0.0,0.0,0.36712328767123287,0.0,0.0,0.0,0.0,0.0,0.0,0.0,0.0,0.0,0.0,0.0,0.21643835616438356,0.0,0.0,0.0,0.0,0.0,0.0,0.0,0.0,0.0,0.0,0.0,0.03972602739726028,0.0,0.0,0.0,0.0,0.0,0.0,0.0,0.0,0.0,0.0,0.01643835616438356,0.0,0.0,0.0,0.0,0.0,0.0,0.0,0.0,0.0,0.0,0.01986301369863014,0.0,0.0,0.0,0.0,0.0,0.0,0.0,0.0,0.0,0.0,0.016438356164383564,0.0,0.0,0.0,0.0,0.0,0.0,0.0,0.0,0.0,0.01780821917808219,0.0,0.0,0.0,0.0,0.0,0.0,0.0,0.0,0.0,0.01780821917808219,0.0,0.0,0.0,0.0,0.0,0.0,0.0,0.0,0.0,0.015068493150684932,0.0,0.0,0.0,0.0,0.0,0.0,0.0,0.0,0.015068493150684932,0.0,0.0,0.0,0.0,0.0,0.0,0.0,0.0,0.0,0.013013698630136987,0.0,0.0,0.0,0.0,0.0,0.0,0.0,0.0,0.012328767123287671,0.0,0.0,0.0,0.0,0.0,0.0,0.0,0.0,0.010273972602739725,0.0,0.0,0.0,0.0,0.0,0.0,0.0,0.0,0.0,0.0136986301369863,0.0,0.0,0.0,0.0,0.0,0.0,0.0,0.005479452054794521,0.0,0.0,0.0,0.0,0.0,0.0,0.0,0.0,0.0,0.005479452054794521,0.0,0.0,0.0,0.0,0.0,0.0,0.0,0.0,0.010958904109589041,0.0,0.0,0.0,0.0,0.0,0.0,0.0,0.0,0.003424657534246575,0.0,0.0,0.0,0.0,0.0,0.0,0.0,0.00684931506849315,0.0,0.0,0.0,0.0,0.0,0.0,0.0,0.0,0.0027397260273972603,0.0,0.0,0.0,0.0,0.0,0.0,0.0,0.0,0.0,0.004794520547945206,0.0,0.0,0.0,0.0,0.0,0.0,0.0,0.0,0.0,0.003424657534246575,0.0,0.0,0.0,0.0,0.0,0.0,0.0,0.0,0.004794520547945206,0.0,0.0,0.0,0.0,0.0,0.0,0.0,0.0,0.008904109589041096,0.0,0.0,0.0,0.0,0.0,0.0,0.0,0.0061643835616438354,0.0,0.0,0.0,0.0,0.0,0.0,0.0006849315068493151,0.0,0.0,0.0,0.0,0.0,0.0,0.0,0.0,0.0,0.0,0.0,0.0,0.0,0.0
0.0,0.0,0.0,0.0,0.0,1.5198446288779606e-134,0.027744167255790833,5.236544437601008e-85,0.0,0.0,0.0,0.0,0.0,0.0,0.0,0.0,0.0,2.546487540286072e-107,0.5384890644302595,1.2532746737757845e-59,0.0,0.0,0.0,0.0,0.0,0.0,0.0,0.0,0.0,1.7382804087521346e-119,0.4312051703076769,2.5080433887890357e-63,0.0,0.0,0.0,0.0,0.0,0.0,0.0,0.0,0.0,1.627781867183174e-137,1.768987913300452e-20,4.553723730486113e-65,0.0,0.0,0.0,0.0,0.0,0.0,0.0,0.0,0.0,3.8309159874695836e-283,1.5612665115984326e-71,4.906083095105544e-61,0.0,0.0,0.0,0.0,0.0,0.0,0.0,0.0,0.0,2.2969393169872085e-52,0.0,0.0,0.0,0.0,0.0,0.0,0.0,0.0,0.0,8.16626e-319,5.066775672132033e-31,0.0018915054351087458,0.0,0.0,0.0,0.0,0.0,0.0,0.0,0.0,5.329797488028978e-293,2.183449588772157e-67,0.0,0.0,0.0,0.0,0.0,0.0,0.0,0.0,0.0,1.1361874272735612e-165,0.0,0.0,0.0,0.0,0.0,0.0,0.0,0.0,0.0,0.0,0.0,0.0,0.0,0.0,0.0,0.0,0.0,0.0,0.0,0.0,0.0,0.0,0.0,0.0,0.0,0.0,0.0,0.0,0.0,0.0,0.0,0.0,0.0,0.0,0.0,0.0,0.0,0.0,0.0,0.0,0.0,0.0,0.0,0.0,0.0,0.0,0.0,0.0,0.0,0.0,0.0,0.0,0.0,0.0,0.0,0.0,3.030548346029883e-153,0.0,0.0,0.0,0.0,0.0,0.0,0.0,0.0,0.0,0.0,0.0,0.0,0.0,0.0,0.0,0.0,0.0,0.0006305492558134278,0.0,0.0,0.0,0.0,0.0,0.0,0.0,0.0,0.0,3.5371714778457346e-251,0.0,0.0,0.0,0.0,0.0,0.0,0.0,0.0,0.0,0.0,0.0,0.0,0.0,0.0,0.0,0.0,0.0,0.0,0.0,0.0,0.0,0.0,0.0,0.0,0.0,3.954331535040948e-5,0.0,0.0,0.0,0.0,0.0,0.0,0.0,0.0,0.0,0.0,0.0,0.0,0.0,0.0,0.0,0.0,0.0,0.0,0.0,0.0,0.0,0.0,0.0,0.0,0.0,0.0,0.0,0.0,0.0,0.0,0.0,0.0,0.0,0.0,0.0,0.0,3.59056944594883e-309,2.239038573370946e-179,0.0,0.0,0.0,0.0,0.0,0.0,0.0,0.0,2.5668486101009447e-274,0.0,0.0,0.0,0.0,0.0,0.0,0.0,0.0,0.0,0.0,0.0,0.0,0.0,0.0,0.0,0.0,0.0,0.0,0.0,0.0,0.0,0.0,0.0,0.0,0.0,0.0,0.0
1.0,0.0,0.0,0.0,0.0,0.0,0.0,0.0,0.0,0.0,0.0,0.0,0.0,0.0,0.0,0.0,0.0,0.0,0.0,0.0,0.0,0.0,0.0,0.0,0.0
1703,4003,207,1409,107,2210,805,2504,1305,210,1610,1204,103,1701,1011,4,2310,4501,2202,1304,10,308,3011,2403,307,2305,2005,3005,211,1001,1310,1406,605,1111,3000,2111,301,101,8,206,509,904,1605,906,7,1602,3503,401,110,2405,2011,1502,511,700,1103,1911,1801,2300,4503,1210,1005,405,602,2000,202,2002,1,1710,1904,1711,1201,1110,4001,1611,4011,507,2500,4004,204,3502,701,2406,606,3001,609,1702,809,1603,802,702,2302,2100,1804,811,1104,603,502,406,505,111,200,1901,409,1503,800,1609,3004,2203,711,2001,2206,1303,1401,411,2410,1202,2201,404,501,1501,1403,504,2306,1100,1106,1903,4504,2010,2102,2106,600,1810,810,4000,205,1805,1800,105,2501,1700,1301,1211,1411,3511,2204,1505,2,1311,1209,909,804,610,709,1300,1105,304,1705,1101,5,1606,1500,2211,801,309,703,704,1704,710,1405,2006,2411,310,2402,1902,1402,2103,1309,3501,108,4500,3504,203,1000,2303,1404,1010,6,607,102,306,303,604,2511,510,1004,902,1905,1504,400,1203,1604,1205,9,4002,109,1400,2109,201,1410,1600,300,100,1510,2209,900,106,3500,2301,601,905,1102,305,4005,1003,402,1706,2105,803,208,1601,500,1811,911,2404,407,2505,2104,209,2205,503,1511,1910,910,302,2110,1002,3002,4505,2400,1109,706,806,705,3003,2311,1806,2101,2502,1803,104,1900,2200,403,2304,311,506,1200,2004,2506,11,3,2503,1302,903,2401,410,0,1009,1802,5002,2003,901,611
402:51,2102:214,110:23,2004:207,711:91,1302:142,308:45,1703:180,1010:119,1900:195,501:61,1910:201,1100:121,6:7,1106:127,1503:162,4001:272,2104:216,1411:158,2302:234,2406:247,404:53,905:107,2300:232,1406:155,1811:194,3501:266,4504:281,1710:184,1704:181,2211:231,4:5,1901:196,405:54,207:32,506:66,1700:177,603:74,1609:174,2401:242,1401:150,104:17,1500:159,4005:276,1501:160,410:58,4011:277,2101:213,111:24,2501:251,300:37,607:78,302:39,11:12,2011:211,802:94,2500:250,1702:179,801:93,406:55,1602:169,810:100,1002:114,108:21,4004:275,103:16,2503:253,702:84,208:33,2506:256,1109:128,2:3,10:11,307:44,211:36,2411:249,3003:261,2301:233,1105:126,100:13,1102:123,200:25,1905:200,1202:133,1510:165,1311:148,1301:141,0:1,2306:238,1101:122,2003:206,5002:283,1110:129,904:106,9:10,1003:115,1611:176,109:22,502:62,1904:199,409:57,1103:124,1911:202,2400:241,107:20,1502:161,1404:153,1409:156,2305:237,1511:166,3503:268,511:70,1803:189,401:50,209:34,805:97,3002:260,806:98,610:80,1802:188,4003:274,1806:192,809:99,8:9,1000:112,1:2,609:79,1305:145,1009:118,509:68,201:26,1209:137,206:31,604:75,1504:163,601:72,507:67,311:48,500:60,1800:186,909:109,2403:244,1005:117,602:73,911:111,4002:273,4503:280,400:49,1400:149,403:52,4500:278,709:89,3005:263,2100:212,1604:171,309:46,1111:130,1210:138,1706:183,5:6,2204:226,1104:125,305:42,703:85,1603:170,2002:205,700:82,1801:187,910:110,510:69,2001:204,4501:279,1804:190,2310:239,2202:224,804:96,210:35,705:87,1300:140,505:65,704:86,4000:271,606:77,205:30,1310:147,706:88,1410:157,4505:282,1203:134,1610:175,3504:269,1405:154,2206:228,2106:218,2311:240,2205:227,1810:193,2103:215,2105:217,1701:178,2304:236,2505:255,1705:182,2303:235,710:90,901:103,1903:198,204:29,1004:116,1200:131,2402:243,3511:270,7:8,203:28,411:59,1001:113,2005:208,310:47,903:105,1505:164,2201:223,304:41,301:38,906:108,202:27,605:76,3001:259,2110:220,2200:222,803:95,1601:168,1805:191,2006:209,1902:197,1303:143,1304:144,1205:136,811:101,2000:203,3500:265,503:63,106:19,2511:257,2405:246,900:102,902:104,2502:252,303:40,600:71,102:15,1600:167,3004:262,3502:267,101:14,105:18,3000:258,2010:210,1605:172,1211:139,2410:248,2404:245,407:56,1011:120,1201:132,1606:173,800:92,3011:264,611:81,3:4,2203:225,306:43,2109:219,2111:221,1309:146,2504:254,701:83,1711:185,1204:135,2209:229,2210:230,504:64,1403:152,1402:151
