10
0.608699014537973,0.15761035604637827,0.005986126978416287,0.00013396007007141462,0.10651882790627816,0.08318990381978963,0.003652256632064092,0.03257259374729249,6.077120011054659e-31,0.0016369602617367176
0.0936529842229986,0.2665369102408246,0.03280941316088227,0.018521467825111788,0.2701727837377473,0.004871403722434245,0.01875768818981252,0.22320070513372836,0.003427381784225915,0.0680492619822345
0.031796565420106816,0.0637646387480488,0.7198609146334768,0.04601526766671974,0.0017315379505774572,0.04680842777851179,0.0034556444109056592,0.05645248197880065,0.004801517939263882,0.025313003473588235
0.0061447049954728725,0.0011766547214143526,0.02197896628926621,0.2110764330887178,0.013287871350957884,0.03303305020187709,0.38992522089894116,0.0004921128462090055,0.0058422423003906725,0.3170427433067531
0.11906028527998888,0.49670356817652667,0.015492683470282055,0.0008040003109686824,0.053301241565935624,0.07948201163054754,0.019182172844120514,0.15066971664394896,1.3615651248796574e-14,0.06530432007766764
0.09897154888292699,0.023056090898110705,0.2563865001352997,0.0013424817122180172,0.007247238645945478,0.6129491698644971,5.5721452910368415e-9,1.4105297486177105e-5,3.804334851954464e-28,3.285899137049049e-5
4.3857396044270565e-6,0.0012932717306784695,0.03616563527638075,0.2347724125581209,0.016761366458919902,0.03303677719253189,0.2708826424702004,0.003683807911564462,0.34421496125622697,0.059184739405771805
0.01895186311760614,0.007141800991516741,0.018762656519247647,0.17139914508958137,0.18762888348714915,0.013149754341715949,0.1094824063557552,0.4061205117589784,0.02858111752915695,0.03878186080929247
1.3634898237406327e-26,3.375858563043698e-9,0.011440162621557224,0.3386327013404953,4.559089673825752e-5,0.03526155987951442,0.0220622061493753,0.00042509289168468856,0.5564054611580141,0.03572722168676202
0.013793121148927246,0.005087454628206253,0.004356768421496631,0.004234299539352143,0.09805140680802797,0.05889873981392551,0.2691338077670738,0.44247408249999315,0.0040806044236150795,0.09988971494938247
10,34
4.83033947080136e-38,0.002259066840690091,0.0008402284873538085,0.0027329193286806074,0.5492874319016887,0.3142123032868754,0.07645550338130726,0.021796908266822207,0.005316072861215787,0.0033054733194698223,0.00040883135973478327,0.0002989323753050266,0.0015333088146594284,0.006173295005964225,9.46626892901677e-7,0.00020892245619792845,2.344468957870801e-5,0.003050924285411561,4.9416895586168745e-5,0.0005869244122701002,0.011459145396460865,7.834442542751944e-12,1.914639562686017e-25,6.8143203767216395e-34,1.1431330366443862e-20,4.1228206569949927e-16,7.958649016563595e-27,1.295484354960084e-26,4.801718455726651e-42,1.981312856762726e-65,7.7692702071093e-52,1.0506142617619199e-39,4.341436627164792e-81,0.0
1.69271016555938e-17,2.646553051677928e-12,0.033875417890008704,0.7868259140198315,0.1558768815104416,0.0006665404567038892,2.3096904484621554e-8,0.0015750056100454185,0.0016703494769641555,3.139811398851028e-14,9.08740088069297e-6,1.5518228423417257e-7,1.8447818555292188e-13,0.003012371173055535,3.8370645999569577e-13,1.0422248940130353e-22,8.712335177966318e-8,9.530793539181486e-19,0.00788884361355964,0.006213731419675419,4.965262218679036e-8,5.055642088956281e-11,0.0023855423198681173,1.565772847540827e-62,2.11337461510093e-45,1.9810092243314314e-16,2.527600689114743e-34,1.4556301560077066e-61,7.247522857619086e-68,3.034599499675981e-85,1.0669526439235693e-74,2.415441023454583e-46,4.402295341292188e-140,0.0
0.0025529263926522125,0.04338432380439466,0.13382986351651172,0.11152691829559018,0.08324922575498038,0.08675568617826152,0.07562545208501872,0.06942582837181013,0.06435779488832136,0.056788980020244344,0.04368293135381952,0.037062795111708326,0.034781225364642336,0.034337095393403835,0.026168362555098586,0.02900726823706316,0.010393187239927349,0.02413573864138033,0.013667397401300251,0.004587534824174858,0.005550906240165134,0.007982268019895402,5.868343520446525e-5,1.2977139388769387e-13,2.261589497777606e-17,0.0005946616281066181,8.942029987092598e-15,1.4989121250526657e-20,8.718329540154675e-26,3.165929702648933e-48,1.3370652901789926e-8,0.0004929318755327359,8.018204801856056e-77,0.0
2.654822974803777e-8,0.9928958949113926,0.0051740194799194655,9.059745205110394e-10,3.278905212902257e-5,0.001893335531565141,1.3261984918914872e-29,2.4456836757074157e-22,1.509870303460095e-45,1.5787005378567546e-47,4.830904831864067e-20,3.3471111115426314e-18,3.908812834250821e-15,1.3780890863731617e-43,4.124201005358231e-18,1.096359862336526e-20,2.3034090292649045e-40,3.75850399518445e-10,4.022088338704484e-32,3.933194935379644e-6,2.5841110418761226e-20,1.5020466231642585e-35,2.3152550701210652e-49,2.6342567538182414e-33,7.637337237075692e-68,2.0529238419600296e-60,3.6353936076495356e-78,1.5461482169341942e-97,1.4009085146836395e-89,1.916765286047142e-126,4.862073337664335e-97,2.499582234244232e-104,9.525374639579856e-186,0.0
1.7957868267852673e-18,2.9109621458825115e-10,0.03047264524926402,0.8720936547841797,0.06689635875184133,1.121008554907367e-6,0.0005497003677240384,4.948056163210722e-7,0.00017833203628320576,3.3636845029515337e-22,0.0059061036788933775,4.1457355383620974e-11,1.2414148955649999e-8,2.0890050996394494e-5,4.2261026366411535e-21,5.501594665829307e-23,0.014709428848335466,3.8615486452168447e-19,0.007749981676989569,5.807450366245108e-11,3.0306854252025656e-7,0.00027566006932805794,9.314228938223671e-13,3.01077299469555e-69,2.0816517716447595e-39,0.001145312797742984,1.8280624374102468e-35,4.093867523917571e-50,1.4758204804673447e-65,1.5499428024777788e-82,7.659026570181825e-85,1.9966779362443715e-31,6.29759726333795e-134,0.0
5.249501474071974e-18,4.870454792481531e-8,9.177647194347684e-8,0.014786777889978025,0.00010561652194567139,0.0004367902537623098,0.02211532143423737,0.03375711291380037,0.02686873203530445,0.017064695305784597,0.03244652576394188,0.029820513919817642,0.03689041152217538,0.016754096966609667,0.03464336067259241,0.026624225733881245,0.02626950013852336,0.029073024225107342,0.034261096483863517,0.03194320369489251,0.028789306392382388,0.05386203725630459,0.05387249707618087,0.0499577459256915,0.11941119757893803,0.11647562902456794,0.06092408039740424,0.046302301102037216,0.028025076982811994,0.017058742511276866,0.007310869994274065,0.002930888192944261,0.0012184816079483477,0.0
0.00015643511555328828,0.9939212482410348,0.005603719146403444,8.388113251825715e-13,0.0003161503472929625,8.957104202629634e-13,8.973497389848232e-40,4.856956890820102e-39,3.727552516521167e-58,1.9421998802611414e-56,2.4467503053185603e-6,4.942277278421378e-15,4.016167224871265e-31,3.75033499694113e-54,6.244298637586767e-41,8.013626477181257e-35,4.650130225669685e-52,3.97231744913337e-10,2.839677307394798e-41,4.390182555863381e-13,7.750080958660547e-36,1.1692559852448755e-37,5.554573101181874e-55,1.2685960376103862e-51,1.9028394510242915e-62,1.0224318613027185e-57,1.8276251985956137e-75,1.7973131083957335e-94,2.214212500459753e-77,7.093580168726482e-143,2.784762915085906e-140,2.1755723544777037e-111,3.2483349354267737e-265,0.0
1.1579492857226557e-9,0.001571403408538729,0.9740218886941884,0.013530008066424135,9.668499291115544e-12,9.740567559958208e-18,0.0025810101507402713,2.6160500380315137e-19,6.281526997558386e-14,6.484113906115998e-37,3.310697779367382e-16,0.004339299956739103,0.0010738350274046111,1.2706366820530226e-18,1.4129672550742292e-35,8.753178645325345e-15,2.001401442367164e-28,2.803962563124488e-9,1.1496390356008106e-8,1.130380921807628e-16,0.0028825392279219725,1.2570364338780119e-23,6.845997606574211e-39,1.093062827675742e-72,9.702292163755866e-60,1.1672686536193089e-23,1.2956775511351656e-49,6.499621472227065e-77,4.0841688757121034e-84,1.5799324933741688e-111,1.072406200400358e-107,1.6698801087486244e-72,1.2431275727171809e-227,0.0
0.9926061131929311,0.0053427470908335994,1.627946590595989e-16,2.874480483643605e-34,1.6062948536299534e-24,8.275062696074728e-16,7.273072548313348e-69,6.31052253137766e-41,2.630729981132887e-75,1.8462576208313848e-72,0.002051139716234201,2.6058103486859228e-43,3.971785580467986e-51,8.239709945114172e-67,1.1178136170042165e-42,3.6324766178398624e-58,2.1468828241973592e-64,6.381194556885447e-30,5.536042000375024e-51,1.9353398762760684e-21,8.50911546887261e-53,9.201194221959559e-42,2.853235728504001e-55,5.191657101138472e-34,4.608331304133057e-74,3.655197692187744e-78,4.67007863299166e-82,3.3884264687798956e-134,1.1988811918349162e-104,1.3481411745237885e-162,8.334911432503249e-151,1.5803842622632752e-139,0.0,0.0
0.00021542949083643248,0.05694335142089876,0.906697446523965,0.027205452851721056,2.3340119348625798e-8,7.58182082763156e-5,4.368328976371557e-16,3.2723647547460554e-8,2.150828235321447e-26,4.542003158427522e-33,1.3666214111467251e-25,2.2425099690086863e-5,0.0007638636595484731,6.330800085610939e-28,2.913221151018267e-17,4.435381321644526e-12,1.5727011006785948e-33,0.0027519316672827724,5.240816752213748e-15,0.005311890555293802,1.2334454279471654e-5,4.5334673977077384e-20,3.953130946914897e-42,3.837859973448568e-50,4.058173045037678e-58,4.580766548264885e-42,4.314867803463669e-46,1.607713669411616e-75,5.174862028706172e-69,3.762954455990027e-92,5.189571899806375e-81,5.919130492532102e-60,8.519418281708116e-190,0.0
1.0,0.0,0.0,0.0,0.0,0.0,0.0,0.0,0.0,0.0
3000,700,2300,6000,2000,2500,2100,200,800,7000,1100,600,4000,1800,1700,1300,1500,5000,4500,1000,400,1400,1600,300,100,900,3500,5500,500,6500,2400,1900,2200,1200
200:2,3000:26,1900:19,1100:11,1000:10,700:7,2200:22,5000:30,6000:32,300:3,1200:12,2000:20,2500:25,3500:27,800:8,6500:33,7000:34,500:5,1800:18,900:9,2300:23,1300:13,2400:24,5500:31,600:6,400:4,1400:14,1700:17,4000:28,2100:21,4500:29,1600:16,100:1,1500:15
