50
1.3821729969602819e-5,0.0318835658977579,5.266357492860001e-9,4.984308043446814e-10,0.0016062995077728804,8.779059803075522e-6,0.006631301473484724,9.77236065250896e-9,0.1048151563945276,1.572827110744994e-8,1.3465023594905674e-10,4.537590953612993e-34,0.0004613228794160654,4.9765118270462503e-23,5.577874045591484e-37,2.1000800831404024e-6,1.8573700259604982e-8,9.528918563818521e-14,1.8994744579933416e-8,3.3123610017313426e-7,0.00013179999414352257,0.001407891403679636,0.5783677317672079,2.942023329573274e-6,3.2640199534173507e-7,2.110095860238165e-9,0.006045727985966263,1.2987756634468126e-9,3.376804648454477e-13,1.1820389110286425e-26,0.00023878004830990232,1.1007189878849786e-11,3.4948364302178195e-11,1.2545996458546342e-10,8.124644155900525e-10,5.535913289873577e-31,2.9114793997686865e-11,1.009226986776891e-12,3.318728455789931e-16,1.0341040891951258e-5,7.516699883089029e-8,3.5318696650566426e-24,3.8945482547236524e-5,0.000540080694858486,6.2885154826568445e-6,1.0590279087792122e-8,0.0006550220581035457,1.6629935176236725e-5,0.07943487901914113,0.1876797762211495
0.0008466982952191309,0.047310826536128094,1.143857389962078e-5,2.138373701702582e-5,0.002096280481070356,0.46450440319788805,2.3135874902033087e-7,3.351939526726109e-30,0.07330479529307407,2.521684297289531e-15,5.637069738168259e-11,4.3370058718166e-22,0.0021525785372299116,6.409139975298684e-26,2.2574389754685964e-22,2.234309657321573e-11,1.2146073370324247e-6,0.00022803709364077628,1.3805848207661712e-30,8.38739635712421e-25,0.010035843839466086,1.9410970442056774e-20,0.11876572435600051,1.0731164762598369e-7,0.0500356968290368,1.532103726086932e-8,0.002359432458058207,3.223569840458759e-13,2.9281879083684004e-14,0.0045672692539812975,0.00010526865642089627,1.0824832563904115e-24,3.1773468719322134e-24,0.08423375929642576,7.651824401706261e-17,0.011369837423968231,6.345117278533811e-10,2.011153167968175e-15,1.990061801980849e-37,1.3437939369231503e-8,2.7955120215427845e-12,2.705028450092043e-7,0.004011436716922126,3.3032273674285475e-5,7.795886659551962e-25,8.10967538014129e-6,0.11114491790287827,2.6758464426213854e-14,0.012851171483072002,2.0483358889907649e-7
6.766226520844094e-6,3.544470074462966e-6,0.12100255732462532,1.7225773532395266e-13,5.582364960890224e-5,1.1256360027185084e-5,0.07839813178211717,0.017012546706948736,1.7750780536057987e-6,1.2743855261469905e-22,3.813352810602437e-12,4.73286401474426e-31,0.001228256566212414,3.725292602742341e-18,5.452164835523726e-16,1.4865750279107048e-19,0.009680285460408455,1.2459149900900005e-56,1.3264901401751257e-8,0.00047445727191491584,5.19237129054121e-35,1.426868409825591e-42,0.00025861128436866106,4.405470724379416e-14,3.679418913634164e-12,0.13027339722626163,0.02127996463092883,4.608849467710719e-12,1.44601398351783e-23,3.6233202015482334e-27,0.007069042646800438,0.0006960673469115769,1.557877414486097e-18,2.0552647281369904e-23,3.687331921412996e-8,1.592957167352369e-26,1.3617198674682395e-8,2.375565904965243e-22,1.4058208974252063e-61,9.855953111893371e-16,3.101024175153226e-6,1.026543443855516e-49,4.4451808562205464e-6,5.6091200703748986e-8,1.8454167254754203e-41,4.319735403378304e-12,0.5264266472055769,0.0018122994209823853,0.0644271117913889,0.019873791481978043
2.1999194576944686e-15,6.321748421664238e-10,1.3158657875775395e-14,7.218612104631793e-19,9.068292608291749e-13,0.034069188299351266,7.079631730368137e-27,9.392457948944898e-5,4.365289791482595e-8,3.072841049832354e-13,1.8516033024892615e-13,1.1832127613400064e-11,0.013882564240955757,6.1779086005264e-25,7.464020072612025e-27,0.21557202612715343,3.201463035082633e-17,1.179518406397441e-37,2.66612268952303e-10,3.673007390607333e-12,2.2489390778668905e-33,9.953714436285845e-11,2.283678193736156e-18,2.609453259094396e-11,0.0049152581244698325,0.04420752653431534,9.403479192360772e-12,0.34223930189091734,8.184653723596168e-5,0.009932605250826006,1.0664272857581783e-10,0.005452445962967374,3.729966429854706e-15,2.7958800111171213e-21,4.245435630931356e-15,0.00140855411307802,1.256712353225146e-7,3.583885404239061e-16,3.290791284385843e-31,0.19659842380497622,6.768201549776009e-12,5.118060077505103e-25,0.009693260219325326,1.0008750285598491e-15,3.417990419157868e-35,6.109023320225942e-7,1.4873438931543226e-7,1.5823919923941974e-7,0.10234335051344332,0.01950863543727916
5.512749880373664e-7,0.36144800293036966,5.785192508116099e-16,3.5353992166629495e-11,0.011659566099818053,1.4745785429069473e-6,2.7003769445557154e-7,3.999648625021637e-14,0.029200127378079945,1.4302205329770492e-12,1.1437146234352279e-10,2.3665013780774106e-31,7.2169268616832416e-6,4.981408026287407e-22,4.2131879913256833e-20,0.007495461025110413,1.5266184415260626e-10,3.9666474197439595e-20,6.138513404407092e-34,4.238403920770692e-6,4.150810680728998e-7,6.666926556819291e-23,0.16498365359009368,4.032470075867502e-25,3.14297511620741e-5,0.040610397435821684,0.011328089442623186,1.3293207135452859e-7,0.00666626628683218,2.21092159805354e-24,0.0004725882143513108,0.09295040622316993,1.1364357166819475e-13,0.04169549175528116,4.160973538240915e-13,4.695199601611186e-32,2.65415559697641e-15,9.043597719563919e-15,5.292397815981123e-18,4.7008258087550016e-7,0.022471929119284684,9.113485622462599e-13,3.1758808645940835e-7,4.151696615510656e-6,3.2535648290287515e-19,3.5529316634008026e-12,0.0007615286295725044,2.9286518527328667e-10,0.1975879906567478,0.010617832257522537
0.0495971061498974,0.10916085110486974,0.011033306779926094,8.44394193023933e-21,0.004548378557984647,0.18210663316656192,1.009204442681768e-15,2.1167476505143665e-38,0.00033044729373208,3.0448317219718106e-20,1.3035168841649578e-21,1.761303267796539e-35,5.250364358603355e-8,7.035790286457176e-29,3.1413413882702527e-30,0.0028279849236948285,0.018686881156450542,3.3164377395721783e-6,7.858543916977183e-17,2.7227623451303257e-12,5.2046846562112445e-11,3.7619424052704804e-20,8.46924127964293e-5,2.93673473174367e-32,0.0038976947281191385,5.757556725045589e-10,0.3455078169706361,1.8867999726211838e-19,2.970793795074367e-9,1.962693099051311e-12,6.224013384353051e-5,2.5636664341305308e-23,6.530535161685428e-30,0.006229956520414597,5.6374474773882864e-11,2.374250491692789e-30,5.588373796329828e-8,2.5352411730138724e-8,1.1767448476731984e-34,9.369748327161821e-6,0.006081776739493651,0.04156687323376302,6.786151174791817e-8,0.21126189887731298,1.0291071726851564e-7,0.001283503567756229,0.0032020108532995603,2.4347376576796276e-12,0.00011315480556896221,0.0024037976636973484
1.0973424440643859e-41,2.3678634001025092e-64,1.1301077442018796e-9,7.665413373310678e-12,1.4718951048639706e-38,3.689276884180093e-71,1.5575381713517256e-8,4.050203952269532e-31,4.096741539893504e-36,1.9754299339966885e-41,3.060478136294255e-20,0.2676625008592816,4.201586044293421e-54,0.2130701433423316,0.2427591825969733,2.0150749138376287e-27,7.143699898753856e-33,0.026800970853121192,1.640628298121613e-23,3.2579886568204505e-46,3.1738481218216527e-38,0.0008958593827331958,1.1943831880669777e-57,0.132011238535676,1.0269073539211004e-42,9.768395891788939e-26,1.7733040944810788e-70,2.5395150596658527e-15,3.2147513989863462e-71,3.6984636049821426e-27,2.9655823127846744e-34,4.749110188083487e-6,1.0802420337848572e-31,0.08183179132974565,6.441310262924376e-24,7.002732273368834e-10,2.5905530673836022e-45,0.03496354657557991,2.6599607242379577e-25,2.3277074926405066e-44,2.1667555554204708e-40,6.014696651981163e-60,2.7162425755506945e-59,6.026301340729297e-50,9.386913443897845e-13,1.0901951994816093e-50,2.2937019116068e-16,3.6652165072407426e-30,1.053385838350137e-65,1.9587748732292564e-31
0.0156707962281708,7.951780792735913e-15,2.5009277627941224e-7,7.889942211870036e-11,4.7217269475301494e-7,8.767387889919688e-10,7.568870383237671e-27,0.6892123322209338,0.005785973141755099,1.5058554370597504e-24,3.928455948715883e-13,0.02041590923836384,4.2864388758450394e-20,0.006231098025605553,5.9221870864611935e-36,6.345670957304464e-14,1.5293526162427295e-35,4.2014697328318706e-69,0.0038724946533578086,2.0221032085406626e-9,4.2914768182935563e-44,2.0233028176670018e-19,1.4755539774434623e-25,4.2950432694443154e-10,0.004067650628014063,2.1988403108600264e-15,8.45977991720747e-17,4.16537780689587e-8,5.588780291471949e-25,4.216160329544791e-36,1.621972054575059e-15,6.919380569525147e-62,0.0054850413300991,0.025849949644160812,3.407376611478346e-16,7.885914638597695e-14,1.1263747744359329e-5,5.416217237786267e-10,0.004372865523448768,0.011287064294684752,6.025793906100182e-14,2.9198252886112283e-79,1.5004078031772095e-18,2.061734408699018e-5,2.254221352403721e-27,6.544539432961405e-33,1.6866715183391085e-9,0.20596531238075674,0.00034313165481530527,0.0014077303886064667
0.00020686419394768782,0.20752441863122773,6.645780472885203e-10,0.00039843955254639254,0.03680646822767214,0.00038072078443845763,0.02136334197481092,8.094296781087778e-10,0.4293483971733039,1.0441070999816907e-9,2.9010803611435727e-11,8.23416979458432e-33,0.005962752261952173,4.0828256364267353e-35,5.7961073699662645e-33,6.00994715038914e-10,0.029072236423379336,3.0192526820464435e-16,1.8930483926399066e-11,1.9497440853565777e-5,0.019733293937457014,7.624346487298147e-14,0.0015498413411292487,2.3698766349962104e-9,8.849093046788538e-7,0.001285233938639641,0.10590689802209784,3.292767534196753e-8,2.2749904225564736e-11,9.592036471463973e-27,0.0005380883906693478,0.04125182677596665,0.016739977885626794,0.018232557319465787,1.322209892127839e-10,2.335852394473569e-27,1.9659413612874366e-11,5.46403973754444e-7,5.2823453771230586e-15,6.95459406972293e-8,2.926829960235951e-10,4.55914331283088e-6,8.154862455364941e-7,0.009707941738844133,1.4119074628886154e-11,3.1885944931963135e-8,1.0029159038483529e-5,6.469361581046521e-6,0.008479287090582016,0.04546847205393041
2.485366551124443e-13,3.543201703919145e-13,3.5235303198490427e-12,2.782524857432786e-5,9.364092145851183e-10,1.9180217128577143e-11,0.031701979675601774,0.09077348943688963,7.600175673142858e-14,8.448187960294466e-16,1.621475396922513e-5,5.267405966962067e-10,1.025508440262408e-7,2.0605392173455524e-8,1.0974707337200296e-28,1.75883360810041e-10,4.20598627126064e-18,8.436417762549376e-30,1.5674385540931083e-13,2.772910351239145e-10,8.597905777148867e-24,6.128563200217129e-14,9.938844191602783e-11,1.1689995350957546e-15,3.751342278322957e-11,1.1475824713511574e-7,1.610375044450088e-11,0.08168177276685124,0.000215635023178518,1.3040174383284027e-19,3.885787118660466e-10,1.5749490562656727e-12,0.08835221055241058,0.1027002140283164,3.6077756512657857e-9,0.6045227668545741,5.410445097366294e-13,3.437734129599672e-12,2.4138846312238823e-22,2.624204665166866e-10,6.804417652376921e-17,6.560459867063896e-10,7.5633717946162176e-6,3.080703711354057e-15,4.1076467740684005e-16,6.684446057122101e-14,3.8996845662725336e-8,1.9100123523727855e-8,3.064289914867029e-15,2.5263006764618926e-8
1.785124775844985e-27,2.618045519449754e-15,4.881646498668735e-15,1.38034627089874e-13,1.851057740473683e-22,1.4913438920053077e-14,0.04765906732044419,0.08861326852277501,4.531406577229843e-18,0.31281514505237845,1.6367986699554813e-8,9.253875665263094e-19,1.8083625851166794e-9,2.3532574167586991e-29,2.8124322431097936e-28,0.0003924759600698628,2.6185663523876594e-17,7.579217796366355e-37,0.14241185853147212,5.9117606221483375e-9,1.1394104330304e-26,1.3128630830727884e-19,9.248877273039443e-33,3.5594307212895815e-40,8.753525956945974e-14,2.647910441487877e-8,7.187125643052724e-18,0.29388824758386817,1.9624230684859868e-24,2.076440148879706e-31,5.6556462872948704e-12,1.984815954322974e-5,2.6532918603482713e-15,5.7029310523813996e-8,4.0949365777222726e-9,1.856337571715283e-8,8.512615676670926e-11,3.4913883142653445e-15,4.445132999914909e-21,4.149037745723357e-11,1.0352908227366722e-7,1.3258739890443365e-82,0.07361147135308208,6.12074167112899e-22,2.055489909643265e-26,6.945709059448997e-11,0.006604582198195855,0.03398380124246061,8.980758596487208e-11,3.9709760293275135e-18
1.5659403723260456e-31,2.878187819482526e-22,1.2681700560560973e-12,0.1889697793577021,1.2279653862881673e-26,8.458511950585951e-17,0.007505031900975836,0.03769537631738405,3.5019301101030126e-24,1.1021075347286707e-21,0.3985909330808105,1.7609668596451703e-21,9.666643642250601e-10,4.647038268280404e-16,1.2004586907027752e-18,2.0176484972344895e-22,5.637048909996016e-33,1.7758155012431565e-83,2.184476503338535e-11,1.1029462389701954e-6,1.5620049105427524e-74,1.7008123526606786e-16,1.9831157492411424e-36,0.0036101807439605288,1.963806083565633e-20,8.647480135128265e-10,8.854729457380923e-21,3.8139290096359663e-7,1.0583974065869388e-11,0.0316465369266311,8.27819105007556e-8,2.193809161387479e-46,3.4652052364675885e-26,3.4429365046068994e-16,1.104290024747692e-17,4.637587900930925e-27,4.2792410117227407e-13,0.10620700055969877,0.017339741049896384,1.1560353689485137e-24,1.5722933455858497e-22,4.0261640562255705e-89,0.07326019408997553,1.1692908781922655e-18,2.757876849698276e-15,6.527026534717352e-22,3.154045935684168e-6,0.13517050294043784,1.4053961163845107e-16,2.7390623037794667e-28
8.239378261715602e-7,0.006490883781042592,0.0028724129455142532,1.1570249981630976e-6,0.00577043185361255,0.02900835573993979,0.05900926509831693,2.5929156594770258e-20,0.01080736336791594,0.0005437465070867065,3.567801644422477e-11,7.866833505691161e-27,0.18098613875196345,5.010197161374058e-24,2.9579915507197468e-24,1.4415211616442608e-31,0.07773935422528815,8.820724550427916e-9,2.116191999797194e-36,2.7018414963890485e-7,1.2920332280365513e-8,8.808556627829726e-32,2.9017483481573208e-5,2.5309419826536543e-12,0.18545084174144907,3.953339970823222e-9,9.826926482469285e-8,5.442624626881247e-17,0.0021602499505866575,2.0052427107429475e-7,0.04355122842039192,2.6125394882635717e-14,7.509281425213029e-22,1.4226220539970193e-16,1.8826572703528045e-11,4.090197855453967e-13,8.10412855755403e-10,1.4645076166439258e-16,1.8529296839954292e-35,0.0271721629788136,0.016481701762324087,0.1634092349153792,0.015469231864005686,0.05902125831226115,9.829411543063445e-24,0.025287807379822103,0.05975364052369568,0.02839503039578705,0.00033931336166832896,0.00024875213686292234
5.851941470294612e-12,2.0592292893829175e-26,8.410498606699781e-7,2.1709546324071147e-24,5.831989557204432e-10,2.0306847796952507e-19,0.17315265701977053,6.03668677825105e-42,1.641300906450659e-7,1.2145685724431236e-20,1.1350332307124803e-15,2.8846880705503187e-29,5.977131125666833e-14,2.1040030648959076e-18,1.802816966579722e-44,1.6399805227073562e-15,4.9198352966284896e-33,4.5890383412684104e-30,6.7787350822852e-20,2.8751520065576838e-30,3.100189674461582e-22,2.8942802086452425e-36,1.2106094069436236e-25,1.823580953360388e-18,2.2479930385897437e-5,4.3213199705171706e-7,2.502549219757746e-12,2.5480044712946285e-20,6.199777906609992e-45,0.08079724615412656,0.16331897571197007,6.977547716249993e-29,2.1437530872549167e-42,5.7830500788632005e-28,0.1725240740304608,1.4562918865075394e-37,2.725026273135968e-26,1.212440371118688e-14,5.9361341361951225e-37,2.6268676738403497e-18,7.885969774035599e-26,1.8473763536181605e-57,2.904611457974117e-10,9.101984469314506e-15,2.7910586943316296e-28,0.026614921568530053,0.3822846409423668,4.8873849948063956e-26,4.54240718058574e-19,0.0012835664483424741
5.935561621803761e-53,7.3501814414504345e-22,2.7117146507453513e-19,0.04006113890677849,8.585431387613757e-49,1.5025410677198684e-27,1.8801845392255477e-15,0.1154088388387116,6.925154418259164e-44,1.3594871281876836e-24,1.4599612216653372e-16,0.1580434085568083,6.635778088626661e-26,8.983111518589788e-21,0.09489648736980749,0.02955573065189426,1.3284360744127118e-45,8.861360645452828e-98,1.041249049719407e-5,1.0826113036088971e-39,2.003856589923611e-74,0.3936658973201123,2.956496174155596e-50,5.505828351659555e-8,4.733295049596727e-23,1.9693335784779027e-43,1.957570840675787e-46,4.992090119756487e-17,1.7932695361070694e-55,2.602347464836732e-32,1.0065259302668442e-41,4.9780416228999344e-12,4.6293662215052554e-23,0.0028880726667768514,2.7393617761864947e-50,8.588386199634252e-26,1.699497451795856e-12,1.91154327823465e-21,5.184896858267015e-19,3.593483288806647e-31,2.476127226875767e-38,5.765735862466683e-98,6.746680646715976e-13,1.1535756702528386e-55,0.1521616226015531,2.3143529907231457e-43,1.0396842059234723e-50,8.94470856720871e-27,0.013308335531422601,9.605631755625212e-44
4.715857583934596e-11,2.4490504113044416e-11,7.857376741401092e-27,5.0443316554385565e-25,6.106927216266768e-25,1.7048245546583168e-18,2.056066179574689e-28,7.707176402858042e-22,0.001940799698826058,4.526756508476722e-37,1.1243755252467115e-39,0.8877114488546476,1.2326758773121234e-16,5.019882394371485e-27,9.42217534062407e-20,1.0069174661421032e-17,6.582536068957629e-42,6.247166506076738e-102,0.05436103316008739,1.1181677568929907e-15,2.077408676097444e-99,1.2845249729622873e-20,9.366886646395578e-14,1.0149331439376468e-16,0.023557161027121316,1.4773805846141446e-24,1.5534000049152548e-7,1.619316400589915e-42,3.0189884137918163e-37,4.4382306135021336e-39,3.452849814711188e-33,9.386969952258213e-46,1.4042595082976345e-30,0.011952592377381313,1.4586968782561502e-28,9.320163334125275e-20,1.2039265205508206e-27,5.460957766377612e-22,8.124892563407592e-39,0.004657815148580308,1.2060145515131275e-17,4.1220557527537455e-85,1.1261742792180009e-24,2.026805263349015e-20,6.592058024049254e-11,2.933900598668101e-32,1.4918556126794225e-21,1.0529480249129814e-22,0.015818983884322835,1.0371368092539758e-8
1.0708726937259796e-34,1.914499606027409e-32,7.526164553710971e-13,0.006152198162930866,2.2281352966092013e-38,3.1325581091466347e-40,1.2272336695513853e-23,5.360244630798566e-6,7.1804972716857355e-34,2.891324474111703e-26,5.9784833015273415e-19,1.4972480431814773e-19,3.7571677828051924e-33,5.2709146483126235e-20,0.09619590608787819,9.272149555062613e-15,3.869100541355799e-21,1.0205251260209453e-65,0.03589409886773403,5.959896202387516e-16,8.830317501895979e-54,1.2119553584127217e-11,5.539726750215657e-49,5.651715107620745e-20,2.2485514034317076e-35,7.352512593784326e-22,3.184814684077471e-41,1.479258721697923e-20,1.0499713431726306e-32,2.1261249004629216e-44,1.4170069946453575e-33,0.07596010463550751,0.44563909227826365,0.11480255229068857,8.649775171496704e-17,6.194694387409376e-27,6.171495551474834e-34,2.6959661461249367e-14,0.021859231266137674,4.636258004151052e-34,2.2644467059623434e-25,2.1089828065050575e-49,9.260450611077762e-33,2.7572226909656196e-32,0.1860781986490682,1.5647236899433617e-41,5.233535141929626e-22,0.017413257504251347,4.6232208994201174e-29,9.307746153644746e-43
2.825582843108404e-17,3.7904687407540566e-5,6.120801362816468e-101,5.507855179124102e-41,2.980765062450548e-16,0.020668232239649847,4.590026407079941e-61,6.433800472748557e-50,1.0294609582296251e-13,2.1456513203083323e-46,7.25028436214728e-46,7.224724247158823e-65,6.722138394964629e-6,1.2484271841818291e-79,7.533260604048202e-16,0.031710591160134236,0.010649159680256757,0.12457137791020288,4.612419525182858e-35,1.3468240842238107e-59,1.1224431100263597e-9,2.9400745538886792e-58,0.027804642160404156,4.840884177268487e-39,0.025840865867744294,5.044828766129502e-14,3.101076655719092e-5,7.1160135206780276e-37,0.04371815449577103,4.4096449248157194e-13,8.038947278488851e-14,3.5530117946157705e-11,1.2167559985381051e-17,2.9964773790382803e-31,1.472248532704385e-45,2.1477559253848128e-19,5.063025830983636e-21,7.385478434592572e-25,6.753979013524154e-45,1.830492867262231e-10,4.30345090112465e-34,0.6061875269048843,0.08352246212904002,4.256818112615296e-17,1.606409806714463e-39,0.02525128670305272,1.1385674346987225e-22,2.3891621190685143e-98,6.181480154451115e-8,5.68518609045747e-17
0.016196456393293777,5.481101860871959e-16,0.00018288005231276676,2.3380933391243874e-6,3.0166944577531035e-8,0.04616079323402223,4.469759977698609e-31,2.4207740808197196e-7,5.346349285891402e-9,1.2353940052093861e-6,0.04135649071421485,0.08815811883876362,1.0567353110930183e-11,4.118448149518183e-13,1.4336666767129067e-13,0.00014351759426047716,2.5302396520619418e-36,5.193905922645138e-45,2.3815778637865065e-9,0.052961274392573796,1.2207986664523447e-14,0.01835679028134154,0.03089428937513183,1.951892412875002e-7,0.0025067944245913193,3.0617856040807265e-11,3.857945811067338e-9,2.792093302162454e-7,6.795329807072859e-14,3.142280671211917e-33,0.20206099994724272,5.165349913991431e-31,0.030869955532336533,4.1782277729919333e-16,8.72190748567246e-5,0.22336949740337367,8.82469746707827e-9,0.07810368723931581,3.1436692698459934e-8,0.09280739559189805,1.4707141097041478e-10,6.999578832166157e-92,9.00093356288999e-17,7.719484588526516e-8,0.0005327980216706835,1.2700523006327703e-40,0.004745743232681445,3.0215744200292365e-5,2.198352883974759e-15,0.07047063355064506
3.694950040067438e-11,0.0003723928373620337,0.3601760822984232,1.9821973936914254e-13,3.2687098322535685e-8,1.3592035390813143e-8,0.009687656983374426,8.071920030887077e-5,0.002004531505496161,1.371637109486636e-16,8.140684284876114e-14,2.578652885759646e-28,3.779273214049745e-11,2.3301178297520485e-12,2.4423294895148274e-47,1.1195439361194682e-24,4.3678497847710255e-20,7.852001553352072e-31,3.759155847994774e-15,0.000745127210623932,3.746264944192352e-24,0.008997297061457642,5.657016173446074e-16,1.2288342633314852e-17,0.03649156407122009,3.406351518707102e-6,0.000372043781647899,3.0125319731800544e-18,2.3879202121486363e-33,1.5760047479679634e-36,0.0005574873647108958,3.068489904773935e-20,1.1618090512740086e-23,8.666638047357666e-26,6.35625431341734e-14,3.631686976523047e-17,0.004923336679724564,2.6892854147905903e-21,2.1350891919348963e-65,9.336513934362161e-5,0.040844134347970004,2.7783689173232898e-11,1.0549750502799392e-12,4.355116138977877e-9,7.017644084816049e-44,8.186228203157039e-13,0.004655461675783801,0.37401347317484795,0.022898948217443028,0.13308292135741587
5.5396609074990936e-15,6.743303056611445e-6,4.551042204669343e-120,1.5675981611955996e-58,4.8501127022537777e-17,0.0011513411605265122,2.0849217516666811e-47,1.366620218415057e-41,0.0019119676810464654,1.239757345101134e-35,1.1564223917528145e-54,1.753010134447202e-52,2.9046243735970103e-6,1.509079320720997e-75,2.1646562127161424e-26,0.01782219430937177,5.059711764367347e-15,0.4838639953783935,0.016176806447483393,7.200677090608673e-54,0.006204855257568522,5.286571856357463e-26,0.04780471265366443,2.390831979765927e-61,0.0004510309499906467,2.5386310266682352e-11,0.07867298531929406,1.0830645038499511e-38,1.0597693527856612e-5,5.2400730783440164e-9,3.267493291058518e-16,0.02272389414468409,8.843776100620444e-56,0.024945457953048335,8.184518472765826e-41,2.1005675343096604e-37,2.446905919665396e-22,2.227520239483598e-55,5.257702521829297e-33,5.904938829387073e-6,5.019360888719202e-25,0.06179190953745654,2.8073050104146315e-6,1.2556211451538435e-15,1.0838194447022978e-50,0.13253810998913912,2.0543099231803066e-15,2.8917911065314223e-140,0.09266380072312658,0.011247975364934657
3.7375104991175077e-47,1.7066252847970137e-13,2.668726592081878e-19,7.667557540446775e-6,4.574560293944281e-13,2.954965031586075e-16,5.027823887663509e-19,3.8630776259250065e-15,6.67715605613716e-21,5.1297077974687556e-11,0.07384262847037124,0.14196021616964746,6.838224571343071e-21,2.2955534509801597e-17,0.14624479845306632,4.306219549082279e-20,1.10397516051521e-9,8.115325943249008e-104,0.15376581213386137,4.545404425465747e-9,2.1689814655242059e-91,1.0022243080762673e-11,3.976588594739155e-74,0.08793954472220679,6.397552334347905e-31,2.5260153051840993e-17,1.1188162556224234e-32,7.042321062301338e-7,3.106144621363602e-11,2.937724026046878e-20,3.830544343987485e-17,9.405014128995324e-19,7.396522515883248e-12,0.25229680450478836,6.26822723145753e-27,2.509434003121822e-26,2.180490768513618e-8,8.537791004682888e-5,2.445315319965758e-64,2.2580245444385346e-21,1.7583880249583822e-23,6.869071841730578e-76,2.242578661619599e-19,6.789456215638814e-23,0.026386524075611026,2.9725416265199898e-30,3.898378742900574e-28,0.059990019844929326,0.05220617744814585,0.005273696922981852
9.405936328307047e-17,7.850962858249211e-7,4.414487701922839e-28,1.47834687787702e-17,2.9232677391522053e-10,0.0001646752593821116,3.268268230229477e-28,2.354436705419927e-40,4.305190341420795e-9,1.3437004284547266e-15,5.4082537088411627e-17,1.2664045994676614e-51,5.748619360229884e-7,1.7303996464594266e-44,2.4032009364437985e-27,7.645111484593453e-24,1.9568778484922004e-13,0.9516944531660865,2.0582913996601173e-31,1.1075385085207745e-35,0.04074837792728398,1.4902184720327112e-28,0.0011296909388893298,4.8696578812341414e-14,1.6423616908998887e-6,1.0383162031205469e-17,8.465618193674092e-6,8.429033811408271e-22,1.6381049317198683e-15,2.459083734847679e-10,2.828919176510124e-10,1.4136502399202295e-18,3.081911061490604e-42,1.0810592250352249e-13,9.62434219804381e-25,1.4872689342951067e-26,8.794938644971466e-14,2.62803425984993e-24,9.133898417655023e-29,1.3046336162103294e-14,2.32267619908859e-27,1.0339040251900756e-5,1.615980740805385e-5,8.046042874427425e-12,6.986377378711238e-33,0.0062242542728359685,3.1930365177927163e-9,5.280921687682184e-33,3.390000414340205e-7,2.3432185778843784e-7
0.03464537693441003,8.52536736346543e-7,0.01968321974532948,3.390752664490151e-8,2.323106418404349e-8,0.05123715653562891,3.1913605300741516e-28,5.417811996089767e-7,1.544564490593606e-5,6.38710514985673e-26,0.2771987536960564,3.693365347969053e-37,3.26701783998424e-9,2.1660886829724976e-15,1.2602002430135147e-31,1.4469383947243639e-30,1.5149092294442699e-18,1.5754374098955236e-31,1.09064017241742e-18,0.02471714024978152,8.346553604182059e-38,6.986335884295582e-7,7.889359231101485e-13,4.6621261131577514e-32,0.021355454976538017,0.0431691807896483,0.027415497444918533,0.0003502814357890553,1.145698843442583e-8,0.11433546328207325,1.0171836178826372e-8,0.028492308019127933,3.3201197256440658e-25,8.616679438856384e-6,5.95771825487694e-14,1.825452163291225e-21,4.687009204735469e-16,0.14735002282699902,3.620550444981031e-27,4.5691420908098666e-8,2.485793875654677e-21,0.03932430859711396,5.763330585375814e-9,0.031799766689785174,2.6434092629488538e-24,7.324785617278546e-21,0.024908131870946593,0.07655366755451481,0.037437939283377124,4.1302056706602157e-8
0.14363652000486102,1.8986849217461347e-5,0.0001251287620536526,1.3442469904355175e-12,3.7488080953271915e-5,3.693602784707832e-9,2.9874870706952775e-5,3.3482107336854057e-21,0.3298226461590184,1.3502747343660877e-20,0.0034000485380312746,1.2373171597308468e-33,0.01174622372711608,4.790639288207866e-11,4.2722259859912945e-9,0.015020253285181044,0.003906801171797281,1.059287662400695e-34,1.6214729738144338e-20,1.4844009434623192e-5,1.2683652781103314e-21,8.282530136209851e-40,8.96915993707821e-9,1.1969302369826353e-31,0.005630617365451891,2.401017762585267e-6,1.445989579706803e-5,0.00020447194018865402,4.886967366138297e-21,1.784809239025339e-24,7.180077608080744e-5,0.019097301107221812,2.4697720548660775e-30,6.597792915768335e-14,0.07779284305696764,3.527294671091614e-20,3.1521718709048457e-15,0.07321897601636314,0.004895472597793702,0.17562688957178368,0.111578511470207,3.2072612040513725e-47,1.0940126766984272e-7,0.008506000410951155,3.218876438588729e-8,1.0618691412733304e-14,0.005639583847340538,0.00020882551262636147,2.2431432668207335e-5,0.00973043994807341
8.906046063078044e-5,1.3341586696682531e-8,0.3591422798144143,0.003874262425892857,4.672080696511371e-5,1.2937847764059071e-9,0.022857350359584392,7.596632250546034e-14,6.048198825180504e-7,0.14128055005608753,3.3160989914614133e-6,2.115442045678875e-25,0.0854034660486968,3.6775770209469065e-19,5.148200515196457e-16,1.302216821254496e-12,3.5283211220077865e-13,1.8275749310075455e-27,5.3245974997693405e-18,0.027654796575029138,2.4484798950328e-12,5.0144349966801404e-18,1.5510390129474056e-6,5.583236001127609e-32,6.9656375035355044e-6,2.622252575716143e-8,3.954208946690678e-8,1.8867659298528523e-6,9.58812759717944e-10,2.360021842849895e-18,0.00041018450638883285,0.02415684773974396,1.706189642270378e-26,0.13464437448219416,0.00013797885648340855,3.4339566568162484e-16,0.01524111757230663,1.12039171582038e-17,1.6569057461797323e-8,0.05538727337889943,3.068710392996408e-10,3.9730933586234563e-22,7.907032304786677e-7,2.3414695418832783e-7,0.1143504615050905,1.1302544994727793e-16,0.015010597054521548,3.19240912837459e-5,0.00016441387628566312,0.00010089293908789526
3.077009664570108e-8,0.005129910194064196,1.294261829296578e-12,0.00010951092539659238,2.7460348949576345e-5,0.007408362028648688,1.0807692051625063e-20,2.441431225898037e-22,3.4512499241790037e-5,0.005270699311746746,2.0130486563321313e-13,3.6699773860099065e-30,0.0016759045017573269,3.143321211001909e-30,1.7579900386735907e-31,4.83703896735984e-11,0.015214175201383648,0.04680296943750195,1.303329144867268e-15,1.7491581594407954e-29,0.3155095430905792,1.0179447094665967e-23,0.04411761938039752,5.027931729795692e-22,0.08045747604514222,2.5590608264782774e-12,0.37569513648038577,3.475558186773783e-14,2.7662731243130444e-10,0.011634487727348316,2.0986303396391114e-8,1.6081105488026633e-28,3.2519795191423154e-23,0.029554764504040022,1.1071577066623202e-12,1.2226268277890603e-11,5.253793809977404e-7,1.7203383762205158e-31,2.9822591398967154e-30,1.7303794250837644e-6,7.308083120914693e-21,0.00010558746839389862,0.02457750057493391,1.6010669589182248e-5,3.6879598739782972e-37,0.006888399681340891,3.3094823878642526e-5,4.940967513862877e-20,0.0277759625246645,0.0019586047229874443
7.261052653339449e-9,1.8523323726906182e-15,4.468763349651262e-6,0.07732611531675393,1.0840090934474478e-7,4.4479838451007686e-18,1.818920834970826e-5,1.175810878471123e-26,1.809135844835313e-12,0.12441572093405398,0.0003019019916726545,2.6295597812522554e-16,2.950930665556627e-10,1.896475491678234e-15,2.1194955270611325e-15,0.028947510801985262,7.182058195722232e-18,5.553657940171615e-32,7.304246159361014e-17,6.878713711729492e-6,6.244629907998588e-17,0.12623916726076168,6.505904120183758e-17,6.420229313783168e-18,1.6390502961847517e-7,0.12473361279151064,4.713964372690096e-19,0.32767704388541274,1.4182675780712414e-13,7.443459102976594e-16,0.00012092500922214177,0.13178348411543617,1.815228847216062e-9,6.041679688928453e-12,0.003970548385072512,0.001513249879479734,7.1444774170597425e-9,1.8313452343448973e-7,2.7590095492151387e-7,4.402892146313274e-5,3.2028368701963606e-19,2.6323450770881097e-39,1.050634542481163e-13,8.587431977401421e-11,0.03761764877225565,8.284120244893853e-22,0.006578916726882978,0.008699000470978274,8.380320941044628e-7,2.068304801569947e-9
0.0018552808942630214,2.6466768450916763e-6,0.03560152719907436,2.4341778450782242e-5,1.779561931251202e-6,7.750997321701026e-6,3.4273249216725006e-9,7.6562096899014984e-31,0.0022443476791105103,3.008975654212697e-16,2.586396675299174e-5,0.001601299790088638,4.430774743323025e-6,9.92460188659253e-15,1.3902149549997693e-24,1.9193357477228093e-8,7.003665588596605e-8,2.468789273987401e-9,4.541064067915317e-21,7.792065409838457e-5,5.210606349295889e-14,0.0396265436078792,2.9701012595660056e-14,1.4052456572753387e-48,0.017473379471247746,0.25250044814970024,3.338126467620345e-9,0.013611604078434758,3.6666421885029343e-10,5.642357349441652e-7,0.03176880904236186,4.463180411554873e-14,9.57984082098581e-15,0.1981909693962741,3.156041410423855e-13,2.3860979516181354e-15,0.00013196592371570804,5.829618646408352e-13,1.0234591960478112e-5,0.1260859631091959,1.2661478077553724e-5,2.6567761386609895e-6,6.909961193449264e-5,0.013330283665745355,3.8407446629386256e-11,2.496780105320127e-6,0.04254132721099166,0.22251677781878298,0.0005904654833226268,8.646072534350518e-5
2.1885286619551087e-27,1.7799191584217153e-14,1.1179790051744924e-10,3.5034059205796874e-23,5.34701549236694e-22,2.8368773440258998e-11,1.4180852024854878e-38,5.513605446999228e-13,1.2863204516378381e-20,1.594547158094299e-16,4.966420024168996e-13,3.28949119464474e-30,0.0005231428865311614,4.706986698058106e-21,2.0286272362517534e-22,1.463629729496006e-19,0.36274610413220515,2.76337945151509e-19,1.6725171502112545e-36,8.370165284165029e-22,1.6058814938373424e-16,0.01785709719974937,0.006779964763127473,5.178987926712822e-49,1.1483161421152544e-11,2.3261496967206077e-12,0.002035428229141787,1.4686985367995842e-19,0.3752902790685464,5.999579905495896e-24,2.317184935077233e-11,2.172529224983808e-11,4.9078684862897285e-28,6.0765195240023e-29,7.932705400702311e-10,4.25874173986124e-31,1.2632421539164242e-15,5.247848375835966e-34,0.12268533657894747,1.6688061749826737e-23,2.5038335646801322e-14,4.881234941335054e-15,0.08243203588365298,1.3420414826292763e-15,5.798497520839811e-32,0.029650610264756495,2.5357376222192937e-18,3.843535530422045e-25,4.905673900484513e-14,5.036241163465749e-14
2.4006517096782165e-7,7.562424787314411e-5,0.004721603716993415,3.974086730163968e-12,0.00019582055412649171,0.00018933563844863522,3.944595418459825e-16,0.03807228992544331,0.002663760807284448,3.086270374367878e-19,1.1957521636464691e-11,0.005160695123894408,0.0878518080988596,2.8175392897070056e-23,9.729265449380231e-20,5.922394349170509e-10,2.2181986185244448e-6,2.3603178866395956e-9,0.00030860248409371726,0.2698350632988278,5.1622658959224325e-15,2.1463929624306108e-19,1.3205596776809525e-14,5.922142868656183e-38,0.0008799784891881994,2.9780849755670536e-5,1.2106608772558785e-6,2.974824881213888e-15,6.0821742347659655e-12,1.183733266152375e-18,0.2896814114213108,2.215301300535953e-5,4.5162636755074275e-8,0.00012838468180971066,5.510411467003052e-13,4.067169424061276e-18,2.390628867461785e-14,1.6084227160386012e-20,0.021258936292133372,0.0016889410305663407,0.011128111543398041,0.013144996523449286,3.0426543039354267e-5,0.0019361762137719517,3.81814847161167e-11,2.516160954096779e-9,0.04728555810023051,0.20322004543310423,1.2785778771531595e-5,0.00047399057380693104
2.483173188828587e-48,1.2025242670609736e-39,1.5410292680790428e-32,3.593681929113751e-23,2.989544246219332e-37,5.8534059115202104e-39,0.09212733916457387,1.9601387099092654e-21,1.266963131836752e-34,2.771866915952146e-49,4.375959849446402e-16,0.0029557378062597243,3.2132097347539446e-34,7.769569451618644e-20,3.5577613054510084e-17,8.180171209865608e-25,1.9635305807924202e-45,1.080470264996239e-38,1.9170329408574956e-5,1.5800721896238165e-32,1.1897223393795736e-31,0.34147330824553346,1.6338466363936962e-37,3.8069970734471946e-10,1.778899341663398e-27,1.2546626856029332e-10,1.3509275857255194e-34,8.847848899644044e-12,8.973225104946474e-22,1.991073734327884e-42,1.1501155126214318e-14,1.8106909279967315e-26,1.7260265157404356e-24,1.0550948214862703e-20,5.909598345195666e-32,9.029874562805147e-10,3.790502567855174e-33,4.663865489558029e-22,4.257133689191997e-37,1.6531597914947859e-32,1.3724645653063466e-39,7.7608274540214055e-31,5.2472774475093684e-36,2.2431052947158423e-37,0.5634244430362111,3.5581408325235194e-35,2.273030745782751e-19,1.7441460452520552e-22,2.906285525515853e-30,6.139013404642576e-39
1.0409679240270279e-23,3.0492273958186664e-19,0.1893637100398342,9.649654022996957e-8,2.5022875813888333e-28,8.806225514320905e-14,2.2190341605074502e-27,0.05732567798936421,8.022716258144863e-16,5.107397919117302e-21,1.2771517015431136e-15,1.37391496197015e-16,2.0663450640748154e-10,4.033962477886873e-20,2.3918490500150585e-19,1.1505388155185279e-7,9.01015934050624e-16,7.668944625308313e-16,4.612374439149548e-7,1.3906181682464245e-17,0.1687341999871716,5.078678237599818e-22,3.776228435365737e-7,3.865190066770708e-25,4.2045809521195553e-10,2.5348658699929164e-5,1.8269280038800143e-14,1.1452126054523203e-15,0.16906351486513246,2.623302654657134e-40,1.2362558756699301e-28,2.1704280454949464e-46,3.6335825293223764e-10,3.285194770570407e-6,0.03796202152643139,6.032360925344391e-18,5.127189295277323e-25,0.23275818891758226,6.283586551775902e-30,7.813329566386618e-7,2.5000446358967515e-7,2.4812922727230344e-15,5.043062173524032e-14,6.547934288633956e-30,0.14476196880897815,4.1205317196974237e-20,2.5394299885257204e-25,1.273260454820305e-9,3.013480753011781e-14,4.9601495434762415e-18
4.458698345878892e-43,2.5064616310392167e-38,8.163784169970483e-40,2.68311809009752e-26,5.2856999677358e-54,1.4250177769531921e-40,1.3690969361280955e-29,7.665283730473233e-5,6.84364512812044e-46,1.5335137245186249e-49,1.3634605334863445e-23,0.3010584847308482,1.8071045812106485e-30,5.540323455556722e-27,6.893887644551275e-5,1.482648952129184e-38,1.1417891334713237e-29,2.1221788636020917e-51,1.014382034611474e-12,4.27489735049555e-26,2.5342937132113997e-51,1.6305165884857304e-18,3.513658202951796e-38,0.46031580136787453,1.826592279084096e-12,4.912708069437101e-11,1.108501284071863e-29,1.439165170360172e-19,8.049680252876091e-39,2.2666413035450152e-34,5.139577017694874e-16,1.2845104052023523e-8,5.675824504532947e-26,0.037981630585129246,5.024512920642072e-32,2.501319288312833e-23,9.569984186965302e-36,0.20042233997188444,5.424863674614126e-43,3.693279476129637e-26,2.253873417666051e-39,8.230185576771611e-37,2.7183819511558383e-23,1.8921057743610842e-45,7.613873344069481e-5,5.340565742016047e-48,4.174596659174714e-35,1.863575438755238e-17,1.6163216182838244e-18,4.295706409446218e-61
8.19379412268668e-11,1.9180818617110103e-13,3.255977846849458e-10,0.5280410215055403,6.861332174455342e-6,6.752834559489645e-17,0.05978279690138483,8.576921227368338e-26,6.528711580654185e-6,7.616320259976023e-5,5.611192341319815e-16,9.121177920968036e-34,2.7896216150140715e-17,2.171490880651095e-29,1.8292900026562697e-7,3.331442974655054e-31,1.5585796746144445e-10,8.204859559997711e-52,2.1867393659690414e-17,1.078172435874751e-15,1.111537181538043e-46,2.6415736397034655e-6,3.348167879038081e-16,1.0913275884787084e-34,6.3791273007803205e-9,5.350488336666298e-14,1.9372951201701254e-10,1.1718722645760212e-8,7.277262675982033e-24,1.594257835905649e-49,2.0711898557054158e-7,2.857863977386725e-8,2.709923565788359e-32,0.03245348603395703,2.5307494222126827e-19,9.1392365197277e-26,5.103780698272992e-11,0.11770379580965855,4.703995877016093e-20,4.479700688408096e-13,9.705365885060896e-10,7.274799035109722e-36,2.4250025209353115e-15,6.53221862738032e-10,3.621621550270437e-14,9.529011744400304e-31,0.2105024805147706,4.431837301566431e-11,7.11384916118789e-10,0.05142378450186179
7.940521200882435e-20,0.04075048127187616,2.751061157037286e-9,0.4457538350140165,1.9398237728532226e-21,0.009189635250957897,5.825728050007904e-40,2.458559894226455e-18,9.910081214718167e-11,0.14156319880351867,1.627478580459072e-7,1.957185838553032e-28,3.5933341660365796e-6,0.05125744440661493,5.069413250352095e-39,1.937148773955378e-30,1.135830989044952e-24,3.118051793127985e-16,1.1593163386351808e-15,2.2120537792387342e-16,2.3329536181858154e-24,1.1429255955730615e-10,5.869240537951042e-7,4.633709021779799e-15,0.02060862173796172,3.3849483645710567e-18,1.1711407708587177e-6,7.399350488326803e-12,4.781415660938383e-27,1.831323027040099e-27,2.8285992791707363e-21,5.137838508599728e-12,0.014351020156977354,4.4732629972092985e-26,1.666037906756217e-20,5.830380253148047e-21,5.961611371808279e-10,2.323244142108261e-14,1.6323086969699072e-32,4.522707495964027e-16,2.736132545395162e-5,0.05263705775898303,7.770876375664662e-7,1.023794212322206e-22,5.214280344328166e-20,5.614156019088729e-11,1.3521483146627562e-22,1.8335796609394917e-5,0.22383671361321497,4.726300747842197e-15
4.878662766465727e-9,0.006778448711581232,1.33494048002417e-12,2.8013614413497602e-5,4.574506591871684e-6,0.03581515611307364,7.045690550721304e-10,1.4472736843402663e-29,6.467938723133729e-10,1.3146999704934938e-12,1.714307160397953e-9,3.510731261717019e-11,0.0010600884165944508,8.142693276403013e-22,1.2451640070690096e-6,0.09631334312722768,4.195342671135993e-11,1.0112535306024849e-16,1.0099552640261679e-22,6.648150671395253e-15,5.078967993925607e-17,2.4809894283405135e-18,3.119164490602696e-16,7.731013384362421e-20,3.5420909954542195e-10,1.2101249947963424e-12,3.01979635423508e-10,0.01010186961278189,2.9678133090807102e-8,9.026421208974172e-7,1.5389626889655056e-10,8.047203783406702e-14,5.8916020231721645e-15,3.9577533464283895e-18,2.1072937564029667e-15,4.017758416844579e-9,0.09545798647667408,1.5211690581167322e-14,0.05162646361205504,4.243914596331653e-10,0.060619422004899,7.531042793443547e-14,0.16186589330224913,1.8379203526134603e-9,3.8092638161667584e-15,7.017141305452199e-6,5.934238877492711e-8,6.449043840392276e-11,0.48031322124279163,6.250111022606479e-6
0.027226311805827928,3.985421085343574e-22,0.11906491395638444,0.06875546507553629,1.5164758514380428e-6,2.022563254299816e-30,5.142548198241325e-24,2.208329437496484e-15,6.2683915688878645e-15,8.43801197322108e-18,1.1442450267608278e-15,1.8483225679326516e-24,2.4693602394724502e-25,0.352917843037821,6.133848009584752e-25,9.057539235820878e-13,3.711216824749298e-33,7.909583012307764e-110,0.15706540850181555,5.2381188143324906e-5,3.007709773675992e-110,4.3008723284236283e-36,5.497161934369801e-46,1.2452096750592885e-30,4.248165206890638e-22,0.03407554585315686,6.447719441634323e-32,3.2430347791675594e-16,0.08215878979698597,4.593908595638655e-27,1.2955029323764544e-7,1.1724047068924198e-52,7.472362974130407e-24,0.0030551688863499306,7.391228449810643e-11,0.053671482443234976,3.462172294555725e-5,6.837433959795098e-9,5.598295631486325e-57,6.303374393332272e-36,7.053465790521706e-8,2.763845792513254e-84,9.281786716189334e-24,1.0779823193405088e-7,0.09672067880693351,8.100239651682355e-46,2.489790654548148e-6,1.8155568009973256e-7,1.4078861312529744e-16,0.005196886307233397
1.513770262687266e-18,1.3853078383202648e-32,5.979326420343124e-15,3.1884217783698903e-18,5.067902486625267e-23,4.550839822143933e-32,0.03188183898361531,1.4011898903013068e-23,4.3218779220878434e-16,2.934434100456632e-27,7.745187549371794e-20,5.304177803756969e-5,2.367957870268009e-34,2.85992686310856e-21,0.8764657248613756,1.987587212306229e-22,2.5573915857841847e-30,7.411901515899739e-34,1.5053116197389211e-5,5.899707694979708e-13,2.5088849861635135e-31,9.024980138216595e-6,1.7943199500932744e-43,1.0158422521071975e-9,5.185167826259968e-16,6.709661907717501e-28,7.90841083125481e-41,1.9057938719513054e-6,2.2437000033604618e-38,3.360782136235414e-13,9.598253736245192e-19,5.6026462772995815e-27,6.185220096055067e-29,1.0372774918199321e-9,1.3447452084595868e-21,0.09157340343303393,2.192406448137902e-28,6.599315093399985e-13,1.5920308893662428e-58,6.626031378994522e-15,1.810026782743184e-22,2.4792829122330364e-16,2.3316295120162004e-29,1.965828342340022e-22,1.1232526249540764e-25,3.4765316450801243e-32,4.99901047275769e-9,2.7513320566037923e-20,1.8197222648610668e-29,1.8645968110278074e-18
0.16927724585263182,3.6077949810996855e-7,4.0674520377091555e-6,1.5374861533920053e-10,0.23459481141231767,1.1277758798412411e-8,5.34581199717435e-6,3.509863661725636e-8,0.0844359598342574,0.0003966531268822927,4.942994114864499e-7,3.0176661598543955e-24,0.0018889688929374941,3.0995989558963884e-23,4.759870106058926e-16,0.03298717794395369,0.00122005219957088,6.033468029708328e-28,0.020581739849683034,2.256289001916197e-9,1.4851329989958286e-16,0.02125438124165069,1.0629439119570266e-8,0.026006488930134172,4.124501572298962e-5,1.0084703911308516e-8,2.806840664601993e-7,0.00018349286567804558,4.631430126096708e-13,9.060214307955769e-34,0.0005105765791827776,1.3359656254830585e-9,8.317165365811365e-12,1.999826353097354e-9,0.00946257178567067,2.047340522071551e-24,3.6669846871952403e-9,2.9891002022906865e-13,0.13899489130526813,0.0021211334365990797,1.2248312227443069e-8,2.560237262658911e-33,2.3699726202465073e-5,0.003833654317518963,0.05210280606865481,7.566585465218712e-12,3.413848795141525e-5,0.00011016199463179337,0.001048576993506713,0.1988789343440707
0.00170232229360362,1.873097240619317e-8,1.3935844914589411e-6,1.122553686426884e-5,0.598614894742347,2.2210375434664587e-15,5.099327267045024e-6,3.152671821513584e-13,0.0028036628120813494,2.586697183207118e-10,1.5810356543367273e-8,2.348215394934692e-33,1.7565441337009114e-14,8.685348607957359e-25,6.891392497093935e-13,3.157055233703108e-17,0.029436544643895397,6.566892765868482e-40,5.843839228888579e-14,4.562582117263784e-8,4.210979677177487e-28,1.8319349845967528e-20,3.489711751511294e-14,3.998297216231966e-26,2.7889793273250527e-9,4.401781772802917e-8,4.601784524141321e-6,8.098615099077761e-7,1.036189628339665e-24,5.25670834224363e-35,1.1113412011518657e-9,0.07512921767289053,1.6393185754257696e-16,4.905547459234341e-30,1.7999252519973217e-11,3.154135027610638e-20,0.00011768118236224676,6.680875660681633e-15,1.0382078313331433e-15,4.6026583279188077e-8,5.45360023013541e-7,9.195964048596295e-30,5.7130363955609405e-12,0.0015611522163959432,1.7660478089977689e-12,2.752452028320179e-19,5.8319240094219125e-5,0.014902440289066182,2.5511342436223374e-7,0.275649659942014
9.445426575378555e-10,1.1470676352505568e-5,1.5820822490195754e-96,3.467509528262399e-49,9.282318208087111e-7,0.8893780602079678,1.9100133006530012e-56,7.852739415303086e-54,2.457258969175482e-6,1.7950508825883252e-44,5.266216208868073e-37,8.736720130586934e-65,2.2054961924275482e-8,7.582185168225646e-78,0.013882532856625883,4.2744246121628315e-12,2.663694702254195e-15,2.0770224839686544e-9,7.798920586970914e-39,7.57428672361842e-57,5.675059738023005e-23,8.763975952698657e-80,3.0656819435020436e-14,0.003410589596499352,0.01271761864799479,1.5559010702018287e-22,2.9150203327886363e-7,2.934264010566813e-47,0.00028419421170911946,2.261921419065611e-19,1.1553827310492355e-16,1.051497040186887e-28,0.003600260976655155,4.046964529149361e-42,1.463102886166459e-48,4.041635238494497e-19,8.241422578873793e-23,3.5496450973992947e-19,7.935769200533356e-50,1.5291744410644472e-13,5.133695841841313e-35,0.0015078646555165638,1.3650957592332504e-5,0.029656896366892248,3.047450965100267e-28,0.04545099211102066,3.067771768156137e-28,1.8050773879209991e-87,1.792628646340401e-15,8.21666613603226e-5
1.0189379468183628e-7,0.002804242426935885,4.467122732680608e-9,4.463285965949502e-8,0.0006742318291152742,0.03998679349837366,9.373932487593917e-22,6.998311638465059e-42,5.498692235172794e-5,2.160255376688214e-12,9.045387407621075e-9,1.9428171915561762e-12,0.015308088027818058,1.1516443814650144e-19,6.697090753767742e-17,0.01568144364899319,0.01200519798852959,8.977027791586426e-6,1.5125069771286159e-27,1.6336702068542167e-13,3.523677163025904e-12,0.0006710125737084576,2.554530846260417e-9,4.3268286325672674e-35,0.2721467960358236,6.661477247898811e-9,4.203646501898139e-6,5.419956937199032e-7,0.15269986259148113,1.0101093407865675e-10,0.019546403367327405,0.007783378952525761,2.331397680928501e-16,3.2625239164660396e-19,7.925842126517128e-6,9.272779667783285e-13,0.07216442577673399,0.029777830440328005,5.3966321813651786e-21,0.000245348098527068,4.5356238004809637e-13,0.08373979059449674,0.06314844307732748,0.005485076109435637,3.0388819304501883e-11,0.13141386615763573,1.8315504554339075e-5,5.064567216481065e-10,0.01784082512652213,0.056781822837140915
0.01978443313314536,1.8844264044821497e-5,4.727970364834994e-10,4.981840612468396e-13,0.010362879811361927,1.2569485609789112e-7,0.013102833392958917,3.051063245133002e-26,0.013651825099206304,2.5993657043404044e-21,3.1034410847013106e-7,7.932695781210122e-28,0.0014844892852552156,0.016856726866562467,1.104423893359155e-21,7.127118112688288e-14,0.00013646447551312861,5.532414159956189e-31,2.0552274592449203e-33,0.0004958390664040141,1.5770502562899673e-14,1.9392718064012546e-30,0.1269639002700789,5.816049756964622e-42,8.263617097574188e-7,1.0138676932402153e-12,0.5338225054962291,3.3293373644456335e-11,1.468104270127419e-17,5.3250625595284054e-18,4.154387888623506e-6,1.2255546503355393e-7,2.721402568141086e-25,0.03015107583202625,2.2950312142751436e-8,9.439437382337277e-33,1.2844822280063533e-13,5.8547313016529125e-8,7.775569965751298e-17,0.0010661119869338049,0.05146027743227186,7.218414460250511e-44,1.584011443253122e-7,0.0015122441342751021,4.864328945633978e-10,7.309908345949737e-14,0.00560530363391751,0.01369590427166865,0.00806573105404992,0.15175683025697517
2.3947235001175313e-44,2.5603538054277574e-100,3.331149225457525e-10,7.818493807478406e-21,2.0988264163508732e-57,2.4700897280622175e-117,0.015551040692545731,3.7555328028751974e-29,1.2010167420994644e-25,3.10464535636277e-13,2.7997288893650844e-17,0.24674229863635233,5.1124986825637166e-86,0.0005053415650845196,0.024723990050861747,0.021402347061699415,0.005608015054751042,6.49258080989738e-115,1.171519171547845e-6,7.298953022670238e-13,4.508696344769603e-110,0.11308316073592992,1.2982587347553603e-138,0.0686563892867961,5.726280818238004e-10,1.1308644976775678e-24,8.467426731850623e-122,1.4369156271477995e-36,6.870802009155257e-110,1.8753943528159758e-78,1.2024066517232042e-60,2.0547291094724405e-50,4.459369025839575e-31,6.107964711390611e-22,2.740946183280618e-17,1.1961363961589285e-6,9.464752515940801e-33,8.779421546785142e-14,7.355401220083579e-37,0.0054924847977408,0.03230947559616359,6.142510038832926e-95,9.012163315006717e-92,2.574601021110455e-46,0.46592308680661965,4.5493649299081935e-102,2.847020121815392e-59,1.1530163202045516e-9,4.0238154730380556e-65,4.457081897748906e-41
1.9251050137795815e-6,0.00012208265159306333,4.346011864369185e-6,1.3363572938300162e-14,3.4904910383563975e-5,0.30812770128334416,9.538617982776627e-23,2.1085601985175136e-39,0.0004999032780888198,1.9263216459295227e-28,1.021068849201583e-21,1.2737964490715132e-37,0.00011509607493472922,1.4076073913695664e-35,8.605182488611257e-13,3.1691485657337334e-15,0.047558844566621024,2.0741821902770584e-5,3.7563903745735213e-25,3.2461985067777235e-14,9.437050068267969e-12,1.9199860515133588e-29,0.0008427806553518332,1.650419745471924e-26,0.6264122792667259,1.0909504321240511e-7,0.0002679158702958483,1.4061768112917115e-19,8.532453090051145e-6,5.16579393091975e-13,2.1242211109682752e-5,2.9883508798415275e-13,5.0620926416252877e-23,5.512041659590502e-12,3.234641915136666e-18,1.8864342709337716e-23,5.3820328947150194e-11,2.1535013571180902e-10,8.673285054205924e-27,1.8760186884191036e-8,3.507543749379607e-13,1.192172382374536e-7,0.0010082664699694699,0.00022690240527194463,0.014237037055436746,0.00017660133210762178,5.264253054452415e-7,8.069067894711029e-20,5.6358125073248846e-8,0.0003120664348005914
8.17566434187872e-11,0.022212154318019206,0.00025452534094622223,4.874783097170563e-11,1.4315973404681825e-6,0.00013366876801115124,2.23479734306485e-7,0.0017674222172001047,0.00036520825438854306,5.570590029885167e-12,1.193164848780265e-13,3.507735224553509e-15,0.1696709590614618,8.069753557933878e-23,3.1118770867315017e-22,3.7881433982837725e-17,5.501289490009893e-13,1.0246993636133959e-15,3.5960460379733865e-20,0.117551447562432,3.648053845811582e-18,2.5982903561633346e-21,3.836910981810331e-11,1.4531741494157535e-43,7.660066695536204e-7,5.079955024902208e-9,2.843547378171282e-6,1.445855955880642e-18,2.4958404730009487e-5,1.976606585503987e-21,0.33763671053447125,6.197331976429044e-8,5.008160843918684e-23,3.4708339618756575e-7,8.571482307267427e-12,2.8631034378194142e-22,2.168180088465611e-15,1.2478325348411909e-25,5.179360297439728e-19,1.4278192223781885e-6,4.1705856954443736e-8,0.005504798573953119,0.001303312571871161,1.3903608930207176e-7,8.468664605606176e-6,2.3713143913982164e-10,0.32549445198006866,0.01541946340300193,0.0026089624756126355,3.620011944126933e-5
0.009702198807462552,4.593280374869384e-9,0.14450502046441824,4.955081613587816e-13,2.9496175695065867e-5,3.8524133046494e-11,3.612059959912096e-10,0.03287603281131697,2.2349971341949423e-6,5.933720708347847e-21,1.204919275659326e-13,2.8582934942239673e-7,1.5271424488638437e-5,4.664404581850944e-19,3.9285647423880475e-22,6.569209705351898e-6,3.146829772258854e-22,1.4522378447756463e-57,0.007881665319832315,4.221411098895062e-6,6.905923172951125e-30,6.887643467679908e-45,0.0206597284629601,4.4106018226638495e-24,3.043630790897379e-13,3.759922056252939e-5,0.00020187627564837154,1.1312881260466204e-17,3.936450972087913e-26,7.788753514252417e-22,6.607029450063291e-5,3.220624696349111e-26,1.1567734296216443e-18,2.0283990660018732e-20,1.2405438666828505e-9,6.494299057343728e-22,0.011922635856194528,3.727708425937958e-17,7.304009874254407e-49,6.47147092510193e-16,3.2016759932891722e-9,4.5681970552879294e-66,2.5608056079771315e-10,0.00019035466950210133,6.652227920440742e-31,2.2735072563612477e-17,0.14225785320763615,0.6140044276627453,0.002755826223661871,0.012880621983854814
2.7539150922173086e-5,0.0005923071131415169,1.0400253191155626e-9,0.021626237678960096,0.005007921276704592,0.0030582756345084753,7.632577097788621e-13,8.515281122084072e-37,6.608266657730179e-5,2.371190224880955e-15,2.565906991625495e-8,2.331172901133441e-29,0.001868048877351798,4.7675173599335867e-35,2.919045827044482e-19,5.663292477870343e-17,5.2899074733425934e-15,8.132695626518973e-8,1.2669559767392825e-38,2.5667641180595653e-28,1.7390899100361472e-6,0.005665867855387044,0.004814110188071222,7.207314850075181e-18,0.0034836869328678634,4.6777480712489926e-8,2.085540110224227e-6,8.448551603168402e-12,1.4725497928215038e-13,0.009129258214451793,0.0006771165666223738,2.528573364857818e-15,1.3298487949799103e-30,7.873427577741747e-5,7.403574709062435e-22,0.0010975499101947292,3.518728103734921e-10,1.1220215830659065e-7,3.228082516183656e-26,5.432641865893402e-11,2.7817603621552642e-15,0.007610112532558883,0.8834738555158879,0.005780286847605493,1.7591859640726875e-10,0.002374394880594106,8.190393109302253e-5,4.701733582592753e-14,0.04348023775547413,2.379968000487883e-6
0.00029313103906086806,0.010816509528288358,1.3540688060393318e-10,1.623970163417163e-8,0.002975288446439517,0.00021005636255815615,1.4551363854042547e-10,6.607679462867029e-12,0.14528928091642698,1.2263631779849589e-8,1.396110572264322e-11,2.4270757030139937e-27,0.001401533526053731,2.500793468811191e-27,7.721399815985099e-19,3.8506305759462e-9,6.484684246406975e-13,1.1998632300821638e-21,2.0221059310229052e-24,3.999586878932183e-5,4.705015700742991e-11,3.559731533660554e-19,1.5296278011236595e-6,2.3960180556383575e-22,3.8876288654148835e-7,0.0006053775228546753,0.000962284275106211,8.641933611404488e-10,4.316196512825444e-5,1.6437302852882407e-29,1.9318267112702522e-5,6.242258829689325e-5,4.6325054155229485e-10,3.4265063679092234e-8,1.4660690967047361e-10,3.9635207470000855e-23,2.338949309925939e-12,3.656594100636179e-14,2.1597665637788417e-13,3.417382572247097e-7,9.576672335262726e-7,2.8798409466356535e-11,7.7874863333897e-5,1.8379138545379872e-5,3.357181651812556e-7,2.7543296746380003e-10,7.413393234386618e-5,2.382750669373769e-6,0.7723681529671783,0.06473709377838091
50,34
0.01229796241866007,0.0012749685685441844,0.9769841389208745,1.262620855455034e-5,2.1756270393076744e-26,7.193864843874648e-64,2.3303040767681097e-32,2.3382495236395337e-49,1.0594511254525783e-87,4.587857971715584e-56,3.3184658840955347e-88,1.5136526555318507e-42,2.433492005069729e-97,0.009430303883366601,4.2488442482396265e-61,2.5224978504208764e-94,2.0377249697771328e-127,1.7136493105950136e-43,2.69869099648339e-53,7.139201277612798e-74,4.744373013826681e-95,2.2735562548310408e-145,7.112074759631224e-172,1.0734840053233245e-48,1.2162610705644569e-99,6.38059061059289e-78,5.032745154441212e-187,2.584706779905389e-230,5.262595342004252e-258,1.084216580256419e-308,3.688758122176282e-291,9.757724432027969e-274,0.0,0.0
1.6789053093314397e-12,0.9795329364697691,0.020467063528551366,4.2273395334787385e-19,3.9208263558463466e-30,5.360914560790895e-16,1.7667264958429363e-33,1.3817179624067673e-53,2.5172906077022516e-46,7.974141688488749e-84,9.549940616357607e-49,9.280060881986111e-33,8.396565952386141e-131,1.0027737475923846e-95,1.0292410486472605e-114,1.647463463581195e-128,7.74344247437007e-71,1.5506379539785644e-74,1.8236414316565017e-42,1.2534967508777052e-85,9.994646788041671e-110,3.653861434015509e-170,2.7231565791536967e-113,1.0911755892935201e-194,1.0209346453584792e-82,3.1341773203976424e-49,4.439726223451969e-233,2.1750603392748273e-159,0.0,0.0,6.703965496458343e-291,0.0,0.0,0.0
4.233264316150384e-76,1.3162976919062761e-9,0.00019418538073456333,0.9800539293567593,2.542778705385928e-8,2.5375252451770182e-5,1.135559305475278e-31,1.3858227319428576e-64,1.3760468286990519e-31,7.170114866256876e-30,5.217580518255687e-31,2.3710587426280823e-12,9.84115721626524e-56,7.264188233418326e-43,0.010081291865628412,3.443041338364202e-45,6.63286128740808e-97,0.004043173707797026,0.005602017690173127,1.0831733794640606e-61,6.3471047319513935e-46,4.673077761117193e-136,2.719111448471234e-30,6.113188979722711e-114,4.321439411736788e-52,1.9788546471089167e-59,5.28904800942668e-225,1.140679271332088e-102,5.4148807702895e-275,0.0,2.829245060653589e-256,0.0,0.0,0.0
2.821436079287923e-41,0.08202853467890782,0.003556314515579663,0.6966729835727237,3.725057147103136e-12,0.1426804627827412,8.913584376125927e-27,1.7127232928403176e-6,1.8430480061496607e-28,1.712066781146827e-39,2.703036584294339e-40,0.05340375734562811,1.924494954493015e-22,0.010951139445520466,2.2781092488194014e-25,1.8123154491106644e-51,1.4937627910905948e-45,0.010705094924730629,4.191482979125093e-34,2.0549356388719648e-43,8.441707297160311e-35,7.150434540161467e-12,7.554391533423149e-98,1.0324798079663495e-100,1.0046409405314955e-19,2.815874301336604e-37,7.00464802226642e-104,4.066705368754611e-61,1.9404688009920238e-101,2.012e-320,2.7718298624685388e-213,0.0,0.0,0.0
5.124077617913717e-19,0.0025035157166974514,0.9974964683978305,1.588547218473826e-8,2.0629470531089814e-30,1.856094020027191e-23,3.019881581729392e-45,3.5650528301702196e-75,1.0687039913782746e-49,1.4692431530771662e-102,1.0750171786145947e-54,5.0632205879982894e-45,3.783965426150139e-104,7.113792831990735e-67,4.324390587920912e-101,2.775654865354886e-80,8.021344600786328e-37,4.326674822026234e-59,4.155041021025297e-37,1.950329481214698e-104,3.6024647243720777e-110,3.771652292731484e-145,8.165121806995084e-144,3.737916791222214e-235,2.7021527103889443e-100,4.037333999889263e-71,2.3843002877332557e-244,3.7282915777130325e-197,8.396667365966923e-243,0.0,0.0,0.0,0.0,0.0
0.00024900543449247846,0.9997504483334316,5.462320754999782e-7,2.6964512379262987e-34,2.7159169458934614e-36,3.407163720558961e-16,4.2747141452132703e-54,1.9204616645064186e-29,3.997643207227183e-69,1.169644949418622e-165,1.8226050255477347e-67,8.2320299929548045e-134,1.0871494725290585e-181,6.788676443281745e-154,5.477520851694484e-138,4.471905637167822e-165,5.156147625366164e-47,2.38250597835109e-132,1.2796265562958505e-71,6.217194697607953e-96,2.0556507519136053e-144,1.0032771596832621e-215,6.28784177996654e-195,1.1453621739950386e-182,4.056022923506081e-77,1.3181749869817706e-117,0.0,1.2292453782030183e-210,0.0,0.0,0.0,0.0,0.0,0.0
7.792776286889449e-93,4.525808307783201e-33,1.4482473632528686e-12,2.499104015610319e-16,3.9756935292750603e-10,0.0731758650669142,0.04474638292898159,0.09205235605096265,0.020767223451979653,0.2693800035223213,4.799593378290204e-18,2.5316023879671113e-16,0.46320496739146577,4.683045060910902e-29,8.247457758804466e-26,2.93344029703057e-17,4.1546312037036024e-20,6.430414940636292e-34,1.3827248554908466e-34,2.9909780635650054e-31,0.03667320118835684,9.895900748835973e-44,5.786077489936587e-26,1.6251020130254198e-29,1.9521279439206304e-27,8.334186395393284e-19,3.824739966657303e-36,8.003445863513387e-27,1.0944881111708027e-84,3.7010871389020396e-135,4.142498239906608e-123,1.983857112090913e-173,8.42782968938522e-299,0.0
1.6181752242465672e-161,2.2059025493240433e-50,1.260550030718906e-22,4.178422306898438e-9,0.395767050162947,0.3576451440341624,0.15490986938872375,0.03064403241581921,0.033474028319041824,1.7225110606458057e-25,1.25729363933718e-58,5.386718773386823e-9,3.244038174649823e-62,3.101764724479114e-79,6.757122995561542e-29,6.6415211595295085e-53,6.596495404193908e-60,2.0649383645156678e-44,4.256971372435819e-70,0.012438350716350395,0.015121513940206409,8.897792459156177e-36,6.680138485186121e-72,2.135617329723693e-40,1.4576078570139794e-9,1.6608862829983007e-89,4.438130067439386e-126,3.30089920613095e-120,5.847006987147772e-218,2.8175991887023224e-222,3.3723589211557014e-272,0.0,7.446415190047123e-189,0.0
5.933876653826835e-35,0.007416826508382145,0.9824207151924005,4.933163782282118e-10,6.178500278226053e-42,3.319662975034647e-22,9.572663303618464e-24,3.629894644746126e-48,3.4799802137140095e-90,4.9880169636567854e-76,9.831674786852276e-68,0.010162457805901064,2.0744741377655113e-68,1.8423715692402091e-103,4.645353023236147e-103,1.748636273076687e-105,1.7341720875352686e-71,2.729990574397649e-70,5.069848529504139e-55,3.103978300907574e-115,1.6849820366497315e-95,6.012314229836233e-109,2.2958789000951993e-125,6.820352445966711e-221,2.1883585749619986e-124,8.572138309267731e-39,3.995958426538152e-238,6.722817101518239e-199,1.319688634844562e-244,0.0,0.0,0.0,0.0,0.0
6.981052625604393e-88,0.08361913347047263,0.11838938777482204,0.4893162329594103,4.699933543663419e-13,0.10692124760726017,4.8919247509755524e-8,0.026721139897281778,0.046358566054936885,1.2013209804622295e-26,2.190874036970139e-34,2.9415131781161546e-21,1.512473274794851e-34,8.61046631132111e-56,0.015269008807380469,2.0438283133070452e-42,4.0979586103989264e-42,1.8196110799192554e-70,0.11338156259590934,4.19093068509559e-46,2.668249955266446e-25,1.3505689442404814e-59,8.372565272606994e-71,2.464690360233585e-67,1.1411517896121243e-62,2.3671912809015644e-5,1.0608689642379573e-102,7.004814068665817e-96,1.2717428180015176e-185,8.337155367657901e-167,2.326192245811204e-141,0.0,2.2417976251682706e-246,0.0
1.0549988780147701e-66,0.03688374188180552,0.653306409930218,0.19953862368986072,1.7374082676932633e-16,0.02544521710994055,3.2110325940206153e-22,0.021350181738264775,8.340792221834193e-8,3.410118192752687e-55,3.101057943173949e-24,0.06347574224198702,1.0605824069491066e-20,1.8588074801646525e-33,2.7184285818817817e-33,4.8054868235564366e-80,5.131577112834943e-48,1.0122058975847517e-15,1.856147995104673e-72,8.775765490476955e-25,1.796034373394168e-62,1.0451449694176186e-23,1.9149911361066645e-86,9.64236021685951e-31,4.0925223368723475e-30,1.5731553458367784e-29,1.1196669105200382e-145,1.8481719444016118e-63,9.595710988041959e-203,2.3797472547589927e-272,2.3632358238182724e-212,0.0,0.0,0.0
1.1166048327846213e-78,5.453636257715935e-43,3.6462129692959525e-29,9.044166672678521e-21,0.014604167557173163,0.10548600173968048,0.0010782403246825246,1.6682064135854788e-17,0.09429770534956594,0.1581382583633466,0.14596173688209493,0.02587943459585839,0.0583548843394406,2.4397891435655495e-19,0.017739282630817088,0.007652806440480525,0.07884231500286372,0.09426970806553799,0.04740159835397792,0.055882794559901555,0.04562221169037043,0.02034580571430262,2.8324134554872624e-15,3.4170168958235296e-9,0.0001473939081882512,2.3019754587156742e-36,0.028295650598958593,4.657388300288486e-10,5.732228658593726e-136,7.544901969581896e-92,5.255055410446375e-163,2.270455302219748e-144,0.0,0.0
4.182536288288372e-25,0.9842904155505046,0.01565938205525951,7.34723231262137e-9,4.89022098090474e-35,5.0195022033054644e-5,8.386846114666403e-48,2.3915703994651593e-64,1.44016101976951e-32,6.293005929552681e-82,2.4970589872724395e-11,6.654807433574328e-32,2.9224357544312563e-92,3.3854998976499557e-66,2.123875820039888e-90,1.7256446884048387e-63,1.0803838709542516e-55,2.2072466677118357e-24,7.374154091618973e-29,5.856664971960306e-68,3.091192442268512e-80,1.1102049166039437e-78,2.620707298293637e-159,3.533887016203996e-153,6.373562594205094e-51,3.2556975878007385e-28,3.0787145693858846e-171,7.543791852032723e-187,0.0,0.0,0.0,0.0,0.0,0.0
4.924134173415505e-115,2.0749422138896734e-16,0.13685672257928463,0.21734603262297297,0.00011232972790636019,2.38563707193417e-34,1.5312831493675393e-16,3.162056123770957e-52,1.5417669051704325e-38,4.03497365057139e-55,0.12039348010744678,4.313789638729345e-51,0.14015068634268593,0.13401462131567193,0.196578276362121,2.9432331561741837e-67,1.0555354290300701e-32,1.337347293191309e-17,1.528768273859179e-63,0.04279399902009752,1.3231230886843792e-38,2.186404319322901e-84,9.63694436642991e-135,2.4441512979040555e-37,0.01175385192181256,1.3807351606151529e-53,8.559940299491557e-83,1.0005266603573758e-152,8.424879814198647e-256,0.0,5.725934670931314e-209,0.0,0.0,0.0
5.995789179417123e-116,2.1780085019343074e-23,1.2972705919101045e-35,1.189134068800474e-28,3.5831989653615966e-41,3.54104298429794e-32,0.010945638638919451,9.029873315285536e-47,1.977135942729291e-20,2.364571675230958e-17,0.06353754717352345,0.043871198056330225,0.0006807267688981612,0.01053553432616826,0.0810847599039288,0.004966468764581864,0.10909940630439084,7.042714540662109e-14,3.031151562381715e-30,6.621423492053509e-42,0.03215475552047156,0.2946643351317907,5.1503112417194716e-14,0.0822112144763586,1.9550914464384615e-25,0.09374403064235495,3.2184630511778368e-18,0.09506545258198909,1.3639967854699151e-24,0.07743893171017216,2.0193192919729054e-51,6.703302456648803e-90,1.450894027088306e-63,0.0
4.969296314262618e-47,8.498452055201249e-20,3.998808243219523e-22,0.0007506908928451811,9.742920487012735e-40,0.10640535745504118,0.15337028236090616,3.904063969525117e-29,6.961417055108318e-26,7.795115771833569e-51,1.1743622216518157e-22,3.3347504410649907e-28,1.0003502480003163e-27,0.18502995449356233,5.290187477012615e-24,0.10190076902618844,0.018090160057824375,2.995895260545389e-39,0.019268925832008663,0.1761641560954488,0.09280244205831846,0.11623599627746665,5.6873859170789156e-33,3.7028866940090473e-32,2.623971046946288e-16,1.0463610856119594e-35,2.5110896534160944e-58,0.02998126545038954,2.0086541448171676e-92,2.2195340583817933e-166,6.770919072747021e-117,1.335906765981705e-234,7.971991086016055e-271,0.0
2.1536931487347508e-29,4.925585210158792e-15,0.03543416764815941,0.20616553408385752,0.11046344299526008,0.11725688081758176,0.05989761756263057,0.1644190110654581,0.01600948949694797,0.048493295563135315,1.0228876987868626e-34,1.5481608636050706e-6,3.0856300569501773e-26,1.4709791473407243e-37,0.024834781213982134,1.7456781714193966e-70,1.1463379077920492e-5,0.21701276801231592,6.49699797909775e-46,5.388311703289778e-29,8.156211261143784e-24,1.1851075449215196e-70,2.2938991196238244e-19,9.808174723993315e-40,1.0222131261003444e-35,7.247691028470118e-13,1.613253036866234e-94,1.6980240529709628e-18,1.3499214208754542e-93,6.46502287490499e-82,4.0189602316110486e-45,2.6395042830144522e-197,0.0,0.0
0.99532479070477,0.004675209188884084,9.321491371131386e-37,1.3576202496358149e-78,1.0678485901931314e-58,3.1236750920676075e-70,4.882882327719174e-39,1.045127212152307e-118,1.0634600721709989e-10,1.5067821835448357e-164,4.910250962058257e-80,2.571668361983415e-203,3.409925607230064e-223,4.72250466073026e-167,2.1790230290218064e-122,1.0650439517448192e-192,5.987523714125172e-27,3.1954881502135445e-149,6.326355093004428e-65,2.2318046879875958e-182,1.2244294124762441e-197,5.323333197434278e-208,2.5557274074822063e-203,5.847875999108208e-192,9.222402656850473e-134,5.239885721808175e-161,0.0,1.3037053752130364e-305,0.0,0.0,0.0,0.0,0.0,0.0
1.879849814040148e-96,1.1867117709916131e-20,3.5856777948276796e-10,1.1414694898826444e-11,0.5084917095994548,0.02942259064551694,0.38538434101146163,2.503932474232577e-10,5.186955721975368e-16,3.109052288739175e-29,7.091370251077318e-28,5.169293644902334e-34,6.700682399487241e-25,1.7946523697026997e-30,0.0006379366581560347,0.0760634214650343,7.591212915445848e-28,3.864758716728252e-57,3.0999176965607706e-26,1.4188469117107294e-24,9.700740014425919e-22,6.434216264845583e-70,1.1617910329565718e-47,9.477498326742613e-56,1.5968499646382285e-21,1.8280534466498823e-27,1.3451315629147895e-79,3.3256926034424816e-49,1.578385951591298e-116,8.090653272193016e-107,1.8346317894939262e-141,9.723125764313735e-140,0.0,0.0
1.8024748713206324e-124,0.03585453068713804,0.004015922310629893,0.911733800112881,5.8374503507416046e-5,3.8875545756407924e-5,1.0317897800533713e-6,7.65388885039224e-5,0.008329559754504123,4.7502529863828285e-111,8.706828667271731e-39,1.884131382997699e-42,5.329211792383404e-79,2.625166967292915e-114,7.305895233024896e-67,2.0462342560046564e-64,2.361024237612735e-84,3.92641064179922e-9,0.013182964520927086,0.026708397959961282,3.2789642839708795e-39,1.5752945586234563e-66,2.6061628319434028e-51,4.5318038553587095e-151,9.67297747670874e-40,2.291002775780674e-16,1.146470966726353e-137,1.0930388754597324e-145,1.7330347331024722e-241,0.0,0.0,2.6483819014703537e-294,0.0,0.0
0.9895713158004943,0.002853399525413754,1.1568917488929067e-21,1.6131442429885038e-56,3.037355428392653e-35,9.250101524238239e-70,1.2571792532938688e-23,7.621116004715083e-109,6.979922758915446e-10,5.6313783796434924e-95,3.2960385079763844e-82,8.258944694695271e-159,2.0874401310241897e-177,1.6973750274758083e-141,8.913319207103577e-97,2.88260475506633e-153,0.007575283976099682,3.246682689249543e-118,1.3337048482875456e-55,1.1204033139407925e-115,2.4290832479876568e-120,4.306110932534825e-232,1.2487825883429008e-148,2.725675170298321e-111,1.245713251957707e-105,7.614684551966909e-143,1.9648212115858936e-280,1.8787084164566667e-132,2.44119814019e-312,0.0,0.0,0.0,0.0,0.0
2.009817508609397e-98,3.955327772353335e-45,3.715991243437846e-21,1.7550142294679713e-23,6.865761218882548e-27,2.1282840799942664e-11,4.649966358515923e-12,3.2988082667989313e-14,5.21172875957831e-32,1.6346072919738946e-23,3.229580072581224e-24,0.33896862997237365,3.7217116505124815e-8,0.013735198313959864,1.0481255007412314e-9,0.1592585565932087,4.952150429422055e-13,0.0047846377703084815,0.02923441449541992,0.011854605651636449,0.019171569150547567,1.8466172973358373e-6,0.20642799960804234,0.013382411902874774,0.19411535248544817,7.293669742046396e-10,4.2254855350375335e-20,1.2373928895595807e-14,3.2523724638514274e-47,1.4230240429982675e-105,3.44846548645328e-44,5.0815048949331037e-76,0.009064738417800498,0.0
0.28157532448005496,0.7184246755192536,6.484701283433957e-18,5.691568064364121e-14,5.408472521473112e-95,5.1459942674818296e-79,1.0533246979972322e-79,2.0987855586823156e-176,3.3775000292836686e-44,6.346876141361203e-13,2.6942332592864588e-133,2.734821581418581e-154,8.338332196431925e-295,2.4264984879461967e-135,2.2420119172861532e-129,8.89330946939809e-167,7.717742171441191e-43,6.663882203511332e-51,2.3610430423888816e-38,3.1106500031205184e-222,4.929155498407782e-223,9.9690534386097e-311,0.0,7.868047182359195e-60,1.1295925e-316,7.9728451599775e-310,1.0369366553219506e-242,0.0,0.0,0.0,0.0,0.0,0.0,0.0
1.167602933740985e-91,2.5706150199348702e-33,3.2968106561797395e-19,1.199137243553377e-25,1.2130782421662766e-12,0.016126657530302523,0.12942410747892522,0.4318777528378675,0.19323213461447836,5.751233352532363e-13,6.124780061868518e-22,1.8379148827945152e-8,4.688865290073003e-11,0.17107958239296478,0.0582560927766877,2.196692411754211e-31,2.0564123674286582e-14,1.3281244095540107e-19,1.3810913615080819e-41,2.9109659041219504e-19,2.315633129250454e-39,2.7963636151684488e-14,4.606361932115176e-43,3.7709486460588883e-19,3.5553789260697064e-6,9.856197344095113e-8,1.676829133406568e-39,5.399992709629213e-54,2.0423281333452489e-172,8.673123163679169e-55,1.71643192110641e-139,1.5754371763329611e-158,0.0,0.0
9.904440499155043e-15,0.00023032131500713403,0.9979931811900361,5.659338767129507e-12,2.1050677866134943e-10,2.6708211805386404e-29,4.362419824633722e-83,4.210142079735427e-20,9.390031882110846e-74,3.3026402386602714e-64,1.1426673534888521e-87,1.1427054531057606e-65,4.772474427346571e-74,6.399408060304517e-61,7.257816399904013e-103,4.856944427087647e-135,5.775482042470539e-42,5.1015252462015755e-78,3.0515895384711464e-59,0.0017764972779302128,3.591049216491189e-90,7.716685744839265e-106,1.6673985405111505e-113,8.445990287438905e-152,8.503909151221265e-13,2.4501371188266343e-88,1.4101915265005454e-169,8.48074159872654e-168,2.7614439511566087e-268,0.0,1.3916871e-316,0.0,0.0,0.0
3.3999325652846456e-40,2.225045617348825e-8,0.9716624583251049,3.985413146347746e-10,2.2471434583272535e-10,0.028337518759020332,1.024654994167946e-18,7.30157490424739e-17,1.0849482146013919e-31,3.611336397629548e-23,6.544128158647883e-31,4.216283171981027e-11,2.2814120762317388e-37,6.579871815821393e-48,2.6104883695752105e-47,1.584495829279795e-37,5.3481446912174245e-21,2.1968358544633146e-23,8.308302087673509e-38,2.88777987593321e-38,2.7340449462728653e-18,1.7609639045553007e-54,5.960639874746004e-22,2.6379234123153184e-79,2.0085729893835348e-45,6.194271182784481e-32,1.478534788924655e-113,1.976772523208958e-26,3.2504067983515604e-127,4.144681391507749e-178,1.4122990722190162e-97,6.864288092816122e-152,0.0,0.0
5.78547551743236e-12,0.9999993437363033,6.562579111303347e-7,5.469155364546842e-25,4.415254035872285e-28,1.5036891231829864e-70,2.2529248983500215e-22,5.703006164286892e-83,5.187921884886343e-45,6.171226052832753e-102,1.288410420150007e-60,7.074398552165376e-100,2.6770353290043654e-139,1.283399789297979e-125,2.9620211177617913e-107,5.093727008495078e-200,1.3796995433936508e-57,7.189763496818958e-56,1.7687595281602992e-68,1.7839069913310642e-76,5.757163931282017e-105,5.532764391544282e-160,9.136910536453798e-129,2.059739083239689e-169,2.0539201804481553e-29,3.5858513638341605e-43,2.2940542751569964e-242,1.7388293993358193e-121,0.0,0.0,4.944506426170251e-276,0.0,0.0,0.0
5.362867405700272e-70,0.1627200227537765,0.6288792293411587,7.12040884737802e-15,0.06478201015612405,1.231870638078838e-16,2.1825562983622428e-14,4.0622301292639113e-36,0.0746141789268094,2.576444415253509e-40,2.2154498431568425e-42,0.025979943161511358,0.025457346978399277,1.8602380547429137e-22,3.65015604921129e-46,8.593600404659383e-9,9.31331619035296e-13,1.0118025928151672e-42,1.1965026597499572e-20,2.380029292721587e-59,0.0175672600876598,2.9261341773453365e-26,2.9010677567483756e-38,4.1436677135461287e-78,1.0785943082901706e-57,1.4725236848641315e-28,8.14953998683558e-65,6.20587516970346e-67,9.633100973820943e-121,2.283135700858151e-127,5.1205391197429676e-54,0.0,0.0,0.0
4.9562619496220653e-20,0.9473898941731211,4.360325265026417e-8,6.28104783494762e-11,1.2612280650590589e-27,2.2256951009148728e-18,5.24551628235577e-26,2.0216054459737275e-8,1.9630739079536e-29,4.662989323714179e-43,4.073417844516513e-59,8.906886372948698e-41,5.571464626421331e-19,9.49356799798759e-51,4.3821612597103906e-70,6.367026493176811e-67,4.866288852301291e-33,2.3372054944576598e-39,3.032747818412379e-49,0.013994235889004857,2.1595493313022443e-70,5.9739079208265365e-102,3.687760681948777e-72,3.2801613840503053e-100,0.03062509412753574,6.959601843469855e-84,3.147777933859955e-108,0.007990711928220592,3.138891446397111e-145,5.263616238338147e-234,8.742641843903816e-102,1.2308650954077473e-150,0.0,0.0
0.13905280864633807,0.45591984735662505,5.2950101909486704e-12,2.4474834331724697e-31,3.9342935261408197e-22,0.04311496358399039,0.3453966363525307,6.723505335804738e-17,0.016515744054687302,1.1957925933320405e-65,6.05612017954768e-51,1.2847714352145561e-87,1.3930418601887038e-100,1.5054882092962752e-73,1.986583625869018e-62,3.198352559428911e-114,4.493913038322568e-37,4.194113580313335e-70,1.002026290838493e-90,7.488533720304828e-114,5.122388009117419e-61,2.061845301194031e-67,2.9980802110209292e-80,5.334136644976762e-13,9.134865845163858e-51,1.0464572335896811e-119,2.0013643322528304e-85,2.446145499256176e-146,4.000116673288074e-280,3.2457326317140354e-179,2.417311143780664e-235,0.0,0.0,0.0
8.567397848910333e-67,8.434643060755738e-5,0.9661754883894844,0.0004661841721209215,1.045931666519243e-17,0.019473910089575015,5.491243973003052e-9,0.003151673736052676,4.622804070655894e-30,1.433068862053343e-76,4.414703094935535e-33,3.87512480802524e-39,3.651900451652725e-82,2.2369038266595585e-78,2.3737627344943564e-88,3.1609530179945004e-73,2.5975723739498783e-87,0.003842097529308798,7.037264862500964e-34,9.220009090549687e-20,2.83804376885264e-32,1.3127048549703125e-67,3.889946791936563e-94,3.0750067269544775e-125,5.432840269558586e-29,0.006806294161606796,9.549454046695133e-151,1.7719896301366147e-152,2.3611970945459794e-249,0.0,0.0,0.0,0.0,0.0
6.681109822050674e-104,9.690669652731956e-9,2.2650647083395174e-8,0.15299765825099068,1.0628057930323497e-26,0.007490933966049871,0.02112996524172234,4.1338100408925346e-33,0.24107863645700123,2.5621049515167406e-29,0.12795127259629047,0.055651483063890964,0.09369681878737705,0.11412772738359603,0.06017748410334326,0.06842073254932912,1.0278254821032535e-36,2.9469053445184115e-38,7.737939732791199e-40,1.8360208289055841e-32,6.35476825495139e-12,2.5010716527949795e-44,0.031310227944202414,6.63496710172139e-8,3.004683595544622e-18,0.023864771448249972,1.4469305115044227e-11,6.600497310092509e-27,1.7010511116954344e-45,4.0940090163717435e-29,0.0021021894961448374,1.1885679130106055e-232,0.0,0.0
9.404691955577167e-59,1.4006848380948367e-18,1.2033852392017278e-20,0.2930256402512989,0.003509655095303223,0.43145235446509483,7.80985348701435e-18,2.777957753763013e-20,5.9378615247559544e-36,5.50252815490504e-37,1.0817704394403515e-34,4.086629497974833e-21,8.178825251303356e-33,8.780058193571436e-41,0.021332197717128562,0.09373416921023835,1.8101842843655452e-34,0.09451807061308731,4.838263157470482e-59,9.224485961818773e-72,1.3789281490440643e-36,1.118323404072755e-42,3.021830563168495e-17,0.06183542246440539,2.4043972339924894e-38,1.895203571822928e-43,0.0005924901834433996,6.403707427089233e-51,1.7108980548160832e-65,3.554466924415471e-39,9.019282947169885e-82,0.0,0.0,0.0
9.910916877832924e-89,2.5233480118035152e-33,7.036171870402465e-21,3.01875453579164e-32,2.3628533760900247e-28,0.00550135802870479,1.4228479748754203e-9,0.04363552047466116,0.07805126181734413,0.08441149766080039,0.13080107254250675,1.6074811268029953e-5,4.0365625326179187e-14,0.01987279069160089,0.0487768248875983,6.734047077721167e-29,0.08178945821675432,2.524417939402709e-26,1.4655998484979263e-12,2.291713228727319e-6,0.07251220744317183,0.04327205472611126,0.14805006383282307,0.0527776906758938,0.1905296334937146,1.9755946406588063e-7,5.363874556682493e-28,5.510648406162271e-29,2.2301799528915024e-54,2.4050513523984577e-53,1.983749455233094e-94,9.5915984909291e-257,7.944222686934664e-143,0.0
2.04200447380247e-68,0.013400966538803138,0.033350476970613184,0.8816493512640717,1.7165290574693803e-9,2.945008506920284e-19,1.7307017551687915e-40,2.884997780351222e-19,7.64594846429467e-36,1.871605537939601e-5,3.613998053622396e-76,0.016672042341519748,0.012121603382393365,3.446797851950088e-18,7.100717644920619e-40,4.605399217378122e-78,9.659045652812838e-75,8.710720307442162e-58,1.137437229139356e-67,6.322892862537861e-81,0.04278684173069027,4.2937236914880755e-37,7.287328603526164e-83,2.5062766281587377e-120,2.833170067255761e-66,4.1818347458265065e-39,1.513982293877862e-102,4.7217801086914516e-101,2.866591901244168e-195,1.8428571836981529e-205,2.409952350035803e-172,6.0e-323,0.0,0.0
0.05030848739881997,0.06357919046853193,1.2979164181371224e-9,8.085224810238337e-11,0.22378107785017592,0.0348933577049718,0.18221006273711532,1.8615340282671067e-47,2.0195863753995497e-25,1.6624150312037156e-42,5.528903097868229e-55,0.0004546713100795378,1.4656276422894543e-5,2.7582527949604677e-49,4.438299247795146e-24,0.10213266163978856,0.14711961080952413,0.1360834130794841,2.6281203171803696e-30,0.01667429987577401,0.030301300400767714,0.012447209069775549,6.034046777889307e-42,6.097311717810698e-23,1.0844244268790524e-39,6.345188584315666e-83,6.820060898483112e-115,6.459249985665125e-86,1.7404051256589404e-205,3.137696648272265e-209,1.1154247088564342e-257,4.56112336837e-313,0.0,0.0
6.414553460921419e-23,0.6186378213916575,0.025722265625041926,1.9393171539236355e-9,1.3967050065679775e-15,1.2025327721104042e-37,8.916666076676409e-35,1.5022402242865607e-56,0.062458385290593624,3.7258598981339375e-30,0.06093975898178328,4.430616163777908e-18,5.279224885356802e-56,1.5267693865421894e-74,4.557762296473427e-83,2.3471401490753973e-53,0.023002390425356158,8.129941236669051e-55,0.20923937634624895,2.1982283821004887e-53,2.893503755595548e-79,2.7075973473169003e-88,3.5058634952393853e-134,4.4483980870654426e-107,8.660650007063122e-68,1.0223894312080323e-107,2.1962243655964295e-202,8.73337399965885e-125,4.105979293388749e-249,0.0,0.0,0.0,0.0,0.0
4.1068584929780047e-75,3.074764153816206e-20,1.7851387075668334e-12,8.623431774942475e-17,0.6337526217093696,3.2077376920916484e-18,0.019288098677217567,8.533087856132476e-18,0.047682777057202544,0.136950544047692,7.131674120247737e-38,0.03182801028629298,4.212982712245917e-39,1.2449570365228755e-30,1.3016371289191943e-45,4.711962472331707e-40,6.62021227229963e-24,8.087875535059687e-32,3.701453012440463e-64,2.260537737085705e-25,3.5626051291788314e-43,9.440090952205298e-24,1.912537442181014e-42,0.00979565473756833,1.772939061838552e-11,0.12070229346514237,9.535980145534683e-46,1.2275597271263045e-37,1.9184242147482075e-70,8.791176457054869e-59,1.743607539701616e-78,0.0,6.791048817316208e-268,0.0
1.2573614338272026e-81,0.2704529251389209,2.8170862985634084e-30,1.268383589092556e-28,2.0288786148390964e-19,1.193311037014232e-43,2.1345699854926462e-29,0.12866374507109657,3.054213405548648e-46,2.4298534319389815e-11,6.584412503788029e-19,9.612019230751523e-21,3.640337953019345e-23,0.2174290263981506,2.241172586187977e-87,2.270311987391715e-47,0.043235522080129186,4.4642920336994445e-22,0.06836685801580004,0.23645172922684562,0.03538623511394848,1.0970927886146042e-69,1.9502783880551956e-12,2.6694633944037433e-95,1.3958928859768145e-5,3.317044129591636e-23,1.1690560133842288e-66,2.699304818478717e-62,1.942131460447275e-39,9.536239938979135e-126,4.1658918590729614e-100,0.0,0.0,0.0
1.2317279413583594e-61,0.0012458495717373886,0.9884907926223371,8.937173665484253e-9,4.20917222744877e-10,1.5767153509689448e-47,1.5874463093751412e-56,0.010263348447829864,5.279810492026884e-45,8.075033888664462e-41,1.601631214361107e-51,4.769284734122863e-15,5.093657171312211e-28,1.0155914197310896e-21,3.8223986069848114e-44,2.026009612640996e-58,1.0953279168002001e-82,4.0952846990557976e-36,4.70446000607701e-50,1.4506373996471917e-58,1.9167368261262138e-23,3.1445483778048613e-28,5.082063167734317e-72,3.017538125852248e-103,5.964173063145827e-50,1.393603018917602e-40,7.712600776328769e-94,9.402966565011413e-107,5.815275337661673e-136,1.3648232364882075e-235,1.1920475656062437e-145,2.9154401339306455e-295,0.0,0.0
8.990853235140779e-48,0.042484546661536324,0.12243796337803624,0.8349965393533084,1.8836453619660904e-29,4.62859001412497e-48,3.847065328738706e-45,3.847310785594885e-12,5.871893672603918e-75,5.697912589977472e-73,4.184214840867825e-53,8.09506032716392e-5,2.6509149503402164e-37,1.5027882257843475e-30,4.764638359760806e-40,1.7892144316097694e-80,2.086816374405305e-54,3.2583799052059667e-47,1.0509534080215058e-39,3.635641507439549e-71,6.026623301395897e-84,2.1488830356438413e-80,8.699245125863472e-69,3.8992064344084744e-135,9.950293605254708e-69,1.1636471030585085e-29,5.460922241307801e-147,1.30200382539068e-130,9.001501493836836e-240,0.0,1.0923252094724885e-302,1.258736e-318,0.0,0.0
0.9667526209839367,0.03324737901606299,7.190545825727586e-24,2.781799393029109e-50,5.323355693205432e-50,3.52000975087752e-42,2.0566488200005612e-61,2.8352237783478534e-92,1.9393632730113796e-65,3.0966785571191775e-131,1.2003926470757826e-62,2.2033177690958117e-140,1.6421376152839957e-184,1.0219061646494434e-156,4.025102464534716e-140,2.2570863474326066e-160,1.0914246895054416e-39,4.537974958543967e-137,5.996477782972492e-69,7.543128878758363e-142,6.809758896082309e-157,4.244263802583964e-202,1.6229459573522202e-164,2.7280962684538325e-167,1.483627514224612e-146,2.796559108888824e-172,1.249334647186366e-296,1.4310907301066884e-136,1.2358195663336068e-259,0.0,0.0,0.0,0.0,0.0
4.186382971591425e-11,0.9963855867234696,4.10732120926157e-9,1.2361126638811625e-14,2.01750629236485e-19,7.114848889995973e-6,2.6626200211709113e-41,3.51540874403975e-60,0.0036072942784044397,1.725633337208129e-90,2.6256307672848374e-32,2.0911576143528438e-82,5.433339556006058e-98,2.9781492935882598e-49,1.9946910821322587e-87,1.3822749405006683e-104,3.85565728171265e-14,4.959078472680931e-72,4.751891012583695e-59,6.739101256288632e-53,4.5379308511831635e-107,1.7631592607853235e-83,6.61986958210185e-115,3.9957629506703054e-116,3.31450106990139e-30,3.626465901853785e-89,1.0226782207095085e-195,2.897860966473138e-152,9.112071229637962e-285,2.0175245029484587e-293,2.4463266058901883e-139,0.0,0.0,0.0
1.117292959241851e-15,0.011546497084380391,0.9794630129539292,0.008990489961689111,3.600856569611323e-24,2.7081211292935686e-44,1.361916248629133e-53,1.1520900030394783e-66,3.536188146506013e-75,1.0384865580615112e-99,7.445812095215884e-39,2.397147460056543e-80,5.505788791733944e-125,2.853954632395425e-79,1.5040772668854613e-111,9.977245963232334e-131,5.173770723937104e-60,1.593922792412173e-89,4.700953207305483e-68,1.0416198515311062e-52,6.452383889662736e-104,1.8923935135777565e-149,1.0588026288159657e-124,1.4944239995542742e-188,1.5782796921695645e-66,2.6771007977939946e-71,2.8355588751781647e-251,8.685223794916518e-97,4.953496548944263e-288,3.551009772042236e-309,2.7457370782478264e-212,0.0,0.0,0.0
6.668621091210543e-167,3.653739319371916e-56,5.501581689981815e-35,4.924538881608311e-50,0.008321973503082948,2.0883835936748505e-20,1.5346800019874407e-9,5.680882466914808e-48,4.868576588455837e-36,3.8321738151575824e-7,8.652528690605024e-26,7.692436398353452e-20,1.9681058327718672e-17,1.2450183304874945e-29,3.8600034395355475e-35,3.283750678174055e-16,1.111349033547668e-33,1.5582373726483933e-32,1.0306526409650232e-30,3.6301335978100275e-35,0.021852108650356975,2.748463321140493e-14,7.026145736839998e-6,0.09217838207766085,0.19519570126802863,0.2384929800871412,0.18871030768455133,0.08018527579790485,0.13668179652622556,1.7836689077830863e-11,0.028611078023225885,0.009762985466158967,2.5570029084388214e-71,0.0
0.17196682328590843,0.8129501804877982,1.5795426816895652e-17,1.3767469022965433e-45,5.2789467798090585e-37,0.0034016303208558836,8.975222137435608e-52,2.0590153869216734e-86,2.923236042651734e-49,1.0376711338748754e-149,9.687384924800697e-79,2.0038118835924324e-148,9.229227765472456e-142,6.995878609669652e-119,3.4313355790957194e-90,4.1408230764605856e-178,0.011681365905437481,9.557949955569293e-131,1.1400736330496748e-69,1.3905645004264365e-62,5.633449934258821e-146,3.554115284541813e-141,2.2957738019763657e-110,4.965602720702921e-134,4.876878276831069e-41,3.242494246585982e-157,1.456664955683e-312,3.599783081760739e-160,0.0,9.587331382370911e-253,8.832340615556475e-206,0.0,0.0,0.0
1.4766550066690795e-61,0.01837118537662387,0.9362295673823581,0.045262033405649806,7.211942163310283e-23,0.0001372138315809941,6.064578611861944e-23,9.376530672646435e-34,2.7500217413918515e-57,1.6478224644672854e-39,3.563794845472138e-37,3.3156846301924867e-16,2.5947690135634716e-96,8.023449346429866e-46,1.4801239405246336e-49,4.080221800222922e-86,1.8533506389526515e-135,1.3048899225537118e-23,3.787137152322882e-12,5.002912491351312e-59,7.824848148948841e-59,1.7583507327163677e-125,1.3079551375551917e-75,3.095419142314569e-132,9.667484722638334e-55,4.355267561398725e-25,3.872580726398726e-206,8.662626746149225e-177,4.929621813365083e-279,0.0,0.0,0.0,0.0,0.0
5.06611082088374e-115,4.501791712945951e-30,0.0009573380783762497,0.7008568379310812,0.25592732491175335,0.03559195180239951,5.911004457504239e-6,4.355439141520127e-34,5.6962419642809044e-42,1.003729730232946e-39,3.0444362755699832e-77,4.2667884433957575e-41,1.2577875248178605e-36,2.991556330796966e-39,4.330401538603211e-27,3.648560474736772e-80,1.8059440575427374e-71,8.997252176490379e-29,0.004426066938209097,4.687847265159602e-31,0.0007817441752287537,3.576133999885467e-111,0.0014528251584938541,3.2608256635912116e-86,6.877200070536286e-16,5.798009262900991e-68,1.3052272573059278e-200,4.20564841650473e-61,8.532295556776564e-288,0.0,0.0,0.0,0.0,0.0
5.296084227206171e-21,0.9908556890831299,0.0003671191968909883,4.102435510509787e-9,3.8960082582335765e-41,0.00877718761754376,5.546910525515211e-35,4.0202109012057394e-76,3.813712545674648e-22,1.5262751760853845e-80,4.935600507159975e-40,4.671379564728141e-42,3.460965686086842e-72,1.1260385339597418e-47,4.633348679577343e-80,4.387569755687887e-74,1.5858839564147818e-44,5.792307409404052e-34,1.585399304773368e-36,1.548613607988104e-40,2.190990457930346e-88,6.974731238315447e-72,1.1544422293637585e-146,2.2881276025018036e-90,2.48630468551846e-75,2.3243873566641903e-94,4.0621311771460054e-177,5.262638172426452e-164,1.5086423465349824e-266,5.665000161893569e-268,5.1832623560671565e-255,0.0,0.0,0.0
3.0056839921137867e-25,0.026197743771093195,0.9532034620645758,0.01202265465875709,1.0443372082925768e-32,7.356026250660348e-11,1.0851694676320837e-40,2.4719550732994097e-77,0.0037125179043715592,2.319830319782822e-82,0.004863621527641503,6.252179374275744e-16,3.754166285631095e-99,2.896267679383948e-57,8.581216673693175e-45,1.3350166414675377e-63,1.1047361768442077e-57,3.171310198991971e-84,2.3521443397974642e-32,5.654423289663286e-41,2.899318228503379e-102,2.0570510133231047e-179,3.0675331600625533e-196,5.55385092989212e-212,1.2717423266332234e-94,1.9976266918184356e-70,2.6370475207612155e-238,6.343721185868977e-204,7.576313479468462e-257,0.0,9.006137192025674e-308,0.0,0.0,0.0
1.0,0.0,0.0,0.0,0.0,0.0,0.0,0.0,0.0,0.0,0.0,0.0,0.0,0.0,0.0,0.0,0.0,0.0,0.0,0.0,0.0,0.0,0.0,0.0,0.0,0.0,0.0,0.0,0.0,0.0,0.0,0.0,0.0,0.0,0.0,0.0,0.0,0.0,0.0,0.0,0.0,0.0,0.0,0.0,0.0,0.0,0.0,0.0,0.0,0.0
3000,700,2300,6000,2000,2500,2100,200,800,7000,1100,600,4000,1800,1700,1300,1500,5000,4500,1000,400,1400,1600,300,100,900,3500,5500,500,6500,2400,1900,2200,1200
200:2,3000:26,1900:19,1100:11,1000:10,700:7,2200:22,5000:30,6000:32,300:3,1200:12,2000:20,2500:25,3500:27,800:8,6500:33,7000:34,500:5,1800:18,900:9,2300:23,1300:13,2400:24,5500:31,600:6,400:4,1400:14,1700:17,4000:28,2100:21,4500:29,1600:16,100:1,1500:15
