20
0.5567678554031115,7.409359294943553e-15,0.13410540606874355,5.7797212897005844e-21,1.9023484405446968e-8,4.151606433514951e-20,0.0009963898162745764,6.151223691583062e-22,0.04959099137036848,1.127398402608877e-8,0.0071448730312882154,0.009893823207715329,0.004876545245757153,0.06637840949567456,0.002067355571384219,0.04761060051629151,0.007820230913531259,4.095449290265103e-8,0.11274744810789102,1.9141327916617943e-18
3.636628027176715e-38,0.46813502966564363,1.8805870749407855e-74,2.846678448227756e-5,1.2053044136606365e-6,0.1431588603319695,1.4555059764823264e-19,0.01849779092051699,1.0525531285421122e-6,2.8474997913880565e-7,3.003320588817693e-5,4.2868088483784e-33,4.987667900567997e-26,4.206982372610281e-12,0.23848107486883255,1.9808934443494329e-25,3.258727345821314e-11,1.878155057856221e-8,2.8073745325751625e-63,0.13166618279680056
0.009751709003294168,8.726829136195756e-11,0.0036073748969780175,6.696964826103163e-24,6.760984510412505e-11,3.394275117331991e-11,0.00514172260738766,1.462115048808497e-29,8.127546185407614e-7,3.459317532914883e-8,3.058313324436121e-16,8.305475676403588e-5,0.058089747494607914,7.218022446325572e-7,2.003943824447488e-11,2.3002179448054568e-5,7.134304135615954e-6,3.09435557946824e-13,0.923294685398175,8.967603205650821e-16
1.155391611875335e-9,0.015805528653356313,0.07117827590801021,6.147439532518457e-6,7.99621187941795e-6,4.461827199524233e-11,0.03834867834681296,0.0002221780914794884,5.076381471273758e-14,3.078254224118744e-8,7.338749062690998e-8,1.0845501666457658e-14,0.020848900543864117,0.30059584634084313,0.03634336397090295,0.07030220246195464,0.0027209056065350375,0.4436198710547248,5.185172271801148e-25,3.2292019259293405e-17
2.5776065444155886e-16,0.36186456279703605,0.0064403871057393995,1.6528880991690093e-5,0.027006138862537683,0.0015381492141293468,6.8006012138494715e-15,8.45057239905299e-10,0.012016045579163288,6.261140906979197e-5,2.280486956958985e-16,4.7686415873221345e-20,9.575414538819853e-21,3.4180829323571544e-8,0.578717748332658,3.4907168686197637e-14,1.5560337568901053e-16,2.497766648199392e-9,3.922658779625472e-27,0.012337790294979247
1.0079163622224793e-10,0.0010220205490972607,5.917621653484346e-12,0.00010479800690458036,0.001983898390341307,0.00031163053188635,0.009324825321670888,0.04294198885819415,2.2799925716524317e-7,0.18155788374182094,0.00021727873282971008,0.0013309985492247686,0.039517192638002636,5.510956242319205e-7,1.5373966780856427e-9,3.694925078326186e-8,0.0005617755991379079,0.06466647649481554,0.06492602194482254,0.5915323929530134
0.011378269713627806,0.0002078260591183914,0.002382332624924792,4.9453185888015505e-11,0.018593233072563203,0.0007631434154815983,0.4027178506568735,0.009645786951327747,0.01703290223566193,0.1410193861429669,4.914444279211108e-15,0.0012894188452651785,0.3571171313567607,0.034844842703615986,2.0802642265121758e-13,0.0007596752428377606,0.0012660466095885448,0.00013311775500814146,0.0008490365612280282,3.483681247159919e-12
1.7402501717789564e-5,4.392637147707094e-6,0.0038372792551193266,0.5150888320364487,9.141946578335691e-7,1.2458124874424893e-10,4.6011955219206336e-5,0.10439155471932725,0.0027963633294770607,2.032764371646655e-6,0.1241686172425234,2.14470457818247e-8,0.0003652769207998123,1.356320067317831e-5,2.3942966159334135e-7,0.0842859305473627,0.09209891285784094,0.07288264469857882,1.7850405346065456e-23,1.0137445942969457e-8
1.5126505103448425e-33,0.2645571244785381,8.259128379972537e-37,4.6530103089413025e-9,2.7897991362397186e-6,0.19712154074281488,9.64383970763417e-18,0.022305185750134657,6.140833925833145e-7,9.020016416303313e-5,6.083947733342556e-7,1.0326209431495921e-25,7.350773034567059e-25,2.4885218373787332e-17,0.515921469515832,1.1812773474564254e-24,8.49894653590809e-28,5.589308204363926e-12,3.197780865220345e-46,4.624126155612053e-7
2.9164161317423434e-6,0.03667450976895798,9.590146096507093e-11,2.356251499792854e-7,0.12678052231667958,0.13110303788338493,0.005316664405648683,0.08256848125022351,0.042716088184644764,0.5178998182284084,0.03494890003295095,2.7780305941345377e-7,0.02174897930659665,8.301553656234474e-5,7.850497984490564e-9,2.6277972704048105e-5,4.370125164127164e-5,8.762472705489323e-6,7.228251564703669e-5,5.521082503943327e-6
0.013998897058228956,0.006376118061064709,2.5953838659585855e-6,0.11803276197685694,0.016606800706887113,0.02532510389884419,0.00011868976782267952,0.07214326379638204,0.006588705317964106,1.0104244511899139e-7,0.6479543042266079,9.308140870331755e-7,2.5689174111933082e-9,0.005244434770260317,0.0011038842507751553,0.02621769793607078,8.338118105738777e-6,0.05390866283961491,4.5774917706831635e-42,0.006368707465198794
0.7690461100687064,1.3063495138251787e-5,0.010669508812734834,0.0005785309156425641,3.339034188034864e-7,1.5578593839438462e-8,3.2898882933560925e-7,3.5081225686009576e-6,5.7136986244297184e-5,4.6016228419833976e-14,3.9348929828787195e-19,0.06053302404784197,0.021611524963208922,0.0003416420631585016,1.292028694258138e-12,0.10769936625222742,2.7150597563310114e-11,6.57272645140092e-7,0.004316012934739259,0.0251292355658132
0.033581913786089795,0.0006037985879154252,0.0005578301335915789,0.000163529204884831,0.0491651506807379,0.0006021033181366497,0.004503567778298855,1.372924312200019e-5,0.012911294309025741,6.915642625399553e-6,1.4554624782268198e-14,0.0029167196572378686,0.05459544890815637,0.3647412777806587,8.978804867757984e-14,0.427754647323775,7.652398455493664e-5,0.04548152570505323,0.002324022707347411,1.248684122242029e-9
0.047691100175862075,0.009928563911341172,0.0009802833114999486,7.758881704341914e-7,0.0078048435223771525,1.0929722297249492e-9,0.0040337219833661495,0.023919216818619245,0.0034730117479288944,4.222806028636454e-6,0.00016945070556357805,1.3662191646564562e-5,0.0015805754519639989,0.16468782920542555,1.2440526825597288e-5,0.3487009716851737,0.20295512602343244,0.1838673928512174,4.016425819041275e-10,0.00017680969894264166
0.010423834828276505,1.7110945407849383e-13,2.9579926735828263e-6,2.4086985363319364e-5,0.11656728079087612,3.6777843976597637e-7,0.06502911060253118,0.14748571165805802,1.0482979033577943e-10,0.3857483553369748,0.07681816564100916,3.096079065653352e-7,0.011604534396061912,0.023462226319128456,0.02851160066841544,0.028294303332997938,0.00193346358902668,0.08580825935072861,0.010868506845591139,0.007416924170939909
0.048245810849840524,1.5267327168567626e-5,0.2568388465196967,1.2965379098094826e-7,0.054309402097798484,5.507242413784812e-5,0.0016705700511415577,0.0005092217366523208,0.04364116734381192,8.064198353449779e-6,1.518048895459982e-7,7.039625806771652e-5,0.006130491519348789,0.409255575871397,0.0010731852727684883,0.01553515000715595,0.10678871736747743,0.05307506111368561,9.711835527002072e-7,0.0027767473992644305
0.005712810392506197,0.0017575529709502745,0.07258227661358368,1.2089331633000653e-10,0.023880166174648824,1.7304485598753756e-5,0.557408297364583,5.103072650707321e-11,0.06449488750049776,0.00031775777027873874,2.0168914055316277e-13,0.004722951632086889,0.19238322751355807,0.029309601190610924,2.142806961151999e-8,0.006508833390622082,0.0008108982264702998,0.0036388549459459682,0.03645455819127354,3.658969157468337e-11
1.6876870577092833e-5,3.6203978949365675e-9,0.0009261042392498037,0.0006565326416850985,0.04082755387152077,3.1663890634855972e-15,1.0733607372159188e-5,0.1169707077646085,0.001421329293304526,8.19555622358223e-11,0.015205386407679872,0.0017907815308405405,0.0021045766094036247,0.17500608922927482,9.408747717943294e-9,0.00936290032890884,0.08604559475557973,0.5496547540458177,3.354149593656984e-21,6.569307251001832e-8
0.06611338142950642,1.2721159989076536e-12,0.0017125984635357535,4.193432360539185e-54,4.468391142431116e-25,4.218622749010249e-15,1.265364699180737e-7,0.0001885645163472559,0.04730193774141596,7.134197863474689e-10,7.445959096628091e-14,0.3234198460394102,0.18800877558669565,0.033444665595757844,4.2188164686019807e-10,4.0272819179985793e-7,5.504132060842068e-14,2.7221665217746445e-30,0.3398097002259607,1.3366308923132218e-15
0.01150033349770262,4.384097099318899e-10,0.016925984445970016,0.000233555080611284,0.18857347962433568,6.014720595903114e-13,0.030783170974799975,1.1472859582125492e-7,2.0564753627308546e-11,0.38936091276571083,0.02344980284697424,0.00017480767399553367,1.8533816088399541e-7,0.03842370993007664,1.9411975002618514e-7,0.15739277825880965,0.09719773754298712,1.1892953167789084e-5,0.03929954662076775,0.00667179313800816
20,34
0.04029591950109005,0.9572840053381417,2.8420810385637084e-6,1.963734281858457e-28,2.725927322966725e-32,6.161106732520088e-45,0.0006775308387330385,2.672755837639514e-50,6.671688581760153e-50,5.605093132642298e-125,2.011442674596783e-82,3.041094846729089e-108,3.8785861753330727e-116,1.405607168005837e-118,2.28844736865956e-78,1.5048693600579922e-125,2.0084038122191524e-39,4.741730758803058e-87,0.0017397022409964473,2.7817669664760045e-85,1.1561932868110724e-142,3.09841666681489e-166,1.9405682489577153e-147,2.118924090449007e-124,9.570741293778793e-44,5.670939151318921e-118,3.65648115382034e-258,1.6263923028238438e-155,3.54233957e-315,5.5716428607595394e-288,4.896516726004882e-204,0.0,0.0,0.0
6.79572199505874e-60,9.774500682620933e-26,6.249819639974353e-14,2.7848978489005007e-13,0.0056668710020798905,1.4293844965140213e-7,6.450561371445885e-8,1.6122344179907108e-19,2.8535966763788345e-16,0.001091108334905929,0.011010909963341673,0.0012044893405455564,0.0007131664350960657,6.487235824385339e-10,0.00029827323535141674,0.018162541870006522,0.023801227844171782,1.0388431806163219e-8,0.0041821277257768534,0.02378101160016399,0.03246268290363342,0.07522533035279297,0.0688096711850297,0.08546600605238942,0.18096991572420892,0.15325837521596508,0.12598861103752834,0.06471859756986732,0.07839291353446314,0.019598228383615784,0.016798481471670672,0.005599493823890224,0.002799746911945112,0.0
0.1867928895206266,0.8130563188685443,8.672712821498404e-6,0.0001421188980075359,5.9478033058856674e-65,2.6698957997855556e-40,2.577308817763001e-49,1.6875290025580582e-77,7.597191257442593e-18,2.3661479681625318e-146,2.694119380503469e-118,2.4659414906234234e-109,9.121107471164292e-130,1.859971025132184e-160,5.570560157662443e-139,3.639835251177948e-110,3.7232781531800756e-37,1.3213716551593985e-40,9.150494200264282e-19,2.80854146101507e-159,1.0004475168429638e-160,1.9899193565707186e-242,4.7834864262107995e-288,8.850135729352463e-45,1.8232497037879215e-185,4.520872875615668e-230,1.0207728082499765e-194,2.453062998806013e-247,0.0,0.0,0.0,0.0,0.0,0.0
1.0150351787590246e-42,0.0007797961441081076,0.0013031094685172246,0.7102085812787859,0.1773367654215276,0.0035388611125915523,0.01594733095601785,2.491039465872316e-34,2.43751444609056e-50,0.013787873649542377,0.0051876901099533745,0.013014933902905068,0.013317537429578133,0.0024993246284287546,0.013613500398132264,0.008021739623249534,9.405103054116652e-51,2.4138475873446533e-16,0.0054587776035827235,0.007190047131765839,5.872003997831041e-11,9.462328332961498e-110,6.897021292105315e-47,6.089811522091284e-41,0.008794131082593274,2.4103570213578892e-84,4.309606787123267e-90,3.483758532397336e-128,2.8368573193209956e-161,1.7400010398598467e-235,0.0,0.0,0.0,0.0
1.3886172084402605e-27,2.59932191413462e-9,0.00016144890596087925,0.0009613809076901697,0.06380625507306019,0.006012776290360196,0.045564435576984176,0.0842891496716968,0.10764497165631211,0.12867689702678367,0.08565444156282304,0.07728860684520228,0.1062849288728979,0.10829813700588428,0.04498797188809409,0.0428791361439417,1.2610047164455463e-5,0.0002833640356858761,2.682502343878987e-5,0.024200504491399377,0.009934635485797878,4.504587115940335e-7,9.962087240079702e-18,1.312532824852291e-10,1.1737429959965538e-6,0.05237876642166054,1.878633397830004e-19,0.010651130134878856,9.516268712122612e-35,1.046006847491392e-58,1.306481155988169e-52,3.407340120316785e-161,1.8211377163821733e-118,0.0
0.0004075549981857255,2.5306262924486082e-5,1.673435569413343e-5,0.10495269164360578,0.010294000097649404,0.07798176273440795,6.179931381906812e-8,0.01762147271140922,0.06557915615854551,0.09501191659147716,0.004710690888717024,0.037092366955110534,0.09015376171669244,1.870862523115771e-8,1.6636643694943543e-11,0.04084468018491108,0.12584749107077306,0.1531359895417417,0.11397220253680711,0.00019933953120071873,0.030109092669216665,5.813178948914548e-15,0.018597611078541233,0.013446097747281269,5.259156460281901e-13,5.375047408423791e-16,1.026286826390522e-18,1.0768740761912353e-22,8.450363373987502e-53,2.675550211769583e-58,2.7385359560656185e-105,2.7832043530107137e-190,6.105207204677368e-197,0.0
5.990295811051547e-8,0.9753629833975245,0.0001282828683110589,0.0029060603528370883,0.0034833081925349117,2.8004426506943746e-9,2.669206480986951e-14,8.788086911104697e-31,0.003282248124077404,6.376854853259409e-67,0.003421585481887605,1.1014027052359169e-26,6.88899783931219e-51,1.8447672034082365e-44,9.111037506384804e-36,5.722552307713309e-35,0.006425685141825003,5.650849094022592e-15,0.004989783737557027,1.2291206853953295e-51,3.194290598594976e-56,6.057866220057269e-65,1.539664996131637e-92,5.365518481747966e-38,1.2360347818165478e-14,3.4129824858791463e-72,3.745015073655032e-110,9.075353589595627e-93,8.282792027669775e-170,1.8217972279321293e-170,1.7007829212878585e-130,0.0,9.863792639707793e-258,0.0
4.4280111189993605e-33,3.79550661044292e-14,9.578247163634638e-7,0.15655850091491091,0.6778493224578578,0.08934474672633534,0.002963061958328223,1.432256158371145e-12,6.510840156247311e-11,2.5143607288710865e-18,1.689788484182392e-27,6.009191902718142e-9,6.734120394391297e-11,5.280346450493228e-37,4.7545420157596717e-26,1.386768184694475e-9,3.4807717416146304e-22,0.014046232859598315,0.018740612536721345,0.03179524151921691,0.007286803798183451,9.06509209863908e-54,1.601979876933139e-7,4.625133473550451e-41,5.857529419537172e-12,0.0014143516704063703,1.1112435438211694e-96,1.4177584795414626e-77,1.0954003875564706e-198,2.5929197489459555e-231,7.324403825173328e-233,6.749896328394782e-303,1.1742932897687237e-271,0.0
1.0006633977621548e-15,1.6562385661119401e-6,5.099007293348711e-10,0.11545043213711116,3.819165808601672e-12,0.0786871731807421,0.06723873849478293,0.0249317701007962,0.044603679366981605,9.83519591531178e-10,0.007570939342226893,1.6591617296289533e-20,5.094696983570711e-15,4.614762389622926e-11,0.01640035580405809,0.02485553877641076,0.022421723449544583,0.05894549699851099,0.052825863232115106,0.05290365457404892,0.09597328930510282,0.08411995406738439,0.09198058724526517,0.04002265192646871,0.11084110167338126,1.431138880885029e-9,4.747888021305872e-51,0.010225391111970194,4.687536252714183e-64,1.0416403045225656e-86,6.503252678004127e-57,1.5151902835879887e-209,2.4000331069852985e-291,0.0
0.00974811689485746,0.18773903886461452,0.5121211427373197,0.1722970753757285,0.03164940016625837,0.03679586150940491,0.00015429357559008746,2.8163290652123565e-9,4.447506687875331e-5,1.683207824086922e-14,1.4723426280831142e-8,0.01837918848452057,1.2157796235001365e-6,3.2998732301138943e-9,2.4163918915023466e-8,2.9808069538474095e-8,0.020978528330573003,5.91722827533909e-5,5.043778304957498e-6,5.3556049959526783e-14,0.002881802025704073,4.225970851551227e-18,2.1830261238790275e-43,7.299040918040374e-22,0.00714557031618082,2.3850506160352184e-19,2.995959093213535e-54,1.5725431461949486e-25,1.951860943574426e-74,1.6219202663949464e-86,1.327566915590991e-57,4.916427951358412e-188,1.927292272367942e-133,0.0
3.7386821491538504e-65,2.8261679283097936e-30,1.7692751125200963e-16,0.11741707101016893,0.3232839864239872,0.3279359770107131,0.16546273794096,0.02402217719817751,0.024848177323022948,1.449392601334909e-12,8.521928028181432e-35,0.0023635902831463567,1.5223527288173826e-21,7.807963026334188e-43,1.5116605629686325e-23,7.063619404947916e-26,7.952112503455862e-7,1.0715012929987676e-28,6.700212236690889e-30,0.002191359034460896,0.012474127851097869,5.073739487451294e-17,5.988561035947495e-34,7.115467545341566e-10,1.838875041808968e-14,4.481374077960677e-46,1.318097837006585e-91,2.2145582289706565e-56,2.0912094276242865e-98,1.094840241708506e-187,5.441729186346143e-206,2.0e-323,4.788811659857441e-269,0.0
0.4356013887873777,0.5616934392558982,1.458180810821206e-5,1.484085292813157e-68,5.692968149750958e-62,0.0026905901486156993,4.594256370606982e-42,6.749039543764001e-32,6.797792027063694e-104,6.683340503425583e-190,1.678616378915942e-123,4.381861608990783e-168,1.1365958019685908e-191,2.829099570821716e-155,2.949466810840179e-188,1.76235202208253e-150,8.040027694122651e-35,8.69662301521624e-119,2.1653676376905444e-41,7.788829441783741e-115,6.179850089428032e-191,2.770507705026142e-183,1.1238786232797972e-180,1.1109443345206372e-154,1.311399684927527e-125,1.3309648556613405e-203,4.556436e-318,7.31635042383646e-148,0.0,0.0,3.990465809e-314,0.0,0.0,0.0
4.453018546459567e-7,0.990901283741292,0.00041118897780058155,6.624982369624637e-15,6.080016377545611e-27,0.0041521624976279675,4.452583055617607e-22,1.138979530241364e-7,3.0734929628313655e-47,6.929597567702785e-93,7.220139928142345e-32,1.197793011234635e-48,2.869735120736461e-45,4.824696487623874e-100,2.6741933951578153e-66,2.205944360375256e-86,0.0022441412526565284,7.456204030339682e-61,4.601694972629168e-41,0.0022906643255698744,1.4217270489518177e-72,2.1607884006065016e-121,2.051034744505799e-143,5.342731139211702e-105,5.238872604464855e-12,4.385742874983491e-61,6.56974868335224e-200,2.922690317560168e-110,4.2289413196166255e-221,1.6681189308664586e-217,6.162242081746808e-160,0.0,0.0,0.0
1.294377106084408e-32,0.003258115868209011,0.9539955595716807,0.037262700160038194,1.883836163556318e-12,7.846228773979835e-14,8.863074937857108e-12,0.003823985972599343,7.535833405754992e-32,6.03634605845034e-64,7.38741755831489e-18,0.0008705438046840226,3.9122349506687155e-45,3.0516527236783657e-50,0.0007862598143573471,6.326473235927048e-33,1.7227654257404056e-51,5.8055469376633886e-27,7.58441460255726e-13,2.9174458226717974e-10,1.0435482782679568e-10,2.4891915016098497e-111,9.946177249739515e-69,1.2037780114896683e-117,9.185114582402505e-21,2.834400748197651e-6,1.2774894205579347e-134,2.6692429253077775e-118,3.1714454911711935e-168,9.231405598230304e-242,9.875963941495444e-199,0.0,1.04623e-319,0.0
3.6330816995762153e-26,4.504641010591031e-18,2.3564947196107305e-6,2.7562902684974354e-8,0.01950820203040187,0.08731648045652235,0.12858771035292083,0.08605078539008619,0.1067851369278675,0.08763110391573972,0.12036999903273285,0.08696109743546639,0.048622054251739204,0.03501336756093079,0.0537910954200777,0.04791152842565523,0.01676273274304503,0.008050995239850372,1.1580248267010114e-5,0.02500406316777284,0.018650018203103434,0.0048184151971734455,0.008508866392879578,3.588875244051099e-13,0.009642383541559382,1.0642232593572049e-14,1.663282610561406e-15,8.214879987813453e-12,3.2204389904898614e-72,5.514064421799079e-99,8.555237355893256e-111,2.5074201171391978e-151,8.058836742647899e-177,0.0
2.1845366329786432e-29,0.192816897841048,0.7941977755349566,0.0076350918144556836,4.7468419164307565e-23,3.597541966884866e-13,0.0037090824770796417,4.583529785156802e-16,8.34994089649279e-41,5.009052977064513e-71,0.001164949795526972,2.1775824079814167e-8,5.940043022869781e-47,7.510236730459885e-42,1.8723798778074837e-9,2.4278566510277094e-57,5.609049268969747e-61,1.6966814099441352e-28,3.969448321389398e-13,9.715750509642791e-22,1.0030484339490085e-30,7.469942412016374e-115,2.3072012069704387e-114,3.2082989504241075e-98,5.053776479624963e-19,0.00047617888797193026,1.0556478392994785e-135,2.8554109020460657e-120,1.502701610109369e-168,2.7914320004993286e-232,6.624181929775382e-196,0.0,0.0,0.0
2.3074391935885751e-10,0.4449395923416935,0.5489603078447826,2.815615163484645e-7,7.657837490814246e-26,0.002943551701681282,0.0009848156739702136,1.431966312146368e-60,4.306452910362408e-20,6.82467906960852e-71,7.536156019102727e-15,1.0837840463867937e-12,6.175623429787731e-75,7.046538665874503e-28,1.6247553646483428e-62,0.0011877058376533437,1.041082943232826e-70,7.625811638104178e-5,0.0009074866904865056,2.9500257735131926e-56,6.707432205533131e-52,6.657044910506077e-88,1.3008134439853473e-121,5.337346482455484e-75,6.8868545828433775e-71,2.7255430847469732e-73,5.246708410591288e-95,1.3101759284621095e-115,1.5089052400387605e-158,1.0603171850205621e-230,1.0472034052894776e-217,2.3851390267333915e-290,1.7680037386644728e-275,0.0
5.483945319605365e-33,9.504112897653156e-5,0.21833036577719442,0.7688923752247404,1.4079378231668526e-6,0.007245506682703061,8.700582474838029e-16,8.438002448958016e-31,1.7111827497315876e-16,3.962147981476392e-29,1.6262486203929817e-22,0.00010203919351417383,0.0008290343241596463,1.118941435171556e-49,2.791807033915962e-16,6.987324395238066e-14,1.735490526993329e-61,0.00017513792008128735,1.7662005082796554e-11,7.062742492453695e-12,0.0004340780152099524,9.62838843455179e-69,0.0008297442901886971,3.893913359891129e-100,9.85617654080094e-43,0.0030652694806126406,1.9482567950657054e-142,1.865038499053992e-101,8.129815218172671e-192,2.8205067329341245e-257,4.049344519075346e-273,0.0,0.0,0.0
0.9920357846620447,0.006418017332632794,1.2637056358572166e-21,6.60231013750298e-36,8.809096601820631e-20,1.3251790733535096e-33,2.760697714551148e-23,4.529095060321652e-64,0.0015461980053226084,6.402486763198237e-130,1.328705161157009e-79,7.037149779519146e-119,8.078430514633881e-103,4.388934096176327e-143,1.0878164551450453e-90,2.555092098278022e-86,5.033391600166215e-18,5.925834753946479e-101,6.171582556969653e-47,2.1007051216412285e-123,5.857110367185251e-168,6.455277208464739e-132,3.007278862976402e-167,5.425568881964329e-85,2.138531382765277e-101,3.208752288234334e-149,3.9580665889785546e-277,7.910553542039677e-134,1.8157566189474645e-282,3.7616193431609966e-287,7.181648294393533e-236,0.0,0.0,0.0
2.1029426535641728e-26,5.421192630087331e-7,0.06487022272792406,0.33016270682612914,0.15398705673183546,0.02946532366431862,1.5206947915492885e-5,0.098030933172196,0.041969756562536084,4.536662092253283e-7,1.4810322607355194e-10,0.0016429349242581591,3.323888241661587e-5,0.1150383699306518,0.05897274698200724,6.198525120670517e-10,2.057833099237351e-11,0.06359088480447082,0.00020290045789456542,0.005885641202053613,1.0572192482268265e-11,0.02052953457580365,3.765755289446981e-27,1.647956285053443e-35,2.2510108196240887e-11,0.015601545000499971,1.9517313999541342e-33,1.1124901016667235e-32,1.298910232823795e-86,3.1089394526581915e-78,1.232824623292266e-83,3.3246245221226537e-103,8.563818742344826e-157,0.0
1.0,0.0,0.0,0.0,0.0,0.0,0.0,0.0,0.0,0.0,0.0,0.0,0.0,0.0,0.0,0.0,0.0,0.0,0.0,0.0
3000,700,2300,6000,2000,2500,2100,200,800,7000,1100,600,4000,1800,1700,1300,1500,5000,4500,1000,400,1400,1600,300,100,900,3500,5500,500,6500,2400,1900,2200,1200
200:2,3000:26,1900:19,1100:11,1000:10,700:7,2200:22,5000:30,6000:32,300:3,1200:12,2000:20,2500:25,3500:27,800:8,6500:33,7000:34,500:5,1800:18,900:9,2300:23,1300:13,2400:24,5500:31,600:6,400:4,1400:14,1700:17,4000:28,2100:21,4500:29,1600:16,100:1,1500:15
