20
0.5715316409663195,0.00017285727144000437,0.002562407117819807,0.00015627429011795643,0.02833227481816861,0.00031413653052463905,1.0115158525859033e-12,0.003003644319936811,1.1581522395269718e-11,0.3692468087960279,0.0006241135163064222,0.003300058863926387,6.202624418199107e-5,3.3440864178127755e-16,7.954132592851039e-44,0.00010461866134076859,0.013278037699402456,1.803450872825075e-32,7.674777403619473e-75,0.007311100891893685
7.796754642747401e-5,0.9878738987831425,0.0009032337552345379,2.7145330016622127e-6,0.0034691076820505956,1.1154956995501998e-43,8.019176378532348e-38,1.867987539290107e-29,1.374874044259743e-76,0.00019587358731568366,0.003953251887572023,0.000309201282734548,6.430038440319318e-60,7.536087493338062e-33,2.350529772701307e-130,9.686323121160496e-34,5.303150136720099e-7,2.7831770913398727e-53,1.5469783788567999e-145,0.003214220627507528
2.590049452692741e-15,8.563369126461084e-14,0.633611991156009,0.023218744833757746,0.017518851025188905,0.026054833274673346,0.03283727956036628,0.00012133963742221622,0.002372087024134591,1.0330429382319229e-15,0.00027919083430411507,8.033357418366406e-6,0.015549197287213483,7.08191548304571e-8,0.009011481864087866,0.01003793205859411,8.159697931075918e-12,0.001550473956445018,0.004388107625595602,0.22344038567738572
1.3979691953296181e-5,0.0013351705662506361,1.2951680790625357e-7,0.7718079957902266,9.550714469829246e-30,0.02038843862429738,0.01382179728170239,3.78890139995292e-16,0.008560496199811782,0.0018931621905889017,0.0006145709803264193,0.001961894131326658,0.00019684936791729824,0.011638022254765169,0.03973579278862513,0.05150784587356909,9.307408274114205e-8,0.0667843593932754,0.00973205460587272,7.347668599992608e-6
0.0011749127398321616,4.831375672794981e-17,0.0053403387375948646,1.5390612870259782e-16,0.6848278268272936,0.006493430787611489,3.293172108249506e-17,4.379521984157458e-9,8.952412436787314e-16,0.011634110465382281,0.0034780956377498686,0.0006906239003166463,8.245755042915803e-21,0.2372079971487843,1.3680520241992347e-43,3.9505327753643514e-15,0.028817355514328957,1.234172370687361e-33,1.0824715857712834e-37,0.020335303861578852
0.0005428077306082184,0.0029789967484900484,0.03722824489349913,0.037026953443779924,9.899086019664086e-13,0.7633511694253242,0.00016203799660829767,8.969609549408251e-11,0.016725245402405053,0.004037579862486921,9.378838259065416e-9,0.0020322078424841183,7.109239205859729e-5,6.203711899973016e-19,0.009070459432894582,3.650828284921272e-5,4.0828850241054664e-8,0.0407346758460259,0.08587315752933823,0.00012881287277287154
1.2668944496567108e-6,3.720884477547145e-44,0.01476136616467403,0.002430941796090192,8.897808368197312e-10,1.8660946266669716e-17,0.9038089439183821,0.043454744417614856,0.0017368843073649152,3.2759956432529965e-6,0.0008062339310404777,0.0014996470170585811,0.02871090549014194,4.803016853639769e-15,6.88685975802022e-8,0.0018240089896727923,5.015866167843812e-6,6.272279932374134e-14,9.7310044330224e-83,0.0009566954532534557
4.198348470264e-5,4.971829579064127e-47,0.012856651553265798,4.769240931945044e-7,0.03201627583250761,0.0005352218189009715,0.24373104931145523,0.2251690316084408,0.005043789304064714,0.04334690282571869,0.0026000252364100623,0.0005636327033811795,0.026830846699481065,6.768515539508506e-12,7.977962620567649e-9,0.1493455361204794,0.0021593205576221335,2.929414692889054e-28,6.557853581558302e-16,0.2557592480347449
3.658822179946911e-24,1.7652281718360384e-87,4.3795409075810737e-8,0.1478888451676942,5.655670478896018e-33,0.027008671589506015,7.125868860179769e-6,2.510346533122975e-16,0.22058250172027005,1.220386147644673e-21,7.075403959452629e-10,1.164937390064946e-10,1.3786852750776921e-5,0.0002442290164020039,0.0634918010031501,0.5153298612616825,2.0644680442963982e-22,0.025433132412993765,9.263816567698025e-16,4.872459735624399e-10
0.6409703655398011,0.0001328153010437735,7.942089332804176e-5,8.33460324180465e-7,0.002228214286629836,5.2643663671471404e-11,2.235797380364894e-11,0.0021839280482680154,1.3293020559988347e-12,0.2329952677832087,0.0006466650615733523,0.0012362600390893083,0.0005668233332653185,3.4809201023234136e-16,1.7025637887978174e-44,4.409435451496721e-5,0.11854646793630542,1.2585584112081882e-35,7.809477931572788e-72,0.0003688438863166631
0.0018409512113194207,0.02426495362344193,1.2570359285236566e-6,0.0005859530483883603,2.697933725091833e-5,4.318492236530734e-9,1.3290505301545037e-5,0.0265800738621829,3.839798049214734e-24,0.004942787097865868,0.24651588349287137,0.6803580828541714,3.967391272808656e-6,3.74940013776511e-18,3.37466346457529e-13,1.135518093728314e-19,0.011146179851149697,2.7581424746549334e-64,1.271064286046944e-73,0.0037196363700256834
0.05796839269899494,1.4034841768345025e-6,0.014401363384199806,1.961385072515718e-9,1.8503477248564546e-5,2.7573500485776173e-11,0.0022799207142002735,0.0011839285518522567,5.1754254448618425e-6,0.009919589885087036,0.3003421591332573,0.5359505544125313,0.009247896267424376,5.6250335714719843e-11,5.566591512510506e-9,0.0017259745590716467,0.00015950398070536543,3.934976298727142e-63,4.233143466532651e-45,0.06679562641400498
0.006248099389395015,1.5304878793069395e-80,0.03273404162573308,0.027119757858650055,7.838673151897313e-22,1.2316502086953575e-7,0.05794361649994169,4.604928325616455e-5,0.3702944424907503,0.0027976270715550852,2.7101699574910215e-13,0.0010467810623521086,0.254827987885892,0.011028674874302759,0.17963657477898842,0.010398580150010205,0.0009649761358877083,0.04020572477323792,1.2152255308447987e-21,0.004706942954755574
0.05216326916747356,0.00640963194565072,0.007521122584844912,0.01759204162008013,1.415831335490001e-5,1.5547362033374008e-8,3.9320938657061367e-11,7.515564191239143e-9,3.76449666473143e-8,0.42743071492973633,0.01261421281976078,0.1480735561336552,2.2145557064296173e-15,0.05675877431962528,9.181137106994193e-24,5.185739216549716e-10,0.16641767201332558,0.00023823782215947418,8.199875157535579e-23,0.1047665470645431
0.0017000912761479068,5.049498373147081e-72,0.00015642355801579952,6.5689965254787855e-6,2.906644547526876e-33,1.1741733644849835e-7,0.00010701615101870987,5.458386884584128e-9,0.006313348976741121,0.001186381350126614,1.2280554197968599e-20,1.1924289584159483e-5,0.07964595346963312,0.010408546145748042,0.8894651884463374,0.00018655113647113108,0.000160448878340787,0.00013628857004240177,6.872138355255127e-21,0.010515145879543955
8.670755135727175e-20,5.882135186952506e-88,9.313797150282769e-9,0.00018659644434629725,5.457596731666282e-28,0.00028981072000970246,0.02008261714711855,2.4504296023651814e-8,0.6690758792381177,2.4880097229324282e-17,1.2960284150378233e-7,2.64570095633916e-8,0.0013440886787568814,0.11191532489359253,0.033440515063750814,0.15742669646903534,1.713286887839947e-18,0.006124268208441191,2.880576709307623e-6,0.000111132682177341
0.08581116820528752,4.9073274638007475e-6,0.05947611719334832,1.644425466700671e-5,0.04265414805441718,1.543092979339594e-7,2.700924677263933e-10,0.0049639832091692765,5.07693432030344e-10,0.7452002697611013,0.0008411018980587174,0.025506235371968226,0.0037602457099949905,3.178526966865321e-15,2.96755779002613e-39,0.0007549457485808277,0.028703912552931875,7.822084483411811e-37,1.0632516689915523e-31,0.0023063656259239562
1.062547520807012e-91,1.9886364584552354e-117,0.008034635645572432,0.07852369818527163,3.958049529156791e-61,0.020102972145742876,0.001331701475042137,1.86821967640533e-17,0.027809018215055777,4.924888964112687e-92,1.779270126495228e-100,1.2851119790614054e-75,4.0350120651420705e-13,0.004214595678598604,0.012637463779180307,0.00251992354758161,9.893408456106797e-94,0.7895938714548536,0.05460186388683362,0.0006302559858639063
1.0168972906324031e-111,1.4814181069292868e-35,1.1547403163694344e-10,0.031466252030483415,1.5243295329594914e-56,0.05112540076946878,1.71946464904528e-80,2.8651462048986975e-84,0.004697439267250308,7.792568911477685e-113,5.589987092788618e-101,8.55354883332937e-127,3.253003298287203e-23,0.0017470450612321914,0.0031666075017341,1.6672842753717915e-6,1.5656935379514085e-103,0.0747134875452048,0.8330821004248771,8.72376278468767e-94
0.004278654194786772,2.258572532835892e-6,0.05973626121467062,0.0026321386276082536,0.00014053904999633505,0.0022029149217324957,0.007485908796009771,0.004552359279280538,9.879735186837074e-5,0.006408209143359349,0.027218125475654727,0.009968257478750811,0.01921114550308598,0.0016413412346922434,0.0041964005066587595,0.002240646658605592,0.004153378658052241,0.00021230119773503893,4.7208837421694475e-73,0.8436203621349192
20,29
4.9187596999837484e-60,0.9984903579521156,0.0011800077123498458,2.0290774511515727e-34,8.23982292581424e-36,0.00019393044447889486,6.458817139966886e-23,1.8451627626482464e-28,2.6432910026079824e-48,9.365479552006395e-58,5.778674547670912e-128,0.0001357038910558306,2.9040371748585523e-145,5.2722162226811576e-55,1.0042320366834442e-154,1.101842279982833e-210,1.494874363733119e-177,5.1123835725602846e-254,8.691942174961404e-168,4.142331026020965e-145,1.2883390970973888e-224,1.373241927572493e-212,6.41461086452296e-250,5.757421105497365e-104,0.0,0.0,0.0,0.0,0.0
0.3584947602573314,0.6283819640162575,0.0077420908913752315,0.001728633417525325,0.0007942455966490985,0.0010172189988720947,2.6118512894426634e-63,0.0009201211263622506,5.739443254816942e-169,3.5049325011994784e-156,7.064618567874282e-123,3.7942033806600414e-156,0.0,1.847741361920286e-249,0.0004604620610810267,0.0,0.0,4.632825770889904e-158,6.212489166126516e-295,0.0,0.0,0.0004605036345462457,0.0,0.0,0.0,0.0,0.0,0.0,0.0
1.0158759671783683e-220,0.0014634705556497761,0.058381244477533366,0.1557286224938421,0.14115075319993567,0.1156956841836891,0.05582622426334572,0.07381650377038586,0.061023392882858796,0.056463988590249155,0.03358973843228726,0.033203412061447994,0.017058092047325755,0.035127879407354165,0.026745620747499543,0.02274399572250933,0.011134050744596911,4.180847704460508e-15,0.008203817207874288,0.013129048429685264,0.0240825117335135,0.025611377918028047,0.0159178707814411,0.013902700348706854,2.3628518309635325e-13,2.0252404699423825e-45,6.5258840782143804e-111,3.1153581076967355e-145,9.435407298095466e-97
5.4e-323,6.061411916022594e-131,1.5384936642457914e-92,6.595148423794494e-39,2.019802648977331e-13,0.3951459261873017,0.5323025525505639,0.055942710053274,0.002519041992695545,0.004368675967952253,3.5609808670229943e-7,0.00011905624543787282,0.0010298934695640736,0.0010860685467524208,1.245089900824421e-5,0.0015213465176206723,0.002730967496446949,0.001557389103245529,3.424497950727022e-14,0.0010936823857191406,3.82295758356334e-67,3.771483733500497e-57,2.7326426897941703e-41,1.1741514323173927e-11,0.0005698824743530117,8.948125184869402e-73,6.405878210905706e-124,3.6479354926260824e-231,2.6775776874468394e-216
0.001158838977123767,0.5911788682883544,0.04272011579033481,0.042670718813335756,0.03153014458142444,0.058376182961417215,0.07979692075870987,0.0617289726277011,0.03320358872572521,0.00500552472538086,0.009931095699647818,0.006031817327386826,0.009435928258479609,0.0059450479969894825,0.00198854142584681,6.619078825367311e-40,0.0026279134569396076,2.7485600659015615e-12,0.003449797428470998,0.001147894259419961,0.00440891030645337,0.0039671668570527285,0.003557924456051368,0.0001380862750056187,2.686643488981363e-169,4.887083740263484e-211,2.0256238161942547e-213,0.0,8.977207847245608e-299
6.504273700819922e-205,1.122355017117135e-15,3.9319499371447503e-19,5.913036273154709e-19,3.0377987572835623e-5,0.005082691662308738,6.493130107538935e-9,0.001960860128368579,0.012826403999698954,2.7301474931086854e-5,0.1267259122449848,0.24507877391232125,0.13285197796293707,0.10293357368800779,0.05696760554312563,0.041989126442524935,0.03099422164471101,0.04968071655743484,0.013110199570047828,0.018346055964938112,0.02620658132317305,0.019579242824849463,0.01791597976536648,0.013071972995793959,0.010287773779034332,0.04949958379984683,0.01568403804308918,0.005228012681029726,0.003921009510772295
0.0,1.5784850259822727e-16,0.3898704861024225,0.6043317733271124,0.004935186145037986,4.314498865389578e-25,2.7143947605807118e-17,4.6112258889921053e-38,0.0002846035596170234,2.912715650731325e-6,0.0005750381501593038,1.8785476245718784e-50,8.063535042555995e-67,1.5809456023915245e-37,2.2256271812708417e-29,2.1476866078286335e-86,2.9332581297937785e-131,3.068848245593619e-174,7.073845774268805e-106,3.425243236466697e-30,7.806388288367206e-38,2.3473617669614036e-100,1.978162611265802e-105,1.2988672707728296e-135,2.091967453169754e-141,1.1193686433491868e-228,0.0,0.0,0.0
2.4717022159432606e-186,9.767129074227361e-8,0.9868084676801029,0.012978597003871158,5.8594382498349265e-8,6.272148671700064e-23,6.5611351315348056e-18,7.005501747179074e-23,9.745192952823478e-7,6.579762901409354e-8,1.5958814203193735e-7,5.904958062659821e-23,1.642057866307463e-42,3.4291178547686743e-19,5.93852647015463e-57,7.503621931614888e-42,4.984025027945848e-61,1.7843196936642154e-101,3.531096595792641e-70,0.00021157914521586832,7.064148513990723e-14,7.874219274775787e-83,6.076818306882566e-81,8.820691278417079e-92,6.912648765408026e-101,7.066142931524646e-115,2.0509781440349205e-289,0.0,3.6429868970428065e-288
0.0,2.9316988859925122e-74,3.407010601130758e-54,0.0038409004855450833,0.7278627883657617,0.2249560668793152,0.0016624043055693373,7.891985797302387e-6,0.009265208767172453,0.010599313024095256,0.0061464909019465315,0.003519416940718881,0.0060586271967037,0.0014148686281016333,6.095502273921721e-25,1.1128081892168503e-86,8.244366699911408e-39,0.0018892830821217346,8.790887118762292e-108,2.3166346057985542e-51,7.052737297399584e-57,3.815086763812776e-48,1.1245901129532086e-71,2.848637959923938e-48,0.002776739437151021,1.2414234153039549e-116,1.6545934434963202e-109,2.6440884299480672e-202,4.924958947324473e-247
6.179358671417259e-61,0.9965280430785988,0.003200257044587158,1.082149369491697e-30,1.47083787281362e-33,0.0002716998768140824,3.553041106505058e-21,2.7717590364419714e-28,3.7896053983674623e-44,1.9743113647277633e-49,7.37846068027498e-95,1.2912685529252196e-189,3.7969100913629625e-157,1.3801115271014268e-57,1.1332082989111848e-89,4.736992741892392e-190,1.621102912536e-168,5.208716288775576e-309,5.660979718197414e-158,1.6989210748042326e-231,2.6124389601635237e-191,8.824257955878035e-286,9.403440959676482e-197,5.599679813548162e-190,0.0,0.0,0.0,0.0,0.0
1.8367652261141343e-82,0.831471189240093,0.14752684467092642,0.010198846740932051,0.007553720857281246,1.0957644530764777e-45,3.048908351778089e-13,3.180345864934787e-35,2.0409001723569274e-6,5.8958950056870726e-12,0.003247357584394518,1.878356980670988e-43,7.77384666948084e-173,9.718759765774135e-25,2.2045195776110397e-104,7.007357665062657e-98,1.0775467223044775e-128,1.456338544127337e-98,1.3032261643489792e-89,1.6988844312067656e-174,3.0289521321483746e-83,1.0226743517483368e-172,3.416645941617751e-74,5.517210695565461e-219,0.0,9.239460065792315e-282,0.0,0.0,0.0
2.552473973900198e-91,0.5181204463370468,0.4782134177025702,2.7775688387606925e-5,4.16294828961685e-9,3.19548965146223e-44,2.427286547764569e-13,7.248026893133419e-29,0.002474763249388393,0.0011588057819263793,4.787077489523198e-6,2.0123565928144604e-22,8.947381310813683e-125,4.15851189388557e-42,7.502164584444019e-102,4.869658873534703e-79,1.0525957050225368e-106,4.496865902116392e-105,6.698153588531005e-64,6.566488163409518e-110,1.6587028611799186e-67,7.875096395696712e-164,1.9413130775321902e-72,3.583607739244777e-186,2.0339137761517558e-182,9.074008326239536e-272,0.0,0.0,0.0
0.0,9.397414013609862e-15,0.00034989579138725306,0.8798372406754579,0.03146622709921124,3.972699327170728e-9,0.02770634654061165,1.3264958050934032e-8,0.015163850970859325,0.029531100577125057,0.013836777360301181,7.598472115002753e-8,9.185111016173592e-13,0.00210037515971661,1.8769443979090444e-58,4.753826128325485e-89,2.4693770666342074e-69,6.331029891276847e-109,1.3130451856800122e-109,6.4059237709818035e-15,1.648839108977693e-9,5.09925819309987e-51,1.0653222207051617e-76,9.710025248677592e-58,8.090953177885099e-6,2.251789517101334e-185,8.705973149642217e-299,0.0,0.0
2.175980070479782e-125,1.4501570066905928e-7,0.25842869981893135,0.4211630755391649,0.28979608677035007,5.17467997920728e-7,0.0010319864090609912,1.015138991857831e-43,2.2033294713774297e-12,0.011289110289334164,7.830006031432686e-8,1.5157097766002002e-56,2.236666190605477e-72,2.667157543140376e-60,0.0050957644564211335,8.075364568099574e-21,0.0018191394189560918,0.0032950508266090636,0.007679830780670524,9.604609543336292e-134,0.0004005149045393926,2.813840995130455e-43,2.9262856024063677e-37,2.6941465165359236e-145,6.669000350709985e-119,5.784269608004128e-206,1.218890925690703e-263,0.0,0.0
0.0,9.475300995479898e-5,0.0023254302116782013,0.7014266621188251,0.2932847683774413,7.815536231792469e-7,0.0008174893225662856,0.0008265090477460836,0.0006021903605328631,8.841624657387544e-16,1.4921835489224626e-29,7.129990671562732e-42,1.7528206515984718e-44,0.0006214159976313241,4.317327589273357e-77,4.840324929028201e-202,2.447481200053655e-100,1.3413451921875476e-115,8.652185012599998e-210,2.6675478306485723e-84,9.976936269009866e-60,8.701692589562417e-72,1.4594537302970964e-117,2.202518767966348e-126,6.541639123414987e-24,4.968465681115736e-296,5.0e-324,0.0,0.0
0.0,2.611965759797801e-69,5.383941609892538e-54,0.07305100106810906,0.6763739796395153,0.22180128750590503,0.006440511435764236,0.008987666063827194,1.1599047861078995e-9,0.006764296088620537,1.2470377371014223e-6,0.004106651641265118,1.4061376300143954e-13,4.184921988019546e-6,0.002468732961171062,4.429084474870621e-98,3.5479908315128374e-55,3.0972737718950862e-27,4.423049344473803e-93,1.5959327439224343e-57,2.4871270843919707e-71,1.5290038755527016e-53,1.0192428862281696e-65,8.213862373583871e-52,4.404760518383028e-7,1.4762224473438716e-144,1.68603595960517e-149,0.0,0.0
5.799180376291243e-46,0.9068338947149068,0.09308341876363457,3.810633837292147e-20,4.903698123713851e-25,8.268651234268084e-5,9.116044429071965e-12,8.778937550281381e-23,7.393778306360781e-29,1.2223036103116757e-27,2.754541066725346e-37,3.670151956357999e-103,1.1275320183785116e-105,9.899867878811549e-36,2.669410206395424e-38,5.4187016069363825e-98,8.070676621912903e-77,1.5869697340840852e-145,9.317844850353256e-75,4.4771651009784e-78,1.5204752257568962e-95,7.847229329910728e-121,1.0026466655139e-105,1.517381726170329e-51,1.1615502683283666e-220,2.431082515803518e-274,0.0,0.0,0.0
0.0,3.875128525094441e-175,7.852940157834917e-158,1.217060479637828e-76,2.5842879422929624e-51,1.3428473191080977e-46,0.04865291945082472,0.5808469292981827,0.3504969026920642,0.01301601595085873,0.004044802014150598,0.0010119413421919132,1.9974993351123475e-12,3.030786205026423e-10,0.0006462431838582577,6.650576254333263e-16,0.0005336370696526589,1.5009002659616703e-25,0.0007506086931394327,2.5187439080609807e-38,4.611711821121961e-40,5.675236716279949e-77,2.576995196493725e-78,3.485230622208811e-50,4.1403890092062564e-29,4.601707659930546e-20,1.5406594678702645e-83,1.3479370075737784e-157,1.451793614645621e-119
0.0,9.730265209830398e-171,1.3800596002906507e-212,1.5580934959388934e-133,1.063901073031503e-61,4.771457982707983e-93,1.00610620986011e-29,5.34880623888567e-44,0.16459839285879765,0.5176536528801186,0.3001766058087519,0.01213686468739227,0.0023076126773652937,0.0017516768892551033,2.7039602781502616e-40,2.844736513736274e-34,5.105133701601238e-16,3.7695275171968866e-31,1.5085284497384407e-50,3.0714792887932795e-45,6.652885491511588e-27,9.12735496241251e-111,1.6334378858937298e-5,3.998141963279843e-64,0.001222096470819658,0.00013676334864018912,1.6688687895615403e-31,2.0347055423551883e-126,9.605068222033905e-87
9.825143963669547e-177,0.03461253709907423,0.8510789170959049,0.10256607865163342,0.004233145260027006,3.6945235259078894e-8,0.0009937557040676408,0.0017070924090215713,0.003772234292150074,5.8409254181341025e-12,0.0005348418713695485,0.0003797207095374199,3.1536141720445647e-71,0.00012098250653562424,2.415754404569106e-7,4.158741620149998e-7,2.261209695267733e-49,3.2668605170634137e-68,1.4020930076809424e-50,6.158903621831962e-53,7.674554608286855e-30,2.467806507573977e-79,2.3991002640697773e-50,4.9204967969486783e-76,4.188200102970393e-141,2.0313301672171287e-148,4.6895304462572805e-306,0.0,8.953869295515655e-299
1.0,0.0,0.0,0.0,0.0,0.0,0.0,0.0,0.0,0.0,0.0,0.0,0.0,0.0,0.0,0.0,0.0,0.0,0.0,0.0
3000,700,2300,2000,2500,2100,200,800,1100,600,4000,1800,1700,1300,1500,1000,400,1400,1600,300,100,900,3500,500,2400,1900,2200,1200,0
200:3,3000:27,1900:20,700:8,1000:11,1100:12,2200:23,0:1,300:4,1200:13,2000:21,2500:26,3500:28,800:9,500:6,1800:19,900:10,2300:24,1300:14,2400:25,600:7,400:5,1400:15,1700:18,4000:29,2100:22,1600:17,100:2,1500:16
