40
0.44245841520648543,1.9660459318600012e-66,0.026784217159160368,5.532501215311237e-6,0.0013258832549112392,3.7454484905111385e-66,6.67649949882363e-70,1.3140548128948454e-135,0.04642934408402946,0.02546691098763638,0.05291363987979848,0.2580338568208098,2.166943479649728e-66,0.07564890054753445,2.158362567276289e-6,9.818497067825011e-69,2.172390269343798e-94,1.0918242239876909e-16,1.842665529594548e-64,0.001873955898214453,7.510274067420063e-19,3.167186533177612e-48,4.991854720644327e-22,2.017073278698743e-64,0.04396688321171802,3.701884071723253e-71,0.002273855567739805,1.839046927391336e-66,6.186703474864115e-5,2.1009310360915482e-66,2.8707225237776886e-63,3.374004239287097e-8,2.5723559038507793e-14,0.022580220896114434,8.878532044738813e-19,2.790834364679919e-70,1.5523256259150601e-34,0.0001599644485914253,8.768069251564145e-6,5.5923294054700275e-6
5.019499680239518e-40,0.1845438760962473,2.9977178746012793e-11,6.0996609275014314e-5,4.370294018713581e-5,0.022456519645184313,0.021945517092427713,0.00014578242056115123,5.624178297452032e-32,2.0481494809470787e-17,4.987105287167344e-63,4.7014866390818834e-14,0.036839880236058574,0.0001559604993792214,2.6987948883943547e-81,0.45437658134090686,3.424217956404427e-5,7.878966411809851e-5,0.11447991756227885,7.167222930798234e-120,1.3043166644288995e-60,0.0002051198352033806,7.903018061033224e-10,0.012026572807043893,3.419032320861786e-167,0.0042087816237939045,2.0327104747466533e-7,0.0016855244384173507,1.1816759955668106e-7,0.09562439397397733,4.69360845907432e-5,5.1622250309648495e-11,0.00015225040262202642,0.0003617252075664179,0.00014825775528670186,0.047457611265441124,0.002509264055954467,0.0001012174425012147,1.059899160299231e-100,0.00031025651081800554
1.5840981769830143e-9,7.971792664578921e-25,0.3051875329065039,0.0015230506960258363,0.021003872582078725,4.723706203561354e-23,4.233928219558772e-23,0.0006894252885080262,2.5211651381165867e-5,0.04662442255796023,2.0225034453731132e-43,1.7493253198496933e-9,2.8580843302686176e-23,0.004355050509795762,2.1440755406455614e-11,5.853640716707822e-24,0.0030838024927678713,0.3451627666380376,1.4381216017369179e-24,9.203403427839703e-7,9.589855007547367e-11,0.0007999356343949559,0.0010542536491749846,1.900987789105702e-24,0.010294910165019228,5.520257933708575e-19,0.07676689454995071,2.8859970493582104e-19,0.06466123645633082,5.690880120791477e-23,1.353854922987158e-13,1.599369523502481e-8,0.0034557680600795448,3.866861088787559e-7,3.6611841014737396e-14,5.705936895662608e-24,9.164971477324867e-12,0.11530833645273089,1.859101735647591e-8,2.184637995679218e-6
0.0053946421708803895,2.9875091214822065e-55,8.51761091221674e-7,0.7350259671933355,1.0531614518197062e-12,9.313219102062369e-56,3.817646155512585e-59,2.179553144596134e-78,1.975598283148173e-21,0.00019815439940805643,0.006512931611748153,0.0001700694890663571,1.0942967676998774e-49,0.08509641913628782,0.037111284651419656,9.083374944819673e-57,8.718369570542965e-52,2.038567146698936e-44,9.181931245096255e-44,0.021468797261647698,2.9239248715742728e-18,1.498213704262689e-32,4.192195334720604e-30,1.1951341893675469e-37,0.00437359729049161,1.9270761078762474e-53,3.2234034002721844e-10,2.6758183749813472e-49,0.00046871401771584925,2.8725888857784595e-53,1.7927075668784815e-43,0.019222402552346845,9.76166454748914e-38,0.011970357217501178,5.531394729494772e-10,9.74903347395717e-55,3.042859418363217e-28,0.002931662275854121,0.0006878525391642954,0.0693662955555084
5.877237122483168e-10,8.980603351338326e-5,0.04735093553681267,0.01117534033023276,0.06587501311967757,0.0017901465439963543,1.746130098227967e-5,2.321845723722742e-31,3.504168336739513e-9,0.255969164422198,3.7012190345892125e-50,2.9275797860771226e-7,1.739771946968213e-5,2.174665481184045e-10,6.043453845095e-10,0.0011543443839491163,1.0053512521681556e-40,0.06468479958386654,0.000521992993668351,6.607827575116363e-43,7.664883812818485e-10,0.02378188625182093,0.02450406497237293,0.0011280187690594107,8.135469325454478e-29,0.0033054498959932273,0.054942282779254406,0.04893870771568696,0.0010325415274425253,0.0006284998775680731,2.793013336992149e-12,8.103770646370227e-6,0.22916205313897775,0.058040260133770616,0.00015082506039289898,1.97836273254315e-5,0.041640175690762345,0.013516966848825668,6.405407948504204e-60,0.05055367953076979
4.2721057453976815e-40,0.3624822456495418,1.0192004617665573e-11,2.5857023980749098e-5,0.0021821978752544074,0.06336488853610914,0.013785372995525551,0.0006046458645282332,6.799487780194838e-31,5.0149074911348864e-17,8.365100033989482e-57,6.628371719860514e-14,0.03207281606737437,2.6144079262636164e-5,3.0002146071944394e-79,0.16617704437410777,0.00026582268747303735,0.0003318179438592632,0.002226822406037544,3.827626673134073e-115,1.0124265870234203e-56,0.0014135298713740276,2.4494760057987368e-8,0.012239199732551798,3.0003301923238764e-164,0.05331165589056283,1.0239890240800541e-5,0.0025267213540504075,6.516386040632613e-8,0.07434077096585287,0.000537990056635618,9.39808378874033e-10,0.005483884795843668,3.187386612710095e-5,6.464930904825244e-5,0.20544589098163474,0.0003863058163919862,2.3276323404939688e-5,1.311429380725187e-92,0.0006382450345393302
1.3412251129660933e-39,0.06766187265850264,5.489139336088458e-10,1.264206492505482e-5,0.002229772176283259,0.018964874228860715,0.037677854411543005,3.31877569222074e-5,2.3184703221975846e-30,6.1999275440215255e-18,5.781903106392631e-52,3.008676457913592e-14,0.01241357285090823,3.79250475921153e-5,6.305166713217333e-76,0.43155411140310446,2.5571187436593237e-5,4.2441476563501e-5,0.007537157749317921,1.3617115370460226e-110,1.0754127964262378e-55,0.0016993680992886868,2.2673130068892707e-9,0.002187911245034281,3.6193287705941747e-162,0.00915821931985942,1.582006701145288e-6,0.004713110675511531,1.5538597203083419e-7,0.16785523178618042,0.00035389008178112824,3.4616325800213374e-10,0.0003748133767233847,9.911506156677943e-5,3.193984265130569e-5,0.1572243363817429,0.07782758904589927,0.00019842780093588062,1.0012220170477382e-66,8.332371577185735e-5
0.0002687993537483742,0.00013195381998892493,0.002756699269098532,1.0477918785056093e-47,1.9351045144356375e-6,2.3217490919206326e-5,1.0092366254027805e-5,0.11016231713687845,4.7843789898147495e-63,3.133408428081994e-60,5.79596734964142e-194,9.935483731750273e-74,9.174376609889867e-5,1.5202777585534994e-151,2.3670019857641285e-151,0.0002904597832584832,0.8695002884861386,0.0032083860550025174,2.1789838796693562e-5,3.803288006585126e-214,1.1828508946371797e-116,0.0036096158230603543,0.009763247749760163,1.6552138679062667e-11,1.2030097907098455e-199,1.9016237793469747e-7,2.1447997254796264e-15,2.1680690152403036e-9,7.404349062405155e-85,0.00015817786190865796,3.8587938985484714e-33,8.380996761035307e-52,4.064088536043774e-15,7.509788559474536e-90,1.7983798978682534e-43,1.0837475683378644e-6,2.329865580498169e-19,1.6984311712743364e-26,1.7355106444606287e-176,2.086237555218326e-33
0.023269002828166303,3.8963380283217367e-19,6.837353753465346e-12,5.1940132191182084e-20,7.631353189623913e-6,6.800487897161236e-19,1.4683617768488633e-20,6.446375463917375e-108,0.9095932298397111,1.2253451185423225e-5,2.5411504853256854e-15,0.0459579268236673,3.0332552691149608e-18,1.3899277896700456e-24,4.1321534543483895e-9,4.654581115829534e-20,8.908971700697568e-121,1.2617602092777757e-8,2.945547330805326e-19,1.0329040297695393e-17,2.49041830492435e-8,1.3908176574748878e-13,7.626668381963131e-45,1.0400420729132277e-15,1.100097712532104e-8,3.557347156972256e-20,1.3736713897875837e-6,3.389334967497431e-24,0.0011257813221359522,8.368217363055118e-20,6.481071324039502e-67,2.4453555169195882e-8,0.001356803549981377,0.015178561146055166,8.906198948722242e-21,6.683876466486911e-23,1.2066836545408346e-50,0.0033830707465873386,1.8832793189077674e-45,0.00011428815247966475
0.013888044975165669,7.040297795131037e-28,0.03543688454968668,0.07936319445869626,0.004028026524624917,1.7892926888476964e-26,1.6120434851308354e-28,7.669543756140204e-117,4.845011440181126e-7,0.22428557930101878,2.0698213132730956e-50,1.618996990789718e-5,1.0598006676418924e-24,0.014817266947157728,0.009070905905118073,1.2731319424661175e-27,1.1265166570378783e-137,1.7416299564266134e-7,1.3750830741925453e-24,0.028564663207143067,0.001657154598330412,0.026820448591051725,8.1207833423249e-10,4.570078561812062e-19,0.007657000943566817,9.436631350779937e-23,0.026997100571606522,1.1852019059588714e-21,0.20467437939551447,8.745267306235425e-26,3.3308701627293805e-16,4.351610827503871e-7,2.7395724173305286e-6,0.18842965633382489,1.5691886374396165e-11,4.43638421492274e-28,1.4595714160288495e-19,0.018562649446140368,0.0030176166601885326,0.11270940339584691
0.0069361907133595945,7.2862363249950976e-127,0.004386501705673426,0.02037583095598426,1.7088336434489628e-70,2.6497124257909723e-129,4.912726713024923e-131,5.69149402838922e-130,2.2813684301016518e-34,0.013767081833131342,0.7270092294922105,0.0006250744407548231,3.970795517167442e-130,0.026286292335207927,2.0660697820773206e-64,4.759009596229048e-128,8.148635217801427e-149,7.131251316460516e-86,5.433899208156665e-129,0.04604669493383625,5.228677293941115e-71,4.31308567242423e-149,1.1502508091957003e-51,3.2282676439144208e-140,0.06730591221073552,2.5219077065720687e-135,8.390041908169974e-113,1.5400002149583928e-140,5.936323094306332e-38,7.94848056270032e-129,9.539782327968134e-140,6.720749064395311e-85,2.738533901356805e-113,3.1569815440067445e-24,2.8940399022232227e-46,5.113124809526486e-132,8.332611029163075e-39,2.087297128214691e-17,0.07124138512835472,0.016019806250751514
0.08038009285279499,0.0005241875611931805,7.505268097535086e-8,5.928793286417298e-6,6.202059446844659e-10,1.229578722577463e-5,2.0087100749772993e-6,2.1771556483559105e-24,0.009216176138938862,0.04923642022651056,1.8870166640575502e-17,0.4002836864932598,0.0006353134451016797,0.005482699604298451,0.02916725672866039,0.0001412934613245766,4.444250712061468e-48,1.3508008364783015e-19,1.858808180101424e-5,0.006125633809942788,7.731762505236119e-5,4.420133578767513e-12,1.3906813622129186e-40,2.879110046916685e-8,0.04385471435826955,3.0912001856956665e-9,7.210699882236791e-9,4.68625922631496e-10,0.07214946550947603,0.0001320423821662446,8.660448366439174e-49,6.67992451137246e-11,1.6352815405353711e-16,0.12376546714732771,2.260805854224783e-18,9.846657365344194e-7,6.082078659466473e-40,4.384151424915311e-12,8.05970775400486e-27,0.17878831130744102
5.664914838620337e-41,0.16892315547838316,3.9538581265901485e-10,0.000228424721413715,0.002098765707194981,0.04809691872119538,0.08097411512632703,3.7858890106136125e-5,1.5387157132579372e-31,1.090624913254598e-17,2.2404380468415604e-50,1.3282471373006121e-14,0.19476484675637293,7.514969790182605e-7,1.1984575928132584e-76,0.2345571912686308,5.6488378792834906e-5,4.243593910682548e-5,0.03861985517081831,1.4744204975268032e-109,3.378724050410361e-56,0.0037227684119224514,1.1680260801549374e-9,0.013211928780891847,1.4477852992474997e-163,0.03667809822333322,4.9367461744942265e-6,0.014188289455316213,2.585247332206212e-8,0.13796975630256608,0.00013218923036769628,1.759988115582958e-10,0.0031965918286116094,1.7012994777903805e-5,2.0549996472328916e-5,0.020181673237087368,0.002174842488408044,9.766503830697029e-5,1.957659692475225e-74,2.8620185452539868e-6
0.007159455987173853,2.2359369897781348e-210,0.010551533784737258,0.0806116834431057,4.463420406084366e-26,4.674461263638898e-196,1.3476119837692948e-162,1.692364723075154e-249,1.1785902321644474e-6,0.014106669590343979,0.004285014349852984,0.0008953072820368258,9.663554432380419e-167,0.7187535899326061,0.008894901272871006,1.3572318039254154e-233,3.415693719939285e-230,5.232694787688843e-25,1.2021066132290897e-192,0.11216379874857216,2.6204858300862126e-28,3.637256018309199e-48,3.3373730647208957e-40,1.907641334921004e-80,0.0013363051765784256,5.511027781806764e-196,2.5302767736349095e-19,4.623309277506534e-131,3.693200490958703e-14,5.37444664920062e-191,1.079350502677706e-94,0.004785193247177679,2.2488589891171822e-20,0.01852584770736766,2.9498828203013134e-13,6.649073476211214e-221,9.761602448646973e-33,1.0844697921432398e-17,0.017929476188047667,4.46989646048986e-8
0.0012471440595162118,0.0036109848180346875,1.6223956457461061e-15,1.984236780810812e-25,6.454322918796886e-11,0.00033798691193479187,8.730761673371238e-6,6.674264595440753e-98,0.00022722739343447178,2.5443701313319246e-6,2.21538269922788e-5,4.288433176815556e-7,0.0004956323039784828,2.1723543204253832e-8,0.514769399175241,7.331816610225399e-5,9.506907547290429e-111,3.702372975479559e-12,0.0009590337567627015,2.0318115378084817e-21,0.4738022034363143,3.5737244015986664e-11,5.576978466422584e-41,0.0028090378197737414,1.5541588246690425e-28,2.204923189992484e-6,3.108567509234528e-8,5.254884502865513e-9,2.521736647115485e-5,0.00029036932989539243,1.071695896064723e-63,0.001312868510715712,6.838189166282616e-8,2.639274155248735e-6,3.6950367817342526e-14,7.484023451917208e-7,4.606953204778739e-53,4.232825820160084e-17,7.099098324680834e-50,4.0781596839628325e-15
1.3116194789594207e-40,0.11277832246608929,3.2787045491229954e-11,9.999654539849882e-6,7.325623176979326e-5,0.11224263197405619,0.0026399699559611616,0.00028388511825752497,1.5171584925893166e-33,4.5069150392739015e-18,4.3491488925594915e-70,3.3339264299119233e-15,0.06911656438718845,0.00013696560476843603,1.0732639794442197e-83,0.29804605562923636,7.098392387016648e-5,9.201969975014207e-6,0.007830317783882474,3.2892020873303446e-124,2.768139404080899e-61,0.0002716952097759599,3.19613541569941e-10,0.005572576806439693,1.104459349330059e-167,0.022030828564822892,2.345157290150487e-9,0.002056848844909416,1.2940559787482979e-8,0.23992277865794553,0.002063340473510812,1.0715310524145612e-10,2.1535722852380044e-5,8.28385355797009e-6,1.53644834514622e-5,0.11498014078417237,0.009740375779805747,1.1909113857901904e-5,1.2253266018495636e-112,6.615126002916821e-5
1.7471505026023874e-19,1.7427937423796958e-5,1.0756183521775581e-5,7.829147672515332e-66,0.0011365192022320606,5.661477537769832e-6,1.4820223551913837e-7,0.29165897659612877,6.485703939930559e-81,3.2093906349869612e-74,2.6434354070728385e-217,1.7579449920490027e-90,6.417323706434784e-6,1.7554956785942107e-176,1.5739694650514303e-153,2.4060904977065753e-6,0.6983061778351694,0.0012492876974902036,2.0850377495135637e-6,1.923839589854897e-243,7.688884049870392e-143,0.005661327222350007,2.146944873345307e-7,6.015564532495727e-14,3.714630958648517e-216,9.751751725373701e-8,6.635984791496443e-8,6.929132696757113e-11,9.383522709092897e-103,9.377608151911385e-6,1.061178042039874e-32,5.23355553995974e-57,7.277409175341214e-8,1.7064135218223532e-51,2.5821788001901203e-50,5.5525212122374804e-8,0.0019329246452972264,1.482354375168524e-20,6.633146435894867e-199,2.1859933200905498e-46
1.1522922476047027e-11,8.570283438780345e-7,0.06783589971397962,2.33250429999589e-9,0.022468165755584305,1.1503251458818994e-5,1.1188461003007087e-6,3.6249947724206966e-17,9.712967128903463e-18,2.4977861952659367e-10,3.8288629068794243e-50,7.525125527822216e-9,7.699557977365836e-6,1.416752008258774e-13,8.52257002051287e-12,4.998395705273773e-7,1.9053996570402942e-25,0.6270592452977882,5.627182723859831e-6,1.704530670483462e-56,3.248175958416569e-5,0.05320313035795957,1.5386395735823295e-9,0.0002992724819636166,1.2173852768573882e-75,0.00029040117165945355,0.06602902206484676,0.0009910865093782088,5.045459270595929e-5,1.9143413076984884e-6,8.37427692565202e-12,0.00022095709437752568,0.10954826956868986,1.3199089665707599e-11,3.879242850095807e-6,1.1943715720982528e-6,3.807172510991836e-9,0.05193730440572261,1.577424048367244e-50,6.887438220838241e-11
1.648380444234703e-39,0.20531618763789589,3.2432507915473604e-10,7.436126494600917e-5,0.00026379386796556147,0.005215549623738269,0.020245993414315704,4.748309589388502e-5,7.041884376390996e-32,1.421377593287983e-17,6.0067084907402396e-58,4.947879903883622e-13,0.036687024369261634,0.00018059804811826447,2.3065783555228293e-80,0.39461385117686704,4.598154312686845e-5,0.000320657100042279,0.022752958544851733,9.735684123162205e-116,4.44097999487889e-59,0.00101961474966916,1.510496055814789e-10,0.07783242894328118,1.4044769303501492e-165,0.008270470597257272,2.503378339810188e-6,0.0038937072180823666,2.231816747483684e-8,0.025272105860287573,0.0005998926889010404,3.560303313241484e-10,0.0008405240162860159,0.0003830893253430613,0.00031070317015654923,0.192571390693081,0.003084837805524233,2.2637346094841005e-5,4.7941612167661316e-92,0.0001316313706054459
0.04294536975610015,4.388436617310763e-274,0.01336002126127221,0.016704572852774772,1.2529792572183615e-41,7.484931133525744e-272,2.849060091731402e-268,4.0620687659812556e-91,0.0001325611804389038,0.00015069582959783824,0.02356465854723397,0.004349831932879939,1.500904071520454e-271,0.13055877545119043,0.008758482513778263,1.0653276828733705e-272,1.3982169854715866e-216,3.4034571553633016e-96,4.166377749970253e-273,0.6353426002298687,1.2494558823421606e-22,5.8433590111429235e-112,1.1532412482356913e-87,7.293540192941764e-254,0.013683742057860078,1.4556840968910441e-246,4.885586856638789e-49,4.599979385660657e-222,8.317423965783736e-55,2.3090118958148074e-271,1.4076639406880776e-123,1.8381738326637506e-12,1.7668848134416843e-83,0.00791505968885785,1.3273386854816527e-15,1.4654935080495823e-266,7.88678244734173e-37,0.00024886493810728034,0.09732325400366532,0.004961509754534807
0.0021115812171557348,0.00287362935137657,9.205572943996507e-24,1.5712151180864905e-27,8.660838656935153e-10,5.715008515151427e-5,6.278183514496677e-7,3.744358371261081e-141,0.0607771223248203,1.365528466429645e-7,1.1194095257895007e-64,5.547967877852434e-16,6.611044027803307e-6,0.0022206859496261616,0.5874995784380985,1.1031038771792078e-5,1.0021808224282968e-164,7.164255855558828e-9,7.692351301042827e-5,2.3340936381612747e-39,0.3107241097747707,0.003922610315531436,9.430041177838427e-43,0.0010266907549966885,3.904355171678058e-71,7.29887776233879e-5,0.0004448929540079444,7.943894836757673e-11,0.010627905860625063,2.552204182703393e-5,2.6198091295575123e-59,0.017505017629740247,1.5096875351202565e-5,5.656215998136613e-8,6.82490868794605e-11,2.294210098503526e-8,2.6161209912284435e-56,5.9362446458643055e-30,4.853825807109885e-79,3.783747807597503e-22
7.473129067807304e-24,0.002892361229294423,0.001211335125045873,0.0009470485905843015,0.007965948780173916,0.0014960887755451437,0.002704571810521331,0.006784401168381443,2.4800903111512254e-12,1.6470844912752176e-9,9.208429836756092e-71,2.864469517125438e-20,0.012921562934457688,4.673150879924389e-58,3.7253810176513277e-14,0.0026050868059274953,0.0013345471976331147,0.031944073885905956,0.0026307802747861223,2.1624958965870635e-87,9.487831615949779e-5,0.859728808582218,2.0690309568350288e-17,0.0006199837145939279,4.9809411160872344e-123,0.01616946731543238,0.0037307845285500453,0.006721526370626279,0.00528519719247504,0.01885951375491815,1.6096681400068919e-16,2.6350819179362677e-9,0.008427019691076188,0.0010216411417855857,4.384477850799264e-7,0.0023990208923731333,0.0009333200173261553,0.0005705891715134115,5.942546023483491e-82,2.2646825298094006e-13
1.879852051189118e-29,0.0006956036125879663,6.878695238504584e-14,5.373775510622663e-24,6.137193411895654e-11,0.008555638211208878,4.2071068246782545e-5,0.014708703160170908,5.174779039338948e-27,1.241229373482608e-19,2.246039097095465e-79,2.6384304484828068e-36,0.0048389711672501695,6.134557283311199e-29,3.062481221229237e-53,0.007118450651509963,3.939026846949208e-9,0.00293547431947425,0.0012043853219352997,1.1609430416552836e-60,3.2096865245693225e-60,5.500231917134787e-8,0.8080115099804558,2.4913591660712974e-7,1.3175971430402044e-84,0.032863570052632095,4.3301474786823485e-6,0.08445035314286528,1.345969961053556e-29,0.0026188016930750696,1.8341692119395297e-5,1.0237966765899848e-9,0.007277456450897481,2.5253100419948024e-41,2.0815577678261133e-5,0.00015425287177858228,1.4401347776055325e-13,0.024480961715990967,2.5298244230466822e-85,1.0088682321678052e-39
1.0441305457822953e-42,0.043602916233640515,1.0431451749964006e-6,1.8387456259366138e-11,1.7565836207881247e-5,0.0034048156189510166,0.01824165798300592,1.474741205971045e-13,1.9128192962059843e-28,8.727249711510336e-16,0.004226941410146889,2.9597947979255272e-18,0.15401806703037696,2.935002790787205e-22,9.161879183887203e-64,0.10519410438283874,2.4976602028594248e-15,0.00659406483421625,0.023710717113828064,7.409913244284647e-68,2.0480253686813687e-42,0.00013318689714635708,2.7315539405461025e-9,0.022464376555990786,9.111018347286864e-142,0.08352389194375956,4.282369447981835e-6,0.1569318133647094,1.1006241431094167e-6,0.15008765914234948,1.5924585293110424e-6,5.790002301038955e-13,1.0090761253197247e-5,1.5829010489107874e-5,6.647305346901509e-11,0.22348945077175825,0.004263586070567934,6.12436185555135e-5,4.132982939608911e-12,1.63571039978541e-12
0.02170120406115446,1.0024269518555912e-159,2.6524018596884475e-6,0.002394858104789283,5.863596870203145e-56,4.2152462937788214e-161,6.140375418315343e-163,1.3387988064404881e-107,7.525138818497588e-36,2.8631694968381563e-9,0.1159490568183983,0.008701026374193977,3.982474335395226e-162,1.9462785189841e-12,4.948330265261369e-56,6.473229110206044e-161,6.445624571501824e-132,6.510705567186783e-87,7.789166274848135e-163,0.05089995763797977,1.696262335865769e-99,3.0850988204444875e-96,4.0422264611511147e-88,7.57812658999186e-164,0.757796144722091,1.0547959388124222e-167,2.2042355785101326e-87,1.8597331470824726e-167,4.088094759274607e-61,4.55854310262856e-162,9.990538365773496e-137,1.8359999578657543e-93,9.22355273936546e-94,1.4204915182176088e-38,1.6713114050143227e-78,3.4392660723020484e-164,4.374101280995422e-56,0.0036585900629349795,0.03246792667633603,0.006428580275146696
1.1288017681831982e-38,0.0011265109825657161,3.565221173104996e-9,3.938594671065351e-6,0.052955021893584565,0.06985434911272029,0.004707321157927882,0.0005214950781490503,8.031846412938316e-33,2.8870062568024152e-21,6.098377234415623e-63,7.143596646886601e-19,0.12506504376051766,5.846218782443805e-14,1.4266208845315104e-73,0.02227815450527493,1.5681674041357825e-5,0.053624453896965074,0.03500262143306319,2.433691119531145e-108,1.4315695191518284e-53,0.05079519531390943,1.5272480221618836e-6,0.003220790795010181,4.246081060601128e-153,0.25857374997219557,0.005793560421772795,0.016870479052724784,1.6111912310238364e-8,0.19133052247228038,0.0015156431269835707,3.711915948444531e-11,0.06046121684463516,1.9508056178241452e-7,1.0750430903797885e-6,0.007686752289529664,0.0007857525573010065,0.03780892795857368,6.638306859627243e-88,1.9617452193910133e-11
0.0029160312873825114,5.778635471348185e-5,0.012648998366405493,0.0019357792165587,0.008911295423956534,0.0026006309812578667,3.792188716003307e-5,3.4281556727003854e-17,9.688777145860466e-8,0.0053067352769790195,7.698464289115224e-100,1.366386974905002e-7,0.0013092099288173717,0.001211938342103383,2.0682671364320533e-6,0.00019638965865315542,9.504285098128944e-32,0.012606407897918014,0.0003066540723741066,9.460226682137858e-53,9.059098073645092e-5,0.00944281891452014,3.4435373466604305e-13,0.005144262321375134,2.037212949238846e-28,0.0002250503127554755,0.8566134846395405,2.124102740055801e-5,0.043041421500515854,0.00035243696048660613,5.015794588064495e-18,1.923587953514515e-8,0.03315392125751441,0.0008203062838504528,4.419250938183889e-13,4.612066096837808e-6,1.1242013177841512e-7,0.001041641388125031,6.447477257425429e-116,2.023998711385724e-10
2.495377749152708e-44,0.0056317526386067485,0.009234108356169515,1.574192418873023e-13,8.021431530397618e-5,0.002092649425046405,0.00044624832405824834,3.492920226673865e-10,3.810716669517582e-37,6.304628111201587e-23,2.5672872533682446e-46,8.684975609057416e-29,0.0031154663496919645,1.5950595184996368e-29,1.0014946774256262e-72,0.00067656324683649,1.0325310090743716e-10,0.005960375441469325,0.0003478872667249692,2.2511416940702247e-100,1.695354198004623e-51,0.0005815153695970654,0.005739278032891407,0.0009984249018042115,1.3639326847798536e-154,0.36941980309668054,0.006794428451233461,0.5715769865958099,4.139013942388996e-13,0.0020650522273765147,0.007841079120434694,1.0204784776569278e-11,5.897329107336739e-7,8.752796088458969e-14,6.810114880768858e-9,0.0002173646454068342,9.358069814503386e-5,0.007086624490278281,2.711195549559262e-60,2.39073035225104e-20
0.010045624047260776,4.925536154782338e-6,0.0104651036202171,0.0016037769606979506,0.0014758622916167185,1.685242858134082e-5,7.486837443086384e-7,7.125388723201012e-88,0.002841638532025273,0.08642437593822645,3.0625047104531835e-77,0.0007826763530317087,0.00038420507867546934,0.001653926545232992,1.3079288202445973e-13,2.8997573119363712e-6,7.9617826923971725e-106,1.6189113436503841e-6,0.0002808627838166589,1.355072602325365e-23,2.768994350006224e-12,2.2780123524828413e-9,2.9449650395250623e-28,0.007527556456682991,3.255741972107109e-15,0.0014550475760478692,0.05530246845957268,9.780262292171987e-7,0.8072115220728165,0.00044420496655957496,4.168938710890822e-34,1.0289925648539855e-7,4.709640251386897e-5,0.01202398358678044,1.6895532698190104e-19,7.611474317612617e-7,1.4475045466239608e-10,4.984187866997825e-12,3.4482940202366144e-88,1.1785075213606115e-6
3.8479587850465525e-40,0.005661717814611416,8.014362552436763e-10,0.0005301159273716841,0.0012250028779077064,0.012989346789324657,0.005061569605173297,0.0002827565029869057,1.0408914568003563e-32,2.9706645453508942e-18,1.6221813375252848e-59,1.2416172583671274e-14,0.14448124377067473,7.107042422159417e-6,2.3237080377470408e-79,0.4489532777721142,8.621953647546671e-5,0.00045313456843872627,0.2634434985941058,8.236249162298342e-117,4.950816486945332e-58,0.001995405483912671,2.1894938874193026e-9,0.009757766326020283,6.196049916462346e-166,0.03747158742234631,3.259096242522954e-6,0.01792691505451889,5.8252667505327715e-8,0.01582676893987292,0.0004944357696590064,6.195380818776565e-10,0.002954433493776857,7.366946615383426e-5,0.00020838844333296737,0.021172486421442926,0.008901712618444718,7.709254618993746e-6,3.019650610899438e-90,3.040954490218558e-5
6.816455434922906e-50,9.12634761853692e-12,1.8706163238419977e-6,2.4318374797022286e-40,3.40558461733375e-6,9.054593772505086e-12,3.8454960299398553e-11,4.050285887395465e-48,2.4707899594770433e-47,2.669865320829219e-16,2.770962902966785e-67,1.8007981941703645e-36,8.550634522996784e-12,2.5674535485704186e-49,3.3697883152398017e-84,3.60918880708678e-11,2.992048684695385e-54,0.03767056967348815,1.3143021692853847e-11,4.508245275292837e-82,1.2550649217725476e-73,4.2645959456919746e-5,0.016567501543446706,5.1035882263108654e-12,3.241092975372807e-156,1.972682786521535e-9,0.0041978560779629415,2.2484327473977056e-7,7.443664263450833e-30,4.922950182884297e-12,0.6052600802441714,0.002617686671437977,0.010429484678390872,1.1637531373850926e-29,0.3115811933365763,1.018997074812055e-10,0.011607443678795213,2.0034893026817508e-5,2.183722797211307e-74,2.0335047396602473e-37
4.6826839939002475e-16,0.001145574079174586,1.968976781477336e-9,6.2296869917755845e-27,0.0016045101200330967,0.015760456631223572,0.0013820118645285551,0.010913743956415995,5.875130327393879e-18,1.0290824042598149e-16,7.900818536269106e-55,5.213805010319037e-25,0.13999738217300897,1.121025465804474e-33,1.4610992695237074e-19,0.10084906643434881,1.461037195544225e-19,0.03908825591350662,0.0012024819918536368,3.498258933434604e-50,6.250458098610236e-18,0.10029762505328706,0.007138798800837623,0.12650811332993964,1.2264624199784014e-64,3.479106515089412e-5,0.19618126319498963,3.9623988639123695e-5,2.933110759664725e-14,0.14526085379640052,2.1861645337735058e-27,0.11230059577528079,0.00026085715502064614,7.398794299655461e-13,1.3567151300615905e-10,3.399257094228275e-5,9.923961894858258e-20,6.865451996887316e-28,2.307794278552098e-73,9.746913696644698e-25
7.987079862099212e-5,6.489995102170767e-6,0.00327188652517525,0.0014449013526819932,0.1900216941042068,2.9726638558073713e-5,2.6183497436711386e-6,4.323149881269041e-15,1.8979779109064472e-11,0.0026422435047344633,3.66093301724613e-18,2.7708617011117502e-6,4.631068008615159e-6,1.8047517203381018e-14,6.960889310821762e-12,4.875489994503444e-6,3.060056271831497e-27,0.5594577211397227,4.937351719306676e-6,1.0305582603972367e-45,1.8113964785114308e-5,0.10894630315003757,3.2242563233100935e-10,0.0027029015743749445,1.5151158422641227e-66,1.0672247203493395e-5,0.04136462991627784,3.987752549749555e-5,0.052565958103038865,7.307750738921845e-6,6.04073713474492e-15,4.655852638078324e-6,0.018250902212678353,1.5121490917337304e-5,2.472575718916273e-9,1.343566452060394e-7,0.0060973506533869735,0.012632404361429707,6.332185520535979e-26,0.0003692968394101354
0.012208489002157803,3.5286733035248993e-10,1.2730946814139162e-8,0.003686000061712309,5.585324268510294e-8,1.1386557844468179e-8,5.834443714813741e-11,2.402209832210397e-99,0.010770411941394584,0.003412439635619773,1.8715340564681102e-54,0.03237830466055375,5.0468054619527775e-8,0.006556324379046837,0.01697937455570651,2.7562434172336838e-9,9.592780543715626e-124,2.176752248088166e-21,3.4995948308964273e-9,2.338796360758074e-14,0.0005221551250036701,4.923076477831018e-10,2.705524208942321e-24,2.692383516487502e-7,0.0032307215388661225,1.1023196240732533e-11,1.4176183942280208e-9,6.521506083148469e-13,4.219619670748954e-5,2.0051770828550632e-9,1.4993550269998683e-44,0.08375057182729272,8.534695268822239e-17,0.7739788219369929,1.466361306246919e-7,1.2149396238407363e-12,3.763614101911679e-39,3.972974622943785e-5,1.574788037625822e-35,0.05244390248436507
0.003349945361298856,9.859010645358294e-6,0.02524765113881379,0.0035314208196638693,3.535728744244321e-8,0.0006521794984610225,4.341712594057991e-5,3.0551461860756954e-57,1.3830316769147577e-47,6.753926312901413e-24,1.8690720583020748e-75,2.7507959221360093e-23,0.00032135366645262667,5.205181565053653e-8,2.534100878504695e-79,0.002735152531455686,3.8718464260847395e-69,0.012914419368181506,0.00028205459312566637,0.008173815622229798,2.073645823550452e-62,1.0586558451190298e-5,0.03926593425916899,0.17746998927941296,1.332033834546211e-140,2.665810879749646e-5,4.011592511066236e-8,0.6853528358815841,1.5758072142902716e-41,0.0008648794677452414,0.023571257837440535,0.0030639642109934894,1.3889501819499843e-10,3.6844998191946824e-31,0.012962427082729844,0.00015003996087799816,2.0610950677918878e-8,1.0300031962242558e-8,7.500919602719352e-83,4.162336476015194e-11
6.563194632158316e-41,0.15493742388739473,1.058547266871796e-11,4.572737197454809e-6,4.43642896476074e-6,0.0028874727891838453,0.008254956603196341,2.266327261181524e-5,4.279564594840028e-32,2.2495937215921338e-18,1.0112671775380235e-70,9.764217687242457e-15,0.23150962098129169,1.195678759996993e-5,4.6095317110128776e-82,0.036097299986856006,1.435220606515715e-5,9.57068294099887e-6,0.1328137739068518,2.6085425824350958e-120,1.3789129084188093e-61,0.0004925226706884322,2.6644760324183417e-9,0.009831216220993247,6.006925346118953e-167,0.025430322461150318,2.7720729391311715e-8,0.003425098619934218,1.390647199826057e-8,0.23342704605903547,0.0006249796189651513,1.1195825221291699e-10,0.00014196040858083142,6.245736975691401e-5,4.40544638153255e-5,0.058035570295137326,0.10180944597298977,6.820252211248973e-5,2.0022435810057844e-105,3.897863245517609e-5
1.4301854802350122e-23,1.2426699414071817e-16,8.889781784694498e-5,1.7912937796128689e-13,6.676758271425779e-13,1.0220739365697688e-16,1.4236203436945953e-14,7.572576435577325e-61,4.018097782008398e-61,1.318353402892323e-20,1.237929940211261e-71,5.455583911568e-10,8.17081144250114e-16,1.7559303594779538e-19,7.742379519921319e-79,5.709083576880697e-16,1.4677530546062029e-62,1.5104613323204142e-9,3.001003810809017e-16,7.050851827580616e-50,8.452803102861311e-64,3.584009789595198e-8,3.1854239008279143e-9,5.166928045123435e-8,1.203648947173003e-84,2.2715114670611813e-14,5.804136336196605e-21,3.345502868936559e-13,1.3407945727842201e-39,1.2283315882963629e-15,0.4992041068956864,0.02085385619206546,0.01476651380231811,5.810648710143666e-30,0.3620080383633451,1.3398099285332458e-14,8.823785882520676e-6,0.10306961569593653,1.5429947957487534e-46,5.4694862175837995e-8
0.0007852223594234984,1.4997750764084652e-11,0.29393309810113843,0.008985771492694921,3.462236875195982e-7,3.0105380264391587e-10,6.418652551525024e-11,0.0022305312476039872,0.004384773086927755,0.002854430955331937,1.0003807745383872e-48,0.004954728369978957,2.3864205341578347e-9,0.002328994563439745,0.0003753143933396512,1.1265076799023107e-9,1.929172847141111e-18,0.004947191261450545,2.821617940673841e-9,0.00044141650431247836,0.009475735866693225,0.00014839119779921548,0.025202280449471898,1.170577418285427e-12,0.0030089482759523135,3.233785927526472e-10,2.9250265850277087e-6,1.5397900841535763e-9,0.025307244562934532,7.580857934368406e-10,4.576678751973667e-25,1.6718016582308047e-14,0.1239115106638255,0.0004197491408833889,0.007371291976743616,5.200740841860389e-11,1.0390886230041858e-17,0.47891762390952874,7.462666676536161e-23,1.2470981019700497e-5
0.023036879603945234,8.158156118340939e-227,0.010559660962798555,0.015654799208195413,6.062009881670594e-72,2.3257790752150296e-226,8.26573490728903e-230,6.358015856860293e-23,1.2439439180098332e-60,4.694197448377743e-13,0.03881054633600222,0.000959441843695323,6.309281378832161e-229,0.000614689077848903,1.0510605614509321e-73,8.82620563725942e-230,2.9270807259352363e-174,2.8314731974415296e-97,2.2394237116288316e-227,0.11563374986479982,6.9103681408746356e-68,8.893526638386645e-150,6.312673230504391e-71,2.6621065005131385e-238,0.025814931055018076,2.588649691787547e-234,1.6070646685857718e-144,6.8216158253596575e-233,1.222822772645444e-89,8.608611737676546e-229,6.292701362241207e-163,0.0021219087902328865,4.538216571826812e-112,0.0030973317981257123,5.468321810298686e-16,5.538861334326228e-230,1.946307527310062e-65,7.611995416838607e-19,0.7636959998358676,6.162300053010417e-8
0.0204006477814151,5.57211432189607e-7,2.624153692117771e-11,0.09271990246253024,1.4753379405257913e-6,3.50860332176852e-7,1.8979214892459677e-10,7.267965154263855e-49,4.001448756346598e-6,0.01789876510899453,0.003772350434006929,0.058890771134880636,1.1674692059325845e-5,0.012171502660328199,0.005616888882211503,2.344884367565797e-9,3.059010467220534e-67,5.888669427927421e-22,0.003935998324463879,0.0001609226277265667,6.101313090780054e-10,0.00340547947235454,1.539085763307617e-36,4.0567132880588616e-6,0.00013883237408661542,1.0353024271667914e-8,0.0013154293000364706,2.854498947126049e-9,0.0030832112074930967,3.0653329036424794e-7,7.2807792895040075e-34,0.025984871232723795,9.92456461493676e-19,0.07068150477715494,7.243275094765281e-11,3.5468903251938775e-9,8.798390985093257e-24,5.939310360232357e-15,0.008690421459392151,0.6711100579652004
40,29
0.0,1.86198858762766e-162,2.6938776966057886e-90,7.288609410056836e-28,1.834345243424971e-23,3.7003042510933894e-15,0.26656949470849706,0.2984846923510794,0.19285994866620013,0.0001267016959131451,0.043770632762045326,0.01624747818314669,1.001971877141433e-5,0.04380094843534303,0.011406366997427359,0.029730559760739683,0.03824441440998686,0.011180921560294686,0.01562733714605202,8.468534438561442e-25,4.8260109168831346e-5,5.43147492000407e-10,1.8206074909975914e-7,0.005736427265285956,0.0261556135419125,3.0354284987620685e-17,8.423573501212945e-11,1.9974018250568865e-201,3.171026170139854e-151
1.0979916992173409e-142,0.9978624013339035,0.001252918604476162,5.017399099465422e-16,9.570909314556827e-30,0.0008846800616197717,1.9095713304822481e-25,3.667169677680334e-42,1.6518388019371814e-71,6.97919636164937e-88,2.49009896921219e-186,3.8105921241381534e-258,6.953769738062344e-174,2.824431914799311e-79,9.889356776659215e-261,2.2234779773643437e-280,5.774139072709935e-257,1.5865148731171844e-287,8.86087122406035e-245,1.5720634375215268e-239,3.471106821558037e-274,2.58879432389139e-302,0.0,8.531339236771622e-147,0.0,0.0,0.0,0.0,0.0
5.1848721053921465e-195,1.6112877236567763e-13,6.1000822009324105e-5,0.2525763425678302,0.18746448984152544,0.18852252869920727,0.11663008794157709,0.11291501107769628,0.1036195002490167,0.027203655606230327,0.00011705079209443918,0.006409708135381064,1.022289228101168e-5,6.990742740478572e-16,2.8353352230510143e-15,2.8021510337815936e-9,1.2366230047744043e-11,2.2674362570928136e-22,3.303046484979032e-27,0.003933058890069593,2.069141599201956e-12,5.540039238286157e-22,2.5689109231056694e-9,0.0005373370994192467,1.0746412376856437e-20,2.590821732112372e-33,3.953889373186392e-86,1.6952576428374356e-288,1.3331040101660816e-66
0.0,4.3141193733087e-151,4.2051367255806366e-75,2.844604951891785e-80,4.983743342496121e-48,0.02187049510611702,0.8611959483636402,0.11194985402000082,1.7413543456524085e-35,0.001450246259355766,1.0436954690789992e-45,1.5046322354144838e-68,0.0021841336011516705,0.0013493226497341936,7.021024853233101e-78,1.7998589680196285e-29,1.1110354305457008e-50,1.166377132042552e-21,7.032085736416976e-58,4.048168398421043e-112,7.624273492961555e-52,2.148651731575138e-68,1.5950246710572362e-82,2.574015372627618e-99,4.6538869976128806e-105,1.3106997802561638e-64,1.4509601263361957e-152,0.0,1.1073985774238768e-272
6.167751408610198e-165,3.4978666720734995e-7,0.3840104318045133,0.6158279037509847,9.864927976352636e-5,1.821868376488604e-15,1.8769425050071707e-6,2.262561660590518e-5,2.025458469697564e-9,3.814993532223221e-5,1.2870837912534278e-9,9.571093965041652e-9,2.7496958618770203e-25,2.3908845443934007e-27,7.536156363572697e-49,1.958665898260644e-41,7.369033500496271e-44,1.4650591004137974e-148,1.2933555523282774e-57,2.426746594448118e-26,1.1251124652248026e-53,1.0210194981272497e-76,3.799333190036907e-58,1.368241500813838e-53,1.1312056556960998e-76,4.8188861340976644e-154,0.0,0.0,0.0
3.035303231600807e-98,0.9982792209337595,0.0014374568759565553,1.1401651954957342e-13,2.0753384444178796e-27,0.00028332219016997224,2.0491056109734198e-19,6.689018630404098e-39,7.984123904398408e-66,7.014841619991784e-82,1.9076035959833346e-127,1.089269290299087e-178,5.532748419384903e-189,1.4277051150414047e-51,2.5268258041929738e-160,2.1362403570613214e-177,1.5608345144458997e-206,3.0193804689703243e-285,4.7531970560861484e-201,1.5076791818860339e-255,7.293493894753946e-200,6.523526381552466e-262,2.0017435721944787e-268,3.6587467659473565e-185,0.0,0.0,0.0,0.0,0.0
4.188980653546862e-100,0.9489507882016671,0.051034954714168974,1.6398601649255643e-11,2.6972537018456235e-29,1.4257067765448371e-5,2.4550351509361653e-19,5.14163105031521e-38,6.797395444680553e-67,5.91548545295733e-74,2.056721406643967e-97,3.486090920726965e-189,1.920177410042329e-99,2.001143889978793e-64,1.1058490417646141e-160,6.895526285861547e-194,4.1848275788726363e-209,1.2156900826299967e-266,4.618260976538912e-186,1.2873986584341747e-138,1.262380111109781e-207,6.228419559826005e-239,2.859978698350826e-232,3.0290873604624744e-29,0.0,0.0,0.0,0.0,0.0
0.03207309488134142,0.9593295732654863,2.9281836082305086e-6,1.2358751590436333e-23,0.0031195143189807063,0.0036764078930145907,1.0254230330341523e-91,7.535839052578041e-6,3.164448401188609e-163,4.5486623504378074e-151,6.058637790872482e-134,1.281552304114441e-122,4.324629848521584e-292,2.8988331119954915e-248,0.0017909456185160309,9.3187416661447e-311,1.469306350330889e-286,1.9832531440678736e-81,1.2329803577123078e-304,1.714073698726596e-294,1.661476342684e-311,1.10206351392452e-44,0.0,0.0,0.0,0.0,0.0,0.0,0.0
0.0,0.0010394247625650898,1.1820814041435103e-27,0.3915339717537665,0.5096732128945988,0.011591118061649013,0.02708016539565275,0.007112995243179978,0.010477270388833197,0.018728839667624297,0.009771281210061641,0.005607888048122094,0.0034106232867756243,4.322768129743709e-10,1.971237523973034e-49,9.672565679264769e-91,4.4295701261211656e-31,2.309562451615813e-49,1.0124076156401293e-145,0.0011674972703389032,0.0016774888329188868,1.84933723167773e-88,9.767998894631597e-23,3.3881600849967875e-74,0.0011282227516363618,1.1130424890416895e-149,5.797326568452305e-180,0.0,2.529941067897436e-248
0.0,2.1610143126337745e-68,2.8937636530748734e-22,0.0005275683974240955,0.8066460045603634,0.16852594904885743,0.00029930229449865315,0.00985812278518866,1.6750005399037524e-16,1.4835640912016293e-15,3.972971878751289e-20,2.105598158966992e-21,0.004220603378372011,6.307178017028355e-21,2.167280419568793e-57,0.0024987617641054945,1.371555798251133e-49,5.0413736197473356e-46,8.12900547530283e-53,6.958363616632564e-18,6.914164077920241e-38,2.2234821488738066e-32,3.944199626803941e-49,0.004809706962401556,0.0026139808087869876,1.2007952559505462e-94,9.023609229503467e-165,8.3e-322,1.0796637047689163e-203
0.0,0.0,3.7461769196360994e-200,1.1873319911652455e-119,4.110844856096463e-97,7.317643695594799e-71,4.487985587205769e-61,1.8024142911230421e-37,1.2994473227027677e-26,0.029274944626242628,0.6384353853412026,0.21993040626601323,4.665589739507038e-30,0.0005448663118648204,2.338911586841637e-25,0.003454706060787336,4.228290348227878e-9,0.0239680207671358,0.001902137700600811,8.856930026297474e-41,0.02065009059582542,0.01722690404055813,0.0144539430038255,0.004165823065258502,0.007410894090683562,0.018581873901711173,4.183447833923554e-36,8.573089180180321e-78,1.1552518225813284e-24
0.0,2.4782315280587932e-120,3.0877625015048096e-99,2.2438903709309455e-13,0.09115302746366304,0.7662257729813536,0.0009938909278918442,0.0015814312698706956,5.45641736535214e-5,0.061748987669597175,0.016352526651294743,0.008897762683159718,0.006648620106706585,1.680581016989472e-13,0.01927983156869116,2.0907496676968953e-15,0.008846193923785127,0.007918750731285455,5.508345971329659e-20,7.343690850109695e-11,4.037854479119473e-11,0.010298635126265518,1.1171886059004344e-15,6.376924313990344e-14,4.608507021595508e-9,3.5296106170887596e-32,2.0589151502909047e-54,3.947206091510237e-192,2.2224353686265515e-132
1.0904762904025726e-102,0.9932471220326021,0.006725583758458521,8.98219478756013e-15,2.1045142574000022e-28,2.7294208930300205e-5,6.248541183533677e-20,3.3054226065013414e-41,3.528903001560689e-62,1.3744795317770185e-84,1.0034205566971699e-134,5.8452906613089696e-192,3.922020312787117e-165,5.419086740946989e-50,7.728842564701206e-169,8.023823875010162e-202,5.1299372348379117e-222,1.397661743528051e-260,5.490751401856578e-200,6.365873498654978e-202,4.962592033731829e-217,3.596883162208305e-262,1.5702657829374508e-268,7.292067397446736e-128,0.0,0.0,0.0,0.0,0.0
0.0,6.384307017819325e-266,1.2976030492658168e-185,7.328023845887594e-108,1.1134858675230691e-80,4.676450135534141e-74,0.02565750506887533,0.8667754872661235,0.10439031971105404,1.8095307216202002e-10,0.0019039675011195479,0.001272720271874422,1.1589204154721095e-17,2.2212876090338834e-29,1.8812821845489655e-29,1.1374029149912034e-42,7.104298823180776e-40,5.725393154660041e-66,4.503014563427353e-49,2.993028002101594e-125,1.567347891915341e-98,1.6611218781683353e-61,2.8158784858841765e-124,6.899622251540727e-38,1.0799670613969275e-96,6.813060039423891e-88,8.13793384499111e-96,0.0,9.247824966982846e-263
0.0,5.123353416468689e-74,7.75948841029518e-12,0.535091439006145,0.46349412266215234,2.4574705578295888e-21,4.142866337737479e-52,1.2754673709972096e-33,1.3696628917568237e-58,1.6243741023825606e-55,1.886234363149255e-77,1.2297383098230218e-152,2.3993857919308546e-128,0.0014144383239431506,2.1082059526549124e-155,4.0965852722839656e-263,9.160646584983748e-112,3.339358632373192e-150,2.8169163911069744e-222,2.0206110988852072e-156,5.532984419398474e-105,9.341142990224013e-116,1.406152678880583e-220,1.4834921119419784e-192,2.7232843117424045e-131,3.9322683016775e-301,0.0,0.0,0.0
3.221234350898477e-107,0.9994570137965012,0.00035683799135547214,1.6824385892057518e-15,1.9066701885373268e-29,0.0001861482121418116,8.228323376868993e-24,3.345983779184976e-41,7.568659651831493e-69,4.2743768920480275e-84,1.3293400115553431e-151,1.6927113042905087e-250,2.029658517459667e-147,1.0067251432330131e-53,4.687062026719498e-179,2.605795315855982e-240,3.978154431860583e-259,0.0,1.6406033746666357e-246,8.548314231883305e-214,8.627018712268585e-252,4.0144934994266356e-288,6.461319893792609e-301,3.745070976253739e-85,0.0,0.0,0.0,0.0,0.0
0.46778122523245624,0.5181243844780167,0.010049224009119952,0.002208368671644971,1.582624346655837e-16,1.5363412270105736e-11,2.1479428497377088e-143,0.0012224207062628907,8.143242899142407e-220,1.2434070342386305e-290,1.694964634278692e-160,1.2800943700692831e-109,0.0,1.0652621485159693e-267,1.06019944356563e-19,0.0,0.0,0.0,0.0,3.1827828960690625e-299,0.0,0.0006143768871354399,0.0,0.0,0.0,0.0,0.0,0.0,0.0
3.742109547234939e-196,0.06130580288983821,0.9271245510124522,0.0009321352308409637,0.00707318404200165,1.456681189138401e-8,1.6135270645486644e-9,0.0010235725991742317,0.0012076750216400366,3.401109624589291e-6,2.3977081140038794e-5,0.0013056847233237135,1.662770976190657e-28,1.0955047318756206e-10,1.147151166456862e-35,8.317102980720601e-30,5.2062013729330257e-36,9.21725544334647e-81,7.375884853298049e-29,7.494724435568787e-14,6.256922170602217e-44,6.228320048081312e-79,7.253369102542589e-60,2.025946088762237e-45,4.338263016657028e-135,7.965519698158469e-67,1.6658732872834894e-301,0.0,1.706959099435229e-229
4.949276408729185e-122,0.9963270197548839,0.0023913359620156825,3.459619376447123e-15,3.6732790040042272e-28,0.0012816442830968584,1.978292124359679e-21,9.318460934347051e-38,7.591151303222143e-55,6.764946054903158e-86,1.7088198446876604e-150,6.212575244379506e-218,1.6473527692625545e-154,1.364745110020527e-74,9.325803707418349e-202,6.325872258535289e-213,8.743176722703115e-236,9.9206425e-317,1.8896002016768278e-212,7.4190265222477905e-233,2.3023108270151147e-225,9.164936397542594e-309,2.371194288649525e-289,7.207268392012361e-123,0.0,0.0,0.0,0.0,0.0
0.0,2.0497929251165488e-289,7.564131100164014e-210,1.7764464661995602e-109,5.834350547739868e-93,5.9988631098118987e-92,2.73264758604182e-39,1.1050277644375507e-10,0.8224684376948078,0.15611630996293877,0.001982635366565504,2.7035841031054142e-14,0.006210453072857774,0.0011226884119916642,1.7978678303669312e-57,9.804231172327792e-17,0.007284083856632508,1.3545523755555318e-61,1.0320049764748983e-39,0.0038200163011599298,4.556136984172542e-47,6.3959783384091e-69,2.736240423512252e-54,5.378788108612223e-72,4.718539247245112e-30,0.0009953752225160708,2.908347171709814e-129,2.1203821003808587e-229,3.601798523701107e-183
0.0,3.1002568025481e-62,2.1194295210519992e-14,0.9969546657851789,0.0022370514727157215,1.8525340033786008e-23,3.0502632580503627e-46,7.972462930933992e-40,7.152945617742435e-42,7.628236423914868e-31,1.536643122894373e-39,1.668530732569861e-114,1.3833473426484527e-65,0.0008082827420841464,2.049922789981131e-195,4.250823466872512e-226,1.2205398252941584e-144,2.125066894797685e-142,4.960758392109107e-232,1.157334732263959e-98,2.10910136374899e-56,5.764855854247587e-103,2.107249433603414e-140,1.1210966351307888e-191,5.201313809586052e-64,3.338124362255e-311,0.0,0.0,0.0
1.5925476799749117e-111,0.5819288659596414,0.40595626242708494,0.00632046513554294,0.002613323521737465,1.103526078970012e-43,7.555681515392711e-20,3.940688155377662e-25,0.0012585766054031603,0.001010264010245108,0.0009121819512502494,9.981931724004821e-31,6.363774435272017e-153,6.038909490328844e-8,4.38547240299809e-102,8.691412924142487e-75,6.280839341449596e-125,1.5210020774965005e-168,1.7947123565555282e-116,3.045056707670642e-108,2.544014443736588e-80,1.035811856450725e-180,8.77077173935605e-135,2.733420588617328e-184,1.4073341040306846e-286,1.1792475531854364e-214,0.0,0.0,0.0
8.621798859237894e-46,0.3515295641444709,0.0581614141146219,0.03478548171349405,0.048476485014016704,0.010875542155987256,0.05082453295468938,0.038079537799923055,0.046026885436818064,0.033528973876123955,0.07561259791954848,0.028851474238731013,0.02946360986584066,0.04342618601007321,0.0283208615754399,0.025460460498876566,0.02495387508140921,3.664770873530894e-43,0.027544692735529105,0.004578652330777978,0.01349598907969039,0.01043496848201346,0.015568214971924513,3.6648307630593934e-96,4.722816178969748e-133,4.258028256289364e-124,0.0,0.0,1.1417281534198252e-192
4.77983617773572e-73,0.6431667352029105,0.35683314139659755,1.234001105125263e-7,3.581993539912828e-25,3.816976985064665e-13,5.784458038162902e-19,9.6453512031187e-44,1.0186034563885226e-60,1.3317498631551183e-42,1.130788905844582e-106,3.471840303450759e-194,8.822231383740182e-155,8.282065853701916e-39,1.155464187831147e-51,2.152694980656195e-183,7.0517762085781594e-208,4.640356103125945e-257,2.8671042967979396e-186,2.313552151466876e-207,4.0065491237470344e-196,1.2684252062634058e-203,3.264267944114922e-192,6.060302509539415e-139,1.800532085560479e-291,2.37377367e-316,0.0,0.0,0.0
0.0,6.359005365214274e-270,1.6079755147921704e-181,3.882659774896658e-96,2.886284062387305e-84,0.0050522269963070715,2.749282714249275e-66,0.002678184214410537,7.57138574790487e-29,1.692974556821926e-27,1.7834039895075226e-9,0.2614354677946521,0.23080390222173916,0.15474230145208862,0.08188284477273305,0.041616068065255814,0.02359211853776965,0.02786310651297032,0.005132783835696294,0.02496688864579349,0.008357044387567835,4.764299163481836e-9,0.006051618366823611,0.01824290144629966,2.015982689928148e-5,0.06158708165759438,0.030636966928973296,0.010212322331518224,0.0051260054572044075
3.496810209311044e-89,0.9988246858314522,0.001175313918920409,2.3550586687737513e-12,4.4413671935091956e-23,2.4726429062578924e-10,7.79939151384239e-15,1.8556258203162706e-35,1.8742040462130687e-32,2.3772036304122425e-59,4.414090814819288e-72,4.661303307775639e-109,6.568477007464653e-130,6.93287106575076e-25,1.8341965788438065e-118,9.96329539158601e-115,6.328361796057194e-123,1.355275671269618e-133,2.0312850284519726e-96,5.647298801980189e-106,2.1936445762517195e-124,1.239036328016828e-148,1.5626826038698727e-190,1.3070722452057308e-131,0.0,5.311404009370404e-274,0.0,0.0,0.0
0.0,0.0026018856888482805,0.6885312421541325,0.3049025038747891,1.0638796508591997e-6,5.292156467226792e-19,1.1752851914720232e-16,7.822093436333633e-17,0.0021918571857550196,2.3406541816718852e-23,0.0017714472168239529,1.3262684522969596e-16,7.292480607119002e-71,1.95488559957594e-34,3.508040573293303e-73,6.9346343931181095e-87,5.82615942868153e-119,1.2290752491311133e-203,2.7551348718976e-119,5.589009034150011e-52,3.18221437384785e-73,1.2111712381936616e-132,1.7917439503998125e-102,6.538102400729194e-139,3.399549408100466e-182,1.617506829115607e-203,0.0,0.0,0.0
5.546525046265626e-52,0.979271202739951,0.02055368471561371,1.8438735441465382e-5,7.555388727285753e-19,6.564436275441466e-20,0.00015667380840927943,2.890236609762031e-45,3.590818108821693e-28,1.0293635195906842e-17,7.241494425815342e-43,7.940756747522334e-84,5.273386193737281e-109,5.844208515313248e-13,1.5228182942519247e-17,1.297615958702428e-59,7.130994580620594e-76,2.167919465544108e-115,9.216342310863548e-66,5.640956614466075e-88,7.849587759850581e-72,2.7503224555822978e-71,2.240963480125234e-111,2.4866474753398456e-95,3.115569797005822e-191,7.121025730717764e-190,0.0,0.0,0.0
0.0,1.1431424825406372e-31,0.07552903316016166,0.9133825444992019,0.0055873906820772005,8.901230210065576e-6,0.0008766431906749706,3.101762817004814e-8,0.001671558470009446,0.0022213376674859197,0.0007225600825506735,6.974408411318816e-45,4.3959453857803924e-26,2.0131011632883648e-41,5.122262248039666e-107,4.301435979785292e-109,1.9938894919235296e-70,1.750844515087931e-149,1.6484343287615499e-128,3.0630830492606236e-26,1.6134351313396155e-43,6.45243138922927e-89,3.541133080856608e-83,9.149983225419052e-85,1.920527026340955e-53,6.111757856766463e-210,8.613581712320974e-256,0.0,0.0
2.0270702638067205e-96,0.9964246780822675,0.003568012550274406,1.4946200447449604e-13,4.279526501413913e-27,7.309367308599892e-6,2.8572087593465526e-19,6.735858094418523e-41,1.0454221796462433e-65,1.6844869740905676e-80,4.124985257621921e-126,1.6397690686639293e-204,1.8732708029281608e-139,3.0638585560458267e-54,5.797060259260898e-167,6.434141360582446e-224,3.2165463131849358e-239,0.0,1.2737788714399458e-226,8.739595544448859e-181,9.472645012467844e-246,3.804975467202203e-279,3.134233021109331e-256,7.480990594450159e-80,0.0,0.0,0.0,0.0,0.0
2.044623083009809e-49,0.8477835439647841,0.06439321152477731,0.060095603354849036,0.0018524401454856141,0.024483169310535322,5.530964891835081e-13,0.00012792223860295249,1.4723944424298445e-27,3.725491566518593e-19,0.0012480794064360734,4.664017382663088e-47,1.603005395736714e-5,2.2227282224606372e-40,5.145964232134491e-26,9.289494850828087e-66,2.019216280218108e-65,1.3446320406192853e-16,3.4247873085231444e-87,6.907364540584795e-96,1.9254196258084496e-14,2.9820677976219895e-54,1.4081031375075562e-42,3.920550611788486e-104,1.6409494042342565e-162,5.3872000892225524e-281,0.0,0.0,0.0
7.77369672925876e-211,8.812829558417603e-10,0.25030165529308823,0.5601078087233328,0.1895904665980751,5.912257368181558e-13,9.86457628452749e-21,1.0820086430547227e-73,5.436417118545131e-44,5.897753814655144e-49,7.932328250046294e-80,5.0785855976955326e-113,5.724910584946283e-86,9.940983823129135e-149,4.816965238432005e-83,3.4622888489777917e-133,4.0456394055291456e-107,2.466596711411368e-44,6.850362999499579e-8,2.1434706110938716e-175,1.7408550996928912e-49,1.001516739099633e-128,1.1451397125296465e-122,3.934112127286368e-211,7.0699970496226976e-186,1.5692497328548566e-308,0.0,0.0,0.0
1.2707594497041531e-188,0.00531602085748133,0.965293013947421,0.01581438403406145,0.013522279224712221,2.350103514023616e-15,1.1538188207110293e-13,5.2351925311282646e-8,4.7907209732779755e-5,2.4522078406153058e-9,3.256758307945669e-8,6.307353561059625e-6,1.3752359732159182e-49,1.196224209335666e-12,2.444511775476118e-34,6.779536952470935e-31,5.788246501513782e-51,6.776406843784695e-63,5.944516688272713e-102,3.553139274311811e-52,1.3682350768952634e-52,1.4042810165077804e-72,2.590703092885874e-53,4.970208479830593e-78,3.7189672961034194e-103,1.530080097327565e-122,0.0,0.0,1.1223887911668234e-231
0.0,3.14193626299842e-103,1.9724462917373848e-87,0.035449155420667726,0.8205162817451328,0.13739628323453806,8.679263199791661e-14,1.1441606423059414e-29,0.0017395271444595453,1.735607241977451e-20,0.001062015725633504,5.184357699292272e-33,0.0008537605300510619,0.00047149273424385794,2.695988570338966e-16,0.0006957465601965515,2.16397358429857e-37,0.0007968514048815118,8.898474405558542e-153,1.7670756208670608e-63,7.928541785090529e-22,0.0010188855001084657,5.039844269301364e-91,6.890417568283483e-63,1.9746942562521965e-80,5.523851518596526e-118,2.5939353339422325e-171,0.0,5.417086045659422e-235
1.2993880145153353e-63,6.467728510397418e-7,0.11778300874338822,0.3915857902172219,0.4209629248452282,0.03014294401716447,0.025822435145039454,5.050233825808831e-51,0.006307237380135331,0.007395012878971217,2.1436114744047874e-26,2.1149158345709375e-48,1.0897280728452167e-41,1.6987288714910952e-52,3.9732647710701434e-45,4.606868222644311e-74,9.247795235583417e-52,8.829505733584075e-33,4.8686309391322075e-56,3.1064039445260205e-131,3.555824054153223e-39,4.3684917175471464e-63,8.992169629828691e-78,5.601557741355858e-134,3.592054777014789e-161,4.8309155081829324e-203,0.0,0.0,0.0
1.3313110265078603e-84,0.9923800177608662,0.007067695918513777,1.1664648893181426e-9,1.165421961378197e-27,4.748898277893067e-5,2.9369413546281106e-22,1.090190208785545e-36,8.951376271162216e-62,1.9734887349821794e-71,2.0823434153310345e-79,2.022821825709789e-197,3.105688446897427e-84,7.685960609629591e-42,7.16209246212768e-159,7.849318514857823e-205,3.4866562633183816e-211,1.156473533379463e-297,1.42241668959548e-209,7.628109619087297e-132,4.946277916232913e-215,1.3624225317608617e-234,3.583133891979003e-205,0.0005047961713763153,0.0,0.0,0.0,0.0,0.0
7.970703845477454e-9,0.04952768720155298,1.639675906944182e-6,0.01759721410712504,0.08777344697058471,0.19480331179887056,0.2860905000115197,0.23172048139958804,0.1103717472385933,0.010170347542804515,0.007185816838985408,2.5647748964890545e-41,4.839178376448379e-9,0.004757794404586637,8.889373290468896e-48,8.894108678683883e-80,2.675808605691162e-59,3.720429784856303e-53,4.047567156799605e-39,1.361975395861703e-23,2.6742528481537815e-58,5.763654363791356e-55,2.6044802629004812e-36,1.1815877673639313e-47,9.763012113828124e-184,1.3330574644411638e-153,0.0,0.0,0.0
2.1510161005623378e-158,4.2085299935467436e-9,0.032240356110498386,0.08104454881707361,0.04823114752276341,0.010723592020902895,0.00015882676042125817,0.024968168428885797,0.010012558714553239,0.09057472667984993,0.05961220081768648,0.07713867547898658,0.05350855461687088,0.0851237652057393,0.059020030867912146,0.04758831768778788,0.021810254770319053,0.03298123523108297,0.026633613619510617,0.018831021361214843,0.07086406846986842,0.06869765864110697,0.04607121497813532,0.019051308448718166,0.00018248845064093445,0.012809950122528644,3.9439189831853653e-125,3.813536789404846e-244,0.0021217119684122836
0.0,0.0,1.0370860076350912e-257,1.2254482188433089e-151,6.415484677005885e-118,1.4509667798765328e-128,8.379047303651783e-67,8.929389215686786e-44,1.787876881224397e-7,0.7758567095643635,0.21696958491252544,2.7370412408118676e-24,0.004909158203335233,0.002264368532087995,1.0397785425817767e-49,5.0266172777983315e-34,3.501646228743849e-32,2.839170607045368e-73,1.0011771299883812e-29,1.2042252636750067e-56,1.7180075453054038e-19,5.489617766833964e-79,7.65658440249763e-52,1.2600160923192091e-107,1.059195404088892e-25,1.0042436619164233e-20,2.8037819162755948e-92,4.379662801861736e-230,5.916857149628745e-124
0.0,3.497164792263675e-131,1.82162566862157e-97,1.3283359053523588e-26,2.0559146839001034e-10,0.7709278757164423,0.19903793996161476,4.500278760482833e-13,0.00542564418897525,6.661408926806987e-13,4.241806485226381e-14,8.217731713814539e-8,0.0015560588909444453,6.247945230559134e-47,0.003711337152742428,0.0035433795708802677,5.399178306142623e-18,0.001466387311197875,1.0160753942636128e-39,0.007891007243106653,0.0013324890445327666,4.4255254941871053e-17,0.0013225455844774264,0.0037852529510187106,4.219710179942266e-33,2.3660127808759855e-88,6.663788470931344e-150,4.749590336324681e-278,2.602467087728098e-185
1.0,0.0,0.0,0.0,0.0,0.0,0.0,0.0,0.0,0.0,0.0,0.0,0.0,0.0,0.0,0.0,0.0,0.0,0.0,0.0,0.0,0.0,0.0,0.0,0.0,0.0,0.0,0.0,0.0,0.0,0.0,0.0,0.0,0.0,0.0,0.0,0.0,0.0,0.0,0.0
3000,700,2300,2000,2500,2100,200,800,1100,600,4000,1800,1700,1300,1500,1000,400,1400,1600,300,100,900,3500,500,2400,1900,2200,1200,0
200:3,3000:27,1900:20,700:8,1000:11,1100:12,2200:23,0:1,300:4,1200:13,2000:21,2500:26,3500:28,800:9,500:6,1800:19,900:10,2300:24,1300:14,2400:25,600:7,400:5,1400:15,1700:18,4000:29,2100:22,1600:17,100:2,1500:16
