15
0.9646568786107426,0.00024137427301270834,8.340985555779609e-5,4.87601326233535e-5,0.00016619437081251108,0.009273650187167982,0.007003894603776616,9.682863531453202e-6,2.686962457645251e-59,1.2951588644419464e-10,0.011531354210973607,3.0272749316106777e-9,2.2205959660188995e-40,4.607462057535149e-5,0.0069387231144350655
0.00023997371940996906,0.09846957166643097,4.097138846185723e-54,0.07920092014633863,1.2972935042991635e-7,3.0343350971940253e-15,0.006275011120119649,0.8132916982480514,2.8701554607633544e-138,5.897359151777303e-58,0.00023588484861987547,1.186291438953534e-27,8.831791433074613e-70,5.0118186361573795e-27,0.0022868105216760958
1.0437582849879373e-28,2.218495090734205e-31,0.7980488606816278,3.882316523494095e-26,0.039361918699153786,1.2097136827211014e-28,4.327473366971167e-6,1.0843994495919664e-34,0.0985900752048095,0.04327135989244345,0.005182211903897262,0.011851949219960555,0.0036892969177348164,1.3742717551795531e-14,6.991801627742148e-12
0.0019841557903351155,0.9069278907093994,2.564433439904228e-49,0.019928431131970476,0.0018210121321622936,2.0625269962849755e-13,0.009700901045216469,0.05577685302289663,3.8523798702765305e-120,2.573495694110983e-52,0.0036995502746261263,1.0189265049323203e-32,2.734150807237607e-63,8.416821888653362e-27,0.00016120589318740776
0.0021018289024829725,6.348565167790233e-15,0.01905544598379618,0.000916066638878698,0.7731129738394565,0.016126879369069782,0.0026315980724260367,2.95345916309269e-15,0.009667172578479547,0.06613700541378659,2.404297446556054e-10,0.058024335934727514,0.0387221113856496,0.013504581637292358,3.515112581443024e-12
0.5559628844717146,2.9777244059913793e-13,6.673671048395457e-11,0.0018562840318321076,0.02568411022452662,0.15980119028275702,0.1884884299622266,1.1664533887941414e-13,5.145347241339435e-30,0.000512683172300502,0.002946295438721212,0.058782029143571404,3.102545822374763e-9,0.00582479583846417,0.00014129426418886865
0.059920918558736165,0.00015270559446278027,2.5892581528767093e-20,0.005166785262138382,0.0008047998062172724,0.0036841560289281915,0.8311177831412415,0.0005065851847742536,4.664825432383144e-44,0.00034495733557685933,0.007069029135547707,0.001395406412918114,0.014774990964084023,0.012254254333472879,0.06280762824190182
0.0013124158022133766,0.7793351569100906,8.435946793992557e-49,0.20332754566241817,1.303393841608882e-6,6.266824321180245e-15,0.005201050705772607,0.0011601840245376717,3.223721009490086e-131,3.2470661230258653e-55,0.009660229401184363,6.474595613891041e-27,3.66044854962282e-71,6.330500272971831e-32,2.1140999353917325e-6
1.5620235079267096e-109,1.8439925960193816e-121,0.054979164248337334,5.984938587953476e-101,0.033430205597178964,0.0022241095400330237,9.584009955246675e-114,4.1027217068049663e-94,0.8283294412215012,0.07147854401962192,7.556380158337902e-10,0.006085536210231809,0.003472998407457685,3.251206218330377e-89,2.835201074341106e-27
1.569709859543687e-94,8.007866635703274e-158,0.021988323619164262,2.629075564252588e-135,0.08091406918022351,0.004182569289561697,4.8471624181859505e-15,9.692506056628452e-150,0.05453189454354257,0.7847779445823078,0.004890177310571098,0.03328949461262247,0.011128158702847123,0.003611574422822782,0.0006857937363320823
0.03901178164796773,0.0055626197715226726,0.00760454875889578,9.966146401253174e-9,0.0034129017516212417,0.07580059011596973,0.007559975075899767,9.815873990433099e-8,0.001221472205868993,0.009668740161422572,0.6210003598686167,0.02098357360614093,0.03346621188093348,0.005714442380542342,0.16899267464971165
2.231266243743651e-6,5.723762273750341e-57,0.011622647128920527,1.6529455930507778e-46,0.08020855777808582,0.050826800222429754,0.00012514358193358458,7.68905149592641e-58,0.0014659395284930463,0.015270554206053787,0.005011168919594765,0.7658908640239233,0.06152713948681555,0.00804892440169106,2.945581512682931e-8
2.1798834595480822e-11,6.868789547248042e-37,0.00038042038825261,7.658540605786668e-28,0.0045929549754779855,0.014589041383216872,0.003451253931483365,5.0368189542630097e-36,1.5876791800478743e-23,0.005013191003731006,0.007268094788179321,0.04525584796604369,0.9062765081294635,0.013165659437226277,7.027975126523166e-6
0.004784877621746149,4.1397161597782016e-27,1.5169813636308234e-10,1.2698936481462891e-20,0.006762606370189548,2.0417080597875174e-8,0.012502398055378906,7.8238726853507235e-31,1.1537252992390431e-54,0.0021965257313251627,0.009758849947453633,0.025774737598356873,0.016123222983361263,0.9094294946747538,0.012667266448656019
0.002590715643709261,5.751966541902459e-25,0.00010543504541411131,4.909892305838715e-23,0.004820754208751656,0.0007872398655683949,0.08983567948355325,2.190951596684522e-27,4.459444185083986e-18,1.4122105516519885e-8,0.08336657742002851,0.010696846708722469,0.0005176494349056973,0.043081446307352875,0.7641976417598882
15,29
1.3594332404343785e-27,0.9770789829641635,0.013205220146545588,0.0005219195435464592,0.001871787894082756,0.0017478396851392118,0.002695758548054691,0.0018032684402867144,0.0007215179803655929,0.00013640695685198672,3.7463864875940713e-26,7.187864895583261e-5,4.2454809037896556e-5,0.00010296438296948281,1.328205493218573e-54,1.3374944723264546e-107,4.818290085768901e-57,2.5947702999723707e-101,1.7718343331412702e-30,6.96399318352228e-21,1.0694330631823765e-76,1.1254385297846467e-37,2.571928241099607e-26,8.314616260062477e-64,4.941934067221048e-223,7.247434528616846e-203,0.0,0.0,0.0
0.38396821263989817,0.6114137633293724,0.0009292811322289354,0.0036887335407501977,1.6228836220717983e-10,9.184024240962921e-9,2.2639398860120776e-58,1.1437680332102988e-11,1.910555212433869e-115,2.2737447471887728e-122,6.272583921667817e-141,5.825418672726829e-154,4.509865687705756e-198,3.408572056081203e-126,2.2624814397559122e-150,1.081708833555291e-261,1.4138690462095522e-222,3.773162789715155e-140,7.819131360025088e-210,1.3513090595868017e-272,2.824633507398235e-252,2.535168830990569e-215,1.7157771191735726e-288,8.352227181262496e-248,0.0,0.0,0.0,0.0,0.0
6.4789011226589415e-217,4.830202891803442e-93,2.12227829940426e-80,1.2705682390182996e-18,0.001313817681560262,0.0049453223552199735,3.7380634578863896e-16,0.001662590955976782,0.005925316783415195,4.010731680641716e-9,0.1664629242530085,0.2644205007128141,0.13478508335550327,0.09783453634727156,0.05519388515134257,0.032324369256543264,0.026857012426788562,0.033881845778314656,0.008233534327446536,0.01784645092672056,0.020555113526983942,0.017101232537131077,0.015053215927076842,0.013399412312815764,0.008723157851867305,0.04679356739750667,0.016855014394080277,0.005618338131360092,0.004213753598520069
0.0076351996594408176,0.9425890326196734,0.038384588170318666,7.262633430799877e-10,0.006565250544591839,0.00482592826579321,1.685092984336236e-40,1.3918999551872646e-11,1.1136026922049096e-91,3.2341339507362986e-122,4.829330641622158e-113,1.8236768612125253e-144,1.6946883827067862e-162,1.1732347298565236e-107,1.8718036301062581e-187,1.819712483607905e-217,8.797982172771617e-200,1.843268256601318e-170,4.1210072504736796e-170,3.280251598194507e-200,8.18358407675999e-217,1.497693724936671e-172,3.167368643082218e-225,7.468491388829998e-204,2.62630682897e-313,1.061108814586072e-290,0.0,0.0,0.0
0.0,2.503155806276611e-134,5.71172933714537e-117,4.0546187565887196e-44,2.748620624818927e-13,0.391533139988357,0.5333155406390795,0.05648562108374495,0.002927059635146072,0.003725988491527224,4.463555616110068e-13,8.523174688699148e-12,0.0014000261433797338,0.0009251064230270092,0.0008463135472855598,0.001848031495494754,0.0024200055001702566,0.00183465292892934,0.0007935551476084484,0.0012969132823115984,5.595963788143977e-78,6.751064062287546e-75,5.772455270600564e-41,0.0006480353583761705,1.0326317877491085e-8,1.0088086928997347e-78,2.625322596316256e-121,4.4421755776556304e-268,1.1792942410078697e-256
5.166875139506439e-81,1.537710252013997e-10,0.27138310324836096,0.48811573995033936,0.23079577282977315,0.009350308751437454,2.122907695001965e-5,3.4051994190446377e-25,3.1594131320124624e-24,1.7764827121364838e-11,5.639857818036167e-17,1.269065068344988e-41,1.5004556519748506e-31,8.255440398266928e-46,8.342810878304237e-34,5.111731316455384e-72,1.315485136619349e-40,4.413450386826053e-52,0.0003338459716032659,3.722142350591945e-76,1.611269710415708e-56,1.2457162688419931e-61,2.7096749062294735e-45,7.156307882632274e-75,1.2507352668720956e-44,2.656713446864469e-134,8.636272556036779e-194,0.0,5.110814618679414e-280
3.472257261613637e-114,0.32170865729984527,0.663049141072364,0.010018919907857223,0.0019568641807907266,7.520909001914243e-20,3.462077237972302e-9,0.0002802397513938406,0.0012320649088404523,2.038305660066845e-6,0.001343487200926466,3.8913272989442496e-27,5.752916612816507e-84,0.0004085839102445616,9.648171111626319e-34,1.1431191149891196e-27,1.3537185808435006e-84,5.068066630014689e-115,1.5794689958866283e-77,1.4325667613609668e-63,6.403358089590127e-36,6.046537846606954e-96,4.792660980924405e-68,1.8156153908504952e-110,3.226803421432508e-133,8.214729198610324e-143,0.0,0.0,0.0
0.42815860094011865,0.5611795332013382,0.006850853059061698,3.7050998996148583e-13,8.745620067266327e-11,0.001478038222303161,2.6165658303035484e-50,0.0023329744893517204,3.882429655350309e-95,4.173934033759919e-156,3.4184379208234e-126,1.9370665199506418e-154,1.1173389730323343e-157,2.1454638962574225e-109,1.1831609974275497e-241,3.8488260062005074e-265,3.203631902642551e-255,2.3879376705162918e-235,2.1655921960675655e-213,1.683860927597874e-221,5.765893514043692e-271,2.1446751367632572e-171,4.223969901251194e-266,6.078708449837177e-231,0.0,0.0,0.0,0.0,0.0
0.0,1.6078566792518885e-271,2.159395324821794e-261,5.735089706834933e-146,4.545994547476461e-111,6.8845233194938405e-102,1.2065786268949667e-47,9.228729499440415e-47,0.1920436275462328,0.5268963038081947,0.27196119570994226,0.004642994981736331,0.001410319042482033,0.0015140150958899525,1.9342028549766724e-38,7.372213035152985e-24,5.032312716671159e-7,8.397555848608746e-34,4.326783953606109e-27,8.03535874619621e-35,4.630783113344767e-26,8.65656413926044e-117,5.312528644376051e-11,1.0105974549324852e-56,0.0015101600477298444,2.088048339495284e-5,8.330792974168698e-43,3.01515109613283e-107,1.6838371824983807e-109
0.0,2.070603419948488e-218,1.63374403162134e-188,2.3955734583951897e-95,1.758136370342805e-55,1.971626793201114e-61,0.049326389295765743,0.5931127634630106,0.34077374683036393,0.011339425356716958,0.0034143978342140993,0.0013655908357089338,1.1359653117691412e-14,1.9582553891710167e-12,0.0005926344019035315,3.0978216788178515e-18,7.35398648319647e-5,2.6999354015762246e-35,1.5121155148171099e-6,4.841887465497235e-70,3.2606994890401574e-54,5.062853493815407e-110,2.12089221138792e-101,4.075630309829301e-81,4.3247416506143977e-19,2.5412524735402172e-18,3.507953367496015e-129,2.1515574429042552e-233,2.3526794963928083e-207
5.549114041838677e-93,0.04514276364738515,0.0128216416135166,0.09571816622436623,0.0934635515432192,0.09290245591513122,0.07941085195027192,0.07745108191551647,0.06977149942291655,0.05618692375844244,0.046369304516578135,0.033419014307427435,0.029222069527709556,0.044057878576296776,0.03237508654741623,0.02866175989115996,0.018075745218160973,0.013190609098668803,0.016244661235178516,0.014051685997539056,0.03080401233848181,0.030332846214456907,0.020278930745263476,0.012525219578454526,0.0034581911941925303,0.004064049022249466,5.607855784278656e-110,9.112008792978414e-198,3.0055825625101094e-64
0.0,2.2226075127882645e-84,4.111884164091879e-71,0.02409533818507411,0.7054245840233528,0.23220131829305396,0.0042952737281573925,0.003929406300790281,0.004514313434640892,0.0109964844994322,0.004329042674087516,0.004276293047015582,0.002741736615641084,0.000858532524404057,0.0007189935639966836,7.898748839535901e-49,4.663501102965576e-22,0.0008740765947294415,1.5201527326625702e-65,9.945090873492586e-46,4.882928599851518e-53,1.7433117503213018e-32,1.3504070251259796e-29,5.5616843049151384e-8,0.0007445508987809985,3.0029687819782965e-78,1.4247281727584084e-87,2.973591131987722e-211,1.883291673313801e-219
0.0,9.557599453922839e-5,0.005352507071820334,0.7332349744274873,0.2505591121719977,0.0009828758325903474,0.0035056029175301122,0.0011983449890562055,0.0019260784388898105,0.0018284563481247356,0.0005434236101718612,3.756508265069849e-13,4.494146006982134e-8,0.0007730032559567675,1.385345487389974e-56,3.759586499156685e-161,3.002824362572282e-76,1.0706486096583743e-96,1.204781453889052e-153,2.3501950010455135e-114,1.729231416907532e-58,2.4393645148257e-41,4.94381239127339e-107,1.1799435781438488e-103,1.6838473012360647e-21,3.553980332662758e-235,2.627598196770594e-300,0.0,0.0
5.8087e-320,1.3683516434444287e-43,0.517698128392473,0.47749083396075037,0.0025444865612153067,1.3711358457703564e-10,1.0562319198489109e-7,2.175871234791548e-33,0.0008423676524028403,0.0006349190332610087,0.0007891586395918939,1.95674930665265e-46,4.748608031879006e-60,2.2317783622935025e-46,4.241998854784276e-39,3.8104696361094046e-99,1.9282515036720182e-129,8.820761400157065e-179,1.4734453095262214e-138,3.965684512211164e-46,7.001885659186441e-21,1.169864376478913e-114,9.202813565222916e-102,1.11564130544503e-150,9.006063406044406e-159,8.310426070846807e-191,0.0,0.0,0.0
1.920467306536742e-150,2.2419699868622563e-6,0.7780326880368749,0.1398373854043114,0.028478455844383587,0.01758540626937376,0.005518381292906111,0.009687672234226433,0.010574750187488104,0.004134843691435977,0.0017636234332458831,0.004383854413700145,2.059228573412407e-11,1.6489533939950156e-7,5.162657662479679e-10,9.716974317756776e-8,1.2267768427751811e-17,1.5600169664687423e-32,1.5781093771932918e-9,8.639474224395289e-12,2.6562286816271958e-8,5.204013983799631e-22,4.0647089527062923e-7,1.9529757519440307e-13,1.4686597280297842e-55,3.9528129829721707e-51,1.1119186531396248e-201,0.0,1.1109863823468653e-184
1.0,0.0,0.0,0.0,0.0,0.0,0.0,0.0,0.0,0.0,0.0,0.0,0.0,0.0,0.0
3000,700,2300,2000,2500,2100,200,800,1100,600,4000,1800,1700,1300,1500,1000,400,1400,1600,300,100,900,3500,500,2400,1900,2200,1200,0
200:3,3000:27,1900:20,700:8,1000:11,1100:12,2200:23,0:1,300:4,1200:13,2000:21,2500:26,3500:28,800:9,500:6,1800:19,900:10,2300:24,1300:14,2400:25,600:7,400:5,1400:15,1700:18,4000:29,2100:22,1600:17,100:2,1500:16
