10
0.8736388660386843,0.0,0.0,4.999003523338736e-195,0.00034478057736289663,0.0,0.0,0.12601635338395267,0.0,0.0
0.0,0.8750427936029133,1.1223677461053258e-260,0.0,0.0,0.0,0.0,0.0,0.0,0.12495720639708668
0.0,0.0625000000000011,0.9374999999999989,0.0,0.0,4.7001957587662685e-306,0.0,0.0,0.0,0.0
0.08024363100857358,0.0,0.0,0.8313136264035248,0.08844274258790152,0.0,0.0,5.2296831460231606e-182,0.0,1.7986318693382327e-212
0.21866144933598453,0.0,0.0,0.025055849439837817,0.7562827012241777,0.0,0.0,2.5568638171419924e-27,0.0,0.0
0.0,0.0,0.06250000000000422,0.0,0.0,0.9374999999999958,2.9212900993295655e-238,0.0,0.0,0.0
0.0,0.0,0.0,0.0,0.0,0.12496000238080696,0.8750399976191929,0.0,3.480972187500153e-135,0.0
2.866943607523366e-153,0.0,0.0,0.053645648269352815,0.009118342317691973,0.0,0.0,0.8746435051389898,0.06259250427396544,9.610642537626577e-41
0.0,0.0,0.0,0.0,0.0,0.0,0.12499541206662977,1.351693114e-315,0.8750045879333702,0.0
0.0,2.3329285192730247e-164,0.0,5.6378094347981654e-267,2.0712001759337e-310,0.0,0.0,0.12500456732966456,0.0,0.8749954326703353
10,377
0.0,0.0,0.0,0.0,0.0,0.0,1.2018710760499417e-21,0.12188466966644602,2.1657455097087977e-23,0.0,0.0,0.0,0.0,0.0,0.0,0.0,0.0,3.88866047839572e-265,9.571612472828393e-27,0.4117911438448289,7.488245496217615e-24,0.0,0.0,0.0,0.0,0.0,0.0,0.0,0.0,1.917013967981081e-255,2.830697001810682e-29,0.2857747904608762,1.0651996376097997e-22,0.0,0.0,0.0,0.0,0.0,0.0,0.0,0.0,1.5713238638505237e-243,1.3095744968848003e-24,0.093307190620357,4.660697727832344e-12,0.0,0.0,0.0,0.0,0.0,0.0,0.0,0.0,3.3287029640492494e-237,2.311424461183858e-29,0.03202054877283791,8.604658688624264e-8,0.0,0.0,0.0,0.0,0.0,0.0,0.0,0.0,5.111158171844149e-233,1.5757817448015215e-46,0.01342796964179463,4.4119253319759906e-20,0.0,0.0,0.0,0.0,0.0,0.0,0.0,0.0,2.169043881798346e-229,1.7402228738051642e-18,0.004820297670424414,0.0006886139529177741,0.0,0.0,0.0,0.0,0.0,0.0,0.0,0.0,3.7204905816520094e-227,3.434655563463593e-26,0.0033513538208068796,2.3555545815485076e-12,0.0,0.0,0.0,0.0,0.0,0.0,0.0,0.0,1.2505209674506998e-237,1.3187640937899117e-34,0.0041316837148127825,0.00058024004332883,0.0,0.0,0.0,0.0,0.0,0.0,0.0,0.0,1.2534530216581013e-238,1.9457926338882124e-34,0.005508911623342192,0.0,0.0,0.0,0.0,0.0,0.0,0.0,0.0,0.0,3.3630113336839924e-248,2.393853083579933e-22,0.0037873767410477577,0.0,0.0,0.0,0.0,0.0,0.0,0.0,0.0,0.0,2.1789085428663865e-251,4.079261365149808e-23,0.003075996338508138,0.0003443069001723719,0.0,0.0,0.0,0.0,0.0,0.0,0.0,0.0,8.271400422832331e-243,4.3500540554089626e-20,0.0010329209293766612,0.0,0.0,0.0,0.0,0.0,0.0,0.0,0.0,0.0,1.0731695091836424e-249,3.839830104452603e-39,0.0020658418587533225,0.0,0.0,0.0,0.0,0.0,0.0,0.0,0.0,0.0,4.718480633593094e-263,3.035922426641084e-118,0.0010329202125463712,3.984066048521578e-6,0.0,0.0,0.0,0.0,0.0,0.0,0.0,0.0,8.126909607275903e-241,2.4748176694798416e-19,0.0030987627881299837,0.0,0.0,0.0,0.0,0.0,0.0,0.0,0.0,0.0,6.792417540024105e-234,4.788854061928694e-16,0.0010329209293729884,8.775446129776735e-52,0.0,0.0,0.0,0.0,0.0,0.0,0.0,0.0,5.326067843982757e-229,8.517084087583922e-35,0.0017215348822944353,0.0,0.0,0.0,0.0,0.0,0.0,0.0,0.0,0.0,2.0443029300924066e-250,1.5173613460466668e-37,0.0017215348822943182,0.0,0.0,0.0,0.0,0.0,0.0,0.0,0.0,1.2819107957566923e-245,8.606954314422273e-117,0.0006886139529177741,0.0,0.0,0.0,0.0,0.0,0.0,0.0,0.0,0.0,1.6468516931091453e-247,1.698359737056597e-40,0.0013772279058352403,0.0003438353526262181,0.0,0.0,0.0,0.0,0.0,0.0,0.0,0.0,2.1094234553106882e-257,2.5728647028536535e-125,0.0004390520160221994,0.0,0.0,0.0,0.0,0.0,0.0,0.0,0.0,0.0,9.804619019742231e-253,1.0140204646271035e-200,5.939168426649682e-28,0.0,0.0,0.0,0.0,0.0,0.0,0.0,0.0,0.0,2.6932246533418563e-249,3.75897198613602e-186,1.74012053369478e-55,0.0,0.0,0.0,0.0,0.0,0.0,0.0,0.0,0.0,3.7184203671682053e-249,1.7754010845717432e-174,0.0009456703576455112,0.0,0.0,0.0,0.0,0.0,0.0,0.0,0.0,0.0,2.7615934988480017e-232,7.270382966178851e-32,3.094648618348647e-14,0.0,0.0,0.0,0.0,0.0,0.0,0.0,0.0,0.0,2.568940599208403e-228,1.4141792475173304e-141,5.623295398432606e-119,0.0,0.0,0.0,0.0,0.0,0.0,0.0,0.0,0.0,1.127920019781583e-223,9.75865127800914e-271,0.0,0.0,0.0,0.0,0.0,0.0,0.0,0.0,0.0,2.3806207762434308e-306,0.0,0.0,0.0,0.0,0.0,0.0,0.0,0.0,0.0,0.0,1.4824146819049216e-253,0.0,0.0,0.0,0.0,0.0,0.0,0.0,0.0,0.0,0.0,4.968588207819296e-264,0.0,0.0,0.0,0.0,0.0,0.0,0.0,0.0,0.0,0.0,0.0,0.0,0.0,0.0,0.0
0.0,0.0,5.987966644561811e-30,0.04655939745206518,8.143113531374549e-32,0.0,0.0,0.0,0.0,0.0,0.0,0.0,0.0,0.0,1.862877745545046e-30,0.30469017450248537,8.749701419568709e-24,0.0,0.0,0.0,0.0,0.0,0.0,0.0,0.0,0.0,2.530089925098488e-28,0.2879150974793148,5.6629051812029e-24,0.0,0.0,0.0,0.0,0.0,0.0,0.0,0.0,0.0,6.182690043418493e-28,0.1112632659700087,1.4906543729500016e-27,0.0,0.0,0.0,0.0,0.0,0.0,0.0,0.0,0.0,1.1884236823065314e-32,0.03491954808904888,1.8461342045086132e-31,0.0,0.0,0.0,0.0,0.0,0.0,0.0,0.0,0.0,1.3658405743396988e-41,0.01917151659790919,6.6635883334111e-30,0.0,0.0,0.0,0.0,0.0,0.0,0.0,0.0,0.0,6.070434212370447e-34,0.012666894895047144,4.069921008924128e-27,0.0,0.0,0.0,0.0,0.0,0.0,0.0,0.0,0.0,1.22070095894513e-37,0.013693940427077993,2.2720344617825497e-23,0.0,0.0,0.0,0.0,0.0,0.0,0.0,0.0,0.0,8.693547951766838e-50,0.008558712766923746,1.909880383993414e-27,0.0,0.0,0.0,0.0,0.0,0.0,0.0,0.0,0.0,7.383087617170376e-30,0.009243409788277646,1.649998477066445e-26,0.0,0.0,0.0,0.0,0.0,0.0,0.0,0.0,0.0,5.181597958389554e-32,0.008216364256246797,1.018708081667629e-29,0.0,0.0,0.0,0.0,0.0,0.0,0.0,0.0,0.0,3.2635027310302596e-35,0.008558712766923746,4.474808276783991e-21,0.0,0.0,0.0,0.0,0.0,0.0,0.0,0.0,0.0,1.0640633913141284e-29,0.007189318724215947,6.669889467915139e-26,0.0,0.0,0.0,0.0,0.0,0.0,0.0,0.0,0.0,3.2206843300934377e-27,0.008901061277600696,6.340839857545874e-31,0.0,0.0,0.0,0.0,0.0,0.0,0.0,0.0,0.0,7.107251939874715e-45,0.010270455320308495,1.0793761965822399e-24,0.0,0.0,0.0,0.0,0.0,0.0,0.0,0.0,0.0,4.330942328720577e-43,0.006846970213538996,1.0691782931333644e-27,0.0,0.0,0.0,0.0,0.0,0.0,0.0,0.0,0.0,9.933519678647396e-46,0.009585758298954595,5.51548325832945e-39,0.0,0.0,0.0,0.0,0.0,0.0,0.0,0.0,0.0,2.66504677086982e-46,0.005477576170831197,2.848552781341236e-23,0.0,0.0,0.0,0.0,0.0,0.0,0.0,0.0,0.0,1.5754337475133487e-27,0.006846970213538996,2.0143807236812307e-26,0.0,0.0,0.0,0.0,0.0,0.0,0.0,0.0,0.0,0.005135227660154247,9.359908142139703e-22,0.0,0.0,0.0,0.0,0.0,0.0,0.0,0.0,0.0,2.0644622525794803e-37,0.005477576170831197,1.0067202790626771e-21,0.0,0.0,0.0,0.0,0.0,0.0,0.0,0.0,0.0,8.12543891673107e-43,0.006504621702862047,6.228971913962593e-20,0.0,0.0,0.0,0.0,0.0,0.0,0.0,0.0,0.0,8.754297975238394e-57,0.006162273192185097,4.522243474461731e-39,0.0,0.0,0.0,0.0,0.0,0.0,0.0,0.0,0.0,2.1045544551048525e-24,0.006162273192185097,5.315157137110891e-19,0.0,0.0,0.0,0.0,0.0,0.0,0.0,0.0,0.0,2.21320808061738e-44,0.013009243405724093,1.6480684470014113e-19,0.0,0.0,0.0,0.0,0.0,0.0,0.0,0.0,0.0,2.1296115222431145e-36,0.013009243405724093,6.665409108660744e-23,0.0,0.0,0.0,0.0,0.0,0.0,0.0,0.0,0.0,7.96683525305699e-48,0.010612803830985444,6.035302308637338e-17,0.0,0.0,0.0,0.0,0.0,0.0,0.0,0.0,0.0,3.880672583516551e-39,0.004450530638800348,1.7901862236445217e-20,0.0,0.0,0.0,0.0,0.0,0.0,0.0,0.0,0.0,0.004450530638800348,2.5017742784368194e-19,0.0,0.0,0.0,0.0,0.0,0.0,0.0,0.0,0.0,0.002054091064061699,3.136108733002256e-10,0.0,0.0,0.0,0.0,0.0,0.0,0.0,0.0,0.0013693940427077992,0.0,0.0,0.0,0.0,0.0,0.0,0.0,0.0006846970213538996,0.0,0.0,0.0,0.0,0.00034234850969564785,0.0,0.0,0.0,0.0,0.0
3.446358933466709e-28,0.025856164383562096,0.02448630136986344,5.0328502425303274e-24,0.0,0.0,0.0,0.0,0.0,0.0,0.0,0.0,4.361300212651553e-33,0.12688356164383782,0.14674657534246832,3.982034895838467e-25,0.0,0.0,0.0,0.0,0.0,0.0,0.0,0.0,1.051414851450524e-31,0.12431506849315285,0.1256849315068515,2.0614481542239035e-26,0.0,0.0,0.0,0.0,0.0,0.0,0.0,0.0,6.415645843972602e-35,0.05085616438356253,0.049143835616439216,3.3020247981239927e-28,0.0,0.0,0.0,0.0,0.0,0.0,0.0,0.0,1.7103535290405028e-36,0.019178082191781156,0.018150684931507167,1.1101507376177342e-29,0.0,0.0,0.0,0.0,0.0,0.0,0.0,0.0,1.7333284984372997e-29,0.0107876712328769,0.0107876712328769,4.360472263103233e-30,0.0,0.0,0.0,0.0,0.0,0.0,0.0,0.0,7.759868664113782e-44,0.006164383561643943,0.011301369863013895,9.294570082389014e-30,0.0,0.0,0.0,0.0,0.0,0.0,0.0,0.0,1.0343423333474812e-40,0.008390410958904256,0.009589041095890578,9.684459997401339e-29,0.0,0.0,0.0,0.0,0.0,0.0,0.0,0.0,2.528344378486252e-32,0.008219178082191924,0.009589041095890578,1.1317917552203236e-29,0.0,0.0,0.0,0.0,0.0,0.0,0.0,0.0,5.6715536812420084e-37,0.004109589041095962,0.008904109589041252,1.3205503021763017e-27,0.0,0.0,0.0,0.0,0.0,0.0,0.0,0.0,9.067788576872097e-34,0.0070205479452056015,0.0073630136986302655,7.223973551977154e-23,0.0,0.0,0.0,0.0,0.0,0.0,0.0,0.0,2.1399425980313432e-44,0.007876712328767261,0.0066780821917809385,3.579191804983691e-34,0.0,0.0,0.0,0.0,0.0,0.0,0.0,0.0,4.941500077759473e-56,0.005136986301369953,0.005136986301369953,3.11741649601499e-40,0.0,0.0,0.0,0.0,0.0,0.0,0.0,0.0,2.5780982564941118e-43,0.00582191780821928,0.0053082191780822845,1.937483409003669e-40,0.0,0.0,0.0,0.0,0.0,0.0,0.0,0.0,9.044954800122535e-24,0.005136986301369953,0.004109589041095962,4.236747234936719e-31,0.0,0.0,0.0,0.0,0.0,0.0,0.0,0.0,1.7575307807549927e-38,0.0042808219178082935,0.005479452054794616,7.65678161723998e-27,0.0,0.0,0.0,0.0,0.0,0.0,0.0,0.0,5.123137438759292e-44,0.0042808219178082935,0.004109589041095962,1.0988276677920634e-27,0.0,0.0,0.0,0.0,0.0,0.0,0.0,0.0,1.6679647772327988e-26,0.0053082191780822845,0.003595890410958967,1.0736396679466994e-24,0.0,0.0,0.0,0.0,0.0,0.0,0.0,0.0,1.4100150015761264e-34,0.004452054794520626,0.004794520547945289,2.4658239811965516e-22,0.0,0.0,0.0,0.0,0.0,0.0,0.0,4.475545475332461e-24,0.004109589041095962,0.003424657534246635,1.4015857623879648e-30,0.0,0.0,0.0,0.0,0.0,0.0,0.0,0.0,3.4943880623649146e-33,0.005479452054794616,0.0023972602739726445,1.6025598128483956e-35,0.0,0.0,0.0,0.0,0.0,0.0,0.0,0.0,4.899067983828087e-27,0.0046232876712329575,0.0039383561643836305,4.950265456890872e-31,0.0,0.0,0.0,0.0,0.0,0.0,0.0,0.0,0.0,0.00582191780821928,0.0039383561643836305,1.819994935586585e-39,0.0,0.0,0.0,0.0,0.0,0.0,0.0,0.0,3.9922003219634385e-37,0.0049657534246576205,0.003424657534246635,1.1429923300509227e-25,0.0,0.0,0.0,0.0,0.0,0.0,0.0,0.0,1.397125246784196e-39,0.011815068493150891,0.0059931506849316115,9.218447920654017e-33,0.0,0.0,0.0,0.0,0.0,0.0,0.0,0.0,8.089334880119748e-32,0.0107876712328769,0.006164383561643943,4.709213638270985e-50,0.0,0.0,0.0,0.0,0.0,0.0,0.0,0.0,3.281222509564461e-35,0.005479452054794616,0.0039383561643836305,1.755686881435439e-29,0.0,0.0,0.0,0.0,0.0,0.0,0.0,0.0,8.168844146497328e-50,0.005136986301369953,0.0030821917808219715,3.294867892376995e-40,0.0,0.0,0.0,0.0,0.0,0.0,0.0,2.3565851648644953e-30,0.004452054794520626,0.0015410958904109858,2.848862354315818e-260,0.0,0.0,0.0,0.0,0.0,0.0,0.0,0.0,0.0010273972602739905,0.0008561643835616588,7.765042469878157e-277,0.0,0.0,0.0,0.0,0.0,0.0,0.0,0.0010273972602739905,0.00017123287671233175,0.0,0.0,0.0,0.0,0.0,0.0,0.0,0.000684931506849327,0.0,0.0,0.0,0.00034246575340729024,0.00017123287671233175,0.0,0.0,0.0,0.00017123287671233175,0.0,0.0
0.0,0.0,0.0,0.0,0.0,9.027885432591694e-22,4.349433290897528e-31,8.538926055468566e-62,0.0,0.0,0.0,0.0,0.0,0.0,0.0,0.0,0.0,1.1086561484918849e-23,0.00199048783274378,4.0684972136726877e-51,2.6817179098482256e-83,0.0,0.0,0.0,0.0,0.0,0.0,0.0,0.0,5.1661641647709297e-14,0.18569098519342478,3.3881278256034857e-34,3.0016857666332934e-278,0.0,0.0,0.0,0.0,0.0,0.0,0.0,0.0,6.976203902724877e-14,0.3675221894016856,5.075811442250948e-25,2.1175584117309427e-205,0.0,0.0,0.0,0.0,0.0,0.0,0.0,0.0,1.5005138468322436e-13,0.19748774469482058,1.3606446128695175e-19,3.837982836494129e-179,0.0,0.0,0.0,0.0,0.0,0.0,0.0,0.0,2.054029576900675e-14,0.08270486598789858,1.1885045728672348e-20,1.5884863308163777e-242,0.0,0.0,0.0,0.0,0.0,0.0,0.0,0.0,5.314550649808663e-13,0.024090984994782603,3.022690662232726e-38,0.0,0.0,0.0,0.0,0.0,0.0,0.0,0.0,0.0,9.322413704352294e-16,0.01696195982059018,6.833200397575428e-21,0.0,0.0,0.0,0.0,0.0,0.0,0.0,0.0,0.0,1.4230489223252556e-33,0.01200797146601004,9.191127860496465e-25,3.375801308253664e-241,0.0,0.0,0.0,0.0,0.0,0.0,0.0,0.0,2.5632644687260305e-18,0.013529340303684469,8.039876295818426e-35,0.0,0.0,0.0,0.0,0.0,0.0,0.0,0.0,0.0,3.087270260514701e-24,0.01102731105275366,5.955984469321635e-53,0.0,0.0,0.0,0.0,0.0,0.0,0.0,0.0,0.0,1.3426225196893036e-25,0.008359641273720053,4.734436868850899e-16,0.0,0.0,0.0,0.0,0.0,0.0,0.0,0.0,0.0,4.686066683287406e-165,0.004824909471546851,3.3969748493015345e-249,0.0005012414823453221,0.0,0.0,0.0,0.0,0.0,0.0,0.0,0.0,1.657343463528439e-29,0.008521100315061514,1.7186853469040866e-27,0.0,0.0,0.0,0.0,0.0,0.0,0.0,0.0,0.0,7.575692026995338e-16,0.005487672457315287,4.0169311765119006e-35,1.347882376330298e-171,0.0,0.0,0.0,0.0,0.0,0.0,0.0,0.0,3.03231063618099e-14,0.006395899666879939,1.854544560861751e-212,2.6808143533842817e-122,0.0,0.0,0.0,0.0,0.0,0.0,0.0,0.0,3.417485986925618e-23,0.007294612145044366,3.3840418580463207e-18,0.0,0.0,0.0,0.0,0.0,0.0,0.0,0.0,0.0,9.797176760846853e-29,0.00400993289638295,1.0028164078297478e-29,0.0,0.0,0.0,0.0,0.0,0.0,0.0,0.0,0.0,1.1385179041454946e-19,0.005513657732508056,3.8235758102130167e-32,0.0,0.0,0.0,0.0,0.0,0.0,0.0,0.0,1.026502689472297e-15,0.0039939257440127236,1.299361362544845e-243,0.0,0.0,0.0,0.0,0.0,0.0,0.0,0.0,0.0,1.3402556358577954e-12,0.007518624180651798,2.1270509582592748e-75,0.0,0.0,0.0,0.0,0.0,0.0,0.0,0.0,0.0,7.491991729164732e-291,0.004009932895404619,1.0270483223856679e-24,0.0,0.0,0.0,0.0,0.0,0.0,0.0,0.0,0.0,1.2515429589399762e-23,0.004009932896382962,7.905116913605417e-27,0.0,0.0,0.0,0.0,0.0,0.0,0.0,0.0,0.0,1.1839585512333543e-24,0.002506208060239351,1.7372210413389017e-65,0.0,0.0,0.0,0.0,0.0,0.0,0.0,0.0,0.0,5.99705543451158e-20,0.005513657732526572,6.939163918324878e-10,0.0,0.0,0.0,0.0,0.0,0.0,0.0,0.0,0.0,1.0242383090009728e-171,0.005012416120477644,4.102200657035967e-6,0.0,0.0,0.0,0.0,0.0,0.0,0.0,0.0,0.0,3.0955433247014705e-26,0.0020049664481914804,3.150102372462381e-48,0.0,0.0,0.0,0.0,0.0,0.0,0.0,0.0,0.0,7.0552466342e-313,0.0005012416120478701,0.0,0.0,0.0,0.0,0.0,0.0,0.0,0.0,0.0,0.0,0.0005012416120478702,0.0,0.0,0.0,0.0,0.0,0.0,0.0,0.0,0.0,1.1216889559801536e-162,0.0,0.0,0.0,0.0,0.0,0.0,0.0,0.0,0.0,0.0,0.0005012416120478701,0.0,0.0,0.0,0.0,0.0,0.0,0.0,0.0,0.0,0.0,0.0,0.0,0.0,0.0,0.0
0.0,0.0,0.0,0.0,0.0,3.704546617026394e-18,0.0560096867130795,7.791953585497616e-28,0.0,0.0,0.0,0.0,0.0,0.0,0.0,0.0,0.0,2.1918499567779257e-27,0.4597326714734255,1.865561627574925e-23,1.3316192627138268e-132,0.0,0.0,0.0,0.0,0.0,0.0,0.0,0.0,7.410737939847585e-29,0.421169562919462,9.263828869083342e-17,3.137964709635337e-202,0.0,0.0,0.0,0.0,0.0,0.0,0.0,0.0,2.2930190947329896e-40,0.03358085047396765,4.264317756902248e-15,1.729209162701725e-190,0.0,0.0,0.0,0.0,0.0,0.0,0.0,0.0,2.988848001777953e-50,3.0580425863339642e-6,1.1613854356270562e-10,1.1865203882257147e-172,0.0,0.0,0.0,0.0,0.0,0.0,0.0,0.0,7.663714122408672e-39,5.139833227878281e-23,7.489441384527719e-9,2.6237360390653676e-228,0.0,0.0,0.0,0.0,0.0,0.0,0.0,0.0,1.5975931673152854e-37,0.0009906108494718844,1.6162726609553593e-17,4.067546777512736e-125,0.0,0.0,0.0,0.0,0.0,0.0,0.0,0.0,5.974164938671078e-63,0.00016920461167821147,0.0002815051151449762,0.0,0.0,0.0,0.0,0.0,0.0,0.0,0.0,0.0,5.2074176726366206e-80,4.601915543843006e-5,8.268312178251713e-12,1.2797657253778108e-186,0.0,0.0,0.0,0.0,0.0,0.0,0.0,0.0,9.318720589955364e-65,8.819643441978819e-6,8.786832625584924e-19,0.0,0.0,0.0,0.0,0.0,0.0,0.0,0.0,0.0,4.587506955756768e-32,9.302616940878127e-9,1.799388691276822e-20,0.0,0.0,0.0,0.0,0.0,0.0,0.0,0.0,0.0,1.8973049127829505e-75,0.0013972116584821887,6.987740362114575e-5,0.0,0.0,0.0,0.0,0.0,0.0,0.0,0.0,0.0,2.0259949178421615e-214,0.0014521138615918737,7.246439535001583e-92,2.734567598674467e-10,0.0,0.0,0.0,0.0,0.0,0.0,0.0,0.0,1.180572580637731e-80,1.4947591364038728e-8,3.2232584954375196e-20,0.0,0.0,0.0,0.0,0.0,0.0,0.0,0.0,0.0,9.173761984988191e-56,5.4785733001940346e-5,2.2001779075850108e-9,3.6256033508119025e-165,0.0,0.0,0.0,0.0,0.0,0.0,0.0,0.0,8.205127357555352e-65,0.0013102957750459176,9.334634604220172e-88,8.061194232721603e-124,0.0,0.0,0.0,0.0,0.0,0.0,0.0,0.0,9.93754831409649e-74,0.001529079541380559,1.126579922048789e-14,1.705808e-317,0.0,0.0,0.0,0.0,0.0,0.0,0.0,0.0,1.7935561084681054e-77,2.4244411632035662e-17,1.142147838231019e-20,0.0,0.0,0.0,0.0,0.0,0.0,0.0,0.0,0.0,2.0517940468905067e-70,3.903943571039126e-14,3.601595150611733e-16,0.0,0.0,0.0,0.0,0.0,0.0,0.0,0.0,1.4687406880981684e-67,0.0010905350231075494,2.9654896943144012e-95,0.0,0.0,0.0,0.0,0.0,0.0,0.0,0.0,0.0,5.766666419096285e-46,1.3968725833305706e-13,9.458350815651974e-16,0.0,0.0,0.0,0.0,0.0,0.0,0.0,0.0,0.0,5.7e-322,2.0626757009892585e-12,0.0060499168865003235,0.0,0.0,0.0,0.0,0.0,0.0,0.0,0.0,0.0,7.330039934403112e-76,1.0581247208943507e-52,0.006340719250537303,0.0,0.0,0.0,0.0,0.0,0.0,0.0,0.0,0.0,3.9271349104114334e-76,3.499919574529927e-50,0.0031703596252686513,0.0,0.0,0.0,0.0,0.0,0.0,0.0,0.0,0.0,1.0525077172976552e-70,4.480755910376709e-44,0.002381371102564383,0.0,0.0,0.0,0.0,0.0,0.0,0.0,0.0,0.0,3.059568245475435e-217,2.231176382038125e-15,0.002104924259493539,0.0,0.0,0.0,0.0,0.0,0.0,0.0,0.0,0.0,3.3630709537669047e-75,1.581815085859041e-32,0.001056786541756217,0.0,0.0,0.0,0.0,0.0,0.0,0.0,0.0,0.0,0.0,2.337031505059342e-49,0.0,0.0,0.0,0.0,0.0,0.0,0.0,0.0,0.0,2.6e-322,1.7149900074143887e-51,0.0,0.0,0.0,0.0,0.0,0.0,0.0,0.0,0.0,2.785664220977699e-210,0.0,0.0,0.0,0.0,0.0,0.0,0.0,0.0,0.0,7.495e-321,1.892670314583222e-43,0.0,0.0,0.0,0.0,0.0,0.0,0.0,0.0,0.0,0.0,0.0,0.0,0.0,0.0,0.0
0.02260273972602892,7.392132255212777e-29,0.0,0.0,0.0,0.0,0.0,0.0,0.0,0.0,1.5936051836476596e-42,0.0433219178082221,0.12294520547946035,4.3213917983600584e-29,0.0,0.0,0.0,0.0,0.0,0.0,0.0,0.0,1.9030201505184655e-37,0.15565068493151735,0.1325342465753514,1.0913258366180431e-27,0.0,0.0,0.0,0.0,0.0,0.0,0.0,0.0,2.481427718211959e-32,0.13458904109589948,0.07106164383562123,5.783600321659972e-31,0.0,0.0,0.0,0.0,0.0,0.0,0.0,0.0,4.003893081677012e-30,0.06558219178082635,0.01678082191780935,1.4557532498061016e-32,0.0,0.0,0.0,0.0,0.0,0.0,0.0,0.0,1.1651067658726448e-36,0.01986301369863146,0.01044520547945276,3.046461811724186e-31,0.0,0.0,0.0,0.0,0.0,0.0,0.0,0.0,1.1329662940462615e-35,0.008904109589041696,0.0058219178082195705,4.499435831401483e-36,0.0,0.0,0.0,0.0,0.0,0.0,0.0,0.0,2.6102766571327106e-29,0.0058219178082195705,0.006506849315068932,1.4742503029906082e-32,0.0,0.0,0.0,0.0,0.0,0.0,0.0,0.0,2.03398817630259e-26,0.006506849315068932,0.0075342465753429734,3.264859118813336e-39,0.0,0.0,0.0,0.0,0.0,0.0,0.0,0.0,4.789777965669367e-287,0.0049657534246578695,0.006678082191781272,1.4465149784886365e-45,0.0,0.0,0.0,0.0,0.0,0.0,0.0,0.0,0.0,0.0049657534246578695,0.008219178082192335,2.034715435342039e-28,0.0,0.0,0.0,0.0,0.0,0.0,0.0,0.0,0.0,0.003253424657534466,0.00547945205479489,8.875994966364158e-30,0.0,0.0,0.0,0.0,0.0,0.0,0.0,0.0,1.0321249405104966e-48,0.003938356164383721,0.006164383561644251,1.0558009992494842e-33,0.0,0.0,0.0,0.0,0.0,0.0,0.0,0.0,5.477348527737952e-40,0.004109589041011486,0.004623287671233188,4.6857861355594436e-35,0.0,0.0,0.0,0.0,0.0,0.0,0.0,0.0,1.0019665438675674e-35,0.0037671232876714867,0.004280821917808508,8.448943855540986e-48,0.0,0.0,0.0,0.0,0.0,0.0,0.0,0.0,3.858022030559691e-50,0.002397260273972764,0.003253424657534466,1.5999011845339603e-45,0.0,0.0,0.0,0.0,0.0,0.0,0.0,0.0,1.367042557873453e-49,0.0020547945205480838,0.00530821917808255,5.637826114637953e-24,0.0,0.0,0.0,0.0,0.0,0.0,0.0,0.0,1.3212745887610276e-40,0.002568493150685105,0.00513698630137021,5.090224269438504e-24,0.0,0.0,0.0,0.0,0.0,0.0,0.0,0.0,0.0,0.002226027397260424,0.00530821917808255,5.118363863465997e-37,0.0,0.0,0.0,0.0,0.0,0.0,0.0,0.0,0.001198630136986382,0.004280821917808508,4.63316267743304e-36,0.0,0.0,0.0,0.0,0.0,0.0,0.0,0.0,0.0,0.001198630136986382,0.0037671232876714867,1.5639883419378372e-30,0.0,0.0,0.0,0.0,0.0,0.0,0.0,0.0,6.364356726051587e-44,0.002739726027397445,0.004452054794520848,1.4926407470035324e-46,0.0,0.0,0.0,0.0,0.0,0.0,0.0,0.0,0.0,0.0020547945205480838,0.0041095890410961676,4.37404596831166e-40,0.0,0.0,0.0,0.0,0.0,0.0,0.0,0.0,0.0,0.0017123287671234032,0.0035958904109591465,3.478867718855578e-33,0.0,0.0,0.0,0.0,0.0,0.0,0.0,0.0,3.297652871141746e-40,0.001198630136986382,0.008047945205479995,5.871412682419556e-38,0.0,0.0,0.0,0.0,0.0,0.0,0.0,0.0,1.9376718744270497e-51,0.00530821917808255,0.008219178082192335,2.2688081223504352e-25,0.0,0.0,0.0,0.0,0.0,0.0,0.0,0.0,0.0,0.003938356164383827,0.003938356164383827,4.2947439856275794e-27,0.0,0.0,0.0,0.0,0.0,0.0,0.0,0.0,1.0179737133385044e-35,0.002739726027397445,0.003938356164383827,7.144916238596514e-35,0.0,0.0,0.0,0.0,0.0,0.0,0.0,0.0,0.0017123287671234032,0.0035958904109591465,2.472650071413306e-31,0.0,0.0,0.0,0.0,0.0,0.0,0.0,2.4849823893910984e-24,0.0005136986301370209,0.0006849315068493613,1.0478203780343718e-27,0.0,0.0,0.0,0.0,0.0,0.0,0.0,0.001198630136986382,0.00034246575342468063,1.7505752872215844e-28,0.0,0.0,0.0,0.0,0.0,0.0,0.0,0.00034246575342468063,0.0,0.0,0.0,0.0,1.7373249577726536e-14,0.0,0.0,0.0,0.0,0.0,0.0,0.0
0.0,0.0,0.0,0.0,0.0,0.0,0.0,0.0,0.0,1.2419965641722712e-30,0.09928328956283292,1.281773621648373e-19,0.0,0.0,0.0,0.0,0.0,0.0,0.0,0.0,0.0,5.1551371225438254e-30,0.3166794580883464,2.3980566808610477e-21,0.0,0.0,0.0,0.0,0.0,0.0,0.0,0.0,0.0,1.4879614118323684e-32,0.20815255191104282,3.831993252266699e-20,0.0,0.0,0.0,0.0,0.0,0.0,0.0,0.0,0.0,5.000694675412442e-24,0.11640109810814894,8.543564737786974e-18,0.0,0.0,0.0,0.0,0.0,0.0,0.0,0.0,0.0,6.365799447927292e-22,0.07018301503579569,2.669143108123541e-17,0.0,0.0,0.0,0.0,0.0,0.0,0.0,0.0,0.0,0.0,0.029784986868849877,8.250666528326367e-23,0.0,0.0,0.0,0.0,0.0,0.0,0.0,0.0,0.0,3.914572383315068e-18,0.014378959178065457,1.0234980284091336e-18,0.0,0.0,0.0,0.0,0.0,0.0,0.0,0.0,0.0,7.212234404174777e-20,0.011297753639908573,2.3329698901398957e-19,0.0,0.0,0.0,0.0,0.0,0.0,0.0,0.0,0.0,0.0,0.009585972785376972,2.0348536046406187e-30,0.0,0.0,0.0,0.0,0.0,0.0,0.0,0.0,0.0,5.231207678654283e-92,0.00821654810175169,4.979140665726526e-25,0.0,0.0,0.0,0.0,0.0,0.0,0.0,0.0,0.0,2.212419497402806e-5,0.00787419193084537,3.007799151892832e-36,0.0,0.0,0.0,0.0,0.0,0.0,0.0,0.0,0.0,6.323189839215461e-70,0.00890126044356433,2.133921844547622e-16,0.0,0.0,0.0,0.0,0.0,0.0,0.0,0.0,0.0,3.373100406025672e-25,0.00787419193084537,1.6930914542932545e-13,0.0,0.0,0.0,0.0,0.0,0.0,0.0,0.0,0.0,4.708468582585907e-15,0.005820054905407447,5.380483822443127e-300,0.0,0.0,0.0,0.0,0.0,0.0,0.0,0.0,0.0,2.309166317852932e-11,0.007531835759939049,1.5760723882948505e-273,0.0,0.0,0.0,0.0,0.0,0.0,0.0,0.0,0.0,1.1761345771867357e-12,0.00855890427265801,1.2551980220750243e-26,0.0,0.0,0.0,0.0,0.0,0.0,0.0,0.0,0.0,6.482279064978695e-20,0.007531835759939049,4.3458940807334563e-32,0.0,0.0,0.0,0.0,0.0,0.0,0.0,0.0,0.0,7.418567297782329e-14,0.006162411076313767,1.9419604216027292e-21,0.0,0.0,0.0,0.0,0.0,0.0,0.0,0.0,3.4512965957834496e-18,0.0034235617090632043,0.0,0.0,0.0,0.0,0.0,0.0,0.0,0.0,0.0,0.0,1.767375058012692e-10,0.008216548101751688,0.0,0.0,0.0,0.0,0.0,0.0,0.0,0.0,0.0,0.0,1.2871849444186248e-6,0.0058200549054072985,1.439438356737e-309,0.0,0.0,0.0,0.0,0.0,0.0,0.0,0.0,0.0,5.124593273884364e-8,0.006162411076313767,8.08398953891419e-31,0.0,0.0,0.0,0.0,0.0,0.0,0.0,0.0,0.0,1.3315646431420446e-5,0.006504767247220082,1.5115947190017463e-28,0.0,0.0,0.0,0.0,0.0,0.0,0.0,0.0,0.0,3.5984561348183695e-5,0.004108274050875845,3.23909735999062e-27,0.0,0.0,0.0,0.0,0.0,0.0,0.0,0.0,0.0,0.00019224573932027274,0.009928328956283292,1.6405648486647606e-24,0.0,0.0,0.0,0.0,0.0,0.0,0.0,0.0,0.0,5.317755645782346e-16,0.00650151237787118,5.504359131808826e-277,0.0,0.0,0.0,0.0,0.0,0.0,0.0,0.0,0.0,2.4146001712495783e-8,0.0027388493672505635,6.96669713027075e-34,0.0,0.0,0.0,0.0,0.0,0.0,0.0,0.0,0.0,0.0006847123379892105,0.0,0.0,0.0,0.0,0.0,0.0,0.0,0.0,0.0,8.487983460211295e-9,0.0013694246836252612,2.0527035457812076e-256,0.0,0.0,0.0,0.0,0.0,0.0,0.0,5.81944185264099e-5,0.0,0.0,0.0,0.0,0.0,0.0,0.0,0.0,0.0,4.148622154156606e-123,0.0,0.0,0.0,0.0,0.0,0.0,0.0,0.0,0.0,0.0,0.0,0.0,0.0,0.0
0.0,0.0,0.0,0.0,1.130790943872375e-44,0.004801616766221621,3.9760722435444456e-57,3.914069568471598e-34,0.0956893626982814,1.5759936993742357e-38,0.0,0.0,0.0,0.0,0.0,0.0,2.8605907753953664e-40,0.051102921297648485,8.657034554226888e-28,3.186341351402992e-36,0.2700909430999878,3.0708039724707786e-39,0.0,0.0,0.0,0.0,0.0,0.0,8.920291342563252e-36,0.11043718562308838,3.373757652355562e-35,2.8216042772766182e-39,0.11866852865091529,5.567297998170424e-36,0.0,0.0,0.0,0.0,0.0,0.0,3.458826275828486e-32,0.10975124037076475,3.0571061684546644e-38,2.5452610129419294e-48,0.010803637721678196,4.549926812861774e-43,0.0,0.0,0.0,0.0,0.0,0.0,1.7034297470252005e-34,0.06602223048012226,7.597066495734974e-36,7.108406315310241e-48,0.0012003613349974092,2.309482082751185e-137,0.0,0.0,0.0,0.0,0.0,0.0,4.222798304660529e-32,0.04081369081579029,5.262666284562265e-36,2.8687943997723288e-36,0.0008574315653967868,0.0,0.0,0.0,0.0,0.0,0.0,0.0,7.15235007840425e-39,0.018692008125465186,1.2397902357277387e-35,4.883160259136032e-181,4.531866322971623e-21,0.0,0.0,0.0,0.0,0.0,0.0,0.0,2.435539232841622e-39,0.00891728828009093,2.1391872609001086e-34,2.9367790522207555e-299,0.0005144589380648593,0.0,0.0,0.0,0.0,0.0,0.0,0.0,3.349167670522382e-42,0.006859451575281256,4.5589399914538235e-30,1.3537062098931576e-154,0.00022546326812262175,0.0,0.0,0.0,0.0,0.0,0.0,0.0,1.9820634021219591e-44,0.006516459540917522,2.1922840781977502e-300,1.9237541358639667e-45,0.0,0.0,0.0,0.0,0.0,0.0,0.0,0.0,3.1401446726544863e-48,0.006173507270852574,1.9048013766228647e-35,2.1665945519507023e-113,0.00017148631307935735,0.0,0.0,0.0,0.0,0.0,0.0,0.0,4.580239386109419e-49,0.0037726967815139936,3.6924003346141608e-50,8.994488487959554e-37,3.7995434649047305e-11,0.0,0.0,0.0,0.0,0.0,0.0,0.0,1.0194139229332376e-49,0.0037726988876836494,0.0,1.6946137789287028e-144,4.862435739133998e-174,0.0,0.0,0.0,0.0,0.0,0.0,0.0,2.894736885739622e-50,0.004801616765753305,1.9085329056402983e-36,2.2929876672515202e-298,0.0,0.0,0.0,0.0,0.0,0.0,0.0,0.0,1.4704830563264607e-35,0.004801616766221598,2.0688694848606773e-30,0.0,0.00034098831319255796,0.0,0.0,0.0,0.0,0.0,0.0,0.0,1.7663338295807184e-37,0.003772698887735316,8.400668101866558e-49,3.3833191118637904e-40,0.00017148631307935735,0.0,0.0,0.0,0.0,0.0,0.0,0.0,5.83472964782862e-41,0.003020841405235469,4.389923302911817e-35,0.0,0.00017148631307935735,0.0,0.0,0.0,0.0,0.0,0.0,0.0,9.733581929369625e-31,0.004801609277175158,7.537458998456551e-42,2.6861931963843062e-306,0.00017148631307935735,0.0,0.0,0.0,0.0,0.0,0.0,0.0,3.78141469506187e-39,0.0018863418165140087,2.3177457517230383e-27,9.113152842195164e-33,0.0,0.0,0.0,0.0,0.0,0.0,0.0,1.005906928148077e-40,0.0048016167662146515,0.0,8.698688271334694e-293,7.797166296729765e-12,0.0,0.0,0.0,0.0,0.0,0.0,0.0,1.3923831505372198e-34,0.0032582399480492576,4.545021607767181e-48,3.4771481335589644e-47,2.348980350516029e-7,0.0,0.0,0.0,0.0,0.0,0.0,0.0,1.514754324143989e-50,0.0032477008480737615,1.5748816168646465e-34,1.611917139685183e-22,0.0,0.0,0.0,0.0,0.0,0.0,0.0,0.0,3.634576339666346e-38,0.0032582399484949102,1.9459723020382325e-32,5.642762646146501e-38,0.0,0.0,0.0,0.0,0.0,0.0,0.0,0.0,8.969158597773146e-39,0.0032582382746046247,0.0,5.9686597190681656e-145,0.00016431448884626798,0.0,0.0,0.0,0.0,0.0,0.0,0.0,2.8072325277159548e-42,0.006687966210094922,3.8354792329381824e-43,5.625808194869976e-168,0.00017148631307935735,0.0,0.0,0.0,0.0,0.0,0.0,0.0,1.5662506192779658e-41,0.005830533835909581,3.1344777240196808e-288,0.0,0.0,0.0,0.0,0.0,0.0,0.0,0.0,0.0,7.148312812526057e-42,0.004114436369173735,0.0,2.7169114949458828e-269,0.0,0.0,0.0,0.0,0.0,0.0,0.0,0.0,3.1329919753702777e-41,0.0024008081518995103,0.0,0.0,0.0,0.0,0.0,0.0,0.0,0.0,0.0,1.3579588549612947e-53,0.001164535893670663,0.0,0.0,0.0,0.0,0.0,0.0,0.0,0.0,0.0,0.0,0.001200341281089336,0.0,0.0,0.0,0.0,0.0,0.0,0.0,0.0,9.248105894305104e-22,0.0006464651499416807,0.0,0.0,0.0,0.0,0.0,0.0,0.0,0.0,0.0,0.0,0.0,0.0,0.0,0.0,3.808117690006978e-40,0.0
0.0,0.0,0.0,0.0,0.0,0.0,0.0,0.0,2.208471739812206e-21,0.20923889526770081,2.879552590787637e-21,0.0,0.0,0.0,0.0,0.0,0.0,0.0,0.0,0.0,6.821364213274187e-23,0.5054608992064261,2.5065426791983975e-24,0.0,0.0,0.0,0.0,0.0,0.0,0.0,0.0,0.0,1.6606583845118422e-23,0.22362192898495684,3.3490877207890524e-30,0.0,0.0,0.0,0.0,0.0,0.0,0.0,0.0,0.0,2.3790798773225086e-34,0.015410393268488603,2.5988852464981487e-27,0.0,0.0,0.0,0.0,0.0,0.0,0.0,0.0,0.0,0.0,0.002054719102465147,2.7554757920342257e-30,0.0,0.0,0.0,0.0,0.0,0.0,0.0,0.0,0.0,0.0,0.0003424531837441912,5.204347226503263e-27,0.0,0.0,0.0,0.0,0.0,0.0,0.0,0.0,0.0,0.0,0.0010273595512325696,7.49754632424755e-36,0.0,0.0,0.0,0.0,0.0,0.0,0.0,0.0,0.0,0.0,0.0013698127349767648,4.9618020529435715e-203,0.0,0.0,0.0,0.0,0.0,0.0,0.0,0.0,0.0,0.0,0.0,6.003889804089357e-32,0.0,0.0,0.0,0.0,0.0,0.0,0.0,0.0,0.0,0.0,0.0010273595512325735,8.684603331350359e-30,0.0,0.0,0.0,0.0,0.0,0.0,0.0,0.0,0.0,0.0,0.00032032271947776404,5.97512853462809e-30,0.0,0.0,0.0,0.0,0.0,0.0,0.0,0.0,0.0,0.0,0.0010273595512325737,7.472479016787963e-27,0.0,0.0,0.0,0.0,0.0,0.0,0.0,0.0,0.0,0.0,0.0013698127349767648,1.793958821534344e-29,0.0,0.0,0.0,0.0,0.0,0.0,0.0,0.0,0.0,0.0,0.003766985021181393,0.0,0.0,0.0,0.0,0.0,0.0,0.0,0.0,0.0,0.0,0.0,0.0037669849980878963,0.0,0.0,0.0,0.0,0.0,0.0,0.0,0.0,0.0,0.0,0.0,0.005821704122474782,6.628556528543236e-20,0.0,0.0,0.0,0.0,0.0,0.0,0.0,0.0,0.0,0.0,0.0047943445724186766,2.2688216030040794e-29,0.0,0.0,0.0,0.0,0.0,0.0,0.0,0.0,0.0,0.0,0.00479434457234447,0.0,0.0,0.0,0.0,0.0,0.0,0.0,0.0,0.0,0.0,0.001712265918720952,0.0,0.0,0.0,0.0,0.0,0.0,0.0,0.0,0.0,0.0,0.00034245316817347666,0.001027359374444986,2.741835875802712e-18,0.0,0.0,0.0,0.0,0.0,0.0,0.0,0.0,0.0,0.0,0.001026072001540927,1.4720592360432347e-16,0.0,0.0,0.0,0.0,0.0,0.0,0.0,0.0,0.0,0.0,0.001712214658266751,1.0312001419002349e-19,0.0,0.0,0.0,0.0,0.0,0.0,0.0,0.0,0.0,0.0,0.0016989464990593201,5.585112239420472e-18,0.0,0.0,0.0,0.0,0.0,0.0,0.0,0.0,0.0,1.432192457679495e-5,0.0009913647930054883,2.5642252282111526e-30,0.0,0.0,0.0,0.0,0.0,0.0,0.0,0.0,0.0,1.1008433514626404e-135,0.002889778438056222,2.450443969802522e-19,0.0,0.0,0.0,0.0,0.0,0.0,0.0,0.0,0.0,0.0,0.0013698127349762329,3.2557916752427073e-6,0.0,0.0,0.0,0.0,0.0,0.0,0.0,0.0,0.0,0.0,0.001027335398388653,4.5e-322,0.0,0.0,0.0,0.0,0.0,0.0,0.0,0.0,0.0,0.0,3.824513773513191e-12,0.0,0.0,0.0,0.0,0.0,0.0,0.0,0.0,0.0,0.0003424446933555067,2.0520440169548007e-17,0.0,0.0,0.0,0.0,0.0,0.0,0.0,0.0,0.00028424227477253955,0.0,0.0,0.0,0.0,0.0,0.0,0.0,0.0,0.0,0.0003424531837441912,0.0,0.0,0.0,0.0,0.0,0.0,0.0,0.0,0.0,0.0,0.0,0.0,0.0,0.0
0.0,0.0,0.0,6.427432479280225e-33,0.02739826133252922,7.684790149491137e-16,0.0,0.0,0.0,0.0,0.0,0.0,0.0,0.0,0.0,3.5487012128339655e-32,0.19692500332755375,2.8428817272501967e-17,0.0,0.0,0.0,0.0,0.0,0.0,0.0,0.0,0.0,1.8083537963285574e-29,0.2458993954594497,1.7815805532586767e-16,0.0,0.0,0.0,0.0,0.0,0.0,0.0,0.0,0.0,1.0429860122538858e-28,0.14110104586252548,1.6445261278932325e-16,0.0,0.0,0.0,0.0,0.0,0.0,0.0,0.0,0.0,1.8107875767897931e-26,0.07877000133102151,1.1059833226236475e-10,0.0,0.0,0.0,0.0,0.0,0.0,0.0,0.0,0.0,8.5146776397479e-33,0.04109739199879383,1.0324514748017357e-7,0.0,0.0,0.0,0.0,0.0,0.0,0.0,0.0,0.0,1.6036681679934908e-28,0.026370826532559375,5.879420163580631e-15,0.0,0.0,0.0,0.0,0.0,0.0,0.0,0.0,0.0,2.346083512888601e-36,0.011986739332981533,7.056318009204332e-14,0.0,0.0,0.0,0.0,0.0,0.0,0.0,0.0,0.0,2.5062952244433373e-30,0.015411521999547685,1.8930535005315108e-9,0.0,0.0,0.0,0.0,0.0,0.0,0.0,0.0,0.0,2.3272580150919815e-30,0.01369913066626461,4.065351370058113e-8,0.0,0.0,0.0,0.0,0.0,0.0,0.0,0.0,0.0,3.77306575090974e-39,0.01438408719957784,8.569879591265669e-15,0.0,0.0,0.0,0.0,0.0,0.0,0.0,0.0,0.0,7.03476540506528e-44,0.011644261066324917,4.206391906219537e-9,0.0,0.0,0.0,0.0,0.0,0.0,0.0,0.0,0.0,5.788561499290148e-24,0.009931869733041842,1.2424611630175847e-13,0.0,0.0,0.0,0.0,0.0,0.0,0.0,0.0,0.0,2.618104641695253e-30,0.010959304533011688,9.360509903930032e-13,0.0,0.0,0.0,0.0,0.0,0.0,0.0,0.0,0.0,9.248241130563592e-33,0.007877000133102151,2.9574033641713314e-16,0.0,0.0,0.0,0.0,0.0,0.0,0.0,0.0,0.0,2.278567950688063e-32,0.00719204359978892,3.4376291499667826e-16,0.0,0.0,0.0,0.0,0.0,0.0,0.0,0.0,0.0,2.7071885602099013e-24,0.011301782799668304,0.00013163444908580998,0.0,0.0,0.0,0.0,0.0,0.0,0.0,0.0,0.0,0.0,0.009931869733041842,1.4956504325131397e-8,0.0,0.0,0.0,0.0,0.0,0.0,0.0,0.0,0.0,3.099159320772162e-35,0.010274347999698457,1.5232729749656403e-8,0.0,0.0,0.0,0.0,0.0,0.0,0.0,0.0,0.0,0.0065070870664756895,1.3986666807426412e-14,0.0,0.0,0.0,0.0,0.0,0.0,0.0,0.0,0.0,1.8249730080567462e-23,0.00650708706647569,2.1468719789493462e-19,0.0,0.0,0.0,0.0,0.0,0.0,0.0,0.0,0.0,1.6376190975824884e-29,0.00719204359978892,2.1047818825609412e-5,0.0,0.0,0.0,0.0,0.0,0.0,0.0,0.0,0.0,2.920786345514068e-38,0.012329217599638148,2.5722218378513368e-14,0.0,0.0,0.0,0.0,0.0,0.0,0.0,0.0,0.0,7.085551033387274e-39,0.010274347999698457,3.3429808136162976e-9,0.0,0.0,0.0,0.0,0.0,0.0,0.0,0.0,0.0,4.476361591946792e-29,0.016781435066174147,2.8664986108020064e-17,0.0,0.0,0.0,0.0,0.0,0.0,0.0,0.0,0.0,4.56628063666827e-34,0.021918609066023376,1.6152455697421282e-9,0.0,0.0,0.0,0.0,0.0,0.0,0.0,0.0,0.0,3.5704504036096324e-35,0.013356652399607934,2.4667287953937365e-6,0.0,0.0,0.0,0.0,0.0,0.0,0.0,0.0,0.0,1.3662777922890345e-37,0.006164608799819074,4.6175645116618727e-10,0.0,0.0,0.0,0.0,0.0,0.0,0.0,0.0,5.461466539974573e-34,0.0034247826665661524,7.163319490015528e-5,0.0,0.0,0.0,0.0,0.0,0.0,0.0,0.0,2.1269679703478446e-38,0.0013699127528967235,1.2563957449451946e-7,0.0,0.0,0.0,0.0,0.0,0.0,0.0,0.0,0.00034247826665661526,7.884639179813187e-5,0.0,0.0,0.0,0.0,0.0,1.424403320780533e-28,0.0006849565333132305,0.0,0.0,0.0,9.81673909222846e-13,0.0,0.0,0.0,0.0006849565333132305,0.0
1.0,0.0,0.0,0.0,0.0,0.0,0.0,0.0,0.0,0.0
1703,6001,4003,207,1407,4506,1409,107,2210,805,2009,2504,1305,210,1610,1909,1204,103,608,1701,1011,2310,4501,2202,1304,308,3011,2403,307,2007,2305,2005,3005,5011,211,1001,1607,1310,1406,1408,1709,605,1111,3000,2111,301,101,206,509,1207,904,5503,1605,2308,1608,906,1602,3503,401,110,2405,2011,1502,4010,511,700,1103,1911,1801,2300,4503,1210,6000,1005,405,602,2000,202,2002,1710,1904,1711,908,1308,1808,1201,1208,6501,1110,4510,4001,1611,4011,507,2500,4004,204,3502,701,707,2406,606,3001,609,1702,809,1603,802,5001,702,2302,2100,1804,811,1104,603,907,502,406,1506,505,6003,111,200,3008,1901,409,1503,800,1609,3004,2203,711,1509,2001,2206,1303,7001,1401,411,2410,1202,807,2201,404,501,1501,1403,1907,504,2306,7000,1100,1106,1903,4504,5502,2010,2102,2106,600,1810,810,4000,205,1805,1800,105,2501,2008,7005,1507,1700,5506,1301,1211,1411,5509,3511,2204,1505,2407,1311,1209,909,804,610,3509,709,1300,1105,2108,304,1705,1101,5003,1606,1500,2211,801,309,703,704,1108,1704,1906,5010,408,710,4009,1405,3007,1708,2006,1807,2411,5000,310,7004,2402,1902,1402,2103,2207,1309,3501,1006,108,3009,5005,5009,4500,1307,6004,3504,203,1000,2408,2303,1404,1010,5505,607,2208,102,306,303,2309,3506,604,2511,510,1004,902,1206,1905,1504,6504,400,1203,1604,1205,4502,4002,109,1400,2109,201,1410,3006,1600,300,100,1510,2209,900,3508,106,3500,2301,601,905,5500,1102,305,4005,1003,402,2509,1706,5004,2105,803,208,2507,1809,1601,500,1811,808,3505,911,2404,407,2505,2104,209,2205,503,1306,1511,4511,1910,2409,2510,910,1508,1707,4509,302,2110,1002,3002,6011,4505,2400,1109,706,4006,806,4008,5511,4507,705,1008,3003,5006,2311,3507,1806,2101,2502,1803,2107,104,2508,1900,5501,2307,2200,403,2304,311,506,1200,508,708,2004,2506,6511,2503,1302,903,2401,410,1009,1007,1802,5002,2003,6502,901,3510,3010,5504,1107,611
1107:128,2108:248,2004:232,711:84,308:33,1703:196,1010:119,1900:217,4511:345,808:93,3505:317,1503:172,4001:325,404:41,905:102,2300:264,3006:306,3501:313,1704:197,2211:263,1901:218,207:20,506:55,603:64,1609:190,1401:158,1501:170,4011:334,2101:241,5000:346,111:12,2501:289,607:68,2011:239,802:87,1702:195,6511:373,801:86,810:95,1002:111,4502:337,103:4,208:21,2506:294,1109:130,7005:377,211:24,2411:287,1105:126,100:1,1102:123,1905:222,1202:135,1510:179,6501:370,4509:343,1301:146,5002:348,904:101,2009:237,5001:347,502:51,3010:310,107:8,1404:161,2305:269,511:60,1803:208,3510:322,805:90,3002:302,806:91,610:71,5503:359,5006:352,4008:331,809:94,5009:353,1000:109,1305:150,609:70,5509:363,509:58,707:80,4507:342,1006:115,206:19,604:65,1504:173,1807:212,507:56,1207:140,500:49,1800:205,909:106,2403:279,911:108,1308:153,4002:326,400:37,4500:335,709:82,1604:185,309:34,1111:132,1706:199,1906:223,2204:256,703:76,1603:184,2002:230,5501:357,4501:336,2202:254,804:89,4009:332,1300:145,704:77,1808:213,1310:155,706:79,6004:368,4505:340,1203:136,1610:191,3504:316,5505:361,2206:258,2311:275,3507:319,1810:215,2103:243,2105:245,1701:194,2304:268,2505:293,1705:198,2303:267,901:98,1903:220,1004:113,203:16,2507:295,1001:110,2005:233,1505:174,2201:253,2107:247,304:29,906:103,2110:250,2408:284,2200:252,807:92,1303:148,1507:176,708:81,1205:138,811:96,1304:149,2000:228,6504:372,2511:299,2405:281,900:97,3008:308,6001:366,303:28,5010:354,3004:304,101:2,105:6,4510:344,3000:300,2010:238,1605:186,1211:144,1201:134,1606:187,800:85,1709:202,3011:311,2504:292,508:57,1204:137,908:105,2209:261,2210:262,2409:285,402:39,2102:242,110:11,1302:147,501:50,1910:226,1100:121,1106:127,1307:152,5511:364,2208:260,2309:273,2207:259,2104:244,1411:168,2302:266,2406:282,1208:141,1406:163,1811:216,4504:339,1407:164,1710:203,405:42,1700:193,2401:277,104:5,1500:169,4005:329,410:47,5504:360,300:25,302:27,2307:271,1408:165,2500:288,5003:349,406:43,1602:183,108:9,4004:328,2503:291,702:75,2407:283,307:32,3003:303,2301:265,200:13,1506:175,1311:156,7004:376,2306:270,1101:122,2003:231,1110:131,1003:112,7000:374,1611:192,109:10,1904:221,409:46,1103:124,1907:224,1911:227,2400:276,1502:171,1409:166,1511:180,3503:315,6502:371,401:38,209:22,2509:297,1802:207,4003:327,2510:298,1806:211,1009:118,4010:333,201:14,1209:142,601:62,311:36,1708:201,2007:235,1005:114,602:63,4503:338,1509:178,5506:362,1400:157,403:40,3005:305,2100:240,1210:143,608:69,1104:125,2308:272,305:30,3009:309,3509:321,700:73,1801:206,910:107,3506:318,510:59,2001:229,1809:214,408:45,6011:369,1804:209,2310:274,210:23,705:78,505:54,4000:324,5005:351,606:67,1306:151,205:18,2008:236,1410:167,3508:320,1405:162,2106:246,2205:257,710:83,204:17,1200:133,2402:278,907:104,5502:358,3511:323,411:48,5500:356,310:35,2508:296,4006:330,903:100,6003:367,1508:177,1007:116,301:26,202:15,605:66,1206:139,5004:350,3001:301,1909:225,803:88,1601:182,1805:210,2006:234,6000:365,1902:219,3500:312,503:52,106:7,902:99,2502:290,600:61,102:3,1707:200,1600:181,3502:314,1607:188,1108:129,5011:355,7001:375,3007:307,2410:286,2404:280,407:44,1011:120,611:72,1008:117,2203:255,306:31,1608:189,2109:249,1309:154,2111:251,701:74,1711:204,504:53,1403:160,1402:159,4506:341
